0.0 0.0
0.06272496973101245 0.06268384673992995
0.1254499394620249 0.12512114963485993
0.18817490919303737 0.18706633452928204
0.2508998789240498 0.24827576283275568
0.31362484865506224 0.30850868978265017
0.37634981838607473 0.36752821132507996
0.43907478811708717 0.42510219588982556
0.5017997578480996 0.4810041973944465
0.5645247275791121 0.5350143458866196
0.6272496973101245 0.5869202123216893
0.689974667041137 0.6365176440741471
0.7526996367721495 0.6836115678968593
0.8154246065031618 0.7280167571699031
0.8781495762341743 0.7695585604213174
0.9408745459651867 0.8080735882543993
1.0035995156961992 0.8434103559797738
1.0663244854272118 0.8754298794246755
1.1290494551582242 0.9040062215760503
1.1917744248892366 0.929026987907454
1.254499394620249 0.9503937684415636
1.3172243643512616 0.968022524809611
1.379949334082274 0.9818439207853815
1.4426743038132865 0.9918035949937467
1.505399273544299 0.9978623747211289
1.568124243275311 0.9999964299869564
1.6308492130063237 0.9981973672701218
1.6935741827373363 0.99247226252181
1.7562991524683487 0.9828436333348474
1.8190241221993613 0.9693493503790362
1.8817490919303734 0.9520424884508111
1.944474061661386 0.9309911177230564
2.0071990313923984 0.9062780360161309
2.069924001123411 0.8780004431431072
2.1326489708544236 0.8462695586100759
2.195373940585436 0.8112101841751439
2.2580989103164484 0.7729602129866417
2.3208238800474605 0.7316700872311686
2.383548849778473 0.6875022064246072
2.4462738195094857 0.6406302886733903
2.508998789240498 0.5912386874182516
2.5717237589715105 0.5395216663478033
2.634448728702523 0.48568263533380346
2.6971736984335353 0.42993335039327457
2.759898668164548 0.37249308082413024
2.82262363789556 0.3135877467900805
2.885348607626573 0.2534490307467976
2.9480735773575852 0.1923134662042349
3.010798547088598 0.1304215074090985
3.07352351681961 0.06801658360655419
3.136248486550622 0.005344141600864218
3.198973456281635 -0.057349319619297755
3.2616984260126474 -0.11981721839390988
3.32442339574366 -0.1818138602298314
3.3871483654746726 -0.2430954041496769
3.4498733352056847 -0.303420821750575
3.5125983049366973 -0.3625528452006995
3.5753232746677095 -0.4202589004449745
3.6380482443987225 -0.47631202194954136
3.7007732141297347 -0.530491745387164
3.763498183860747 -0.5825849747525398
3.8262231535917595 -0.6323868204970186
3.888948123322772 -0.6797014053862485
3.9516730930537847 -0.7243426349111995
4.014398062784797 -0.7661349292224364
4.077123032515809 -0.8049139137088478
4.139848002246822 -0.8405270655046927
4.202572971977834 -0.8728343133821663
4.265297941708847 -0.9017085886700357
4.328022911439859 -0.9270363250314955
4.390747881170872 -0.9487179051355678
4.453472850901884 -0.9666680524652144
4.516197820632897 -0.9808161667211378
4.578922790363909 -0.9911066015020785
4.641647760094921 -0.997498883169459
4.704372729825933 -0.9999678700355469
4.767097699556946 -0.9985038512490323
4.8298226692879584 -0.9931125849890883
4.8925476390189715 -0.9838152758176916
4.955272608749984 -0.9706484912792813
5.017997578480996 -0.9536640180757786
5.080722548212008 -0.9329286583826507
5.143447517943021 -0.9085239671071355
5.206172487674033 -0.8805459311220247
5.268897457405046 -0.8491045917366196
5.331622427136058 -0.8143236118897347
5.3943473968670705 -0.7763397897670313
5.457072366598084 -0.7353025207556936
5.519797336329096 -0.6913732098526482
5.582522306060108 -0.6447246368373994
5.64524727579112 -0.5955402767063473
5.707972245522132 -0.5440135780414029
5.770697215253146 -0.49034720215117444
5.833422184984158 -0.4347522259772906
5.8961471547151705 -0.37744731190091246
5.958872124446183 -0.31865784771472627
6.021597094177196 -0.25861506014299523
6.084322063908208 -0.19755510539632937
6.14704703363922 -0.13571814033812557
6.209772003370232 -0.0733473779159209
6.272496973101244 -0.010688130572759103
6.335221942832258 0.052013154599036826
6.39794691256327 0.11450986516680853
6.460671882294283 0.17655619331682934
6.523396852025295 0.23790810264888118
6.586121821756307 0.2983242880036369
6.64884679148732 0.35756712454771106
6.711571761218333 0.4154036023834988
6.774296730949345 0.4716062430078686
6.837021700680357 0.5259539940151483
6.8997466704113695 0.5782330985254193
6.9624716401423825 0.628237935918547
7.025196609873395 0.6757718305672246
7.087921579604407 0.7206478253881848
7.150646549335419 0.7626894171690887
7.213371519066431 0.8017312507789631
7.276096488797445 0.8376197695317625
7.338821458528457 0.8702138191450847
7.401546428259469 0.8993852029186046
7.464271397990482 0.9250191859486186
7.526996367721494 0.9470149463955687
7.589721337452507 0.9652859720296493
7.652446307183519 0.9797604004948269
7.715171276914531 0.9903813019529767
7.777896246645544 0.9971069029964499
7.840621216376556 0.9999107509484016
7.903346186107569 0.9987818179046617
7.9660711558385815 0.9937245441079375
8.028796125569594 0.984758820483753
8.091521095300607 0.9719199104068126
8.154246065031618 0.9552583110054936
8.216971034762631 0.9348395545499715
8.279696004493644 0.9107439507051519
8.342420974224655 0.8830662706621555
8.405145943955668 0.8519153743907073
8.46787091368668 0.8174137824785108
8.530595883417694 0.7796971942415913
8.593320853148706 0.7389139540009838
8.656045822879719 0.6952244676249173
8.71877079261073 0.6488005716313721
8.781495762341743 0.5998248573323561
8.844220732072756 0.5484899526781782
8.906945701803767 0.4949977646262841
8.96967067153478 0.43955868501453105
9.032395641265794 0.38239076306232234
9.095120610996805 0.32371884775423515
9.157845580727818 0.26377370347927354
9.220570550458831 0.2027911024040699
9.283295520189842 0.14101089714982137
9.346020489920855 0.07867607742025896
9.408745459651866 0.016031814291074413
9.471470429382881 -0.046675504080304644
9.534195399113893 -0.10919924153184582
9.596920368844906 -0.17129348394952393
9.659645338575917 -0.23271400647997684
9.72237030830693 -0.293219234099113
9.785095278037943 -0.3525711917585628
9.847820247768954 -0.4105364403729673
9.910545217499967 -0.4668869949667259
9.973270187230979 -0.5214012213689927
10.035995156961992 -0.5738647079301448
10.098720126693005 -0.6240711088310964
10.161445096424016 -0.6718229556686532
10.224170066155029 -0.7169324341248164
10.286895035886042 -0.759222122665283
10.349620005617053 -0.7985256903617682
10.412344975348066 -0.8346885510935105
10.475069945079078 -0.8675684715548843
10.537794914810092 -0.8970361306777791
10.600519884541105 -0.9229756282684242
10.663244854272117 -0.9452849408581595
10.72596982400313 -0.9638763229752063
10.788694793734141 -0.9786766522591889
10.851419763465154 -0.9896277170610354
10.914144733196167 -0.9966864453970764
10.976869702927178 -0.9998250743568449
11.039594672658191 -0.9990312592982676
11.102319642389203 -0.9943081224007729
11.165044612120216 -0.9856742403853456
11.227769581851229 -0.9731635714498321
11.29049455158224 -0.9568253217068649
11.353219521313253 -0.9367237516497229
11.415944491044264 -0.9129379234073317
11.478669460775277 -0.8855613897824675
11.541394430506292 -0.8547018262962355
11.604119400237304 -0.820480607686033
11.666844369968317 -0.7830323305226732
11.729569339699328 -0.7425042838243125
11.792294309430341 -0.6990558697492881
11.855019279161354 -0.6528579766463916
11.917744248892365 -0.604092306928428
11.980469218623378 -0.5529506624126341
12.043194188354391 -0.49963418993881603
12.105919158085403 -0.4443525902322686
12.168644127816416 -0.3873232931231321
12.231369097547427 -0.3287706023661756
12.29409406727844 -0.2689248134245031
12.356819037009455 -0.20802130768710209
12.419544006740464 -0.14629962668276897
12.48226897647148 -0.08400252993162613
12.544993946202489 -0.02137504013991796
12.607718915933503 0.04133652050668401
12.670443885664517 0.10388549916071885
12.733168855395528 0.16602588243117425
12.79589382512654 0.22751326398662938
12.858618794857552 0.28810580583761347
12.921343764588565 0.3475651895173606
12.984068734319578 0.4056575534197912
13.04679370405059 0.46215441260808954
13.109518673781603 0.5168335574761301
13.172243643512614 0.5694799277281849
13.234968613243627 0.6198864582394713
13.29769358297464 0.6678548934706154
13.360418552705651 0.7131965672328674
13.423143522436666 0.7557331447371354
13.485868492167675 0.79529732400824
13.54859346189869 0.831733493905694
13.611318431629703 0.8648983461628375
13.674043401360715 0.894661439037187
13.736768371091728 0.9209057103550271
13.799493340822739 0.9435279379323899
13.862218310553752 0.9624391455615378
13.924943280284765 0.9775649529661314
13.987668250015776 0.988845868348679
14.05039321974679 0.9962375223796299
14.1131181894778 0.9997108427078045
14.175843159208814 0.9992521683057904
14.238568128939827 0.9948633032005667
14.301293098670838 0.9865615093780281
14.364018068401851 0.9743794388893141
14.426743038132862 0.9583650054259831
14.489468007863877 0.9385811958691344
14.55219297759489 0.915105822553694
14.614917947325901 0.8880312172222246
14.677642917056914 0.8574638678719908
14.740367886787926 0.8235239999236124
14.803092856518939 0.7863451033586053
14.865817826249952 0.7460734076856671
14.928542795980963 0.702867306800711
14.991267765711976 0.6568967360027568
15.053992735442987 0.608342503615974
15.116717705174 0.5573955798466609
15.179442674905014 0.5042563456722198
15.242167644636025 0.4491338047163143
15.304892614367038 0.39224476121001906
15.36761758409805 0.3338129672721662
15.430342553829062 0.27406824286270887
15.493067523560077 0.21324557187048654
15.555792493291088 0.15158417789056883
15.618517463022101 0.08932658332625708
15.681242432753113 0.02671765551647257
15.743967402484126 -0.0359963563598316
15.806692372215139 -0.09856878981418979
15.86941734194615 -0.16075353920476165
15.932142311677163 -0.22230602370231853
15.994867281408174 -0.28298414925892323
16.057592251139187 -0.3425492607957965
16.120317220870202 -0.40076708086523977
16.183042190601213 -0.4574086310947658
16.245767160332225 -0.5122511327892816
16.308492130063236 -0.5650788831490965
16.37121709979425 -0.6156841036575175
16.433942069525262 -0.6638677573011758
16.496667039256273 -0.7094403314088955
16.559392008987288 -0.7522225830300401
16.6221169787183 -0.7920462439206948
16.68484194844931 -0.8287546823649006
16.747566918180326 -0.8622035192278634
16.810291887911337 -0.8922611958181486
16.873016857642348 -0.9188094913253937
16.93574182737336 -0.9417439877983569
16.998466797104374 -0.9609744808345072
17.06119176683539 -0.9764253343658454
17.1239167365664 -0.9880357781455489
17.18664170629741 -0.9957601467653758
17.249366676028423 -0.9995680592637426
17.312091645759438 -0.9994445386180569
17.37481661549045 -0.9953900706513262
17.43754158522146 -0.9874206021213507
17.500266554952475 -0.9755674780000191
17.562991524683486 -0.9598773181893987
17.625716494414498 -0.9404118341595016
17.688441464145512 -0.9172475862289271
17.751166433876524 -0.8904756824430252
17.813891403607535 -0.8602014202339183
17.876616373338546 -0.826543872271804
17.93934134306956 -0.7896354181364189
18.002066312800576 -0.749621223650681
18.064791282531587 -0.7066586699243387
18.1275162522626 -0.6609167343532837
18.19024122199361 -0.61257532600915
18.252966191724624 -0.561824578033178
18.315691161455636 -0.5088640998174793
18.378416131186647 -0.4539021919149274
18.441141100917662 -0.39715502676559045
18.503866070648673 -0.3388457984619945
18.566591040379684 -0.2792038448972717
18.6293160101107 -0.21846374574895763
18.69204097984171 -0.15686439984615996
18.75476594957272 -0.0946480855489027
18.817490919303733 -0.03205950783536328
18.880215889034748 0.030655164155120457
18.942940858765763 0.09324926533776487
19.00566582849677 0.1554766048486883
19.068390798227785 0.21709243434610645
19.131115767958796 0.2778544106378275
19.19384073768981 0.33752354884906416
19.256565707420823 0.3958651623814669
19.319290677151834 0.45264978596652333
19.38201564688285 0.5076540781827437
19.44474061661386 0.5606616998869489
19.50746558634487 0.6114641651047017
19.570190556075886 0.6598616610331588
19.632915525806897 0.7056638339311975
19.69564049553791 0.7486905378058266
19.75836546526892 0.7887725429501501
19.821090434999935 0.8257522015461508
19.88381540473095 0.859484067714366
19.946540374461957 0.8898354695717373
20.009265344192972 0.9166870310476531
20.071990313923983 0.9399331414057734
20.134715283654998 0.9594823706250181
20.19744025338601 0.9752578290058981
20.260165223117024 0.9871974695878643
20.322890192848032 0.995254332188187
20.385615162579047 0.999396728102562
20.448340132310058 0.9996083647409612
20.511065102041073 0.9958884097085446
20.573790071772084 0.9882514940795786
20.636515041503095 0.9767276548514879
20.699240011234107 0.9613622168053798
20.76196498096512 0.9422156142376951
20.824689950696133 0.9193631532641454
20.887414920427148 0.8928947156308105
20.950139890158155 0.8629144051973757
21.01286485988917 0.8295401384828895
21.075589829620185 0.7929031808845473
21.138314799351196 0.7531476303935428
21.20103976908221 0.7104298508386395
21.26376473881322 0.6649178568866062
21.326489708544234 0.616790653218321
21.389214678275245 0.5662375304797652
21.45193964800626 0.5134573207768889
21.51466461773727 0.45865761564271346
21.577389587468282 0.40205394955240475
21.640114557199293 0.3438689521977381
21.70283952693031 0.28433147285512167
21.76556449666132 0.22367568029119259
21.828289466392334 0.162140141746118
21.891014436123342 0.09996688461717373
21.953739405854357 0.037400444532995666
22.01646437558537 -0.025313096437286776
22.079189345316383 -0.08792707765734172
22.141914315047398 -0.15019523007248983
22.204639284778406 -0.2118726448183816
22.26736425450942 -0.27271673647993677
22.33008922424043 -0.33248819721175993
22.392814193971446 -0.39095193796753264
22.455539163702458 -0.4478780131362392
22.51826413343347 -0.5030425249486367
22.58098910316448 -0.5562285040967276
22.643714072895495 -0.6072267631027001
22.706439042626506 -0.6558367190808838
22.76916401235752 -0.7018671826567416
22.83188898208853 -0.7451371099398965
22.894613951819544 -0.7854763145936847
22.957338921550555 -0.8227261372004531
23.02006389128157 -0.8567400692900229
23.082788861012585 -0.8873843295768287
23.145513830743592 -0.9145383901393817
23.208238800474607 -0.938095450472508
23.27096377020562 -0.957962857547816
23.333688739936633 -0.9740624702303062
23.396413709667645 -0.9863309666177617
23.459138679398656 -0.9947200930941552
23.521863649129667 -0.9991968541174896
23.584588618860682 -0.9997436419956198
23.647313588591693 -0.9963583061396322
23.710038558322708 -0.9890541615223933
23.772763528053716 -0.9778599363090069
23.83548849778473 -0.9628196588651409
23.898213467515742 -0.9439924845876617
23.960938437246757 -0.9214524632386393
24.02366340697777 -0.8952882476978642
24.086388376708783 -0.865602745279364
24.149113346439794 -0.8325127129833482
24.211838316170805 -0.7961482982755149
24.27456328590182 -0.7566525271998834
24.33728825563283 -0.7141807418384878
24.400013225363846 -0.6688999893304445
24.462738195094854 -0.6209883648535214
24.52546316482587 -0.5706343111522594
24.58818813455688 -0.5180358773678172
24.650913104287895 -0.4633999400845185
24.71363807401891 -0.4069413896569561
24.776363043749917 -0.34888228501785157
24.83908801348093 -0.28945098029093574
24.901812983211943 -0.22888122664405758
24.96453795294296 -0.16741125291497447
25.02726292267397 -0.10528282862587789
25.089987892404977 -0.042740313071939706
25.152712862135992 0.019970305776064356
25.215437831867007 0.08260237877489161
25.278162801598018 0.14490956571249766
25.340887771329033 0.20664680419662027
25.40361274106004 0.26757127351749405
25.466337710791056 0.32744334969380207
25.529062680522067 0.38602754794538197
25.59178765025308 0.44309344888599705
25.654512619984093 0.4984166047931732
25.717237589715104 0.5517794223907467
25.779962559446115 0.6029720186719341
25.84268752917713 0.6517930463969129
25.905412498908145 0.6980504860180909
25.968137468639156 0.7415624009183437
26.030862438370164 0.782157652991752
26.09358740810118 0.8196765757523706
26.156312377832194 0.8539716023235792
26.219037347563205 0.8849078458381049
26.28176231729422 0.9123636299658824
26.344487287025228 0.9362309674831103
26.407212256756242 0.9564159850002776
26.469937226487254 0.9728392921785789
26.53266219621827 0.9854362939826132
26.59538716594928 0.9941574447411773
26.65811213568029 0.9989684430169373
26.720837105411302 0.9998503665185077
26.783562075142317 0.9967997465243211
26.846287044873332 0.98982858152557
26.909012014604343 0.9789642900345558
26.97173698433535 0.9642496027440607
27.034461954066366 0.9457423944618871
27.09718692379738 0.9235154564816059
27.159911893528392 0.8976562102847843
27.222636863259407 0.8682663637007524
27.285361832990414 0.8354615108762953
27.34808680272143 0.799370677628592
27.41081177245244 0.7601358139696676
27.473536742183455 0.7179112357982315
27.536261711914467 0.6728630179548941
27.598986681645478 0.625168341027877
27.66171165137649 0.5750147944783757
27.724436621107504 0.5225996388264378
27.787161590838515 0.4681290297993066
27.84988656056953 0.41181720749370715
27.912611530300538 0.35388565374128866
27.975336500031553 0.2945622209913015
28.038061469762567 0.2340802361368744
28.10078643949358 0.1726775828095166
28.163511409224594 0.11059576575138116
28.2262363789556 0.04807896094525785
28.288961348686616 -0.014626944761846722
28.351686318417627 -0.07727532076409173
28.414411288148642 -0.13961976272757856
28.477136257879653 -0.2014150617310955
28.539861227610665 -0.26241816870520307
28.602586197341676 -0.32238915037629823
28.66531116707269 -0.3810921329558633
28.728036136803702 -0.43829622986320393
28.790761106534717 -0.4937764498328767
28.853486076265725 -0.5473145818350114
28.91621104599674 -0.5987000533281375
28.978936015727754 -0.6477307584687514
29.041660985458766 -0.6942138530203027
29.10438595518978 -0.7379665128350417
29.167110924920788 -0.778816652925509
29.229835894651803 -0.8166036042975392
29.292560864382814 -0.8511787458825952
29.35528583411383 -0.8824060890840788
29.41801080384484 -0.9101628126384161
29.48073577357585 -0.9343397456873166
29.543460743306863 -0.9548417971611634
29.606185713037878 -0.9715883297847481
29.66891068276889 -0.984513477234316
29.731635652499904 -0.9935664031985201
29.79436062223091 -0.9987115013243382
29.857085591961926 -0.9999285352615663
29.91981056169294 -0.997212718255051
29.982535531423952 -0.9905747319716323
30.045260501154967 -0.9800406844877354
30.107985470885975 -0.965652007602864
30.17071044061699 -0.9474652938828532
30.233435410348 -0.9255520740738495
30.296160380079016 -0.8999985357624299
30.358885349810027 -0.8709051843884564
30.42161031954104 -0.8383864479439019
30.48433528927205 -0.8025702269124563
30.547060259003064 -0.7635973912200344
30.609785228734076 -0.7216212261747688
30.67251019846509 -0.6768068295756382
30.7352351681961 -0.629330462361051
30.797960137927113 -0.5793788553512705
30.860685107658124 -0.5271484748114856
30.92341007738914 -0.4728447497240168
30.986135047120154 -0.4166812638090306
31.04886001685116 -0.35887891547156503
31.111584986582177 -0.2996650489789152
31.174309956313188 -0.23927256028565794
31.237034926044203 -0.17793898102307448
31.299759895775214 -0.11590554425591569
0.0 0.0
0.09741273940621893 0.0972587503132847
0.19482547881243786 0.19359531840811003
0.2922382182186568 0.28809626595837917
0.3896509576248757 0.37986555951540274
0.48706369703109464 0.468033066464416
0.5844764364373136 0.5517628053961127
0.6818891758435326 0.6302608726653158
0.7793019152497515 0.7027829699792149
0.8767146546559704 0.7686414616405297
0.9741273940621893 0.8272118945306569
1.0715401334684083 0.8779389190120084
1.1689528728746272 0.9203415546090858
1.2663656122808462 0.9540177505404689
1.3637783516870652 0.9786481978599367
1.461191091093284 0.9939993570609922
1.558603830499503 0.999925672437826
1.6560165699057219 0.9963709522067287
1.7534293093119409 0.9833689013019926
1.8508420487181598 0.9610428017944779
1.9482547881243786 0.9296043439630238
2.0456675275305978 0.8893516191021877
2.1430802669368165 0.8406662930979868
2.2404930063430357 0.78400998757106
2.3379057457492545 0.7199199029003168
2.4353184851554732 0.6490037246284207
2.5327312245616924 0.5719338615452517
2.630143963967911 0.48944107008234455
2.7275567033741304 0.40230752547013404
2.824969442780349 0.311359405355505
2.922382182186568 0.21745905619984848
3.019794921592787 0.12149681673381338
3.117207660999006 0.024382575996629012
3.214620400405225 -0.07296285399552666
3.3120331398114438 -0.16961646914998363
3.4094458792176625 -0.26466182498274327
3.5068586186238817 -0.357197726107131
3.6042713580301005 -0.4463467711344674
3.7016840974363197 -0.5312636719662323
3.7990968368425384 -0.6111432685963433
3.896509576248757 -0.6852281634292867
3.993922315654977 -0.7528159027274683
4.0913350550611955 -0.8132656370951679
4.188747794467414 -0.8660041978461246
4.286160533873633 -0.9105315316402024
4.383573273279852 -0.9464254418593276
4.480986012686071 -0.9733455917662047
4.57839875209229 -0.991036731488895
4.675811491498509 -0.9993311182338301
4.773224230904728 -0.9981501067794276
4.8706369703109464 -0.9875048951696634
4.968049709717166 -0.9674964185371259
5.065462449123385 -0.9383143920622955
5.162875188529604 -0.9002355121434604
5.260287927935822 -0.8536208328333093
5.357700667342041 -0.7989123424181456
5.455113406748261 -0.736628772599713
5.552526146154479 -0.6673606800158869
5.649938885560698 -0.5917648467359563
5.747351624966917 -0.5105580528235747
5.844764364373136 -0.4245102800142975
5.942177103779355 -0.3344374109486788
6.039589843185574 -0.24119349318491204
6.137002582591793 -0.14566264134162277
6.234415321998012 -0.04875065415260583
6.331828061404231 0.04862357408159282
6.42924080081045 0.14553676621084924
6.526653540216668 0.24107001650968435
6.6240662796228875 0.3343175035027732
6.721479019029107 0.4243950787289835
6.818891758435325 0.5104486500075291
6.916304497841544 0.5916622797182759
7.013717237247763 0.6672659213104031
7.111129976653983 0.7365427206838688
7.208542716060201 0.798835813213863
7.305955455466419 0.8535545519706348
7.403368194872639 0.9001801080803254
7.500780934278858 0.9382703901256407
7.598193673685077 0.9674642359418903
7.695606413091296 0.9874848370628595
7.793019152497514 0.998142363346816
7.890431891903733 0.9993357628966285
7.987844631309954 0.9910537202076165
8.085257370716171 0.9733747634582296
8.182670110122391 0.9464665199262456
8.28008284952861 0.9105841265904491
8.377495588934828 0.8660678109880374
8.474908328341048 0.8133396652654503
8.572321067747266 0.7528996440102312
8.669733807153484 0.6853208238114302
8.767146546559704 0.61124396949618
8.864559285965923 0.5313714585639769
8.961972025372143 0.44646062142558457
9.059384764778361 0.35731656059272127
9.15679750418458 0.26478451690506855
9.254210243590798 0.16974185517609144
9.351622982997018 0.07308974524767065
9.449035722403238 -0.02425538266835554
9.546448461809456 -0.12137052734352365
9.643861201215675 -0.21733486819075132
9.741273940621893 -0.3112384962460593
9.838686680028113 -0.4021910416891247
9.936099419434331 -0.4893301160987375
10.03351215884055 -0.5718294893959122
10.13092489824677 -0.6489069239429708
10.228337637652988 -0.7198315915177218
10.325750377059208 -0.783931002836922
10.423163116465426 -0.8405973839250461
10.520575855871645 -0.8892934388693311
10.617988595277863 -0.9295574443201133
10.715401334684081 -0.961007627431751
10.812814074090303 -0.9833457857336249
10.910226813496521 -0.9963601146085367
11.00763955290274 -0.9999272155691022
11.105052292308958 -0.9940132662901665
11.202465031715176 -0.9786743413033098
11.299877771121396 -0.9540558803126978
11.397290510527617 -0.9203913091735703
11.494703249933835 -0.8779998266088865
11.592115989340053 -0.8272833776499091
11.689528728746271 -0.7687228424977792
11.786941468152492 -0.7028734769423014
11.88435420755871 -0.6303596475707157
11.981766946964928 -0.5518689116858185
12.079179686371148 -0.4681454980661367
12.176592425777367 -0.37998325038188363
12.274005165183587 -0.2882181001753796
12.371417904589805 -0.1937201407752188
12.468830643996023 -0.09738537729722543
12.566243383402242 -0.00012723095658812833
12.663656122808462 0.0971321217549474
12.761068862214682 0.19347049290713622
12.8584816016209 0.2879744270777579
12.955894341027118 0.3797478624997662
13.053307080433337 0.467920627286308
13.150719819839555 0.5516566901746266
13.248132559245775 0.6301620875574317
13.345545298651995 0.7026924516396773
13.442958038058213 0.768560068340731
13.540370777464432 0.827140398020733
13.63778351687065 0.8778779972033034
13.73519625627687 0.9202917851463731
13.832608995683088 0.953979605324871
13.930021735089307 0.9786220385744844
14.027434474495527 0.9939854317412382
14.124847213901745 0.9999241131200367
14.222259953307965 0.9963817736759502
14.319672692714184 0.9833920009518639
14.417085432120402 0.9610779606001162
14.51449817152662 0.9296512285577628
14.611910910932838 0.8894097849384733
14.70932365033906 0.8407351886624594
14.806736389745279 0.7840889596138672
14.904149129151497 0.7200082026290525
15.001561868557715 0.649100514807983
15.098974607963934 0.5720382244362889
15.196387347370154 0.4895520161430184
15.293800086776374 0.40242400273870327
15.391212826182592 0.3114803094247521
15.48862556558881 0.2175832406887801
15.586038304995029 0.12162310415734887
15.683451044401249 0.02450976893020515
15.780863783807465 -0.072835961562278
15.878276523213685 -0.1694910803781725
15.975689262619907 -0.26453912877615005
16.073102002026122 -0.35707888583932285
16.170514741432342 -0.4462329136180137
16.267927480838562 -0.5311558767685419
16.365340220244782 -0.6110425578034934
16.462752959651002 -0.6851354919548667
16.56016569905722 -0.7527321492583344
16.65757843846344 -0.813191595759972
16.754991177869655 -0.8659405706855814
16.852403917275876 -0.9104789219505295
16.949816656682096 -0.946384348471943
17.047229396088312 -0.9733164043179371
17.144642135494532 -0.9910197267275519
17.24205487490075 -0.9993264573941429
17.33946761430697 -0.9981578340542684
17.43688035371319 -0.9875249372910182
17.53429309311941 -0.9675285854708034
17.63170583252563 -0.9383583788097823
17.729118571931846 -0.9002909016338388
17.826531311338066 -0.853687099877811
17.923944050744286 -0.7989888586898596
18.021356790150502 -0.7367148125912208
18.118769529556722 -0.6674554279183247
18.21618226896294 -0.5918674041743166
18.31359500836916 -0.510667447374852
18.41100774777538 -0.42462547442775866
18.508420487181596 -0.33455731298080815
18.605833226587816 -0.24131696595576874
18.703245965994036 -0.14578851411445165
18.800658705400252 -0.048877733434458843
18.898071444806476 0.04849649322347785
18.995484184212692 0.14541088872416694
19.092896923618913 0.24094653593208532
19.190309663025133 0.3341975906450331
19.28772240243135 0.4242798705736824
19.38513514183757 0.5103392389284872
19.482547881243786 0.5915597031229336
19.579960620650006 0.6671711518034078
19.677373360056226 0.73645665684508
19.774786099462442 0.7987592710782528
19.872198838868663 0.8534882572908621
19.96961157827488 0.9001246894453288
20.0670243176811 0.9382263730005306
20.164437057087323 0.9674320376856191
20.26184979649354 0.9874647629709312
20.35926253589976 0.9981346037565592
20.456675275305976 0.999340391382463
20.554088014712196 0.9910706928834416
20.651500754118416 0.9734039193935392
20.748913493524633 0.9465075826720326
20.846326232930853 0.9106367068004179
20.94373897233707 0.8661314101102903
21.04115171174329 0.8134136802696219
21.13856445114951 0.7529833731052681
21.235977190555726 0.6854134730997945
21.333389929961946 0.6113446605013737
21.430802669368163 0.5314792365600334
21.528215408774386 0.44657446448952376
21.625628148180606 0.35743538929417024
21.723040887586823 0.26490720454113587
21.820453626993043 0.16986723845446278
21.91786636639926 0.0732166353166599
22.01527910580548 -0.024128188947440593
22.1126918452117 -0.12124423598852223
22.210104584617916 -0.2172106766634981
22.307517324024136 -0.31111758209837437
22.404930063430353 -0.40207455139755754
22.502342802836573 -0.4892191541939925
22.599755542242793 -0.57172510798996
22.69716828164901 -0.6488101127531972
22.794581021055233 -0.7197432684826991
22.89199376046145 -0.7838520054127299
22.98940649986767 -0.8405284611447537
23.08681923927389 -0.8892352442408458
23.184231978680106 -0.9295105296297912
23.281644718086326 -0.9609724375125064
23.379057457492543 -0.9833226542471336
23.476470196898763 -0.9963492608815496
23.573882936304983 -0.9999287425138403
23.6712956757112 -0.9940271594285361
23.76870841511742 -0.9787004689041797
23.866121154523636 -0.9540939946409417
23.963533893929856 -0.9204410488390227
24.06094663333608 -0.8780607199929514
24.158359372742297 -0.8273548473773322
24.255772112148517 -0.7688042109111592
24.353184851554733 -0.7029639725274726
24.450597590960953 -0.6304584122720317
24.548010330367173 -0.5519750090420243
24.64542306977339 -0.46825792208965206
24.74283580917961 -0.3801009350973025
24.840248548585826 -0.2883399297267906
24.937661287992047 -0.19384496000644208
25.035074027398267 -0.09751200270471817
25.132486766804483 -0.000254461911116678
25.229899506210703 0.09700549162426172
25.327312245616923 0.19334566427431465
25.424724985023143 0.28785258353548837
25.522137724429363 0.3796301593368813
25.61955046383558 0.46780818053363477
25.7169632032418 0.5515505660230815
25.814375942648017 0.6300632922486619
25.911788682054237 0.7026019219251523
26.009201421460457 0.7684786625997001
26.106614160866673 0.8270688881212945
26.204026900272893 0.8778170611837591
26.30143963967911 0.9202420007862367
26.39885237908533 0.9539414446665216
26.49626511849155 0.9785958634473763
26.593677857897767 0.9939714903311296
26.69109059730399 0.9999225376157593
26.788503336710207 0.9963925790160264
26.885916076116427 0.9834150846828641
26.983328815522647 0.9611131038480962
27.080741554928863 0.9296980981035707
27.178154294335084 0.8894679363772436
27.2755670337413 0.8408040706173515
27.37297977314752 0.7841679189640655
27.47039251255374 0.720096490702499
27.567805251959957 0.6491972944800908
27.665217991366177 0.5721425780673317
27.762630730772393 0.4896629542789654
27.860043470178613 0.40254047349295013
27.957456209584837 0.3116012084518422
28.054868948991054 0.21770742165553508
28.152281688397274 0.12174938961208052
28.24969442780349 0.024636961467025428
28.34710716720971 -0.07270906794998636
28.44451990661593 -0.16936568886269135
28.541932646022147 -0.2644164282872677
28.639345385428367 -0.3569600397912275
28.736758124834584 -0.4461190488780682
28.834170864240804 -0.5310480729726502
28.931583603647024 -0.6109418371192582
29.02899634305324 -0.6850428093896623
29.12640908245946 -0.7526483836041856
29.223821821865677 -0.8131175412610582
29.3212345612719 -0.8658769295074396
29.41864730067812 -0.9104262975222832
29.516060040084337 -0.9463432397647563
29.613472779490557 -0.9732872011139007
29.710885518896774 -0.9910027059238623
29.808298258302994 -0.9993217803776426
29.905710997709214 -0.998165545171213
30.00312373711543 -0.9875449634265995
30.10053647652165 -0.9675607367424033
30.197949215927867 -0.9384023503673922
30.295361955334087 -0.9003462765505637
30.392774694740307 -0.853753353103069
30.490187434146524 -0.7990653620277728
30.587600173552747 -0.7368008406569957
30.685012912958964 -0.6675501650161846
30.782425652365184 -0.5919699520316917
30.879838391771404 -0.5107768336595865
30.97725113117762 -0.42474066196750465
31.07466387058384 -0.3346772095972145
31.172076609990057 -0.24144043482025482
31.269489349396277 -0.1459143845272983
31.366902088802497 -0.04900481192508854
31.464314828208718 0.04836941158031185
31.56172756761493 0.14528500888361
31.65914030702115 0.24082305145410607
31.75655304642737 0.33407767237739056
31.853965785833594 0.4241646555502615
31.951378525239814 0.5102298195882191
32.04879126464603 0.5914571169515906
32.146204004052244 0.6670763714964317
32.24361674345847 0.7363705810847384
32.341029482864684 0.7986827160125541
32.43844222227091 0.8534219487950646
32.535854961677124 0.9000692562393712
32.63326770108334 0.9381823406876781
32.730680440489564 0.9673998237688314
32.82809317989578 0.9874446728942031
32.925505919302005 0.9981268280087825
33.022918658708214 0.9993450036912589
33.12033139811444 0.9910876495160955
33.217744137520654 0.9734330595716638
33.31515687692688 0.9465486300960222
33.412569616333094 0.9106892722692586
33.50998235573931 0.8661949952118534
33.60739509514553 0.8134876821064857
33.70480783455175 0.7530670900112247
33.802220573957975 0.6855061112928749
33.89963331336419 0.6114453416102905
33.99704605277041 0.5315870059526502
34.094458792176624 0.446688300324447
34.19187153158285 0.35755421220955985
34.289284270989064 0.2650298878889622
34.38669701039529 0.16999261898307141
34.4841097498015 0.07334352420044257
34.58152248920772 -0.024000994835945366
34.67893522861394 -0.12111794267084822
34.77634796802016 -0.21708648162010352
34.87376070742638 -0.31099666291440453
34.971173446832594 -0.40195805459732326
35.06858618623882 -0.48910818436990966
35.165998925645034 -0.5716207173290826
35.26341166505126 -0.6487132910606764
35.360824404457475 -0.719654933796674
35.45823714386369 -0.783772995299764
35.55564988326991 -0.8404595247582219
35.65306262267613 -0.8891770352176708
35.75047536208235 -0.9294635998928156
35.84788810148857 -0.9609372320373124
35.94530084089478 -0.9832995068428938
36.042713580301005 -0.9963383910259432
36.14012631970722 -0.9999302532720155
36.237539059113445 -0.9940410364758756
36.33495179851966 -0.9787265806621244
36.43236453792588 -0.954132093524582
36.5297772773321 -0.9204907736046344
36.62719001673832 -0.878121599163222
36.72460275614454 -0.8274263037117687
36.82201549555076 -0.768885566879357
36.919428234956975 -0.7030544567332622
37.01684097436319 -0.6305571667676698
37.114253713769415 -0.5520810974630181
37.21166645317563 -0.4683703385331409
37.309079192581855 -0.3802186136597535
37.40649193198807 -0.28846175461063156
37.50390467139429 -0.19396977609975816
37.601317410800505 -0.09763862653371957
37.69873015020673 -0.00038169286152251776
37.79614288961295 0.09687885992328574
37.89355562901917 0.1932208325116718
37.990968368425385 0.2877307353335412
38.0883811078316 0.37951245002864453
38.185793847237825 0.4676957262082169
38.28320658664404 0.5514444329431895
38.380619326050265 0.6299644867406116
38.478032065456475 0.702511380837104
38.5754448048627 0.7683972444187535
38.672857544268915 0.8269973648334995
38.77027028367514 0.8777561109543621
38.867683023081355 0.9201922015294859
38.96509576248757 0.9539032685660388
39.062508501893795 0.9785696724790363
39.15992124130001 0.993957532830893
39.257333980706235 0.9999209459250197
39.35474672011245 0.9964033682267818
39.45215945951867 0.9834381524946202
39.549572198924885 0.9611482315378519
39.64698493833111 0.9297449525996889
39.744397677737325 0.889526073417561
39.84181041714355 0.8408729389615409
39.93922315654976 0.7842468656203782
40.03663589595598 0.7201847671192291
40.1340486353622 0.6492940636431768
40.23146137476842 0.5722469224366913
40.328874114174646 0.4897738844883765
40.426286853580855 0.4026569377309844
40.52369959298708 0.3117221024348237
40.621112332393295 0.2178315990981058
40.71852507179952 0.12187567309596758
40.815937811205735 0.024764153605026012
40.91335055061195 -0.07258217316069739
41.01076329001817 -0.16924029460555945
41.10817602942439 -0.2642937235180923
41.20558876883061 -0.35684118796476094
41.30300150823683 -0.4460051769164804
41.40041424764304 -0.5309402605802999
41.497826987049265 -0.6108411065452697
41.59523972645549 -0.6849501157351872
41.692652465861705 -0.7525646057663807
41.79006520526793 -0.8130434735996364
41.88747794467414 -0.865813274312724
41.98489068408036 -0.9103736583563127
42.08230342348658 -0.9463021157384337
42.1797161628928 -0.9732579821545669
42.27712890229902 -0.9909856690781026
42.374541641705235 -0.9993170871844047
42.47195438111145 -0.9981732401301373
42.569367120517676 -0.9875649735760824
42.66677985992389 -0.9675928723514042
42.764192599330116 -0.9384463067344071
42.861605338736325 -0.9004016368927398
42.95901807814255 -0.8538195925080098
43.05643081754877 -0.7991418524306362
43.15384355695499 -0.73688685679565
43.25125629636121 -0.6676448913079265
43.34866903576742 -0.5920724903064307
43.446081775173646 -0.5108862116760134
43.54349451457986 -0.4248558426316693
43.640907253986086 -0.334797100795961
43.7383199933923 -0.2415638997763682
43.83573273279852 -0.14604025257812425
43.933145472204735 -0.04913188962244934
44.03055821161096 0.04824232915415553
44.127970951017176 0.14515912669122763
44.2253836904234 0.2406995630777619
44.322796429829616 0.33395774870180006
44.42020916923583 0.42404943366057696
44.517621908642056 0.5101203919884925
44.61503464804827 0.5913545212059105
44.712447387454496 0.6669815803910233
44.809860126860706 0.7362844934042364
44.90727286626693 0.7986061480180083
45.004685605673146 0.8533556264843108
45.10209834507937 0.9000138084633478
45.199511084485586 0.9381382931877973
45.2969238238918 0.9673675941920487
45.39433656329802 0.9874245668330002
45.49174930270424 0.9981190361036113
45.589162042110466 0.9993495998229407
45.68657478151668 0.9911045901053032
45.7839875209229 0.9734621839921286
45.881400260329116 0.9465896621975532
45.97881299973534 0.9107418229961182
46.076225739141556 0.866258566291696
46.17363847854778 0.8135616707748332
46.27105121795399 0.7531507947267473
46.36846395736021 0.6855987383891844
46.46587669676643 0.6115460128213094
46.56328943617265 0.5316947667400873
46.66070217557887 0.44680212892850035
46.758114914985086 0.3576730293369666
46.85552765439131 0.2651525669465564
46.952940393797526 0.17011799675989475
47.05035313320375 0.0734704118969469
47.147765872609966 -0.023873800335932394
47.24517861201618 -0.12099164739255837
47.3425913514224 -0.2169622830625676
47.44000409082862 -0.31087573869611235
47.53741683023484 -0.40184155129030924
47.63482956964106 -0.48899720662828233
47.73224230904727 -0.5715163174149682
47.829655048453496 -0.6486164588669606
47.92706778785971 -0.7195665874610765
48.024480527265936 -0.7836939724993052
48.12189326667216 -0.8403905747665775
48.21930600607837 -0.8891188118007486
48.31671874548459 -0.9294166551099482
48.41413148489081 -0.9609020110067371
48.51154422429703 -0.983276343521283
48.60895696370325 -0.9963275050418939
