0.0 0.0
0.09994128193698842 0.09977499175748478
0.19988256387397685 0.19855423420323073
0.29982384581096533 0.2953519155526727
0.3997651277479537 0.38920199989957954
0.4997064096849421 0.4791678682049622
0.5996476916219307 0.5643516657071505
0.699588973558919 0.6439032624663663
0.7995302554959074 0.7170287376180187
0.8994715374328959 0.7829983026623016
0.9994128193698842 0.8411535847160759
1.0993541013068728 0.8909141970405509
1.1992953832438613 0.9317835312712351
1.2992366651808496 0.9633537135440012
1.399177947117838 0.9853096750553759
1.4991192290548263 0.9974322964330755
1.5990605109918148 0.9996005945361276
1.6990017929288035 0.9917929298604267
1.7989430748657917 0.9740872224998779
1.8988843568027802 0.946660174507847
1.9988256387397685 0.9097855064197111
2.098766920676757 0.8638312255359228
2.1987082026137457 0.8092559532279847
2.298649484550734 0.7466043479206321
2.3985907664877226 0.6765016694286262
2.4985320484247104 0.5996475388958027
2.598473330361699 0.5168089566118553
2.698414612298688 0.4288126473887013
2.798355894235676 0.336536809889163
2.898297176172665 0.24090235224925466
2.9982384581096526 0.14286370146211536
3.0981797400466413 0.04339927824545567
3.1981210219836296 -0.05649826754712835
3.2980623039206183 -0.1558319635209002
3.398003585857607 -0.2536104644734587
3.497944867794595 -0.34885794596912656
3.5978861497315835 -0.4406238430168837
3.6978274316685718 -0.5279923366603263
3.7977687136055605 -0.6100914938039901
3.8977099955425487 -0.6861019690610178
3.997651277479537 -0.7552651817781928
4.097592559416526 -0.8168908866320364
4.197533841353514 -0.870364062241811
4.297475123290502 -0.9151510490514301
4.397416405227491 -0.9508048752245155
4.497357687164479 -0.9769697174004486
4.597298969101468 -0.9933844517933043
4.6972402510384565 -0.9998852601938683
4.797181532975445 -0.9964072648669828
4.897122814912433 -0.9829851760280234
4.997064096849421 -0.9597529454367254
5.0970053787864105 -0.9269424295654761
5.196946660723398 -0.8848810756835886
5.296887942660387 -0.8339886539503067
5.396829224597376 -0.7747730681301012
5.4967705065343635 -0.7078252867390914
5.596711788471352 -0.6338134452094952
5.69665307040834 -0.5534761779322117
5.79659435234533 -0.4676152467233936
5.896535634282317 -0.3770875392825614
5.996476916219305 -0.28279651749720336
6.096418198156295 -0.18568320093937773
6.196359480093283 -0.08671677553854588
6.296300762030271 0.013115078844416917
6.396242043967259 0.11281604541167778
6.496183325904248 0.21139111361910984
6.5961246078412366 0.30785650933059666
6.696065889778224 0.4012495128335685
6.796007171715214 0.4906380667324699
6.895948453652202 0.5751300778338599
6.99588973558919 0.6538823201908401
7.095831017526178 0.7261088504548471
7.195772299463167 0.7910888515500492
7.295713581400156 0.8481738263908781
7.3956548633371435 0.8967940698497545
7.495596145274132 0.9364643543851083
7.595537427211121 0.9667887725874093
7.695478709148109 0.9874646883148551
7.795419991085097 0.9982857569865796
7.895361273022086 0.9991439848910085
7.995302554959074 0.9900308069575757
8.095243836896062 0.9710371722356888
8.195185118833052 0.9423526362278687
8.29512640077004 0.9042634691355399
8.395067682707028 0.8571497988970631
8.495008964644017 0.8014818175303693
8.594950246581003 0.7378150886406815
8.694891528517994 0.6667850029241604
8.794832810454983 0.5891004370012848
8.89477409239197 0.5055366788644453
8.994715374328958 0.4169276905434563
9.094656656265947 0.3241577852071836
9.194597938202936 0.22815280176336883
9.294539220139924 0.12987086503371115
9.394480502076913 0.030292823717178945
9.4944217840139 -0.06958753842980892
9.59436306595089 -0.16877342050442404
9.694304347887877 -0.2662749524794078
9.794245629824866 -0.3611190740553114
9.894186911761855 -0.4523592457524684
9.994128193698842 -0.5390848953265697
10.094069475635832 -0.6204305052330691
10.194010757572821 -0.6955842504479696
10.293952039509808 -0.7637961004400315
10.393893321446797 -0.8243853044370887
10.493834603383785 -0.8767471852839113
10.593775885320774 -0.9203591740892754
10.693717167257763 -0.954786025436754
10.793658449194751 -0.9796841611116985
10.893599731131738 -0.9948050989942392
10.993541013068727 -0.999997932898125
11.093482295005716 -0.9952108386067389
11.193423576942704 -0.9804915910761286
11.293364858879693 -0.9559870876433899
11.39330614081668 -0.9219418819987603
11.493247422753669 -0.8786957435523031
11.59318870469066 -0.8266802665525859
11.693129986627646 -0.7664145627981682
11.793071268564635 -0.6985000809284098
11.893012550501624 -0.6236146039968371
11.99295383243861 -0.5425054852309529
12.092895114375601 -0.4559821894852642
12.19283639631259 -0.36490821482347435
12.292777678249577 -0.27019247485198317
12.392718960186565 -0.1727802278086099
12.492660242123552 -0.0736436429337638
12.592601524060543 0.0262279017288398
12.692542805997531 0.12583769327440478
12.792484087934518 0.22419163108085322
12.892425369871507 0.32030814788215844
12.992366651808496 0.41322800575941954
13.092307933745484 0.5020238692862098
13.192249215682473 0.585809560288674
13.292190497619462 0.6637489018583537
13.392131779556449 0.7350640633549401
13.492073061493437 0.7990433231162646
13.592014343430428 0.8550481714040572
13.691955625367415 0.9025196826984602
13.791896907304404 0.9409840937461199
13.89183818924139 0.970057531693202
13.99177947117838 0.989449845116833
14.09172075311537 0.9989674997214495
14.191662035052357 0.9985155098011645
14.291603316989345 0.9880983861922523
14.391544598926334 0.9678200912552315
14.491485880863321 0.9378830013358295
14.591427162800311 0.8985858870594046
14.6913684447373 0.8503209316154013
14.791309726674287 0.7935698167891849
14.891251008611276 0.7288989158024717
14.991192290548264 0.6569536409375661
15.091133572485253 0.5784520023558096
15.191074854422242 0.49417744239291433
15.291016136359229 0.40497101684454756
15.390957418296217 0.31172300127252617
15.490898700233206 0.2153640061002785
15.590839982170195 0.11685568916843693
15.690781264107184 0.017181158438802607
15.790722546044172 -0.08266483937280247
15.89066382798116 -0.1816858463178514
15.990605109918148 -0.27889363781445164
16.09054639185514 -0.3733180850780911
16.190487673792124 -0.464016836957258
16.290428955729112 -0.5500847245497293
16.390370237666104 -0.6306627947418694
16.49031151960309 -0.7049468825167478
16.59025280154008 -0.7721956364798791
16.690194083477067 -0.8317379175081745
16.790135365414056 -0.8829794966840568
16.890076647351044 -0.9254089856696469
16.990017929288033 -0.9586029403362041
17.089959211225022 -0.9822300867148621
17.189900493162007 -0.9960546270938846
17.289841775099 -0.9999385932677629
17.389783057035988 -0.9938432234528431
17.489724338972973 -0.977829349127948
17.589665620909965 -0.952056787939325
17.68960690284695 -0.9167827487287256
17.78954818478394 -0.8723592646023136
17.88948946672093 -0.819229679658291
17.989430748657917 -0.7579242244354902
18.089372030594905 -0.6890547242397126
18.189313312531894 -0.6133084931585064
18.289254594468883 -0.5314414747017369
18.38919587640587 -0.444270697524045
18.48913715834286 -0.35266612152068594
18.58907844027985 -0.25754195567229465
18.689019722216834 -0.15984753428604737
18.788961004153826 -0.06055784268784108
18.888902286090815 0.03933621308132924
18.9888435680278 0.13883769545698127
19.08878484996479 0.23695358473701705
19.18872613190178 0.3327046893675177
19.288667413838766 0.42513541822433865
19.388608695775755 0.5133233173636559
19.488549977712744 0.5963882760650853
19.588491259649732 0.6735013102916488
19.68843254158672 0.7438928359080371
19.78837382352371 0.8068603490908961
19.8883151054607 0.861775437281033
19.988256387397684 0.9080900507085973
20.088197669334676 0.9453419719017437
20.188138951271664 0.9731594285933333
20.28808023320865 0.9912648039891475
20.388021515145642 0.9994774073692833
20.487962797082627 0.9977152773722867
20.587904079019616 0.9859959999653509
20.687845360956608 0.9644365329372603
20.787786642893593 0.9332520386656489
20.887727924830582 0.892753736807473
20.98766920676757 0.8433457983427715
21.08761048870456 0.7855213119689628
21.187551770641548 0.7198573631008804
21.287493052578537 0.6470092745878651
21.387434334515525 0.567704066625264
21.48737561645251 0.4827332011300908
21.587316898389503 0.3929446829915806
21.68725818032649 0.2992345970258234
21.787199462263477 0.20253816509512948
21.887140744200465 0.10382041264170523
21.987082026137454 0.004066537783142689
22.087023308074443 -0.0957279209143899
22.18696459001143 -0.19456701986008829
22.28690587194842 -0.2914643499045808
22.38684715388541 -0.3854528806527595
22.486788435822394 -0.4755946113776323
22.586729717759386 -0.5609899322195916
22.686670999696375 -0.6407866022467441
22.78661228163336 -0.7141882547758267
22.886553563570352 -0.7804623450709477
22.986494845507337 -0.8389474611025394
23.086436127444326 -0.8890599244055982
23.18637740938132 -0.9302996151608718
23.286318691318304 -0.9622549633650662
23.386259973255292 -0.9846070562784277
23.48620125519228 -0.9971328211575512
23.58614253712927 -0.9997072515099512
23.68608381906626 -0.9923046546524578
23.786025101003247 -0.9749989081228793
23.885966382940236 -0.9479627223859569
23.98590766487722 -0.9114659171917654
24.085848946814213 -0.8658727287884088
24.185790228751202 -0.8116381748629183
24.285731510688187 -0.7493035134880094
24.38567279262518 -0.6794908413942106
24.485614074562164 -0.6028968854763532
24.585555356499153 -0.5202860494947822
24.685496638436145 -0.4324827853649704
24.78543792037313 -0.3403633651695971
24.88537920231012 -0.2448471360079767
24.985320484247104 -0.14688734495909087
25.085261766184097 -0.04746162572448929
25.185203048121085 0.05243775810598302
25.28514433005807 0.1518138157940646
25.385085611995063 0.24967477936962432
25.485026893932048 0.34504400142421443
25.584968175869037 0.4369697020022753
25.68490945780603 0.5245344673163497
25.784850739743014 0.6068644054897346
25.884792021680003 0.6831378679527164
25.98473330361699 0.7525936494532178
26.08467458555398 0.8145385848462745
26.18461586749097 0.8683544668467054
26.284557149427958 0.9135042157061825
26.384498431364946 0.9495372392416337
26.48443971330193 0.97609392972217
26.584380995238924 0.992909252735841
26.684322277175912 0.9998153922194946
26.784263559112897 0.9967434252545077
26.88420484104989 0.9837240099139817
26.984146122986875 0.9608870792967462
27.084087404923864 0.9284605448016758
27.184028686860856 0.8867680215835975
27.28396996879784 0.8362255988906109
27.38391125073483 0.7773376875146709
27.48385253267182 0.7106919857977128
27.583793814608807 0.6369536144322676
27.683735096545796 0.5568584785909897
27.78367637848278 0.47120592363069697
27.883617660419773 0.3808507576666009
27.98355894235676 0.2866947206310961
28.083500224293747 0.18967748495533698
28.18344150623074 0.0907672776864952
28.283382788167724 -0.009048782368621054
28.383324070104713 -0.10877453603877486
28.483265352041702 -0.20741472540581568
28.58320663397869 -0.3039849264277876
28.68314791591568 -0.39752137344048666
28.783089197852668 -0.4870905774894684
28.883030479789657 -0.571798642502042
28.982971761726642 -0.6508001863243281
29.082913043663634 -0.7233067775919044
29.182854325600623 -0.788594804234449
29.282795607537608 -0.8460126950871949
29.3827368894746 -0.8949874225378069
29.482678171411585 -0.9350302213126106
29.582619453348574 -0.9657414663290345
29.682560735285566 -0.9868146609334665
29.78250201722255 -0.9980394957221768
29.88244329915954 -0.9993039474184083
29.98238458109653 -0.9905953968589407
30.082325863033518 -0.9720007549326961
30.182267144970506 -0.9437055952145145
30.282208426907495 -0.9059923019503742
30.382149708844484 -0.8592372518770676
30.48209099078147 -0.8039070580016314
30.582032272718457 -0.7405539128274071
30.68197355465545 -0.6698100775011256
30.781914836592435 -0.5923815718790241
30.881856118529424 -0.5090411284847873
30.981797400466412 -0.42062048067853214
31.0817386824034 -0.3280020620004244
31.18167996434039 -0.23211019952910952
31.28162124627738 -0.13390188914477005
31.381562528214367 -0.03435724475921599
31.481503810151352 0.0655302831707941
31.581445092088344 0.16476382222828925
31.681386374025333 0.26235302677175704
31.78132765596232 0.35732396153399676
31.88126893789931 0.44872882144624365
31.981210219836296 0.5356553906842187
32.081151501773284 0.6172361465354173
32.18109278371028 0.6926569172313517
32.28103406564726 0.7611650073401387
32.38097534758425 0.8220767096284106
32.48091662952124 0.8747841284244998
32.580857911458224 0.9187612463861243
32.68079919339522 0.9535691741265693
32.78074047533221 0.9788605303082828
32.88068175726919 0.994382908490859
32.98062303920618 0.9999813961344001
33.08056432114317 0.9956001206187244
33.18050560308016 0.981282806849267
33.28044688501715 0.9571723408847547
33.380388166954134 0.9235093439416594
33.48032944889112 0.8806297710067628
33.58027073082811 0.8289615580235823
33.680212012765104 0.7690203511135639
33.78015329470209 0.701404360454174
33.880094576639074 0.6267883901719303
33.980035858576066 0.5459171038317596
34.07997714051305 0.45959759273274753
34.179918422450044 0.3686913211782354
34.279859704387036 0.27410552910620045
34.379800986324014 0.17678417788109296
34.479742268261006 0.07769852960767648
34.579683550198 -0.022162546014990205
34.679624832134984 -0.121802440562592
34.779566114071976 -0.22022675298664518
34.87950739600896 -0.31645321368602347
34.979448677945946 -0.4095214875073584
35.07938995988294 -0.4985027578407028
35.17933124181993 -0.5825089961617537
35.279272523756916 -0.6607018245110938
35.3792138056939 -0.7323008824633335
35.47915508763089 -0.7965916150842067
35.57909636956788 -0.8529324041522364
35.67903765150487 -0.9007609714757802
35.77897893344186 -0.9395999904005794
35.87892021537884 -0.9690618495053538
35.97886149731583 -0.9888525209439615
36.078802779252825 -0.9987744948282308
36.17874406118981 -0.9987287503665558
36.2786853431268 -0.988715744086323
36.37862662506379 -0.9688354052777934
36.47856790700077 -0.9392861387048962
36.578509188937765 -0.9003628445358375
36.67845047087476 -0.8524539752545206
36.77839175281174 -0.7960376589246334
36.87833303474873 -0.7316769274960313
36.97827431668572 -0.6600140977746957
37.078215598622705 -0.5817643611338991
37.1781568805597 -0.4977086459408631
37.27809816249669 -0.4086858239316551
37.37803944443367 -0.31558433831418364
37.47798072637066 -0.2193333371504016
37.57792200830765 -0.12089340050627634
37.67786329024464 -0.021246953911844255
37.77780457218163 0.07861153619531891
37.87774585411861 0.17768548719419647
37.9776871360556 0.2749861461239727
38.07762841799259 0.36954245738789077
38.17756969992958 0.4604107538384644
38.27751098186657 0.5466841745273292
38.37745226380356 0.6275017151310593
38.47739354574054 0.70205682073027
38.57733482767753 0.7696054351864711
38.677276109614525 0.8294734267841898
38.77721739155151 0.8810633160310314
38.8771586734885 0.9238602384724403
38.97709995542549 0.9574370830125843
39.07704123736247 0.9814587544612567
39.176982519299465 0.9956855177667132
39.27692380123646 0.99997539055922
39.37686508317344 0.9942855601278436
39.47680636511043 0.9786728106891119
39.57674764704742 0.9532929566834363
39.676688928984404 0.9183992877549789
39.7766302109214 0.874340040933952
39.87657149285839 0.8215549252488927
39.97651277479537 0.7605707334530605
40.07645405673236 0.6919960846596849
40.17639533866935 0.6165153503544135
40.27633662060634 0.5348818244028807
40.37627790254333 0.44791020521646246
40.476219184480314 0.3564684651038655
40.5761604664173 0.2614691879518619
40.67610174835429 0.16386046168481871
40.776043030291284 0.06461641639574577
40.87598431222827 -0.035272497422194383
40.975925594165254 -0.13480939352093665
41.075866876102246 -0.2330008987712389
41.17580815803923 -0.32886706697565493
41.275749439976224 -0.4214511586814844
41.375690721913216 -0.5098291893915017
41.475632003850194 -0.5931191508819689
41.575573285787186 -0.6704898135996116
41.67551456772418 -0.7411690222899513
41.775455849661164 -0.8044514020672737
41.875397131598156 -0.8597053980198959
41.97533841353514 -0.9063795780958347
42.075279695472126 -0.9440081363664952
42.17522097740912 -0.972215541745985
42.27516225934611 -0.9907202857721324
42.375103541283096 -0.9993376920465394
42.47504482322008 -0.9979817592955861
42.57498610515707 -0.9866660196587357
42.67492738709406 -0.9655034036384809
42.77486866903105 -0.9347051130597006
42.87480995096804 -0.894578513286265
42.97475123290502 -0.8455240657304354
43.07469251484201 -0.788031331268436
43.174633796779005 -0.7226740844480044
43.27457507871599 -0.6501045872477463
43.37451636065298 -0.5710470795359549
43.47445764258997 -0.48629055119382447
43.57439892452695 -0.3966808680367754
43.674340206463945 -0.30311233011691857
43.77428148840093 -0.2065187466543228
43.87422277033792 -0.10786411666873927
43.97416405227491 -0.008133008318771872
44.07410533421189 0.09167926703800888
44.174046616148885 0.19057658800145824
44.27398789808588 0.28757196436943977
44.37392918002286 0.381697387249548
44.47387046195985 0.47201348973832974
44.57381174389684 0.5576189217548938
44.673753025833825 0.6376593454685741
44.77369430777082 0.7113359615468006
44.87363558970781 0.7779134811315191
44.97357687164479 0.8367274639843816
45.07351815358178 0.8871909495663477
45.17345943551877 0.9288003148737772
45.27340071745576 0.961140300570266
45.37334199939275 0.9838881552535714
45.473283281329735 0.9968168564980758
45.57322456326672 0.9997973765269895
45.67316584520371 0.9927999699029516
45.773107127140705 0.975894470385976
45.87304840907769 0.9492495939961028
45.972989691014675 0.9131312552361464
46.07293097295167 0.8678999132785657
46.17287225488865 0.814006974601383
46.272813536825645 0.7519902879746093
46.37275481876264 0.6824687767570696
46.472696100699615 0.6061362620729521
46.57263738263661 0.5237545385124541
46.6725786645736 0.4361457714608224
46.772519946510585 0.3441842919298464
46.87246122844758 0.24878787077908915
46.97240251038456 0.1509085594097218
47.07234379232155 0.051523188340214784
47.17228507425854 -0.04837638151222737
47.27222635619553 -0.1477931575528464
47.37216763813252 -0.24573496544441908
47.4721089200695 -0.3412243509563821
47.572050202006494 -0.4333083349080169
47.67199148394348 -0.5210679238518854
47.77193276588047 -0.6036272815814511
47.871874047817464 -0.6801624699315544
47.97181532975444 -0.7499096716391522
48.071756611691434 -0.8121728132005466
48.171697893628426 -0.8663305116492702
48.27163917556541 -0.9118422759263307
48.371580457502404 -0.9482539009533212
48.47152173943939 -0.9752020005758375
48.571463021376374 -0.9924176341387234
48.671404303313366 -0.9997289905000342
48.77134558525036 -0.997063102697442
48.871286867187344 -0.984446576154791
48.97122814912433 -0.9620053231613241
49.07116943106132 -0.9299633062734789
49.171110712998306 -0.8886403031800453
49.2710519949353 -0.8384487153371787
49.37099327687229 -0.7798894522229913
49.47093455880927 -0.7135469322865933
49.57087584074626 -0.6400832504818419
49.670817122683246 -0.5602315705936481
49.77075840462024 -0.4747888083008627
49.87069968655723 -0.38460767799862605
0.0 0.0
0.08920301692396126 0.08908476326467818
0.17840603384792253 0.177461133111967
0.26760905077188385 0.26442634920038616
0.35681206769584506 0.34928887254659846
0.4460150846198063 0.4313738845764905
0.5352181015437677 0.5100286532171766
0.624421118467729 0.5846277233592815
0.7136241353916901 0.6545778904154504
0.8028271523156514 0.7193229174258272
0.8920301692396126 0.7783479582005354
0.981233186163574 0.831183651326763
1.0704362030875354 0.8774098524852999
1.1596392200114964 0.91665897539751
1.248842236935458 0.948618914835851
1.338045253859419 0.9730355284544422
1.4272482707833802 0.9897146577044087
1.5164512877073417 0.998523671763874
1.6056543046313028 0.9993925222054222
1.6948573215552643 0.9923143000144143
1.7840603384792253 0.9773452905288048
1.8732633554031866 0.9546045258635799
1.962466372327148 0.9242728383788972
2.0516693892511095 0.8865914227186558
2.140872406175071 0.8418599178540268
2.2300754230990316 0.7904340243833481
2.319278440022993 0.7327226760353843
2.408481456946954 0.669184787867887
2.497684473870916 0.6003256070194596
2.586887490794877 0.5266926950332022
2.676090507718838 0.4488715737003024
2.765293524642799 0.36748106904740907
2.8544965415667605 0.283168390491949
2.943699558490722 0.19660398429546358
3.0329025754146834 0.10847620223981365
3.1221055923386443 0.019485827920414527
3.2113086092626055 -0.06965949581710484
3.300511626186567 -0.15825089398433465
3.3897146431105285 -0.2455838963554015
3.4789176600344898 -0.3309640393460359
3.5681206769584506 -0.4137123883207983
3.6573236938824123 -0.4931709364156048
3.746526710806373 -0.5687078369446357
3.8357297277303344 -0.6397224277840474
3.924932744654296 -0.705650007779056
4.014135761578257 -0.7659663271928774
4.103338778502219 -0.8201917564899105
4.192541795426179 -0.867895100303388
4.281744812350142 -0.9086970262592163
4.370947829274102 -0.9422730813903017
4.460150846198063 -0.9683562721551563
4.549353863122025 -0.9867391875447001
4.638556880045986 -0.9972756483945378
4.727759896969948 -0.999881869787529
4.816962913893908 -0.994537127303342
4.90616593081787 -0.9812839218170387
4.995368947741832 -0.9602276415362289
5.084571964665792 -0.9315357239642412
5.173774981589754 -0.8954363244532969
5.262977998513715 -0.8522165019352292
5.352181015437676 -0.8022199362566296
5.441384032361638 -0.745844195269966
5.530587049285598 -0.6835375734124918
5.619790066209561 -0.6157955269122515
5.708993083133521 -0.5431567339681075
5.798196100057482 -0.46619881123281637
5.887399116981444 -0.3855337206613047
5.976602133905405 -0.30180290324841935
6.065805150829367 -0.21567217835219574
6.155008167753327 -0.12782644916276165
6.2442111846772885 -0.03896425641842988
6.333414201601251 0.050207776322651464
6.422617218525211 0.13898056168465847
6.511820235449173 0.2266481870682995
6.601023252373134 0.31251352799948556
6.690226269297095 0.3958937915957054
6.779429286221057 0.4761259460689499
6.868632303145017 0.5525719930903336
6.9578353200689795 0.6246240410910792
7.04703833699294 0.6917091391574401
7.136241353916901 0.7532938330809368
7.225444370840862 0.8088884073345964
7.314647387764825 0.8580507792434413
7.403850404688786 0.9003900143831401
7.493053421612746 0.9355694352527254
7.5822564385367075 0.9633092985015022
7.671459455460669 0.9833890194211026
7.760662472384631 0.9956489260137443
7.849865489308592 0.9999915286885053
7.939068506232553 0.9963822954891184
8.028271523156514 0.9848499266887457
8.117474540080474 0.9654861265681834
8.206677557004438 0.9384448741922937
8.295880573928399 0.9039411989833842
8.385083590852359 0.8622494708280429
8.474286607776321 0.8137012183143517
8.563489624700283 0.7586824924486353
8.652692641624244 0.6976307968152127
8.741895658548204 0.631031608590227
8.831098675472166 0.5594145180741175
8.920301692396126 0.4833490174408007
9.009504709320089 0.40343997219099886
9.09870772624405 0.3203228113203166
9.187910743168011 0.23465847444934987
9.277113760091972 0.14712815609577365
9.366316777015932 0.058427888881456606
9.455519793939896 -0.030736991251603025
9.544722810863856 -0.11965745380442379
9.633925827787817 -0.20762641186298242
9.723128844711779 -0.2939443447849219
9.81233186163574 -0.3779248607200086
9.901534878559701 -0.45890015473172024
9.990737895483663 -0.5362263191174703
10.079940912407624 -0.6092884637003584
10.169143929331584 -0.6775056053763608
10.258346946255546 -0.740335288035753
10.347549963179508 -0.7972778961216022
10.436752980103469 -0.8478806275243352
10.52595599702743 -0.8917410942203008
10.615159013951391 -0.928510522022395
10.704362030875352 -0.9578965239986471
10.793565047799314 -0.9796654255048148
10.882768064723276 -0.9936441223425406
10.971971081647236 -0.9997214572671885
11.061174098571197 -0.9978491038994981
11.150377115495157 -0.9880419510122751
11.239580132419121 -0.9703779841363103
11.328783149343082 -0.9449976654269878
11.417986166267042 -0.9121028167228128
11.507189183191004 -0.8719550146776822
11.596392200114964 -0.8248735107286467
11.685595217038927 -0.7712326924393689
11.774798233962889 -0.71145910640645
11.864001250886849 -0.6460280664021656
11.95320426781081 -0.5754598737253376
12.042407284734772 -0.5003156798157545
12.131610301658734 -0.4211930240322239
12.220813318582694 -0.33872108207740825
12.310016335506655 -0.2535556628535144
12.399219352430617 -0.16637399353336424
12.488422369354577 -0.07786933431545247
12.57762538627854 0.011254534314082505
12.666828403202501 0.10028890797577218
12.756031420126462 0.1885257939454726
12.845234437050422 0.27526354104400286
12.934437453974382 0.35981241909942296
13.023640470898346 0.4415001036146259
13.112843487822307 0.5196770220266695
13.202046504746267 0.5937215190449624
13.29124952167023 0.6630447999939694
13.38045253859419 0.7270956128514963
13.469655555518152 0.7853646317514387
13.558858572442114 0.8373885070937764
13.648061589366074 0.8827535500557626
13.737264606290035 0.9210990222054132
13.826467623213997 0.95212000405861
13.915670640137959 0.9755698197693329
14.00487365706192 0.9912619986721196
14.09407667398588 0.9990717580787551
14.183279690909842 0.9989369955381321
14.272482707833802 0.9908587826689333
14.361685724757765 0.9749013566382241
14.450888741681725 0.9511916093537157
14.540091758605687 0.9199180784315921
14.62929477552965 0.8813294479636321
14.718497792453608 0.8357325710053746
14.807700809377572 0.7834900295103054
14.89690382630153 0.7250172511132649
14.986106843225492 0.6607792056900705
15.075309860149456 0.5912867079620753
15.164512877073415 0.517092355546929
15.253715893997377 0.4387861347557762
15.342918910921338 0.3569907290792233
15.4321219278453 0.2723565676684543
15.521324944769262 0.18555665318557055
15.610527961693222 0.0972812101515387
15.699730978617184 0.008232196347582633
15.788933995541143 -0.08088227908515548
15.878137012465105 -0.169353586461008
15.967340029389069 -0.25647821050445196
16.056543046313028 -0.3415633446355099
16.14574606323699 -0.42393240010065786
16.23494908016095 -0.5029303861410862
16.324152097084912 -0.5779291184158807
16.413355114008876 -0.6483322142630731
16.502558130932833 -0.7135798350768825
16.591761147856797 -0.7731531380901504
16.680964164780757 -0.8265784021617878
16.770167181704718 -0.8734307947614777
16.85937019862868 -0.9133377501968376
16.948573215552642 -0.9459819322197512
17.037776232476602 -0.9711037574535168
17.126979249400566 -0.9885034595747342
17.216182266324523 -0.9980426778357776
17.305385283248487 -0.9996455572960784
17.394588300172448 -0.9932993520132666
17.483791317096408 -0.9790545263976748
17.572994334020372 -0.9570243539242279
17.662197350944332 -0.9273840163927353
17.751400367868293 -0.8903692108991644
17.840603384792253 -0.8462742755951439
17.929806401716217 -0.7954498491394597
18.019009418640177 -0.7383000824533775
18.108212435564138 -0.6752794249516113
18.1974154524881 -0.6068890108045571
18.28661846941206 -0.5336726739678724
18.375821486336022 -0.4562126236674531
18.465024503259983 -0.3751248147280454
18.554227520183943 -0.29105404956004877
18.643430537107907 -0.2046688507531528
18.732633554031864 -0.11665614504940638
18.821836570955828 -0.027715800968195634
18.91103958787979 0.06144493648045563
19.00024260480375 0.15011706973979153
19.089445621727712 0.23759548658631205
19.178648638651673 0.3231845671139
19.267851655575633 0.4062037152360427
19.357054672499597 0.48599277072004166
19.446257689423557 0.5619172587172943
19.535460706347518 0.6333734350459159
19.62466372327148 0.6997930871060414
19.713866740195442 0.7606480522514425
19.803069757119403 0.8154544176877753
19.892272774043363 0.8637763685003099
19.981475790967327 0.9052296532119541
20.070678807891284 0.9394846393138125
20.159881824815248 0.966268934471017
20.249084841739208 0.9853695525601972
20.33828785866317 0.9966346073145386
20.427490875587132 0.9999745201086728
20.516693892511093 0.9953627322792401
20.605896909435053 0.9828359163168108
20.695099926359017 0.9624936842497874
20.784302943282974 0.9344977955391983
20.873505960206938 0.8990708707831051
20.962708977130898 0.8564946214591633
21.05191199405486 0.8071076097821986
21.141115010978822 0.7513025564902381
21.230318027902783 0.6895232179672107
21.319521044826743 0.6222608575351073
21.408724061750704 0.5500503389755893
21.497927078674667 0.47346587334494705
21.587130095598628 0.3931164529033537
21.676333112522588 0.30964100846732273
21.765536129446552 0.22370332869368803
21.85473914637051 0.13598678169644915
21.943942163294473 0.047188880969615266
22.033145180218433 -0.04198426117255709
22.122348197142394 -0.13082354853240005
22.211551214066358 -0.2186225396931701
22.300754230990314 -0.3046830655728229
22.38995724791428 -0.3883207811970348
22.479160264838242 -0.4688706075441748
22.5683632817622 -0.5456920201893516
22.657566298686163 -0.6181741426926779
22.746769315610123 -0.685740604229572
22.835972332534084 -0.7478541228358153
22.925175349458048 -0.8040207778217315
23.014378366382008 -0.8537939373817112
23.10358138330597 -0.8967778101671259
23.19278440022993 -0.9326305925808263
23.281987417153893 -0.9610671867662751
23.371190434077853 -0.981861467678112
23.460393451001814 -0.9948480812066404
23.549596467925777 -0.9999237590577025
23.638799484849734 -0.9970481399321632
23.728002501773698 -0.9862440904750557
23.81720551869766 -0.9675975234422334
23.90640853562162 -0.9412567145304469
23.995611552545583 -0.9074311233033509
24.084814569469543 -0.8663897275893266
24.174017586393504 -0.8184588845958107
24.263220603317468 -0.7640197357483623
24.352423620241424 -0.7035051758909387
24.44162663716539 -0.6373964109479581
24.53082965408935 -0.5662191314213851
24.62003267101331 -0.49053933215069956
24.709235687937273 -0.4109588115767091
24.798438704861233 -0.3281103862985903
24.887641721785194 -0.24265285897750577
24.976844738709154 -0.15526577960160287
25.066047755633118 -0.06664404177025653
25.15525077255708 0.022507643032579103
25.24445378948104 0.11148034923592229
25.333656806405003 0.199566574489296
25.42285982332896 0.28606586565294495
25.512062840252923 0.37029038873346354
25.601265857176884 0.4515703984731061
25.690468874100844 0.529259564099308
25.779671891024808 0.602740108884434
25.868874907948765 0.6714277226465277
25.95807792487273 0.7347762081273699
26.047280941796693 0.7922818243001882
26.13648395872065 0.8434872920695772
26.225686975644614 0.8879854305106274
26.314889992568574 0.9254223947322143
26.404093009492534 0.9555004896173557
26.4932960264165 0.977980537065966
26.58249904334046 0.9926837779159648
26.67170206026442 0.9994932934188407
26.76090507718838 0.9983549349662225
26.850108094112343 0.9892777546743744
26.939311111036304 0.9723339334026442
27.028514127960264 0.947658206778253
27.117717144884228 0.9154467937916241
27.206920161808185 0.8759558364819647
27.29612317873215 0.8294993631205394
27.38532619565611 0.7764467910882648
27.47452921258007 0.717219989304424
27.563732229504033 0.6522899235658483
27.652935246427994 0.5821729114724807
27.742138263351954 0.5074265167197669
27.831341280275918 0.42864511540610617
27.920544297199875 0.3464551696116454
28.00974731412384 0.26151024583239946
28.0989503310478 0.17448581788276205
28.18815334797176 0.0860738955930577
28.277356364895724 -0.0030224779856547904
28.366559381819684 -0.09209481711188526
28.455762398743644 -0.18043482716379466
28.544965415667605 -0.26734003692947717
28.63416843259157 -0.35211938459007114
28.72337144951553 -0.4340987129764601
28.812574466439493 -0.5126261304018715
28.90177748336345 -0.5870771944414624
28.99098050028741 -0.6568598774380927
29.080183517211374 -0.7214192742489407
29.169386534135334 -0.7802420147975095
29.2585895510593 -0.8328603463428148
29.347792567983255 -0.8788558530038998
29.436995584907216 -0.9178627829624554
29.52619860183118 -0.9495709568858703
29.615401618755143 -0.9737282344432756
29.704604635679104 -0.9901425193010601
29.79380765260306 -0.9986832866543279
29.883010669527025 -0.9992826211475151
29.972213686450985 -0.9919357569307242
30.06141670337495 -0.9767011155573038
30.150619720298913 -0.9536998414213087
30.239822737222866 -0.9231148384290045
30.32902575414683 -0.8851893155646885
30.418228771070794 -0.8402248529164008
30.507431787994754 -0.7885790035402355
30.59663480491872 -0.7306624502330304
30.685837821842675 -0.6669357398225239
30.775040838766635 -0.5979056209435178
30.8642438556906 -0.5241210144217896
30.95344687261456 -0.4461686483088007
31.042649889538524 -0.3646683922769859
31.13185290646248 -0.2802683284761268
31.221055923386444 -0.1936395980467679
31.310258940310405 -0.10547106427085472
31.39946195723437 -0.01646383479753197
31.48866497415833 0.07267431349701041
31.577867991082286 0.16123456268279135
31.66707100800625 0.24851269022763392
31.75627402493021 0.3338146689065673
31.845477041854174 0.41646218563920195
31.934680058778138 0.4957980353696818
32.023883075702095 0.5711913470977035
32.113086092626055 0.642042600503683
32.202289109550016 0.7077883932762988
32.29149212647398 0.767905921233175
32.38069514339794 0.8219171356091293
32.4698981603219 0.8693925444537222
32.559101177245864 0.9099546279096854
32.648304194169825 0.9432808402142677
32.737507211093785 0.9691061745519643
32.82671022801775 0.9872252703630546
32.915913244941706 0.9974940463509
33.005116261865666 0.999830846202484
33.094319278789634 0.9942170879115002
33.183522295713594 0.9806974115406766
33.272725312637554 0.9593793242483118
33.361928329561515 0.930432345401757
33.451131346485475 0.8940866585758092
33.540334363409436 0.8506312811551977
33.629537380333396 0.800411766096307
33.71874039725736 0.7438274541234999
33.80794341418132 0.6813282982103416
33.897146431105284 0.6134112855970401
33.986349448029245 0.5406164857960715
34.075552464953205 0.463522756011619
34.164755481877165 0.38274313812312327
34.25395849880113 0.2989199838355645
34.343161515725086 0.21271984676089437
34.432364532649046 0.12482818204814344
34.521567549573014 0.035943895710463344
34.610770566496974 -0.0532262130078672
34.699973583420935 -0.14197307203067674
34.789176600344895 -0.22959097492241076
34.878379617268855 -0.31538319259742803
34.967582634192816 -0.39866751364227226
35.05678565111678 -0.47878166919482545
35.145988668040744 -0.5550885992421912
35.2351916849647 -0.6269815184603063
35.324394701888664 -0.6938887413121251
35.413597718812625 -0.755278228035644
35.502800735736585 -0.8106618153726618
35.59200375266055 -0.8595990983957493
35.681206769584506 -0.9017009325656049
35.770409786508466 -0.936632528170812
35.859612803432434 -0.9641161125431954
35.948815820356394 -0.9839331388792104
36.038018837280354 -0.9959260241029863
36.127221854204315 -0.9999994019516888
36.216424871128275 -0.9961208813188167
36.305627888052236 -0.9843213038251459
36.3948309049762 -0.964694498569144
36.48403392190016 -0.9373965360070653
36.57323693882412 -0.9026444868957777
36.662439955748084 -0.8607146961670995
36.751642972672045 -0.8119405854596701
36.840845989596005 -0.7567100017823123
36.930049006519965 -0.6954621333921623
37.019252023443926 -0.6286840174121433
37.108455040367886 -0.5569066669588906
37.19765805729185 -0.4807008485778309
37.286861074215814 -0.40067254356283527
37.376064091139774 -0.3174581292516326
37.46526710806373 -0.23171931861476625
37.554470124987695 -0.14413789837807228
37.643673141911655 -0.05541030752066987
37.732876158835616 0.033757900740480254
37.82207917575958 0.12265766944145821
37.91128219268354 0.21058207622372357
38.0004852096075 0.2968319547123769
38.089688226531464 0.38072145421945586
38.178891243455425 0.46158349356225004
38.268094260379385 0.5387750656283498
38.357297277303346 0.6116823505059584
38.446500294227306 0.6797255965204425
38.535703311151266 0.74236373036355
38.624906328075234 0.7990986596560061
38.714109344999194 0.8494792337298991
38.80331236192315 0.8931048311351605
38.892515378847115 0.9296285453425681
38.981718395771075 0.9587599433108723
39.070921412695036 0.9802673749822679
39.160124429619 0.9939798153412243
39.24932744654296 0.9997882243888585
39.33853046346692 0.9976464142184643
39.427733480390884 0.9875714162972673
39.516936497314845 0.9696433460338533
39.606139514238805 0.944004765708186
39.695342531162765 0.9108595508301544
39.784545548086726 0.8704712689412446
39.873748565010686 0.823161083750954
39.962951581934654 0.769305201274045
40.052154598858614 0.7093318782767365
40.14135761578257 0.6437180168203175
40.230560632706535 0.5729853719820922
40.319763649630495 0.4976964029095413
40.408966666554456 0.4184498001995528
40.498169683478416 0.33587572516875297
40.587372700402376 0.2506307988716879
40.67657571732634 0.1633928807137337
40.7657787342503 0.07485567817869704
40.854981751174265 -0.014276769465978481
40.944184768098225 -0.10329568962131369
41.033387785022185 -0.19149321244796066
41.122590801946146 -0.2781679997786415
41.211793818870106 -0.36263082209139785
41.300996835794066 -0.4442100391960582
41.390199852718034 -0.5222569410520461
41.47940286964199 -0.5961509062478215
41.56860588656595 -0.665304337122353
41.657808903489915 -0.7291673322848049
41.747011920413875 -0.7872320593771976
41.836214937337836 -0.8390367933082035
41.925417954261796 -0.8841695878463744
42.01462097118576 -0.9222715513767187
42.10382398810972 -0.9530397007720957
42.193027005033684 -0.9762293706857272
42.282230021957645 -0.991656159106354
42.3714330388816 -0.9991973937051962
42.460636055805566 -0.9987931073144359
42.549839072729526 -0.9904465147803315
42.639042089653486 -0.974223987399075
42.728245106577454 -0.9502545251386625
42.81744812350141 -0.918728730843643
42.90665114042537 -0.87989729457972
42.995854157349335 -0.8340690001706236
43.085057174273295 -0.7816082697790281
43.174260191197256 -0.7229322660567569
43.263463208121216 -0.6585075749077546
43.352666225045176 -0.5888464952421246
43.44186924196914 -0.5145029652247667
43.531072258893104 -0.4360681574126841
43.620275275817065 -0.3541657778080391
43.70947829274102 -0.2694471062083448
43.798681309664985 -0.18258581729252535
43.887884326588946 -0.09427262362511805
43.977087343512906 -0.0052097831767271095
44.06629036043687 0.08389448496337194
44.15549337736083 0.1723316322769078
44.24469639428479 0.2593984151258694
44.33389941120875 0.3444024868778679
44.423102428132715 0.42666790337956995
44.512305445056676 0.5055404979991732
