0.0 0.0
0.07876580371620201 0.07868438445525783
0.15753160743240402 0.1568808592404208
0.23629741114860606 0.23410454013762105
0.31506321486480804 0.3098765750730841
0.39382901858101005 0.38372711340460536
0.4725948222972121 0.4551982193925447
0.5513606260134141 0.5238467117883567
0.6301264297296161 0.5892469119328103
0.7088922334458181 0.650993283323364
0.7876580371620201 0.7087029462831508
0.8664238408782222 0.7620180521384986
0.9451896445944242 0.8106080021830818
1.0239554483106261 0.8541714976692477
1.1027212520268281 0.8924384081148433
1.1814870557430301 0.9251714463404577
1.2602528594592322 0.9521676398504371
1.3390186631754344 0.9732595894338649
1.4177844668916362 0.9883165071811177
1.4965502706078382 0.9972450274794179
1.5753160743240402 0.9999897859585242
1.6540818780402422 0.9965337627966092
1.7328476817564444 0.9868983882575357
1.8116134854726464 0.9711434098051132
1.8903792891888485 0.9493665216183365
1.9691450929050502 0.9217027588049269
2.0479108966212523 0.8883236600695629
2.1266767003374545 0.8494362040289646
2.2054425040536563 0.8052815257695786
2.2842083077698585 0.7561334216062874
2.3629741114860603 0.7022966513139073
2.4417399152022625 0.6441050483590673
2.5205057189184643 0.5819194498506375
2.5992715226346665 0.5161254590447516
2.6780373263508688 0.44713105427879635
2.7568031300670706 0.3753640591609862
2.8355689337832723 0.3012694897024905
2.9143347374994746 0.22530679484213698
2.9931005412156764 0.14794700747476858
3.0718663449318786 0.06966982364928069
3.1506321486480804 -0.009039371952210619
3.2293979523642826 -0.08769251580953989
3.3081637560804844 -0.16580189197071615
3.386929559796686 -0.24288315630293694
3.465695363512889 -0.3184583398354703
3.54446116722909 -0.39205881257114245
3.623226970945293 -0.4632281893883095
3.7019927746614947 -0.5315251600142372
3.780758578377697 -0.5965262255216965
3.8595243820938987 -0.6578283243801539
3.9382901858101005 -0.7150513317778419
4.017055989526303 -0.7678404167167863
4.0958217932425045 -0.8158682422648178
4.174587596958707 -0.8588369953211455
4.253353400674909 -0.8964802333092238
4.332119204391111 -0.9285645363458676
4.4108850081073125 -0.9548909546417608
4.489650811823514 -0.9752962421582587
4.568416615539717 -0.9896538688707666
4.647182419255919 -0.9978748053618062
4.725948222972121 -0.9999080748786334
4.804714026688323 -0.9957410694321787
4.883479830404525 -0.9853996279772325
4.962245634120727 -0.9689478761890926
5.041011437836929 -0.9464878288301927
5.11977724155313 -0.9181587571723747
5.198543045269333 -0.8841363253973227
5.277308848985535 -0.8446315013302049
5.3560746527017375 -0.799889248260893
5.434840456417939 -0.7501870059645794
5.513606260134141 -0.6958329703407379
5.592372063850343 -0.6371641823381305
5.671137867566545 -0.5745444380161328
5.749903671282747 -0.5083620327017657
5.828669474998949 -0.4390273532305711
5.907435278715151 -0.36697033320145883
5.986201082431353 -0.292637787025113
6.0649668861475545 -0.21649063929709722
6.143732689863757 -0.13900106667589066
6.222498493579959 -0.06064956998863053
6.301264297296161 0.01807800528003315
6.380030101012363 0.09669348164046722
6.458795904728565 0.17470937671099135
6.537561708444767 0.2516419260205523
6.616327512160969 0.32701408275721927
6.695093315877171 0.400358475861508
6.773859119593372 0.47122030812186805
6.852624923309576 0.5391601763016888
6.931390727025778 0.603756795810646
7.0101565307419795 0.6646096130251469
7.08892233445818 0.7213412890592475
7.167688138174382 0.773600039584593
7.246453941890586 0.8210618161904994
7.325219745606788 0.8634323157579122
7.403985549322989 0.9004488053874292
7.482751353039191 0.931881751565276
7.561517156755394 0.9575362434650425
7.640282960471596 0.9772532015595017
7.719048764187797 0.9909103640480977
7.797814567903999 0.9984230449834173
7.876580371620201 0.9997446593956206
7.9553461753364045 0.9948670121586188
8.034111979052605 0.9838203488067799
8.112877782768807 0.9666731679870583
8.191643586485009 0.9435317967095045
8.27040939020121 0.9145397310299593
8.349175193917414 0.8798767462532554
8.427940997633616 0.8397577821744244
8.506706801349818 0.7944316102703449
8.58547260506602 0.7441792911063816
8.664238408782222 0.6893124315233904
8.743004212498425 0.6301712524120029
8.821770016214625 0.5671224790556326
8.900535819930827 0.5005570671238301
8.979301623647029 0.4308877784167965
9.05806742736323 0.3585466213934418
9.136833231079434 0.2839821723539019
9.215599034795636 0.20765679388744795
9.294364838511838 0.13004376783373758
9.37313064222804 0.051624360535503025
9.451896445944241 -0.027115161419433913
9.530662249660445 -0.10568654646189227
9.609428053376647 -0.1836025856136149
9.688193857092848 -0.26038013359462453
9.76695966080905 -0.3355431047321991
9.845725464525252 -0.40862542509432564
9.924491268241454 -0.47917392254190044
10.003257071957655 -0.5467511367789113
10.082022875673857 -0.6109380319759167
10.160788679390059 -0.6713365951462636
10.23955448310626 -0.727572304162917
10.318320286822464 -0.77929645011211
10.397086090538666 -0.826188299583257
10.475851894254868 -0.8679570834871174
10.55461769797107 -0.9043438000698376
10.633383501687272 -0.9351228209426767
10.712149305403475 -0.960103290168668
10.790915109119677 -0.9791303077306944
10.869680912835879 -0.9920858900424853
10.94844671655208 -0.9988897015465422
11.027212520268282 -0.9994995528624778
11.105978323984484 -0.9939116623968233
11.184744127700686 -0.9821606797921028
11.263509931416888 -0.9643194710697722
11.34227573513309 -0.9404986667993159
11.421041538849291 -0.9108459760952354
11.499807342565495 -0.8755452706957283
11.578573146281697 -0.834815444802547
11.657338949997898 -0.7889090577519826
11.7361047537141 -0.7381107679335766
11.814870557430302 -0.6827355676675746
11.893636361146505 -0.6231268299863792
11.972402164862705 -0.559654179431613
12.051167968578907 -0.49271120006962255
12.129933772295109 -0.42271299493771214
12.20869957601131 -0.3500936120545525
12.287465379727514 -0.2753033529557048
12.366231183443716 -0.19880598044361217
12.444996987159918 -0.12107584286634605
12.52376279087612 -0.04259493275704134
12.602528594592322 0.03615010192708313
12.681294398308525 0.11467097543326729
12.760060202024725 0.1924807919974582
12.838826005740929 0.2690970650094822
12.91759180945713 0.3440447088376933
12.996357613173332 0.41685898476134475
13.075123416889534 0.4870883827433428
13.153889220605736 0.5542974211739935
13.232655024321938 0.6180693472249545
13.311420828038141 0.6780087210689192
13.390186631754341 0.7337438679406761
13.468952435470545 0.7849291828347245
13.547718239186745 0.8312472735483175
13.626484042902948 0.8724109287813273
13.705249846619152 0.9081648990889771
13.784015650335352 0.938287479644086
13.862781454051555 0.9625918849943361
13.941547257767755 0.9809274072898971
14.020313061483959 0.9931803507994491
14.09907886520016 0.9992747369197797
14.17784466891636 0.9991727753073292
14.256610472632564 0.9928750982102496
14.335376276348764 0.9804207565479338
14.414142080064968 0.9618869777623158
14.492907883781172 0.9373886869424781
14.571673687497372 0.9070777941919905
14.650439491213575 0.8711422526579017
14.729205294929775 0.8298048930624218
14.807971098645979 0.7833220419641452
14.886736902362182 0.7319819323168095
14.965502706078382 0.6761029161814278
15.044268509794586 0.6160314906745015
15.123034313510788 0.5521401493931328
15.201800117226988 0.484825072639962
15.280565920943191 0.4145036707705259
15.359331724659391 0.34161199589636815
15.438097528375595 0.2666020379934695
15.516863332091798 0.18993892218249858
15.595629135807998 0.11209802456003427
15.674394939524202 0.03356202446507432
15.753160743240402 -0.04518208854069452
15.831926546956606 -0.12364603441970212
15.910692350672809 -0.20134327040728828
15.989458154389009 -0.2777920079879717
16.06822395810521 -0.3525182003913548
16.146989761821413 -0.42505848208264263
16.225755565537614 -0.4949630420205007
16.30452136925382 -0.5617984128655922
16.383287172970018 -0.6251501588443372
16.462052976686223 -0.6846254456009289
16.54081878040242 -0.7398554761022337
16.619584584118627 -0.790497777491064
16.69835038783483 -0.8362383247072367
16.777116191551027 -0.8767934877083153
16.855881995267232 -0.9119117902155299
16.93464779898343 -0.9413754690791819
17.013413602699636 -0.9650018245941995
17.092179406415838 -0.9826443533926659
17.17094521013204 -0.9941936568885057
17.24971101384824 -0.9995781196411525
17.328476817564443 -0.998764353431794
17.407242621280645 -0.9917574042985421
17.48600842499685 -0.9786007212467307
17.56477422871305 -0.959375886828374
17.64354003242925 -0.9342021112614012
17.722305836145452 -0.903235493225582
17.801071639861654 -0.8666680519188097
17.87983744357786 -0.8247265363758203
17.958603247294057 -0.7776710194325903
18.037369051010263 -0.725793285054975
18.11613485472646 -0.6694150190316023
18.194900658442666 -0.6088858142501286
18.273666462158868 -0.5445810029259751
18.35243226587507 -0.476899329225417
18.43119806959127 -0.4062604767148355
18.509963873307473 -0.3331024659679814
18.588729677023675 -0.2578789384683003
18.667495480739877 -0.18105634364841897
18.74626128445608 -0.10311104650952406
18.82502708817228 -0.02452637375583733
18.903792891888482 0.054210383239350166
18.982558695604684 0.13261099005194246
19.06132449932089 0.21018929667301822
19.140090303037088 0.28646425204965414
19.218856106753293 0.3609628870079681
19.29762191046949 0.4332232470615936
19.376387714185697 0.5027972569198901
19.4551535179019 0.5692534989333085
19.5339193216181 0.6321798882473922
19.612685125334302 0.6911862280770606
19.691450929050504 0.745906629256387
19.770216732766706 0.7960017790605948
19.848982536482907 0.8411610452316631
19.92774834019911 0.8811044021608034
20.00651414391531 0.9155841672838487
20.085279947631513 0.9443865369224376
20.164045751347714 0.9673329120474792
20.24281155506392 0.9842810057440464
20.321577358780118 0.9951257255104744
20.400343162496323 0.9997998249206773
20.47910896621252 0.9982743206088063
20.557874769928727 0.9905586719906099
20.63664057364493 0.9767007226070652
20.71540637736113 0.9567864034539943
20.794172181077332 0.9309392001372823
20.872937984793534 0.8993193871577773
20.951703788509736 0.862123034073958
21.030469592225938 0.8195807897049959
21.10923539594214 0.7719564519131844
21.18800119965834 0.7195453318342888
21.266767003374543 0.6626724226989742
21.345532807090745 0.601690384600163
21.42429861080695 0.5369773577024667
21.50306441452315 0.4689346174536605
21.581830218239354 0.3979840863378055
21.660596021955552 0.32456571759937913
21.739361825671757 0.24913476716135796
21.81812762938796 0.17215897065386404
21.89689343310416 0.09411564305799572
21.975659236820363 0.015488718949641463
22.054425040536564 -0.06323424830380733
22.133190844252766 -0.1415651097863055
22.211956647968968 -0.21901814796890795
22.29072245168517 -0.2951130885688693
22.36948825540137 -0.3693780786560173
22.448254059117573 -0.44135261253962466
22.527019862833775 -0.5105903872928083
22.60578566654998 -0.5766620702077941
22.68455147026618 -0.6391579610214677
22.763317273982384 -0.697690532403223
22.842083077698582 -0.7518968329518233
22.920848881414788 -0.8014407378008155
22.99961468513099 -0.8460150328766831
23.078380488847188 -0.8853433198857154
23.157146292563393 -0.9191817302169746
23.23591209627959 -0.9473204371337324
23.314677899995797 -0.9695849568765578
23.393443703712 -0.9858372306100415
23.4722095074282 -0.995976480504244
23.550975311144402 -0.9999398346423916
23.629741114860604 -0.9977027168798854
23.708506918576806 -0.9892789992371657
23.78727272229301 -0.9747209158814615
23.86603852600921 -0.9541187392308221
23.94480432972541 -0.9276002201888386
24.023570133441613 -0.8953297959811027
24.102335937157815 -0.8575075705054596
24.18110174087402 -0.8143680735187555
24.259867544590218 -0.7661788063541846
24.338633348306423 -0.7132385831869668
24.41739915202262 -0.6558756781340039
24.496164955738827 -0.5944457896769328
24.57493075945503 -0.5293298350310204
24.65369656317123 -0.46093158813653357
24.732462366887432 -0.3896751759191438
24.811228170603634 -0.31600244834460756
24.889993974319836 -0.2403702385756259
24.968759778036038 -0.1632475302202222
25.04752558175224 -0.08511254923709227
25.12629138546844 -0.006449798530570624
25.205057189184643 0.0722529463767701
25.283822992900845 0.150507661964518
25.36258879661705 0.22782910287262045
25.441354600333252 0.3037378108326236
25.52012040404945 0.3777630877140853
25.598886207765652 0.44944591425071245
25.677652011481857 0.5183417963476586
25.75641781519806 0.584023521320501
25.83518361891426 0.6460838069748831
25.91394942263046 0.7041378271002494
25.992715226346665 0.7578255977175353
26.071481030062866 0.8068142092839904
26.150246833779068 0.8507998910136693
26.229012637495273 0.8895098945129731
26.30777844121147 0.9227041850511499
26.386544244927673 0.9501769299784655
26.465310048643875 0.9717577750625391
26.54407585236008 0.9873129008285388
26.622841656076282 0.9967458523529951
26.70160745979248 0.9999981373658325
26.780373263508682 0.997049588951867
26.859139067224888 0.9879184906027189
26.93790487094109 0.9726614628437191
27.01667067465729 0.9513731121388064
27.09543647837349 0.924185444250513
27.174202282089695 0.8912670456926884
27.252968085805897 0.8528220383516754
27.3317338895221 0.8090888137581226
27.410499693238304 0.7603385548580639
27.4892654969545 0.7068735544495225
27.568031300670704 0.6490253407116969
27.646797104386906 0.5871526214501649
27.72556290810311 0.5216390598053489
27.804328711819313 0.45289089521688664
27.88309451553551 0.3813344243958247
27.961860319251713 0.3074133579247985
28.040626122967918 0.23158606887750763
28.11939192668412 0.1543227505183452
28.19815773040032 0.07610250070683919
28.27692353411652 -0.0025896489138862843
28.35568933783272 -0.08126574052315619
28.434455141548927 -0.15943791587352804
28.51322094526513 -0.23662144142415503
28.591986748981334 -0.31233771409834876
28.67075255269753 -0.38611722902702894
28.749518356413734 -0.45750249087568595
28.828284160129936 -0.5260508507019612
28.90704996384614 -0.5913372507531707
28.985815767562343 -0.6529568601835033
29.06458157127854 -0.7105275853473568
29.143347374994743 -0.7636924391027986
29.22211317871095 -0.8121217544334812
29.30087898242715 -0.8555152286627066
29.379644786143352 -0.8936037855837806
29.45841058985955 -0.9261512439598478
29.537176393575752 -0.9529557820471355
29.615942197291957 -0.973851189060291
29.69470800100816 -0.9887078958196989
29.773473804724365 -0.9974337781898808
29.85223960844056 -0.9999747283269734
29.931005412156765 -0.996314990193084
30.009771215872966 -0.9864772572570359
30.08853701958917 -0.9705225317756868
30.167302823305373 -0.9485497465283942
30.246068627021575 -0.9206951513501822
30.324834430737774 -0.8871314682676418
30.403600234453975 -0.8480668204764119
30.48236603817018 -0.8037434418015151
30.561131841886382 -0.7544361746429625
30.639897645602588 -0.7004507657206248
30.718663449318782 -0.6421219701862443
30.797429253034988 -0.5798114758585917
30.87619505675119 -0.513905660453426
30.954960860467395 -0.444813195715132
31.033726664183597 -0.37296251330661706
31.112492467899795 -0.2987991481709673
31.191258271615997 -0.22278297583833337
31.2700240753322 -0.14538536080907602
31.348789879048404 -0.06708623369555514
31.427555682764606 0.011628884753179662
31.506321486480804 0.09027189429030444
31.585087290197006 0.1683551418051847
31.66385309391321 0.2453944451847026
31.742618897629413 0.32091209565148116
31.821384701345618 0.39443981996197724
31.900150505061813 0.46552168409623845
31.978916308778018 0.5337169204341319
32.05768211249422 0.5986026608869636
32.13644791621042 0.6597765590369896
32.21521371992662 0.7168592850251607
32.293979523642825 0.7694968777167763
32.37274532735903 0.8173629395596085
32.45151113107523 0.8601606605245243
32.53027693479143 0.8976246585784639
32.60904273850764 0.9295226252772896
32.687808542223834 0.955656766274422
32.766574345940036 0.9758650278129463
32.84534014965624 0.9900221015958105
32.92410595337245 0.9980402018031638
33.00287175708865 0.9998696094386113
33.08163756080484 0.995498980629008
33.160403364521045 0.9849554169660522
33.239169168237254 0.9683042974535182
33.317934971953456 0.9456488731021949
33.39670077566966 0.9171296266863654
33.47546657938585 0.88292340163191
33.554232383102054 0.8432423054376237
33.63299818681826 0.7983323944295115
33.711763990534465 0.7484721480036609
33.790529794250666 0.693970741818655
33.86929559796686 0.6351661306452654
33.94806140168307 0.5724229527612774
34.02682720539927 0.5061302688861121
34.10559300911547 0.436699149675564
34.184358812831675 0.3645601267364171
34.26312461654788 0.29016052296668815
34.34189042026408 0.21396167877568198
34.42065622398028 0.13643609138363139
34.49942202769648 0.05806448493968278
34.578187831412684 -0.020667170374029258
34.656953635128886 -0.0992706717681447
34.73571943884509 -0.1772586111158921
34.81448524256129 -0.25414739729532315
34.89325104627749 -0.32946025486289177
34.9720168499937 -0.402730180464075
35.050782653709895 -0.47350283864874554
35.1295484574261 -0.5413393791349299
35.2083142611423 -0.6058191580513107
35.2870800648585 -0.6665423462846949
35.36584586857471 -0.7231324087583607
35.444611672290904 -0.7752384392676719
35.523377476007106 -0.8225373363951033
35.60214327972331 -0.8647358070119934
35.680909083439516 -0.9015721849437958
35.75967488715572 -0.9328180535214452
35.83844069087191 -0.9582796619577306
35.917206494588115 -0.9777991267658857
35.99597229830432 -0.9912554107706048
36.074738102020525 -0.9985650736408097
36.15350390573673 -0.999682789290212
36.23226970945292 -0.9946016269373422
36.31103551316913 -0.9833530940822499
36.38980131688533 -0.9660069411333871
36.468567120601534 -0.9426707288961313
36.547332924317736 -0.9134891616049091
36.62609872803394 -0.878643189634671
36.70486453175014 -0.8383488874556672
36.78363033546634 -0.7928561137891541
36.86239613918254 -0.7424469622721985
36.941161942898745 -0.6874340122387644
37.01992774661495 -0.6281583904637207
37.09869355033115 -0.5649876558885922
37.17745935404735 -0.49831352044554444
37.25622515776355 -0.4285494201124157
37.334990961479754 -0.3561279512603112
37.413756765195956 -0.2814981881905686
37.49252256891216 -0.20512289849463175
37.57128837262836 -0.12747567350395647
37.65005417634456 -0.04903799162358158
37.72881998006077 0.029703767240827402
37.807585783776965 0.10826133764933761
37.88635158749317 0.1861475962861202
37.96511739120937 0.26287958253554555
38.04388319492558 0.3379814932461327
38.12264899864178 0.410987633112097
38.201414802357974 0.48144530237778244
38.280180606074175 0.5489176039586648
38.358946409790384 0.6129861525724186
38.437712213506586 0.6732536690811955
38.51647801722279 0.7293464439579994
38.59524382093898 0.7809166546015013
38.67400962465519 0.8276445221300978
38.75277542837139 0.8692402942811386
38.831541232087595 0.9054460421198331
38.9103070358038 0.9360372594165678
38.98907283951999 0.9608242547752347
39.0678386432362 0.9796533278801823
39.1466044469524 0.9924077225680258
39.225370250668604 0.999008350814536
39.304136054384806 0.9994142831472075
0.0 0.0
0.09160963179722749 0.09148154925955221
0.18321926359445498 0.18219589243809184
0.2748288953916825 0.2713822575954304
0.36643852718890996 0.3582926871133821
0.45804815898613743 0.4421983104101817
0.549657790783365 0.5223954565822921
0.6412674225805924 0.5982115557101929
0.7328770543778199 0.6690107793371036
0.8244866861750474 0.734199372817009
0.9160963179722749 0.7932306348124782
1.0077059497695025 0.8456095021819343
1.09931558156673 0.8908967018054129
1.1909252133639574 0.9287124345297036
1.2825348451611849 0.9587395603376244
1.3741444769584124 0.9807262580291448
1.4657541087556398 0.9944881371090575
1.5573637405528675 0.9999097841699405
1.6489733723500948 0.9969457308017389
1.7405830041473223 0.9856208349106307
1.8321926359445497 0.9660300722492657
1.9238022677417772 0.9383377399066978
2.015411899539005 0.9027760784379086
2.1070215313362324 0.8596433241883757
2.19863116313346 0.8093012081477783
2.2902407949306873 0.7521719223086002
2.381850426727915 0.68873457897113
2.4734600585251423 0.6195211926887475
2.5650696903223698 0.5451122185507368
2.6566793221195972 0.4661316842206284
2.7482889539168247 0.3832419565550195
2.839898585714052 0.2971381866923993
2.9315082175112797 0.20854248019800345
3.023117849308507 0.11819784115652737
3.114727481105735 0.026861941000303396
3.206337112902962 -0.06469923566959966
3.2979467447001896 -0.155717814980316
3.389556376497417 -0.24543047352841016
3.4811660082946445 -0.3330848399587948
3.5727756400918724 -0.41794580469476317
3.6643852718890995 -0.4993016849028576
3.7559949036863274 -0.5764701929903685
3.8476045354835544 -0.6488041585809006
3.939214167280782 -0.7156969559809243
4.03082379907801 -0.7765875916200791
4.122433430875237 -0.8309654087996396
4.214043062672465 -0.8783743702929746
4.305652694469692 -0.9184168828821438
4.39726232626692 -0.9507571317563356
4.488871958064147 -0.9751238968083411
4.580481589861375 -0.9913128272103293
4.672091221658603 -0.9991881551932796
4.76370085345583 -0.9986838346575425
4.8553104852530575 -0.9898040950656153
4.946920117050285 -0.9726234059719371
5.038529748847512 -0.9472858524871706
5.1301393806447395 -0.914003926914614
5.2217490124419665 -0.873056746692634
5.3133586442391945 -0.8247877135882624
5.404968276036422 -0.7696016337730393
5.496577907833649 -0.7079613229334526
5.588187539630877 -0.6403837248870732
5.679797171428104 -0.567435576255451
5.771406803225332 -0.489728653551792
5.863016435022559 -0.4079146425435289
5.954626066819786 -0.3226796729176373
6.046235698617014 -0.23473856408350752
6.137845330414242 -0.14482883037069244
6.22945496221147 -0.05370449589667816
6.321064594008697 0.03787022902396779
6.412674225805924 0.1291273568965566
6.504283857603152 0.21930156374039278
6.595893489400379 0.30763660744544213
6.687503121197607 0.3933916699642907
6.779112752994834 0.47584757015085216
6.870722384792061 0.5543127951421456
6.962332016589289 0.6281292997011966
7.053941648386517 0.6966780248851335
7.145551280183745 0.7593840897564075
7.237160911980972 0.8157216125970649
7.328770543778199 0.8652181211931749
7.420380175575426 0.907458515202743
7.511989807372655 0.9420885473768896
7.603599439169882 0.9688177944391744
7.695209070967109 0.987422092707926
7.786818702764337 0.9977454180353217
7.878428334561564 0.9997011942971966
7.970037966358793 0.9932730194599894
8.06164759815602 0.9785148031356912
8.153257229953246 0.9555503144712016
8.244866861750474 0.9245721441636973
8.336476493547702 0.8858400893070287
8.42808612534493 0.8396789746145581
8.519695757142157 0.7864759282906613
8.611305388939384 0.7266771353966821
8.702915020736611 0.6607840959390875
8.79452465253384 0.5893494190612243
8.886134284331067 0.5129721886104853
8.977743916128293 0.4322929389473742
9.069353547925521 0.3479882831316149
9.16096317972275 0.26076523853581607
9.252572811519977 0.1713552974746572
9.344182443317205 0.08050829257603219
9.435792075114431 -0.011013891658054945
9.52740170691166 -0.10244370836312772
9.619011338708885 -0.19301438531101467
9.710620970506115 -0.2819663554122012
9.802230602303341 -0.3685536267925588
9.89384023410057 -0.4520500390221591
9.985449865897797 -0.5317553530284905
10.077059497695023 -0.6070011236213505
10.168669129492253 -0.6771563053797096
10.260278761289479 -0.741632544886997
10.351888393086707 -0.7998891149317604
10.443498024883933 -0.8514374492931688
10.535107656681161 -0.895845240080636
10.626717288478389 -0.9327400632653571
10.718326920275617 -0.9618125019984228
10.809936552072845 -0.9828187415219242
10.901546183870071 -0.9955826139109397
10.993155815667299 -0.9999970754982672
11.084765447464527 -0.9960251045915367
11.176375079261755 -0.9837000119540431
11.26798471105898 -0.9631251614454621
11.359594342856209 -0.9344731031652815
11.451203974653437 -0.8979841263688106
11.542813606450665 -0.8539642442916665
11.634423238247892 -0.8027826277829262
11.726032870045119 -0.7448685092696692
11.817642501842347 -0.6807075830176713
11.909252133639573 -0.610837931877328
12.000861765436802 -0.5358455146749443
12.092471397234029 -0.4563592520942399
12.184081029031256 -0.37304575226004477
12.275690660828484 -0.28660372025792796
12.36730029262571 -0.19775809847402137
12.45890992442294 -0.10725398689684937
12.550519556220166 -0.015850394368318275
12.642129188017394 0.07568612681133875
12.73373881981462 0.16658790954146033
12.825348451611848 0.2560926099281182
12.916958083409076 0.3434496006484062
13.008567715206304 0.4279262660542287
13.100177347003532 0.5088141462219444
13.191786978800758 0.585434878421065
13.283396610597986 0.6571458861741442
13.375006242395214 0.7233457681967791
13.466615874192442 0.7834793420236402
13.558225505989668 0.8370423000223529
13.649835137786896 0.8835854387477844
13.741444769584122 0.9227184261674239
13.833054401381352 0.9541130751642041
13.924664033178578 0.9775060958636447
14.016273664975806 0.9927013037030771
14.107883296773034 0.9995712647250415
14.19949292857026 0.9980583642966965
14.29110256036749 0.9881752902924598
14.382712192164716 0.9700049266876969
14.474321823961944 0.9436996584558209
14.56593145575917 0.9094800935982662
14.657541087556398 0.8676332130249613
14.749150719353626 0.8185099638012672
14.840760351150852 0.7625223159454952
14.932369982948082 0.7001398074600503
15.02397961474531 0.6318856065711654
15.115589246542536 0.5583321242010482
15.207198878339764 0.4800962134682835
15.29880851013699 0.3978339964756762
15.390418141934218 0.3122353617704234
15.482027773731447 0.22401817862347387
15.573637405528673 0.13392227664974377
15.665247037325901 0.04270324125883267
15.756856669123128 -0.04887392302951991
15.848466300920355 -0.1400412082629754
15.940075932717585 -0.23003404392226903
16.03168556451481 -0.3180977089590054
16.12329519631204 -0.4034936612313171
16.214904828109265 -0.4855057312557592
16.30651445990649 -0.5634461283319322
16.39812409170372 -0.636661208669617
16.489733723500947 -0.7045369571443206
16.581343355298177 -0.7665041367087467
16.672952987095403 -0.8220430622748066
16.76456261889263 -0.8706879590302911
16.85617225068986 -0.9120308686393064
16.947781882487085 -0.9457250705673208
17.039391514284315 -0.9714879898380353
17.13100114608154 -0.9891035668362677
17.222610777878767 -0.9984240692826359
17.314220409675997 -0.9993713311839663
17.405830041473223 -0.9919374083690363
17.497439673270453 -0.9761846451120249
17.58904930506768 -0.9522451512849384
17.680658936864905 -0.9203196944238442
17.772268568662135 -0.8806760160005586
17.86387820045936 -0.8336465860203067
17.955487832256587 -0.7796258147763042
18.047097464053817 -0.7190667451447881
18.138707095851043 -0.652477253160415
18.230316727648272 -0.5804157887357081
18.3219263594455 -0.5034866922448881
18.413535991242725 -0.4223351262492806
18.505145623039954 -0.33764166486923164
18.59675525483718 -0.25011658617850907
18.68836488663441 -0.1604939154877413
18.779974518431636 -0.06952526947272487
18.871584150228863 0.02202644722654697
18.963193782026092 0.11339344007284775
19.05480341382332 0.20380946370759395
19.146413045620548 0.2925162480346364
19.23802267741777 0.3787698574198002
19.329632309215 0.4618469296751471
19.42124194101223 0.5410507425048314
19.512851572809456 0.6157170565367129
19.604461204606682 0.6852196859373046
19.69607083640391 0.7489757498923432
19.78768046820114 0.8064505609116902
19.879290099998368 0.8571621089629816
19.970899731795594 0.9006851038280524
20.06250936359282 0.9366545417810758
20.154118995390046 0.9647687666766152
20.245728627187276 0.984791999775927
20.337338258984506 0.9965563170952156
20.428947890781732 0.9999630576929104
20.520557522578958 0.9949836510854098
20.612167154376184 0.9816598568522144
20.703776786173414 0.9601034144210064
20.795386417970644 0.9304951059697457
20.886996049767866 0.8930832403047047
20.978605681565096 0.8481815704293252
21.070215313362322 0.7961666622681602
21.16182494515955 0.7374747366129124
21.253434576956778 0.6725980107755308
21.345044208754004 0.6020805706288639
21.436653840551234 0.5265138076538778
21.52826347234846 0.44653145926042886
21.61987310414569 0.3628042939756924
21.711482735942916 0.27603448607276415
21.803092367740142 0.18694972681627545
21.89470199953737 0.09629712171088808
21.986311631334598 0.004836924933100548
22.077921263131824 -0.0866638365077487
22.169530894929053 -0.17743779540851784
22.26114052672628 -0.2667236798643192
22.35275015852351 -0.3537726976426546
22.444359790320735 -0.43785481589726305
22.53596942211796 -0.5182648835572327
22.62757905391519 -0.5943285450461393
22.719188685712417 -0.6654078957360963
22.810798317509647 -0.7309068317075195
22.902407949306873 -0.7902760489490062
22.9940175811041 -0.8430176500718366
23.08562721290133 -0.8886893199050157
23.177236844698555 -0.9269080349524402
23.268846476495785 -0.957353275602998
23.360456108293008 -0.9797697141544985
23.452065740090237 -0.9939693561084857
23.543675371887467 -0.999833116778007
23.635285003684693 -0.9973118199862309
23.72689463548192 -0.9864266104803371
23.818504267279145 -0.9672687766020034
23.910113899076375 -0.9399989847016507
24.001723530873605 -0.9048459317170036
24.09333316267083 -0.8621044272160505
24.184942794468057 -0.8121329209892693
24.276552426265283 -0.7553504969258685
24.368162058062513 -0.6922333583847599
24.459771689859743 -0.6233108345355629
24.55138132165697 -0.5491609411622699
24.642990953454195 -0.47040553315871075
24.73460058525142 -0.3877050893692209
24.82621021704865 -0.30175317351119435
24.91781984884588 -0.21327061763278718
25.009429480643103 -0.12299947688592397
25.101039112440333 -0.03169680631263478
25.19264874423756 0.05987168816447149
25.28425837603479 0.15093807130205916
25.375868007832015 0.24073861879194677
25.46747763962924 0.32852022220221755
25.55908727142647 0.4135467048887045
25.650696903223697 0.4951049959087664
25.742306535020926 0.5725111101601235
25.833916166818153 0.6451158845924949
25.92552579861538 0.7123104223856406
26.01713543041261 0.773531199436364
26.108745062209834 0.8282647903291771
26.200354694007064 0.8760521741564969
26.29196432580429 0.9164925840777408
26.383573957601516 0.9492468683332242
26.475183589398746 0.9740403345258101
26.566793221195972 0.9906650533168887
26.6584028529932 0.998981602216846
26.750012484790428 0.9989202348457751
26.841622116587654 0.9904814658584962
26.933231748384884 0.9737360666284243
27.02484138018211 0.9488244717264909
27.116451011979336 0.9159556011726468
27.208060643776566 0.875405108337095
27.299670275573792 0.8275130681851544
27.391279907371022 0.7726811252531683
27.482889539168244 0.7113691252738804
27.574499170965474 0.6440912586999341
27.666108802762704 0.5714117484677714
27.75771843455993 0.49394011816621164
27.849328066357156 0.41232608029306583
27.940937698154382 0.32725408746920753
28.032547329951612 0.23943759230607903
28.12415696174884 0.14961306406603944
28.215766593546068 0.05853381229454323
28.307376225343294 -0.0330363307779935
28.39898585714052 -0.12432941608235329
28.49059548893775 -0.21457981808238716
28.58220512073498 -0.30303065566065646
28.673814752532206 -0.3889401396694013
28.76542438432943 -0.4715877939133524
28.857034016126658 -0.5502804973923673
28.948643647923888 -0.6243582971309134
29.040253279721117 -0.6931999428453242
29.13186291151834 -0.756228097032607
29.22347254331557 -0.8129141767866129
29.315082175112796 -0.862782786735831
29.406691806910025 -0.9054157059262652
29.49830143870725 -0.9404553952134734
29.58991107050448 -0.9676079957492476
29.681520702301704 -0.9866457934162034
29.773130334098934 -0.9974091285424492
29.864739965896163 -0.9998077348805524
29.95634959769339 -0.9938214966215503
30.04795922949062 -0.9795006170953146
30.13956886128784 -0.9569651977424866
30.23117849308507 -0.9264042308888989
30.3227881248823 -0.8880740147695685
30.414397756679527 -0.8422960040945595
30.506007388476757 -0.7894541141828677
30.59761702027398 -0.7299915012731136
30.68922665207121 -0.6644068460127683
30.780836283868435 -0.5932501712943691
30.872445915665665 -0.5171182295121411
30.964055547462895 -0.43664949792371344
31.055665179260117 -0.3525188240880342
31.147274811057347 -0.26543176628529935
31.238884442854573 -0.17611867638280296
31.330494074651803 -0.08532857477035252
31.422103706449033 0.006177131267010054
31.513713338246255 0.09763103305848624
31.60532297004348 0.18826615638737684
31.69693260184071 0.27732239368735745
31.78854223363794 0.36405287865192165
31.88015186543517 0.44773024979656717
31.971761497232393 0.5276527504446147
32.06337112902962 0.6031501139794364
32.15498076082685 0.6735891850066065
32.24659039262408 0.7383792292843971
32.338200024421305 0.7969768878911372
32.42980965621853 0.848890734081433
32.52141928801576 0.8936853946154529
32.61302891981298 0.9309852009978911
32.704638551610216 0.9604773400056589
32.79624818340744 0.9819144770825273
32.88785781520467 0.9951168305997664
32.979467447001895 0.9999736795870374
33.07107707879912 0.9964442922890546
33.162686710596354 0.9845582677606992
33.25429634239358 0.964415287635822
33.345905974190806 0.9361842801514997
33.43751560598803 0.9001020034386382
33.52912523778526 0.8564710599600835
33.62073486958249 0.8056573587480679
33.71234450137972 0.7480870467238543
33.803954133176944 0.6842429348348735
33.89556376497417 0.6146604489814795
33.9871733967714 0.5399231396906451
34.07878302856863 0.46065778819454173
34.170392660365856 0.37752914995670017
34.26200229216308 0.2912343797288492
34.35361192396031 0.2024971848925785
34.445221555757534 0.11206175611848135
34.53683118755477 0.020686526243073943
34.628440819351994 -0.07086219029556254
34.72005045114921 -0.16181662412091638
34.811660082946446 -0.2514139897829296
34.90326971474367 -0.33890288282532777
34.994879346540905 -0.4235495814068735
35.08648897833813 -0.5046441996279922
35.17809861013536 -0.5815066409584044
35.269708241932584 -0.6534923018374198
35.36131787372981 -0.719997477614001
35.45292750552704 -0.780464425489877
35.54453713732427 -0.8343860420055309
35.636146769121495 -0.8813101158415956
35.72775640091872 -0.9208431202696293
35.81936603271595 -0.9526535134471142
35.910975664513174 -0.9764745188788698
36.00258529631041 -0.9921063627266639
36.09419492810763 -0.9994179492039169
36.18580455990486 -0.9983479600048891
36.277414191702086 -0.9889053685480103
36.36902382349931 -0.9711693647206934
36.460633455296545 -0.9452886907567452
36.55224308709377 -0.9114803938160239
36.643852718891 -0.8700280057277496
36.73546235068822 -0.8212791651630119
36.82707198248545 -0.7656427021779948
36.91868161428268 -0.7035852095782767
37.01029124607991 -0.6356271298583404
37.101900877877135 -0.562338390532932
37.19351050967436 -0.4843336244644738
37.28512014147159 -0.40226701527097475
37.37672977326882 -0.31682681104322824
37.46833940506605 -0.22872955238180637
37.55994903686327 -0.13871406316006982
37.6515586686605 -0.047535254409534905
37.743168300457725 0.04404220670905297
37.83477793225496 0.13525030975400476
37.926387564052185 0.22532414188921984
38.017997195849404 0.31350830279284597
38.10960682764664 0.39906323978961683
38.20121645944386 0.48127145007751726
38.292826091241096 0.5594434980342675
38.38443572303832 0.63292379713948
38.47604535483554 0.7010961080228737
38.567654986632775 0.763388706529268
38.65926461843 0.8192791784585932
38.750874250227234 0.8682988007701803
38.84248388202446 0.9100364725083558
38.93409351382168 0.9441421624829633
39.02570314561891 0.9703298447908913
39.11731277741614 0.988379897559997
39.208922409213365 0.9981409447985209
39.3005320410106 0.9995311259033244
39.39214167280782 0.9925387821803221
39.48375130460505 0.9772225546196158
39.57536093640228 0.9537108921053588
39.6669705681995 0.9222009741847006
39.758580199996736 0.8829570574299919
39.850189831793955 0.8363082592624128
39.94179946359119 0.7826457978228284
40.033409095388414 0.7224197110377151
40.12501872718564 0.6561350823953911
40.216628358982874 0.5843478050850639
40.30823799078009 0.5076599200225156
40.399847622577326 0.42671456685977466
40.49145725437455 0.342190590322149
40.58306688617178 0.2547968471060472
40.67467651796901 0.16526626108278436
40.76628614976623 0.07434967666406467
40.857895781563464 -0.01719043812248299
40.94950541336069 -0.10858638603854982
41.041115045157916 -0.19907167889511837
41.13272467695515 -0.28788746567268764
41.22433430875237 -0.3742888965927061
41.315943940549595 -0.4575513697682939
41.40755357234683 -0.5369766080467622
41.499163204144054 -0.6118985150809518
41.59077283594129 -0.6816887615176558
41.682382467738506 -0.7457620544546834
41.77399209953573 -0.8035810459746868
41.865601731332966 -0.8546608395903269
41.95721136313019 -0.8985730568078343
42.048820994927425 -0.9349494297048564
42.140430626724644 -0.9634848893935316
42.23204025852187 -0.9839401244676349
42.3236498903191 -0.996143587977376
42.41525952211633 -0.9999929361005302
42.506869153913556 -0.9954558864445079
42.59847878571078 -0.9825704887812481
42.69008841750801 -0.9614448059444428
42.78169804930524 -0.932256007565224
42.87330768110247 -0.8952488842466768
42.96491731289969 -0.850733794637954
43.05652694469692 -0.7990840626248122
43.148136576494146 -0.7407328464648881
43.23974620829138 -0.6761695061245818
43.331355840088605 -0.6059354992827521
43.42296547188583 -0.5306198404191342
43.51457510368306 -0.4508541610697411
43.606184735480284 -0.3673074126761285
43.69779436727752 -0.2806802564528757
43.78940399907474 -0.1916991873224503
43.88101363087197 -0.10111044119672527
43.972623262669195 -0.009673736701603786
44.06423289446642 0.08184409617059106
44.15584252626365 0.17267554704788876
44.24745215806088 0.2620588618714253
44.33906178985811 0.34924443131309035
44.43067142165533 0.43350107734198096
44.52228105345256 0.5141221852175042
44.613890685249785 0.5904316294835357
44.70550031704702 0.6617894442655032
44.797109948844245 0.7275971903166668
44.88871958064147 0.7873029738031735
44.9803292124387 0.8404060747379524
45.07193884423592 0.8864611462473712
45.16354847603316 0.9250819494536535
45.25515810783038 0.9559445926506157
45.34676773962761 0.9787902476075581
45.438377371424835 0.9934273202210843
45.52998700322206 0.9997330573108185
45.621596635019294 0.9976545760836761
45.71320626681652 0.9872093076331363
