0.0 0.0
0.03194872178477655 0.03194328694122091
0.0638974435695531 0.06385397147758844
0.09584616535432965 0.09569948447937217
0.1277948871391062 0.12744732333312606
0.15974360892388273 0.15906508511496076
0.1916923307086593 0.19052049966206977
0.22364105249343585 0.22178146250875475
0.2555897742782124 0.2528160676533349
0.2875384960629889 0.28359264012249746
0.31948721784776546 0.31407976829985224
0.35143593963254205 0.3442463359856955
0.3833846614173186 0.3740615541552615
0.4153333832020951 0.40349499238304815
0.4472821049868717 0.43251660990114416
0.4792308267716482 0.4610967862598578
0.5111795485564248 0.48920635155935577
0.5431282703412014 0.5168166162214541
0.5750769921259778 0.5438994002711779
0.6070257139107544 0.5704270620982015
0.6389744356955309 0.5963725266688163
0.6709231574803075 0.621709313159631
0.7028718792650841 0.646411561984799
0.7348206010498607 0.6704540611891933
0.7667693228346372 0.6938122721805832
0.7987180446194136 0.7164623547745572
0.8306667664041902 0.7383811915266254
0.8626154881889668 0.7595464113266693
0.8945642099737434 0.7799364122316578
0.9265129317585199 0.7995303835133244
0.9584616535432964 0.8183083268983047
0.990410375328073 0.8362510769790541
1.0223590971128496 0.8533403207747138
1.054307818897626 0.8695586164219623
1.0862565406824027 0.8848894109767745
1.1182052624671792 0.8993170573089184
1.1501539842519557 0.9128268300719491
1.1821027060367322 0.9254049407323975
1.2140514278215089 0.9370385516428172
1.2460001496062854 0.9477157891443228
1.2779488713910618 0.9574257556852508
1.3098975931758385 0.9661585409435717
1.341846314960615 0.9739052319417004
1.3737950367453915 0.9806579221433857
1.4057437585301682 0.9864097195233886
1.4376924803149445 0.9911547536017188
1.4696412020997214 0.9948881814352457
1.5015899238844976 0.9976061925605705
1.5335386456692743 0.9993060128831154
1.5654873674540508 0.9999859075084585
1.5974360892388273 0.9996451825130259
1.629384811023604 0.998284185652334
1.6613335328083805 0.9959043060060582
1.6932822545931572 0.9925079725602911
1.7252309763779337 0.9880986517284366
1.7571796981627101 0.9826808438132704
1.7891284199474868 0.9762600784137779
1.821077141732263 0.9688429087814584
1.8530258635170398 0.960436905131852
1.8849745853018163 0.9510506469181218
1.9169233070865928 0.9406937140745716
1.9488720288713695 0.9293766772390392
1.980820750656146 0.917111086964144
2.0127694724409224 0.9039094619284003
2.044718194225699 0.8897852761592284
2.0766669160104754 0.874752945280904
2.108615637795252 0.8588278118014813
2.1405643595800288 0.8420261294537086
2.1725130813648055 0.8243650466059155
2.2044618031495817 0.8058625887598049
2.2364105249343584 0.7865376401530125
2.268359246719135 0.7664099244852135
2.3003079685039114 0.7454999847874424
2.332256690288688 0.7238291624551768
2.3642054120734644 0.7014195754665856
2.396154133858241 0.6782940958081654
2.4281028556430178 0.6544763261308157
2.460051577427794 0.6299905756601705
2.4920002992125707 0.604861835385774
2.5239490209973474 0.5791157525544297
2.5558977427821237 0.5527786044937466
2.5878464645669 0.525877271792605
2.619795186351677 0.4984392108659132
2.6517439081364533 0.47049242593165963
2.68369262992123 0.44206544042885104
2.7156413517060063 0.41318726790552507
2.747590073490783 0.3838873824065331
2.7795387952755597 0.35419568839133053
2.8114875170603364 0.3241424902124673
2.8434362388451127 0.2937584611859357
2.875384960629889 0.2630746122849398
2.9073336824146656 0.2321222604890427
2.9392824041994428 0.20093299682099272
2.971231125984219 0.16953865410385208
3.0031798477689953 0.13797127447133187
3.035128569553772 0.10626307666450344
3.0670772913385487 0.07444642314825606
3.0990260131233254 0.04255378708106355
3.1309747349081016 0.010617719171775368
3.1629234566928783 -0.021329185542745443
3.1948721784776546 -0.05325432096522215
3.2268209002624317 -0.08512510321685997
3.258769622047208 -0.11690900389355535
3.2907183438319842 -0.14857358326549716
3.322667065616761 -0.18008652338625483
3.354615787401537 -0.2114156610775726
3.3865645091863144 -0.24252902075620636
3.4185132309710906 -0.27339484706928613
3.4504619527558673 -0.3039816373049149
3.4824106745406436 -0.3342581735449025
3.5143593963254203 -0.3641935545268384
3.546308118110197 -0.39375722718296774
3.5782568398949737 -0.42291901782369296
3.61020556167975 -0.4516491629338668
3.642154283464526 -0.4799183395504489
3.674103005249303 -0.5076976951905181
3.7060517270340796 -0.5349588772990971
3.7380004488188563 -0.5616740621867354
3.7699491706036325 -0.5878159834273117
3.8018978923884093 -0.6133579596870772
3.8338466141731855 -0.6382739219565301
3.8657953359579627 -0.6625384401573352
3.897744057742739 -0.6861267490971238
3.929692779527515 -0.7090147737456943
3.961641501312292 -0.7311791538068054
3.993590223097068 -0.7525972675604871
4.025538944881845 -0.7732472549515405
4.0574876666666215 -0.7931080399006505
4.089436388451398 -0.8121593518153513
4.121385110236175 -0.8303817462788806
4.153333832020951 -0.8477566248958134
4.185282553805728 -0.8642662542742182
4.217231275590504 -0.8798937841249556
4.249179997375281 -0.8946232644596617
4.2811287191600575 -0.9084396618698444
4.313077440944833 -0.9213288748704932
4.345026162729611 -0.9332777482925352
4.376974884514387 -0.9442740867094442
4.4089236062991635 -0.9543066668843131
4.44087232808394 -0.9633652492246666
4.472821049868717 -0.9714405882333396
4.504769771653494 -0.9785244419447455
4.53671849343827 -0.9846095803369069
4.568667215223046 -0.9896897927106613
4.600615937007823 -0.9937598940285124
4.6325646587925995 -0.9968157302066551
4.664513380577376 -0.9988541823547753
4.696462102362153 -0.9998731699592949
4.728410824146929 -0.9998716530068149
4.760359545931705 -0.9988496330455889
4.792308267716482 -0.9968081531839419
4.824256989501259 -0.9937492970256394
4.8562057112860355 -0.98967618654329
4.888154433070811 -0.9845929788919544
4.920103154855588 -0.978504862166211
4.952051876640365 -0.9714180501050107
4.984000598425141 -0.9633397757497237
5.015949320209918 -0.9542782840618509
5.047898041994695 -0.9442428235079364
5.079846763779471 -0.9332436366202683
5.111795485564247 -0.9212919495430003
5.143744207349024 -0.9083999605743696
5.1756929291338 -0.8945808277166978
5.2076416509185774 -0.8798486552468847
5.239590372703354 -0.864218479321108
5.27153909448813 -0.8477062526284067
5.303487816272907 -0.8303288281088251
5.335436538057683 -0.8121039417527313
5.36738525984246 -0.79305019449886
5.399333981627237 -0.7731870332495635
5.431282703412013 -0.7525347310226412
5.46323142519679 -0.731114366260006
5.495180146981566 -0.7089478013143163
5.527128868766343 -0.686057660135507
5.559077590551119 -0.6624673051800232
5.591026312335895 -0.6382008135663008
5.622975034120673 -0.6132829525008378
5.654923755905449 -0.5877391539999485
5.686872477690225 -0.5615954889329736
5.718821199475002 -0.5348786404134717
5.750769921259778 -0.5076158765655235
5.782718643044555 -0.4798350226929546
5.814667364829331 -0.4515644328798918
5.846616086614108 -0.4228329610516107
5.8785648083988855 -0.39366993152524565
5.910513530183661 -0.3641051090803948
5.942462251968438 -0.33416866858016675
5.974410973753214 -0.3038911641736979
6.0063596955379905 -0.27330349811154164
6.038308417322768 -0.24243688920578566
6.070257139107544 -0.2113228409670714
6.102205860892321 -0.1799931094510325
6.134154582677097 -0.14847967084699285
6.166103304461873 -0.11681468884197724
6.198052026246651 -0.08503048179335501
6.230000748031427 -0.053159489743635366
6.261949469816203 -0.02123424131104443
6.293898191600981 0.01071267951027968
6.325846913385757 0.04264866660661932
6.357795635170533 0.07454112502359367
6.389744356955309 0.10635750423366777
6.421693078740086 0.13806533135833582
6.4536418005248635 0.16963224431103974
6.485590522309639 0.20102602482701445
6.517539244094416 0.23221463134635223
6.549487965879192 0.26316623171669873
6.5814366876639685 0.29384923568223786
6.613385409448746 0.324232327125776
6.645334131233522 0.35428449603103496
6.677282853018299 0.38397507013253723
6.709231574803074 0.41327374622075325
6.741180296587852 0.4421506210705961
6.773129018372629 0.47057622196166093
6.8050777401574045 0.4985215367590927
6.837026461942181 0.5259580435243568
6.868975183726957 0.5528577396256947
6.900923905511735 0.5791931703185689
6.932872627296511 0.6049374567669007
6.964821349081287 0.6300643234765309
6.996770070866064 0.6545481251128819
7.0287187926508405 0.6783638726754542
7.060667514435617 0.7014872590024538
7.092616236220394 0.7238946835795065
7.12456495800517 0.745563276627145
7.156513679789947 0.7664709224424868
7.188462401574723 0.7865962819712659
7.2204111233595 0.8059188145872048
7.252359845144277 0.8244187990564711
7.284308566929052 0.8420773536658404
7.31625728871383 0.8588764554940173
7.348206010498606 0.8747989588064367
7.3801547322833825 0.8898286125547895
7.412103454068159 0.9039500769633909
7.444052175852935 0.9171489391854778
7.476000897637713 0.9294117280134528
7.507949619422488 0.9407259276280521
7.539898341207265 0.9510799903724214
7.571847062992043 0.9604633485380437
7.6037957847768185 0.9688664251505021
7.635744506561595 0.9762806437440682
7.667693228346371 0.9826984371151314
7.699641950131148 0.9881132550455466
7.731590671915925 0.9925195709880081
7.763539393700701 0.9959128877066322
7.795488115485478 0.9982897418669897
7.827436837270254 0.9996477075709016
7.85938555905503 0.9999853988323945
7.891334280839808 0.9993024709922835
7.923283002624584 0.9975996210699452
7.95523172440936 0.9948785870519136
7.987180446194136 0.991142146118034
8.019129167978914 0.9863941118069772
8.05107788976369 0.9806393301240142
8.083026611548465 0.9738836745950161
8.114975333333243 0.9661340402717351
8.146924055118019 0.9573983366944814
8.178872776902796 0.9476854798193741
8.210821498687574 0.9370053829184171
8.24277022047235 0.9253689464616746
8.274718942257126 0.9127880469918798
8.306667664041901 0.8992755250028331
8.338616385826679 0.8848451718339564
8.370565107611457 0.8695117155943849
8.402513829396232 0.8532908061309572
8.434462551181008 0.8361989990554477
8.466411272965784 0.8182537388473481
8.498359994750562 0.7994733410494375
8.53030871653534 0.7798769735743188
8.562257438320115 0.7594846371409945
8.594206160104891 0.7383171448614491
8.626154881889667 0.7163961009980837
8.658103603674444 0.6937438789136685
8.690052325459222 0.6703835982363311
8.722001047243998 0.6463391012628765
8.753949769028774 0.6216349286245249
8.78589849081355 0.5962962942399127
8.817847212598327 0.5703490595809079
8.849795934383105 0.5438197072775157
8.88174465616788 0.5167353140888042
8.913693377952656 0.48912352326743935
8.945642099737434 0.4610125163460446
8.97759082152221 0.4324309843741752
9.009539543306987 0.40340809863524635
9.041488265091763 0.37397348087334215
9.07343698687654 0.34415717306024335
9.105385708661316 0.3139896067335826
9.137334430446092 0.28350157193737074
9.16928315223087 0.2527241857966358
9.201231874015646 0.22168886075823221
9.233180595800423 0.19042727253021757
9.265129317585199 0.1589713277525615
9.297078039369975 0.12735313143213192
9.329026761154752 0.0956049541752385
9.360975482939528 0.06375919925115976
9.392924204724306 0.03184836952025241
9.424872926509082 -9.496573955913763e-05
9.456821648293857 -0.03203820407410767
9.488770370078635 -0.0639487431281512
9.52071909186341 -0.09579401392043999
9.552667813648188 -0.12754151408473874
9.584616535432964 -0.15915884104283262
9.61656525721774 -0.1906137250757127
9.648513979002518 -0.2218740622591433
9.680462700787293 -0.25290794723001336
9.712411422572071 -0.2836837057500473
9.744360144356847 -0.31416992703359564
9.776308866141623 -0.34433549580656303
9.8082575879264 -0.3741496240637099
9.840206309711176 -0.4035818824919325
9.872155031495954 -0.4326022315274663
9.90410375328073 -0.4611810520152729
9.936052475065507 -0.4892891754393699
9.968001196850283 -0.5168979136931975
9.999949918635059 -0.5439790883596864
10.031898640419836 -0.5705050594711039
10.063847362204612 -0.5964487537193401
10.09579608398939 -0.6217836920878576
10.127744805774165 -0.6464840168770639
10.159693527558941 -0.6705245180955696
10.191642249343719 -0.6938806591903578
10.223590971128495 -0.7165286020896213
10.255539692913272 -0.7384452315327177
10.287488414698048 -0.7596081786623807
10.319437136482826 -0.7799958438551462
10.3513858582676 -0.7995874187666521
10.383334580052377 -0.8183629075693548
10.415283301837155 -0.8363031473609376
10.44723202362193 -0.8533898277226273
10.479180745406708 -0.8696055094074323
10.511129467191482 -0.8849336421392238
10.54307818897626 -0.8993585815045202
10.575026910761038 -0.9128656049196974
10.606975632545813 -0.9254409266573635
10.638924354330591 -0.9370717119165426
10.670873076115367 -0.9477460899223041
10.702821797900143 -0.957453166041484
10.73477051968492 -0.9661830329021154
10.766719241469698 -0.973926780505229
10.798667963254474 -0.9806765053187019
10.83061668503925 -0.9864253183438719
10.862565406824025 -0.9911673521466827
10.894514128608803 -0.9948977668461869
10.92646285039358 -0.9976127550542927
10.958411572178356 -0.9993095457617143
10.990360293963132 -0.9999864071661579
11.022309015747908 -0.9996426484398583
11.054257737532685 -0.9982786204346606
11.086206459317463 -0.9958957153239294
11.118155181102239 -0.9924963651816493
11.150103902887015 -0.9880840395001671
11.18205262467179 -0.9826632416491103
11.214001346456568 -0.9762395042790944
11.245950068241346 -0.9688193836749126
11.277898790026121 -0.9604104530639681
11.309847511810897 -0.9510212948867799
11.341796233595673 -0.940661492037453
11.37374495538045 -0.9293416180830499
11.405693677165228 -0.9170732264718509
11.437642398950004 -0.9038688387415098
11.46959112073478 -0.8897419317391465
11.501539842519556 -0.8747069238664196
11.533488564304333 -0.8587791603636142
11.56543728608911 -0.8419748976477708
11.597386007873888 -0.82431128672083
11.629334729658662 -0.8058063556647402
11.66128345144344 -0.786478991241376
11.693232173228216 -0.7663489196160796
11.725180895012993 -0.7454366862244537
11.757129616797771 -0.7237636348029993
11.789078338582545 -0.7013518856049714
11.821027060367323 -0.6782243128236868
11.852975782152098 -0.6544045212463611
11.884924503936876 -0.6299168221622446
11.916873225721654 -0.6047862085497052
11.948821947506428 -0.5790383295675413
11.980770669291205 -0.5526994643765686
12.012719391075981 -0.5257964953182335
12.044668112860759 -0.49835688047756377
12.076616834645536 -0.4704086256585255
12.10856555643031 -0.44198025580034406
12.140514278215088 -0.41310078586397014
12.172462999999864 -0.3837996912184446
12.204411721784641 -0.3541068775573153
12.236360443569419 -0.3240526503758824
12.268309165354195 -0.2936676840403744
12.30025788713897 -0.2629829904806438
12.332206608923746 -0.23202988753834133
12.364155330708524 -0.20083996700285928
12.396104052493301 -0.16944506236768145
12.428052774278077 -0.13787721634003428
12.460001496062853 -0.10616864813700644
12.49195021784763 -0.07435172060152401
12.523898939632407 -0.04245890717173769
12.555847661417184 -0.010522758737515242
12.587796383201962 0.02142412958209115
12.619745104986736 0.0533491517065353
12.651693826771513 0.085219723872664
12.68364254855629 0.11700331789079058
12.715591270341067 0.1486674943440927
12.747539992125844 0.18017993569737006
12.779488713910618 0.21150847928142336
12.811437435695396 0.24262115011938026
12.843386157480172 0.27348619356142145
12.87533487926495 0.30407210769467685
12.907283601049727 0.3343476754951354
12.939232322834501 0.3642819966888046
12.971181044619279 0.3938445192895927
13.003129766404054 0.4230050707816828
13.035078488188832 0.4517338889146484
13.06702720997361 0.4800016520798051
13.098975931758384 0.5077795092368451
13.130924653543161 0.5350391093602004
13.162873375327937 0.5617526303750435
13.194822097112715 0.587892807553462
13.226770818897492 0.6134329613417537
13.258719540682266 0.6383470245904913
13.290668262467044 0.6626095691595493
13.322616984251821 0.6861958318709128
13.354565706036597 0.7090817397828292
13.386514427821375 0.7312439347594721
13.418463149606149 0.7526597973110407
13.450411871390926 0.7733074696799933
13.482360593175704 0.7931658781498032
13.51430931496048 0.8122147545535189
13.546258036745257 0.8304346569601456
13.578206758530031 0.8478069895177339
13.610155480314809 0.8643140214329496
13.642104202099587 0.879938905067712
13.674052923884362 0.8946656931344734
13.70600164566914 0.9084793549725642
13.737950367453914 0.9213657918889894
13.769899089238692 0.9333118515480441
13.80184781102347 0.9443053413950243
13.833796532808245 0.9543350411003685
13.865745254593023 0.9633907140115081
13.897693976377797 0.971463117600739
13.929642698162574 0.9785440128984653
13.961591419947352 0.9846261729021661
13.993540141732128 0.9897033899525234
14.025488863516905 0.9937704820691701
14.057437585301681 0.9968232982395939
14.089386307086457 0.9988587226558034
14.121335028871234 0.9998746778944269
14.153283750656012 0.9998701270370008
14.185232472440788 0.9988450747282854
14.217181194225564 0.9968005671715227
14.24912991601034 0.9937386910606467
14.281078637795117 0.9896625714505323
14.313027359579895 0.984576368567458
14.34497608136467 0.9784852735630383
14.376924803149446 0.9713955032159564
14.408873524934222 0.9633142935869093
14.440822246719 0.9542498926332379
14.472770968503777 0.9442115517907823
14.504719690288553 0.933209516531551
14.536668412073329 0.9212550159068431
14.568617133858105 0.9083602510864975
14.600565855642882 0.8945383829059633
14.63251457742766 0.8798035184339057
14.664463299212436 0.864170696574051
14.696412020997212 0.8476558727159678
14.728360742781987 0.8302759024504566
14.760309464566765 0.8120485243661586
14.792258186351543 0.7929923419449525
14.824206908136318 0.7731268045746058
14.856155629921094 0.7524721876980665
14.88810435170587 0.7310495721196593
14.920053073490648 0.7088808224892982
14.952001795275425 0.6859885649866841
14.983950517060201 0.6623961642282554
15.015899238844977 0.638127699420462
15.047847960629754 0.6132079397837114
15.07979668241453 0.5876623192720642
15.111745404199308 0.5615169106144668
15.143694125984085 0.5347983987040461
15.17564284776886 0.5075340533625987
15.207591569553637 0.4797517015080721
15.239540291338413 0.4514796987534863
15.27148901312319 0.4227469004662121
15.303437734907968 0.3935826323172145
15.335386456692742 0.36401666035027314
15.36733517847752 0.3340791606017336
15.399283900262295 0.30380068830184054
15.431232622047073 0.27321214668901056
15.46318134383185 0.24234475546894985
15.495130065616625 0.21123001895075738
15.527078787401402 0.17989969389254382
15.559027509186178 0.14838575708942675
15.590976230970956 0.1167203727369055
15.622924952755733 0.08493585960300337
15.654873674540507 0.053064658042630594
15.686822396325285 0.02113929688784259
15.71877111811006 -0.01080763975216912
15.750719839894838 -0.042743545747548
15.782668561679616 -0.07463582622668319
15.81461728346439 -0.10645193084364739
15.846566005249167 -0.13815938700019914
15.878514727033945 -0.16972583298839952
15.91046344881872 -0.2011190510200842
15.942412170603498 -0.2323070001094369
0.0 0.0
0.07902163705839449 0.07893942202824684
0.15804327411678898 0.1573861696721681
0.2370649111751835 0.23485064341222353
0.31608654823357796 0.3108493742676885
0.39510818529197245 0.3849080412089469
0.474129822350367 0.4565644314758622
0.5531514594087614 0.5253713253263753
0.6321730964671559 0.590899287211123
0.7111947335255504 0.6527393459538764
0.7902163705839449 0.7105055472103432
0.8692380076423395 0.7638373622749969
0.948259644700734 0.8124019382021629
1.0272812817591284 0.8558961751979715
1.1063029188175229 0.8940486183178205
1.1853245558759173 0.9266211516629405
1.2643461929343118 0.9534104845022947
1.3433678299927065 0.9742494200446731
1.4223894670511008 0.9890078989423559
1.5014111041094953 0.9975938110136663
1.5804327411678898 0.9999535701183094
1.6594543782262843 0.996072448597605
1.738476015284679 0.9859746691923154
1.8174976523430735 0.9697232538643922
1.896519289401468 0.9474196304661732
1.9755409264598622 0.9192029997118721
2.0545625635182567 0.8852494664022009
2.133584200576651 0.8457709403243006
2.2126058376350457 0.8010138136866488
2.2916274746934406 0.7512574233433017
2.3706491117518347 0.6968123074049889
2.449670748810229 0.6380182671178454
2.5286923858686237 0.5752422461059343
2.607714022927018 0.5088760402135603
2.686735659985413 0.43933385224064114
2.765757297043807 0.36704970683245564
2.8447789341022016 0.29247474165786885
2.923800571160596 0.21607439178227028
3.0028222082189906 0.13832548480801743
3.0818438452773855 0.05971326491211721
3.1608654823357796 -0.01927163564536744
3.2398871193941745 -0.09813625864086208
3.3189087564525686 -0.17638839652354865
3.397930393510963 -0.25353966436657005
3.476952030569358 -0.329108547960576
3.555973667627752 -0.4026234090259547
3.634995304686147 -0.47362542878770836
3.714016941744541 -0.5416714715416054
3.793038578802936 -0.6063368503396283
3.8720602158613304 -0.6672179775335776
3.9510818529197245 -0.7239348836343613
4.030103489978119 -0.7761335887663219
4.1091251270365134 -0.8234883119159591
4.188146764094909 -0.8657035041867497
4.267168401153302 -0.9025156933701708
4.346190038211697 -0.9336951283206537
4.425211675270091 -0.9590472128716294
4.504233312328486 -0.9784137203433655
4.583254949386881 -0.9916737810626364
4.662276586445275 -0.9987446367309498
4.741298223503669 -0.9995821569331914
4.820319860562064 -0.9941811145630634
4.899341497620458 -0.9825752184463471
4.978363134678854 -0.9648369029583763
5.057384771737247 -0.9410768759487593
5.136406408795642 -0.911443427794822
5.215428045854036 -0.8761215058960969
5.294449682912431 -0.8353315603860852
5.373471319970826 -0.7893281682654089
5.45249295702922 -0.7383984445433717
5.531514594087614 -0.6828602503042555
5.610536231146009 -0.6230602088821352
5.689557868204403 -0.5593715425255817
5.768579505262799 -0.4921917430540114
5.847601142321192 -0.42194009104351093
5.926622779379587 -0.34905503902530804
6.005644416437981 -0.2739914750288188
6.084666053496376 -0.1972178835479381
6.163687690554771 -0.11921342164948225
6.242709327613165 -0.04046492847229028
6.321730964671559 0.03853611321880897
6.400752601729954 0.11729664446067305
6.479774238788349 0.19532510735685843
6.5587958758467435 0.2721345129742104
6.637817512905137 0.34724548072378314
6.716839149963532 0.42018923025678284
6.795860787021926 0.49051050720260136
6.8748824240803215 0.5577704244889237
6.953904061138716 0.6215492015107299
7.0329256981971096 0.6814487840525862
7.111947335255504 0.7370953286128327
7.1909689723138985 0.7881415356245769
7.269990609372294 0.8342688170114759
7.349012246430688 0.875189284550205
7.428033883489082 0.9106475466299192
7.5070555205474765 0.940422302194816
7.586077157605872 0.9643277219217323
7.665098794664266 0.9822146080126168
7.744120431722661 0.9939713253634128
7.8231420687810544 0.999524498297764
7.902163705839449 0.9988394685171146
7.981185342897844 0.991920511409056
8.060206979956238 0.9788108093639051
8.139228617014632 0.9595921822660468
8.218250254073027 0.9343845768420943
8.297271891131421 0.9033453180529287
8.376293528189818 0.8666681272018087
8.45531516524821 0.8245819128867111
8.534336802306605 0.7773493423427552
8.613358439365 0.7252652020912382
8.692380076423394 0.6686545581267195
8.77140171348179 0.6078707271247556
8.850423350540183 0.5432930713323296
8.929444987598577 0.4753246309034092
9.008466624656972 0.40438960845668126
9.087488261715366 0.33093072155471603
9.166509898773763 0.2554064396282194
9.245531535832155 0.17828812259019983
9.32455317289055 0.10005707899841355
9.403574809948944 0.0212015621266567
9.482596447007339 -0.0577862773071244
9.561618084065735 -0.13641346273732755
9.640639721124128 -0.2141892685014361
9.719661358182522 -0.2906282825425169
9.798682995240917 -0.3652534359485654
9.877704632299311 -0.4375989804208878
9.956726269357707 -0.5072133950885975
10.0357479064161 -0.5736622045273029
10.114769543474495 -0.6365306903942812
10.19379118053289 -0.6954264797563102
10.272812817591284 -0.7499819939560122
10.35183445464968 -0.7998567427328909
10.430856091708073 -0.8447394492810621
10.509877728766467 -0.8843499929808524
10.588899365824862 -0.9184411576793081
10.667921002883256 -0.9468001746083388
10.746942639941652 -0.9692500503108529
10.825964277000045 -0.985650671287083
10.90498591405844 -0.9958996784668164
10.984007551116834 -0.9999331060497911
11.063029188175229 -0.9977257807271572
11.142050825233625 -0.9892914787923859
11.221072462292017 -0.974682840161076
11.300094099350412 -0.9539910398362681
11.379115736408806 -0.9273452188697172
11.458137373467201 -0.8949116783705804
11.537159010525597 -0.8568928415918572
11.61618064758399 -0.8135259905723777
11.695202284642384 -0.7650817852191566
11.774223921700779 -0.7118625740728008
11.853245558759173 -0.6542005072987431
11.93226719581757 -0.5924554636814591
12.011288832875962 -0.5270128045596565
12.090310469934357 -0.45828096872048024
12.169332106992751 -0.3866889232634568
12.248353744051146 -0.31268348634372184
12.327375381109542 -0.2367265385037754
12.406397018167935 -0.159292139998319
12.48541865522633 -0.08086357210340812
12.564440292284724 -0.0019303208756732526
12.643461929343118 0.07701497781357752
12.722483566401515 0.15547961290277765
12.801505203459907 0.23297387323378757
12.880526840518302 0.3090141039226981
12.959548477576698 0.3831257249323608
13.03857011463509 0.45484619300726975
13.117591751693487 0.523727888484854
13.19661338875188 0.5893409089660425
13.275635025810274 0.651275752409417
13.35465666286867 0.7091458729032165
13.433678299927063 0.7625900931642426
13.51269993698546 0.811274858706841
13.591721574043852 0.854896319613267
13.670743211102247 0.893182226912816
13.749764848160643 0.9258936317340303
13.828786485219036 0.9528263766253249
13.907808122277432 0.9738123697364379
13.986829759335825 0.9887206339083027
14.065851396394219 0.9974581241238236
14.144873033452615 0.999970308217678
14.223894670511008 0.9962415072208546
14.302916307569404 0.98629499321577
14.381937944627797 0.9701928440912381
14.460959581686192 0.9480355561037851
14.539981218744588 0.9199614166633899
14.61900285580298 0.8861456412581958
14.698024492861377 0.8467992799047844
14.77704612991977 0.8021678999490706
14.856067766978164 0.7525300534386382
14.93508940403656 0.6981955386319543
15.014111041094953 0.6395034664946493
15.09313267815335 0.5768201442501825
15.172154315211744 0.5105367891940583
15.251175952270136 0.4410670870400087
15.330197589328533 0.36884461003695895
15.409219226386925 0.2943201109707569
15.488240863445322 0.21795870993920308
15.567262500503716 0.1402369914582874
15.646284137562109 0.06164003001699735
15.725305774620505 -0.017341637355225998
15.804327411678898 -0.09621507261365954
15.883349048737294 -0.17448801320865945
15.962370685795689 -0.2516719443800896
16.041392322854083 -0.32728514806120296
16.120413959912476 -0.4008557093631716
16.199435596970872 -0.47192446187633286
16.278457234029265 -0.5400478534059775
16.35747887108766 -0.6048007142572026
16.436500508146054 -0.6657789107914032
16.51552214520445 -0.7226018676931988
16.594543782262843 -0.7749149432058063
16.67356541932124 -0.8223916425106956
16.752587056379635 -0.8647356554373706
16.831608693438028 -0.9016827057856438
16.91063033049642 -0.9330022007184365
16.989651967554813 -0.958498669930964
17.06867360461321 -0.9780129856142183
17.147695241671606 -0.9914233555987378
17.22671687873 -0.998646083480293
17.305738515788395 -0.9996360909834073
17.384760152846788 -0.9943871993025543
17.463781789905184 -0.9829321676651361
17.54280342696358 -0.9653424888755641
17.621825064021973 -0.9417279431164841
17.700846701080366 -0.9122359127919475
17.779868338138762 -0.8770504626887132
17.858889975197155 -0.8363911911965553
17.93791161225555 -0.7905118597572797
18.016933249313944 -0.7396988090963399
18.09595488637234 -0.6842691721215595
18.174976523430733 -0.6245688946426322
18.25399816048913 -0.5609705762643546
18.333019797547525 -0.49387114492901824
18.412041434605918 -0.4236893796214776
18.49106307166431 -0.3508632966981379
18.570084708722703 -0.27584741615224484
18.6491063457811 -0.19910992487714915
18.728127982839496 -0.1211297546321357
18.80714961989789 -0.04239359294769586
18.886171256956285 0.0366071543742935
18.965192894014677 0.11537943020789151
19.044214531073074 0.19343160335666254
19.12323616813147 0.2702765369077233
19.202257805189863 0.34543462853623635
19.281279442248255 0.41843680378525117
19.36030107930665 0.48882744363931413
19.439322716365044 0.5561672281203732
19.51834435342344 0.6200358781586441
19.597365990481833 0.6800347786258769
19.67638762754023 0.7357894661603193
19.755409264598622 0.7869519662563451
19.83443090165702 0.8332029650326597
19.913452538715415 0.8742538021246278
19.992474175773808 0.9098482722628062
20.0714958128322 0.93976422429369
20.150517449890593 0.9638149476629122
20.22953908694899 0.981850337707631
20.308560724007386 0.9937578324853068
20.38758236106578 0.9994631152919694
20.466603998124175 0.9989305784854304
20.545625635182567 0.9921635457186448
20.624647272240964 0.9792042511962267
20.70366890929936 0.9601335760835821
20.782690546357752 0.9350705437137743
20.861712183416145 0.9041715767426174
20.94073382047454 0.8676295208882268
21.019755457532934 0.8256724413480381
21.09877709459133 0.7785621994050345
21.177798731649723 0.7265928181068728
21.25682036870812 0.6700886472179247
21.335842005766512 0.6094023388971456
21.41486364282491 0.5449126467358372
21.493885279883305 0.4770220618919633
21.572906916941697 0.4061543010742394
21.65192855400009 0.3327516620539448
21.730950191058483 0.2572722632091728
21.80997182811688 0.18018718432996186
21.888993465175275 0.10197752652906383
21.968015102233668 0.023131409607911588
22.047036739292064 -0.05585907438224912
22.126058376350457 -0.13450093237068025
22.205080013408853 -0.21230334712094134
22.28410165046725 -0.28878074050487357
22.363123287525642 -0.3634558040784522
22.442144924584035 -0.43586247804512657
22.52116656164243 -0.5055488600144208
22.600188198700824 -0.5720800254017487
22.67920983575922 -0.6350407418668806
22.758231472817613 -0.6940380608497102
22.83725310987601 -0.7487037700292011
22.916274746934402 -0.7986966913992045
22.995296383992798 -0.8437048106185536
23.074318021051194 -0.8834472243457177
23.153339658109587 -0.9176758934044312
23.23236129516798 -0.9461771908384621
23.311382932226373 -0.968773235193842
23.39040456928477 -0.9853230007073349
23.469426206343165 -0.9957231974722546
23.548447843401558 -0.9999089160883751
23.627469480459954 -0.9978540327725581
23.706491117518347 -0.9895713724017345
23.785512754576743 -0.9751126284706608
23.86453439163514 -0.9545680404640123
23.943556028693532 -0.9280658306563818
24.022577665751925 -0.8957714038552114
24.10159930281032 -0.857886315081205
24.180620939868714 -0.8146470116291056
24.25964257692711 -0.7663233573598238
24.338664213985503 -0.7132169484341134
24.4176858510439 -0.6556592309995212
24.49670748810229 -0.5940094325785203
24.575729125160688 -0.5286523200683092
24.654750762219084 -0.45999579834505927
24.733772399277477 -0.38846836446006755
24.81279403633587 -0.3145164333166358
24.891815673394262 -0.23860155151859833
24.97083731045266 -0.16119751677931227
25.049858947511055 -0.08278742086940288
25.128880584569448 -0.0038606345586965195
25.207902221627844 0.07509024663015465
25.286923858686237 0.15357247679424393
25.365945495744633 0.23109623496158352
25.44496713280303 0.3071776821472323
25.523988769861422 0.3813419810748591
25.603010406919815 0.453126259717104
25.68203204397821 0.5220825001587684
25.761053681036604 0.587780334752958
25.840075318095 0.649809732118924
25.919096955153396 0.7077835562177596
25.998118592211785 0.7613399825343949
26.07714022927018 0.8101447562860675
26.156161866328578 0.8538932785633495
26.235183503386974 0.8923125073838661
26.314205140445367 0.9251626617938281
26.39322677750376 0.9522387183818275
26.472248414562152 0.9733716908648805
26.55127005162055 0.9884296847606169
26.630291688678945 0.9973187205632177
26.70931332573734 0.9999833202855283
26.78833496279573 0.9964068537066285
26.867356599854126 0.9866116421638744
26.946378236912523 0.9706588192416294
27.02539987397092 0.9486479492261466
27.10442151102931 0.9207164057078937
27.183443148087704 0.8870385142095621
27.2624647851461 0.8478244641907764
27.341486422204493 0.8033189972198657
27.42050805926289 0.7537998795000188
27.499529696321286 0.6995761682830912
27.578551333379675 0.6409862829906304
27.65757297043807 0.5783958930805786
27.736594607496468 0.5121956358419065
27.815616244554864 0.4427986783607069
27.894637881613257 0.37063813887401414
27.97365951867165 0.2961643836050727
28.052681155730042 0.21984221595100412
28.131702792788438 0.14214797556559544
28.210724429846834 0.06356656544236106
28.28974606690523 -0.015411574447678584
28.36876770396362 -0.09429352807541776
28.447789341022016 -0.17258697972662532
28.526810978080412 -0.24980328662816642
28.60583261513881 -0.32546052865084374
28.6848542521972 -0.3990865160550337
28.763875889255594 -0.47022173650732363
28.84289752631399 -0.5384222229752792
28.921919163372383 -0.6032623246013382
29.00094080043078 -0.6643373632623655
29.079962437489176 -0.7212661592347565
29.158984074547565 -0.7736934102020538
29.23800571160596 -0.8212919087572638
29.317027348664357 -0.8637645845600116
29.396048985722754 -0.9008463584031772
29.475070622781146 -0.9323057966173899
29.55409225983954 -0.9579465554880008
29.63311389689793 -0.977608606669658
29.712135533956328 -0.9911692359504812
29.791157171014724 -0.9985438091323676
29.87017880807312 -0.9996863002474459
29.94920044513151 -0.9945895788139846
30.028222082189906 -0.9832854543389412
30.107243719248302 -0.9658444777894121
30.1862653563067 -0.9423755012720225
30.26528699336509 -0.913024998668383
30.344308630423487 -0.8779761514666293
30.42333026748188 -0.8374477054945494
30.502351904540273 -0.7916926056895881
30.58137354159867 -0.740996417426393
30.660395178657065 -0.6856755442546564
30.73941681571546 -0.6260752531706387
30.81843845277385 -0.562567519747019
30.897460089832247 -0.49554870656993716
30.976481726890643 -0.42543708947258674
31.055503363949036 -0.352670247004446
31.134525001007432 -0.2777023294289786
31.21354663806582 -0.20100122429447762
31.292568275124218 -0.12304563626810694
31.371589912182614 -0.04432209945854591
31.45061154924101 0.03467805912631698
31.529633186299407 0.11346178603495666
31.608654823357796 0.1915373786028128
31.687676460416192 0.2684175537524345
31.76669809747459 0.3436224892101587
31.84571973453298 0.4166828181587078
31.924741371591377 0.4871425586354831
32.00376300864977 0.5545619593936715
32.082784645708166 0.6185202444647364
32.16180628276656 0.6786182392929166
32.24082791982495 0.7344808620516572
32.31984955688335 0.7857594645932198
32.398871193941744 0.832134008421153
32.47789283100013 0.8733150621051013
32.55691446805853 0.9090456076716905
32.635936105116926 0.9391026446974736
32.71495774217532 0.963298582092589
32.79397937923371 0.9814824088887126
32.87300101629211 0.99354063672425
32.952022653350504 0.9993980081445295
33.0310442904089 0.9990179662964087
33.110065927467296 0.9924028830858216
33.189087564525686 0.9795940443743111
33.26810920158408 0.9606713923069274
33.34713083864248 0.9357530263796844
33.426152475700874 0.9049944663604771
33.50517411275927 0.8685876816637103
33.58419574981766 0.8267598932364749
33.663217386876056 0.7797721554338828
33.74223902393445 0.7279177267343753
33.82126066099284 0.6715202394635773
33.90028229805124 0.6109316799497889
33.97930393510963 0.5465301917173674
34.05832557216802 0.4787177154285119
34.13734720922642 0.4079174803031385
34.216368846284816 0.3345713626731771
34.29539048334321 0.25913712815709256
34.3744121204016 0.18208557466666248
34.45343375746 0.10389759407695728
34.532455394518394 0.025061170898244278
34.61147703157679 -0.0539316633185221
34.690498668635186 -0.13258790083444613
34.769520305693575 -0.21041663466799193
34.84854194275197 -0.2869321224291347
34.92756357981037 -0.36165681792034626
35.006585216868764 -0.4341243515838173
35.08560685392716 -0.5038824411933303
35.16462849098555 -0.5704957146246981
35.243650128043946 -0.6335484270874022
35.32267176510234 -0.6926470558586391
35.40169340216073 -0.7474227563257091
35.48071503921913 -0.7975336640081101
35.559736676277524 -0.8426670281919846
35.63875831333591 -0.8825411638606353
35.71777995039431 -0.9169072097387228
35.796801587452705 -0.94555068147787
35.8758232245111 -0.9682928102900437
35.95484486156949 -0.9849916586740183
36.03386649862789 -0.9955430062715126
36.11288813568628 -0.9998810003241966
36.19190977274468 -0.9979785666719839
36.270931409803076 -0.989847578727477
36.349953046861465 -0.9755387833719766
36.42897468391986 -0.9551414842355436
36.50799632097826 -0.928782984337833
36.587017958036654 -0.8966277915682517
36.66603959509505 -0.8588765919641883
36.74506123215344 -0.8157649971952617
36.824082869211836 -0.7675620740707256
36.90310450627023 -0.7145686652476856
36.98212614332862 -0.6571155116208024
37.06114778038702 -0.5955611881119922
37.14016941744541 -0.5302898657432734
37.2191910545038 -0.4617089139599113
37.2982126915622 -0.39024635816833325
37.377234328620595 -0.31634820835660776
37.45625596567899 -0.2404756754701135
37.53527760273738 -0.16310229291544484
37.61429923979578 -0.08471096115770246
37.69332087685417 -0.005790933856444839
37.77234251391257 0.07316523564979843
37.851364150970966 0.15166476845283777
37.930385788029355 0.22921773559195327
38.00940742508775 0.3053401157840512
38.08842906214615 0.37955681628292826
38.167450699204544 0.4514046380140856
38.24647233626294 0.5204351664790757
38.32549397332133 0.5862175703867923
38.404515610379725 0.6483412905449959
38.48353724743812 0.7064186022301577
38.56255888449651 0.760087035043547
38.64158052155491 0.8090116351507688
38.7206021586133 0.8528870557856917
38.79962379567169 0.891439462971664
38.87864543273009 0.9244282445660317
38.957667069788485 0.9516475119615013
39.03668870684688 0.9729273850720361
39.11571034390527 0.988135052583416
39.19473198096367 0.9971756008512859
39.27375361802206 0.9999926062733754
39.35277525508046 0.9965684874388216
39.431796892138856 0.9869246148567481
