0.0 0.0
0.10834748902321432 0.10813562833157556
0.21669497804642865 0.21500307457969461
0.325042467069643 0.31934902951845573
0.4333899560928573 0.419949755212673
0.5417374451160716 0.5156254366478453
0.650084934139286 0.6052540182453383
0.7584324231625003 0.6877843629922975
0.8667799121857146 0.7622485798599806
0.9751274012089288 0.8277733749382559
1.0834748902321432 0.8835902931635837
1.1918223792553575 0.9290447305285778
1.300169868278572 0.9636036110806655
1.4085173573017862 0.9868616386763213
1.5168648463250005 0.9985460501721816
1.6252123353482149 0.998519814309045
1.7335598243714292 0.9867832387732136
1.8419073133946435 0.9634739665880397
1.9502548024178576 0.9288653618780006
2.058602291441072 0.8833633039365709
2.1669497804642863 0.827501427196103
2.275297269487501 0.761934862923909
2.383644758510715 0.6874325560400562
2.4919922475339296 0.6048682471629141
2.600339736557144 0.5152102256423161
2.708687225580358 0.4195099737536694
2.8170347146035724 0.31888983523048553
2.925382203626787 0.21452985275507838
3.033729692650001 0.10765392877335958
3.1420771816732156 -0.00048452806446378145
3.2504246706964297 -0.10861730250306485
3.358772159719644 -0.21547624592858494
3.4671196487428584 -0.31980814883366576
3.575467137766073 -0.42038943808114027
3.683814626789287 -0.5160405266013007
3.792162115812501 -0.6056396472338142
3.9005096048357153 -0.6881360084751516
4.00885709385893 -0.7625621178448901
4.117204582882144 -0.828045128346157
4.2255520719053585 -0.8838170749523486
4.333899560928573 -0.9292238810696843
4.442247049951788 -0.9637330293505199
4.550594538975002 -0.9869398068964296
4.658942027998215 -0.998572051609199
4.76728951702143 -0.998493344025949
4.875637006044644 -0.9867046072055125
4.983984495067859 -0.963344095903079
5.092331984091073 -0.9286857751600623
5.200679473114288 -0.8831361073245996
5.3090269621375015 -0.8272292851835428
5.417374451160716 -0.7616209671103261
5.525721940183931 -0.6870805877010201
5.634069429207145 -0.6044823340771088
5.74241691823036 -0.5147948936821916
5.850764407253574 -0.4190700938073743
5.959111896276787 -0.3184305660775596
6.067459385300002 -0.21405658056583415
6.175806874323216 -0.1071722039415045
6.284154363346431 0.0009690560151761403
6.392501852369645 0.10909895117474626
6.500849341392859 0.21594936669066495
6.6091968304160735 0.32026719306832907
6.717544319439288 0.4208290222558464
6.825891808462503 0.5164554954052331
6.934239297485717 0.6060251340378094
7.042586786508931 0.6884874924060637
7.150934275532146 0.7628754768050289
7.259281764555359 0.8283166873560069
7.367629253578574 0.8840436492496248
7.475976742601788 0.9294028134592616
7.584324231625002 0.9638622213672196
7.692671720648217 0.9870177434151872
7.801019209671431 0.9985978186139933
7.909366698694646 0.9984666393291076
8.01771418771786 0.9866257439916777
8.126061676741074 0.963213999056273
8.234409165764289 0.9285059704169245
8.342756654787502 0.8829087033810092
8.451104143810717 0.826956948964465
8.559451632833932 0.7613068924929229
8.667799121857145 0.6867284580578209
8.776146610880359 0.604096279078523
8.884494099903575 0.5143794408649778
8.992841588926789 0.4186301154770594
9.101189077950004 0.3179712221674971
9.209536566973217 0.21358325812307086
9.31788405599643 0.10669045394910474
9.426231545019647 -0.001453583738385681
9.53457903404286 -0.10958057423354321
9.642926523066075 -0.21642243675486084
9.751274012089288 -0.32072616211467686
9.859621501112503 -0.42126850763359314
9.967968990135718 -0.516870342962221
10.076316479158931 -0.6064104785668231
10.184663968182146 -0.6888388147025167
10.29301145720536 -0.7631886566668292
10.401358946228576 -0.8285880519040544
10.50970643525179 -0.8842700160022195
10.618053924275003 -0.9295815276553016
10.726401413298218 -0.963991187100435
10.834748902321431 -0.987095448214297
10.943096391344648 -0.9986233511805154
11.051443880367861 -0.9984397002247904
11.159791369391076 -0.986546649150224
11.26813885841429 -0.9630836760781637
11.376486347437503 -0.9283259476907999
11.48483383646072 -0.8826810921591846
11.593181325483933 -0.8266844186028056
11.701528814507148 -0.7609926391454356
11.80987630353036 -0.686376167193126
11.918223792553574 -0.6037100822577874
12.026571281576791 -0.5139638672882098
12.134918770600004 -0.41819003886601513
12.24326625962322 -0.3175118036081396
12.351613748646432 -0.21310988553790788
12.459961237669646 -0.10620867890925645
12.568308726692862 0.0019381111203410609
12.676656215716076 0.11006217156638809
12.78500370473929 0.21689545601011118
12.893351193762504 0.3211850558649593
13.001698682785719 0.42170789411120274
13.110046171808934 0.5172850691748718
13.218393660832147 0.6067956807303903
13.326741149855362 0.6891899752820315
13.435088638878575 0.7635016573567689
13.54343612790179 0.8288592219265883
13.651783616925005 0.8844961751569896
13.760131105948219 0.9297600236158488
13.868478594971434 0.9641199265198889
13.976826083994647 0.9871729212755167
14.085173573017862 0.9986486493027704
14.193521062041077 0.9984125267193219
14.301868551064292 0.9864673226997204
14.410216040087505 0.9629531269993469
14.518563529110718 0.9281457070239508
14.626911018133933 0.8824532737125642
14.735258507157148 0.8264116941625458
14.843605996180363 0.76067820714164
14.951953485203576 0.6860237151896423
15.06030097422679 0.6033237437055697
15.168648463250005 0.5135481730494521
15.27699595227322 0.4177498640775581
15.385343441296435 0.3170523105073427
15.493690930319648 0.2126364629214786
15.602038419342861 0.10572687893506648
15.710385908366076 -0.002422638047289241
15.818733397389291 -0.11054374306021661
15.927080886412506 -0.21736842434536646
16.03542837543572 -0.3216438742114441
16.143775864458934 -0.42214718158552156
16.252123353482148 -0.51769967394582
16.360470842505364 -0.6071807404380787
16.468818331528578 -0.6895409740621671
16.57716582055179 -0.7638144788013647
16.685513309575004 -0.8291301973599489
16.793860798598217 -0.8847221266608385
16.902208287621434 -0.9299383012989976
17.010555776644647 -0.9642484395953569
17.118903265667864 -0.9872501625806585
17.227250754691077 -0.9986737129748198
17.33559824371429 -0.9983851188190814
17.443945732737507 -0.98638776465879
17.552293221760717 -0.9628223518504722
17.660640710783934 -0.9279652484586924
17.76898819980715 -0.8822252480946295
17.877335688830364 -0.8261387757077124
17.985683177853577 -0.7603635965553558
18.09403066687679 -0.6856711021301155
18.202378155900007 -0.6029372635125684
18.31072564492322 -0.5131323582462933
18.419073133946434 -0.4173095912150286
18.52742062296965 -0.31659274297298057
18.63576811199286 -0.21216299038493067
18.744115601016077 -0.1052450541396458
18.852463090039294 0.002907164405484396
18.960810579062507 0.11102528860197147
19.06915806808572 0.21784134164958732
19.177505557108933 0.3221026170464087
19.28585304613215 0.42258636995341925
19.394200535155363 0.5181141571777326
19.502548024178576 0.6075656575994833
19.610895513201793 0.6898918109605202
19.719243002225006 0.764127120927176
19.82759049124822 0.8294009781405207
19.935937980271436 0.8849478704607251
20.04428546929465 0.9301163606628944
20.152632958317863 0.9643767262966694
20.260980447341076 0.9873271721115873
20.369327936364293 0.998698542190779
20.47767542538751 0.9983574765305032
20.58602291441072 0.986307975046111
20.694370403433936 0.9626913506622387
20.802717892457153 0.9277845720373893
20.911065381480363 0.8819970153589176
21.01941287050358 0.8258656633023779
21.127760359526793 0.7600488074604409
21.236107848550006 0.6853183280973251
21.344455337573223 0.6025506417695191
21.452802826596436 0.5127164229763546
21.561150315619653 0.4168692203817818
21.669497804642862 0.31613310111294796
21.77784529366608 0.21168946803940966
21.886192782689296 0.10476320463610764
21.994540271712506 -0.003391690081166621
22.102887760735722 -0.11150680807860143
22.211235249758936 -0.21831420781175168
22.319582738782152 -0.3225612842621671
22.427930227805366 -0.4230254591117887
22.53627771682858 -0.518528518773301
22.644625205851796 -0.6079504321242479
22.752972694875005 -0.6902424858947233
22.861320183898222 -0.7644395836608048
22.96966767292144 -0.8296715642047344
23.07801516194465 -0.8851734065036454
23.186362650967865 -0.9302942016657366
23.29471013999108 -0.9645047865937082
23.403057629014295 -0.9874039498502257
23.51140511803751 -0.9987231369448193
23.61975260706072 -0.9983295998600774
23.72810009608394 -0.9862279538804137
23.83644758510715 -0.9625601234654046
23.944795074130365 -0.9276036778024622
24.053142563153582 -0.881768575559004
24.161490052176795 -0.8255923570106601
24.26983754120001 -0.7597338399307988
24.37818503022322 -0.6849653931740921
24.48653251924644 -0.6021638785671867
24.59488000826965 -0.5123003673372839
24.703227497292865 -0.41642875168121396
24.81157498631608 -0.31567338503514375
24.91992247533929 -0.21121589599609708
25.028269964362508 -0.10428133053758519
25.136617453385725 0.0038762149605974894
25.244964942408938 0.11198830137706138
25.35331243143215 0.2187870227208442
25.461659920455364 0.3230198757510257
25.57000740947858 0.4234644489575459
25.678354898501794 0.5189427586352466
25.786702387525008 0.6083350639220287
25.895049876548224 0.6905929987824571
26.003397365571438 0.764751866928895
26.11174485459465 0.8299419554890591
26.220092343617868 0.8853987347366575
26.32843983264108 0.9304718242657729
26.436787321664294 0.9646326204564092
26.545134810687507 0.9874804957785468
26.653482299710724 0.9987474972311664
26.76182978873394 0.9983014888143478
26.87017727775715 0.9861477011804869
26.978524766780367 0.9624286702907745
27.08687225580358 0.9274225657963755
27.195219744826794 0.8815399287485259
27.30356723385001 0.8253188568967225
27.411914722873224 0.7594186940403735
27.520262211896437 0.6846122974432742
27.62860970091965 0.6017769739963735
27.736957189942867 0.5118841914267579
27.845304678966084 0.41598818521671965
27.953652167989294 0.31521359484750777
28.06199965701251 0.21074227436615833
28.170347146035724 0.10379943195719622
28.278694635058937 -0.004360738930012115
28.387042124082154 -0.11246976838431239
28.495389613105367 -0.21925978626586332
28.603737102128584 -0.3234783914053356
28.712084591151793 -0.4239033393876273
28.82043208017501 -0.5193568766663194
28.928779569198227 -0.608719552902538
29.037127058221436 -0.6909433495414221
29.145474547244653 -0.7650639706581325
29.253822036267866 -0.8302121519300218
29.36216952529108 -0.8856238551068553
29.470517014314296 -0.9306492284213034
29.57886450333751 -0.9647602278547609
29.687211992360726 -0.9875568098785821
29.795559481383936 -0.9987716230441012
29.903906970407153 -0.9982731433999147
30.01225445943037 -0.9860672169651689
30.12060194845358 -0.9622969911692129
30.228949437476796 -0.9272412360616494
30.33729692650001 -0.8813110749811571
30.445644415523223 -0.8250451630247759
30.55399190454644 -0.7591033698631511
30.662339393569653 -0.6842590409877669
30.77068688259287 -0.6013899281479035
30.87903437161608 -0.5114678953424839
30.987381860639296 -0.41554752109174264
31.095729349662513 -0.3147537306579703
31.204076838685722 -0.21026860326079827
31.31242432770894 -0.10331750900807836
31.420771816732152 0.004845261875670696
31.52911930575537 0.11295120898732165
31.637466794778582 0.21973249833581956
31.745814283801796 0.3239368311174387
31.854161772825012 0.42434213029900525
31.962509261848222 0.5197708727692949
32.07085675087144 0.6091038989755018
32.17920423989465 0.6912935380893752
32.28755172891787 0.7653758947752457
32.395899217941086 0.8304821534641892
32.504246706964295 0.8858487675613924
32.61259419598751 0.9308264140906792
32.72094168501073 0.9648876087588063
32.82928917403394 0.9876328921324133
32.937636663057155 0.9987955143779602
33.045984152080365 0.9982445636234323
33.15433164110358 0.985986501253357
33.2626791301268 0.9621650861316298
33.37102661915001 0.9270596886408559
33.479374108173225 0.8810820143106265
33.587721597196435 0.8247712754590728
33.69606908621965 0.7587878674731616
33.80441657524287 0.6839056238905031
33.912764064266085 0.6010027411126511
34.021111553289295 0.5110514791821887
34.12945904231251 0.41510675940972674
34.23780653133573 0.3142937925745027
34.34615402035894 0.20979488279120906
34.454501509382155 0.10283556180337143
34.56284899840537 -0.00532978368382301
34.67119648742858 -0.11343262307305906
34.7795439764518 -0.22020515881973549
34.887891465475015 -0.32439519477972184
34.99623895449823 -0.4247808215886595
35.104586443521434 -0.5201847468469833
35.21293393254465 -0.6094881020506853
35.32128142156787 -0.6916435643441009
35.429628910591084 -0.7656876392070049
35.5379763996143 -0.8307519600281695
35.64632388863751 -0.8860734720474654
35.75467137766073 -0.9310033812323031
35.86301886668394 -0.9650147631386367
35.971366355707154 -0.9877087425221807
36.07971384473037 -0.998819171227134
36.18806133375358 -0.9982157494916101
36.2964088227768 -0.985905554063999
36.404756311800014 -0.9620329552089952
36.51310380082323 -0.9268779235766109
36.62145128984644 -0.8808527467907102
36.72979877886965 -0.8244971942639111
36.83814626789287 -0.7584721869444704
36.946493756916084 -0.6835520462344539
37.0548412459393 -0.6006154129815121
37.16318873496252 -0.5106349430436302
37.27153622398572 -0.4146659002741582
37.37988371300894 -0.3138337807050868
37.48823120203215 -0.20932111306860826
37.59657869105537 -0.10235359045622097
37.70492618007859 0.005814304240711999
37.8132736691018 0.1139140105285113
37.92162115812501 0.22067776760664584
38.02996864714822 0.3248534822845593
38.13831613617144 0.42521941315358996
38.24666362519466 0.5205984988022296
38.35501111421787 0.6098721620379013
38.46335860324108 0.6919934282234245
38.5717060922643 0.7659992038802225
38.68005358128752 0.8310215715586232
38.78840107031073 0.8862979685123208
38.896748559333936 0.9311801298046262
39.00509604835715 0.965141690964405
39.11344353738037 0.9877843610300762
39.22179102640359 0.9988425935860691
39.3301385154268 0.9981867010112122
39.43848600445001 0.9858243754160992
39.54683349347322 0.9619005984323302
39.65518098249644 0.9266959409115962
39.763528471519656 0.8806232724752329
39.87187596054287 0.824222919503634
39.98022344956608 0.758156328351191
40.0885709385893 0.6831983081026276
40.196918427612516 0.6002279438454189
40.305265916635726 0.5102182870246158
40.41361340565894 0.41422494378851693
40.52196089468215 0.3133736951577048
40.63030838370537 0.20884729420422163
40.738655872728586 0.10187159507977815
40.8470033617518 -0.006298823432591556
40.95535085077502 -0.1143953712406678
41.06369833979822 -0.22115032458559047
41.17204582882144 -0.3253116935243769
41.280393317844656 -0.4256579048908457
41.38874080686787 -0.5210121285378831
41.49708829589109 -0.6102560788469852
41.605435784914306 -0.6923431296452143
41.71378327393751 -0.766310588721749
41.822130762960725 -0.8312909879922502
41.93047825198394 -0.8865222569032543
42.03882574100716 -0.9313566597661614
42.147173230030376 -0.965268392206313
42.255520719053585 -0.9878597476383473
42.3638682080768 -0.9988657814492664
42.47221569710001 -0.9981574181890599
42.58056318612323 -0.9857429653287159
42.688910675146445 -0.9617680158327021
42.797258164169655 -0.9265137406885275
42.90560565319287 -0.8803935914180674
43.01395314221609 -0.8239484512426406
43.122300631239305 -0.7578402917674721
43.230648120262515 -0.6828444095780705
43.338995609285725 -0.5998403337953422
43.44734309830894 -0.5098015112229446
43.55569058733216 -0.41378389005634464
43.664038076355375 -0.31291353604037
43.77238556537859 -0.2083734263092795
43.8807330544018 -0.1013895757871998
43.98908054342501 0.006783341145705234
44.09742803244823 0.11487670509649955
44.205775521471445 0.2216228296456492
44.31412301049466 0.32576982839160146
44.42247049951787 0.42609629669747673
44.53081798854109 0.5214256359568431
44.639165477564305 0.6106398523877945
44.747512966587514 0.6926926685273566
44.85586045561073 0.7666217936584947
44.96420794463394 0.8315602092658081
45.07255543365716 0.88674633716761
45.180902922680374 0.9315329710754576
45.28925041170359 0.9653948668346113
45.39759790072681 0.9879349023292966
45.50594538975001 0.9988887348112819
45.61429287877323 0.9981279010320263
45.722640367796444 0.9856613238209612
45.83098785681966 0.9616352074412425
45.93933534584288 0.9263313229501796
46.04768283486609 0.8801637036731356
46.1560303238893 0.8236737895453669
46.264377812912514 0.757524077267523
46.37272530193573 0.6824903507438664
46.48107279095895 0.599452582922263
46.58942027998216 0.509384615736468
46.697767769005374 0.4133427391811799
46.80611525802859 0.3124533034611261
46.9144627470518 0.2078995094950514
47.02281023607502 0.10090753269164837
47.13115772509823 -0.007267857266318254
47.23950521412144 -0.11535801198302621
47.34785270314466 -0.22209528267587242
47.45620019216788 -0.32622788677866454
47.564547681191094 -0.42653458847056924
47.6728951702143 -0.5218390209620253
47.78124265923751 -0.6110234825702316
47.88959014826073 -0.6930420447878063
47.99793763728395 -0.7669328186173854
48.106285126307164 -0.8318292353160927
48.21463261533037 -0.8869702092527814
48.32298010435359 -0.9317090636911252
48.4313275933768 -0.9655211148196079
48.53967508240002 -0.9880098250852769
48.64802257142323 -0.9989114536667281
48.75637006044644 -0.9980981495470416
48.86471754946966 -0.985579450912002
48.97306503849288 -0.9615021732891288
49.08141252751609 -0.9261486877393834
49.1897600165393 -0.8799336092944074
49.29810750556251 -0.8233989344762864
49.40645499458573 -0.7572076849255664
49.514802483608946 -0.6821361316831369
49.62314997263216 -0.5990646913172298
49.73149746165538 -0.5089676006630532
49.83984495067858 -0.41290149126659703
49.9481924397018 -0.3119929975280209
50.056539928725016 -0.20742554387277679
50.16488741774823 -0.10042546590629191
50.27323490677145 0.007752371680681996
50.38158239579466 0.11583929178724552
50.489929884817876 0.22256768356535045
50.598277373841086 0.32668586857802884
50.7066248628643 0.4269727801072074
50.81497235188752 0.5222522834563987
50.92331984091073 0.611406969304244
51.031667329933946 0.6933912583445362
51.14001481895716 0.767243663525407
51.24836230798038 0.8320980660799373
51.35670979700359 0.8871938731062106
51.4650572860268 0.9318849375718208
51.573404775050015 0.9656471361316675
51.68175226407323 0.9880845158887023
51.79009975309645 0.9989339380102701
51.898447242119666 0.99806816374109
52.006794731142875 0.9854973466210596
52.115142220166085 0.961368913407595
52.2234897091893 0.9259658350990158
52.33183719821252 0.8797033083359018
52.440184687235735 0.8231238860999265
52.548532176258945 0.7568911148158858
52.65687966528216 0.681781752479041
52.76522715430538 0.5986766590713014
52.87357464332859 0.5085504661006205
52.981922132351805 0.4124601464161673
53.090269621375015 0.31153261834910567
53.19861711039823 0.2069515295537343
53.30696459942145 0.09994337554430398
53.415312088444665 -0.008236884275034032
53.52365957746788 -0.11632054439617569
53.632007066491084 -0.22304003220317203
53.7403545555143 -0.32714377368218855
53.84870204453752 -0.4274108715045374
53.957049533560735 -0.5226654233429245
54.06539702258395 -0.6117903124998013
