0.0 0.0
0.13073163721226874 0.13035957143855798
0.2614632744245375 0.2584943698998564
0.39219491163680625 0.38221759134704986
0.522926548849075 0.499417721629718
0.6536581860613436 0.6080945725000262
0.7843898232736125 0.7063934176927547
0.9151214604858812 0.7926366464880511
1.04585309769815 0.865352394543482
1.1765847349104186 0.9232996633691803
1.3073163721226873 0.96548949974624
1.4380480093349561 0.9912018736312135
1.568779646547225 0.9999979665010785
1.6995112837594935 0.9917276604204478
1.8302429209717623 0.9665321000193534
1.9609745581840308 0.9248412836577832
2.0917061953963 0.8673667248871971
2.2224378326085685 0.7950893094517084
2.353169469820837 0.7092425550666065
2.483901107033106 0.6112915596701078
2.6146327442453745 0.5029079974265949
2.745364381457643 0.38594158921039673
2.8760960186699123 0.26238853446720656
3.006827655882181 0.13435744320868115
3.13755929309445 0.004033349559569441
3.2682909303067182 -0.12635957898220748
3.399022567518987 -0.25459600015260236
3.529754204731256 -0.3784873755775471
3.6604858419435247 -0.4959193213179155
3.7912174791557933 -0.6048876928627442
3.9219491163680615 -0.7035327887285622
4.05268075358033 -0.7901710889313779
4.1834123907926 -0.8633239866687922
4.314144028004868 -0.9217430228648923
4.444875665217137 -0.9644311929142447
4.575607302429406 -0.9906599619948461
4.706338939641674 -0.999981698559328
4.837070576853943 -0.9922373138090627
4.967802214066212 -0.96755897677259
5.09853385127848 -0.9263678586516603
5.229265488490749 -0.8693669449308624
5.359997125703019 -0.7975290379224905
5.490728762915286 -0.7120801545004234
5.621460400127555 -0.6144786023644823
5.7521920373398245 -0.5063900919288266
5.882923674552092 -0.3896593085856842
6.013655311764362 -0.2662784305044821
6.1443869489766305 -0.13835312925529983
6.2751185861889 -0.00806663350470976
6.405850223401168 0.12235753091140646
6.5365818606134365 0.25069348864402585
6.667313497825706 0.37475100258494465
6.798045135037974 0.49241285340307483
6.928776772250243 0.6016709729276992
7.059508409462512 0.7006607147106707
7.19024004667478 0.7876926768913178
7.320971683887049 0.8612815342612158
7.451703321099318 0.920171387468307
7.582434958311587 0.9633571967398765
7.713166595523855 0.9901019343271504
7.843898232736123 0.9999491629404734
7.974629869948393 0.9927308255060298
8.10536150716066 0.9685701133007446
8.23609314437293 0.9278793635165281
8.3668247815852 0.8713530221349477
8.497556418797467 0.7999557922109571
8.628288056009737 0.7149061698322082
8.759019693222005 0.6176556487364186
8.889751330434274 0.5098639484897883
9.020482967646542 0.39337068899314637
9.151214604858811 0.27016399473095204
9.281946242071081 0.1423465645766931
9.412677879283349 0.012099786222060583
9.543409516495618 -0.118353492331373
9.674141153707886 -0.24678689886008562
9.804872790920154 -0.37100853315246207
9.935604428132423 -0.48889837492832877
10.066336065344693 -0.5984444650244094
10.19706770255696 -0.6977772423619055
10.32779933976923 -0.7852014506866157
10.458530976981498 -0.8592250705473167
10.589262614193766 -0.918584782746749
10.719994251406037 -0.9622675286948782
10.850725888618305 -0.9895277997061066
10.981457525830573 -0.9999003601738033
11.112189163042842 -0.9932081874829132
11.24292080025511 -0.9695654931546734
11.373652437467381 -0.929375773663263
11.504384074679649 -0.87332492419
11.635115711891917 -0.8023695328387294
11.765847349104185 -0.717720555088417
11.896578986316454 -0.6208226471018069
12.027310623528724 -0.5133295105968685
12.158042260740993 -0.3970756700561389
12.288773897953261 -0.2740451639363553
12.419505535165529 -0.14633768420775908
12.5502371723778 -0.016132742100391013
12.680968809590068 0.11434752837970422
12.811700446802336 0.242876294353086
12.942432084014603 0.3672600281625016
13.073163721226873 0.4853759430671243
13.203895358439143 0.5952082216416246
13.334626995651412 0.6948824185905257
13.46535863286368 0.7826974508444756
13.596090270075948 0.8571546289815959
13.726821907288215 0.9169832345110657
13.857553544500487 0.9611622065059418
13.988285181712754 0.9889375674717221
14.119016818925024 0.9998352910532402
14.249748456137292 0.9936693919740002
14.38048009334956 0.9705451001415621
14.511211730561831 0.9308570647483037
14.641943367774099 0.875282619017166
14.772675004986366 0.8047702205391358
14.903406642198636 0.7205232644846973
15.034138279410904 0.6239795459399973
15.164869916623173 0.5167867218723902
15.295601553835443 0.4007741915021265
15.42633319104771 0.277921874981929
15.557064828259978 0.15032642322105974
15.687796465472246 0.020165435531684324
15.818528102684517 -0.11033970422532172
15.949259739896785 -0.2389617387406427
16.079991377109053 -0.3635055485956463
16.21072301432132 -0.48184561512229257
16.341454651533592 -0.5919622954264707
16.47218628874586 -0.6919762904894469
16.60291792595813 -0.7801807180999057
16.7336495631704 -0.855070243245945
16.864381200382667 -0.915366768815203
16.995112837594935 -0.9600412481544205
17.125844474807206 -0.9883312472258805
17.256576112019474 -0.9997539566373265
17.38730774923174 -0.9941144314764278
17.51803938644401 -0.971508918325189
17.648771023656277 -0.9323232126740447
17.77950266086855 -0.8772260747687153
17.910234298080816 -0.8071578162578495
18.040965935293084 -0.7233142524266479
18.17169757250535 -0.6271262938946405
18.302429209717623 -0.520235526074527
18.43316084692989 -0.40446619316365523
18.563892484142162 -0.28179406480143365
18.69462412135443 -0.1543127167278892
18.825355758566698 -0.02419780091217461
18.956087395778965 0.1063300850674062
19.086819032991237 0.23504329570464963
19.217550670203504 0.3597451555296771
19.348282307415772 0.4783074485251246
19.47901394462804 0.5887067391835922
19.609745581840308 0.6890589053354904
19.74047721905258 0.7776512933950476
19.871208856264847 0.8529719472490962
20.001940493477115 0.9137354119557823
20.132672130689386 0.9589046718760381
20.263403767901654 0.9877088488321832
20.39413540511392 0.9996563582492085
20.524867042326193 0.9945432987503044
20.65559867953846 0.9724569320261837
20.78633031675073 0.9337741935892252
20.917061953962996 0.8791552598285597
21.047793591175267 0.8095322811535223
21.17852522838753 0.7260934735105449
21.309256865599803 0.6302628397745156
21.439988502812074 0.523675867098218
21.57072014002434 0.4081516149793334
21.70145177723661 0.28566167040218793
21.832183414448878 0.15829649987933025
21.962915051661145 0.028229772643452233
22.093646688873417 -0.10231873613434651
22.224378326085684 -0.2311210289902343
22.355109963297952 -0.3559789101385687
22.48584160051022 -0.47476150083441915
22.61657323772249 -0.5854416058743004
22.747304874934763 -0.6861303105886096
22.878036512147027 -0.7751092178785208
23.008768149359298 -0.8508597751260795
23.139499786571562 -0.9120891904716774
23.270231423783834 -0.9577524961605868
23.400963060996105 -0.987070382415793
23.53169469820837 -0.9995424974766145
23.66242633542064 -0.9949559868188286
23.79315797263291 -0.9733891258222842
23.923889609845176 -0.9352099838893274
24.054621247057447 -0.8810701428127626
24.185352884269715 -0.811893576598422
24.316084521481987 -0.7288608825240845
24.44681615869425 -0.6333891325543789
24.577547795906522 -0.5271076889760861
24.708279433118793 -0.41183039699480517
24.839011070331058 -0.2895246288660777
24.96974270754333 -0.16227770786729187
25.1004743447556 -0.03226128513349189
25.231205981967864 0.09830572268265908
25.361937619180136 0.22719500240473975
25.4926692563924 0.3522068736915096
25.62340089360467 0.4712078297355703
25.754132530816943 0.582166948615699
25.884864168029207 0.6831905538910975
26.015595805241478 0.7725545329047483
26.146327442453746 0.848733761237654
26.277059079666017 0.9104281311435807
26.407790716878285 0.9565847397516343
26.538522354090553 0.9864158583632643
26.669253991302824 0.9994123761718288
26.79998562851509 0.9953524889684007
26.93071726572736 0.974305484548584
27.06144890293963 0.9366305602169471
27.192180540151895 0.8829706925700591
27.322912177364167 0.8142416641790499
27.45364381457643 0.731616434447139
27.584375451788702 0.6365051213757724
27.715107089000973 0.5305309358793334
27.84583872621324 0.41550247936375034
27.97657036342551 0.2933828773505887
28.107302000637777 0.1662562759255897
28.238033637850048 0.03629227279776407
28.368765275062316 -0.09429110999595279
28.499496912274584 -0.22326527981666083
28.630228549486855 -0.3484291075519005
28.76096018669912 -0.4676464930396038
28.89169182391139 -0.5788828206798269
29.022423461123662 -0.6802396830668573
29.153155098335926 -0.7699872800332762
29.283886735548197 -0.846593940169764
29.41461837276046 -0.9087522609935563
29.545350009972733 -0.9554014216462103
29.676081647185004 -0.9857452873223789
29.806813284397272 -0.999265996451661
29.93754492160954 -0.9957327987487335
30.068276558821807 -0.9752059932977837
30.19900819603408 -0.9380358994621893
30.329739833246347 -0.8848568781823505
30.460471470458614 -0.8165765056967801
30.591203107670886 -0.7343600844524444
30.72193474488315 -0.6396107555478742
30.85266638209542 -0.5339455521186717
30.983398019307693 -0.41916780234881557
31.114129656519957 -0.2972363530898383
31.244861293732228 -0.1702321393309717
31.375592930944492 -0.04032267006025935
31.506324568156764 0.09027496338383872
31.637056205369035 0.21933192515463257
31.767787842581303 0.34464567317633255
31.89851947979357 0.46407754868226175
32.029251117005835 0.5755892754927947
32.159982754218106 0.6772777461205658
32.29071439143038 0.7674075010281144
32.42144602864264 0.844440346732959
32.55217766585491 0.9070616072846251
32.682909303067184 0.9542025610945062
32.81364094027945 0.9850586802019679
32.94437257749172 0.9991033606974131
33.07510421470399 0.9960969099729576
33.20583585191626 0.9760906374204275
33.33656748912853 0.9394259787630281
33.4672991263408 0.8867286689652181
33.59803076355307 0.8188980631684637
33.72876240076533 0.7370917879063835
33.859494037977605 0.6427059845482973
33.99022567518987 0.5373514821452066
34.12095731240214 0.42282630632262524
34.25168894961441 0.30108499339557016
34.382420586826676 0.17420523340419908
34.51315222403895 0.04435241135456231
34.64388386125121 -0.08625734818089242
34.77461549846348 -0.2153950024063627
34.905347135675754 -0.34085663211363093
35.03607877288802 -0.4605010547230347
35.16681041010029 -0.5722863666339243
35.297542047312554 -0.6743047912369492
35.428273684524825 -0.7648152378570381
35.5590053217371 -0.8422730159618524
35.68973695894936 -0.9053561975202945
35.82046859616163 -0.952988177599553
35.951200233373896 -0.9843560481717405
36.08193187058617 -0.9989244715548394
36.21266350779844 -0.9964448167177209
36.3433951450107 -0.9769594025251516
36.474126782222974 -0.9408007755056884
36.604858419435246 -0.8885860344684182
36.73559005664752 -0.8212062988270702
36.86632169385978 -0.7398115003696685
36.99705333107205 -0.6457907580239453
37.127784968284324 -0.5407486705513485
37.25851660549659 -0.4264779317687256
37.38924824270886 -0.30492873565821405
37.51997987992113 -0.1781754935110669
37.650711517133395 -0.04838143112496073
37.781443154345666 0.08223832974558397
37.91217479155793 0.21145457561761485
38.0429064287702 0.3370620460038136
38.17363806598247 0.45691706934424586
38.30436970319474 0.5689741478348392
38.43510134040701 0.6713208667799652
38.56583297761927 0.7622105326909215
38.696564614831544 0.8400919831145173
38.827296252043816 0.9036360594441322
38.95802788925608 0.9517582909169119
39.08875952646835 0.9836374026620975
39.219491163680615 0.9987293319341038
39.35022280089289 0.9967765133232848
39.48095443810516 0.977812274478901
39.61168607531742 0.9421602673250113
39.742417712529694 0.8904289444763741
39.87314934974196 0.82350117512228
40.00388098695423 0.7425191775980854
40.1346126241665 0.6488650257917953
40.26534426137877 0.5441370620717335
40.396075898591036 0.4301226192825658
40.52680753580331 0.3087675173478609
40.65753917301558 0.18214285506349773
40.78827081022784 0.05240966382745531
40.919002447440114 -0.07821797345918995
41.049734084652385 -0.20751070889115983
41.18046572186465 -0.3332619765771153
41.31119735907692 -0.4533256508500666
41.44192899628919 -0.5656526729786434
41.57266063350146 -0.6683260212920114
41.70339227071373 -0.7595934279030476
41.83412390792599 -0.8378972836719447
41.96485554513826 -0.901901221039295
42.095587182350535 -0.9505129210543508
42.226318819562806 -0.9829027553639449
42.35705045677506 -0.998517945009733
42.487782093987335 -0.9970919943936174
42.618513731199606 -0.9786492394071807
42.74924536841188 -0.9435044321048159
42.87997700562415 -0.8922573690086688
43.010708642836406 -0.8257826547210952
43.14144028004868 -0.7452147755432094
43.27217191726095 -0.6519287378397367
43.40290355447322 -0.547516601584088
43.53363519168549 -0.43376030957245465
43.664366828897755 -0.31260127601530674
43.795098466110026 -0.18610725352054666
43.92583010332229 -0.056437043930857814
44.05656174053456 0.07419634472477232
44.18729337774683 0.20356346638570838
44.3180250149591 0.32945648565296975
44.44875665217137 0.4497268576656089
44.57948828938364 0.5623219960989944
44.710219926595904 0.665320303493164
44.840951563808176 0.7569639660684018
44.97168320102044 0.83568895333745
45.10241483823271 0.9001517105280936
45.23314647544498 0.9492520882715109
45.363878112657254 0.9821521182285049
45.494609749869525 0.9982903142205648
45.62534138708178 0.9973912547964806
45.756073024294054 0.9794702836942651
45.886804661506325 0.944833247978268
46.017536298718596 0.8940712783205447
46.14826793593087 0.8280507005084592
46.278999573143125 0.7478982503531207
46.409731210355396 0.654981844327379
46.54046284756767 0.5508872341101482
46.67119448477994 0.4373909434605509
46.80192612199221 0.31642994929305535
46.93265775920447 0.19006862438948635
47.06338939641674 0.06046350591785009
47.19412103362901 -0.07017350896608614
47.32485267084128 -0.19961291231490913
47.45558430805355 -0.32564563513901423
47.58631594526582 -0.4461207483359496
47.71704758247809 -0.5589821713792655
47.84777921969035 -0.6623037622803645
47.97851085690262 -0.7543221899630077
48.109242494114895 -0.8334670280360994
48.23997413132716 -0.8983875563715208
48.37070576853943 -0.9479758130795902
48.5014374057517 -0.9813855034671249
48.63216904296397 -0.9980464432696896
48.76290068017624 -0.9976742896635131
48.8936323173885 -0.9802753939834261
49.02436395460077 -0.9461466933282221
49.155095591813044 -0.8958706429033672
49.285827229025315 -0.8303052755878763
49.41655886623759 -0.7505695583731095
49.547290503449844 -0.6580242955868628
49.678022140662115 -0.5542489048165488
49.80875377787439 -0.44101446188378746
49.93948541508666 -0.3202534748963597
50.07021705229893 -0.19402690322680727
50.2009486895112 -0.0644889842860357
50.33168032672346 0.06614953162652226
50.46241196393573 0.19565911094627633
50.593143601148 0.3218294870300556
50.72387523836027 0.442507381525191
50.85460687557254 0.5556332531516475
50.9853385127848 0.6592764467266296
51.11607014999707 0.7516681425632125
51.24680178720934 0.8312315439141099
51.377533424421614 0.8966087872687951
51.508265061633885 0.9466841162410038
51.63899669884615 0.9806029235510746
51.769728336058414 0.9977863361243942
51.900459973270685 0.997941094390312
52.031191610482956 0.9810645571771486
52.16192324769523 0.94744474678758
52.29265488490749 0.8976554334851187
52.42338652211976 0.8325463432819675
52.554118159332035 0.7532286561464228
52.6848497965443 0.6610560421236622
52.81558143375657 0.5576015590157096
52.946313070968834 0.4446308058948578
53.077044708181106 0.3240717906241947
53.20777634539338 0.19798202563936385
53.33850798260565 0.06851341354906221
53.46923961981792 -0.06212447816805695
53.59997125703018 -0.1917021266001511
53.73070289424245 -0.31800810340710195
53.86143453145472 -0.4388868160154806
53.99216616866699 -0.5522752958962457
54.12289780587926 -0.6562384060802628
54.25362944309152 -0.7490018670449924
54.38436108030379 -0.828982537338285
54.51509271751606 -0.8948154321568814
54.64582435472833 -0.9453770187690388
54.776555991940604 -0.9798043912113457
54.90728762915286 -0.997509997016096
55.03801926636513 -0.998191664636504
55.168750903577404 -0.9818377604373483
55.299482540789676 -0.9487273872396452
55.43021417800195 -0.8994256210308679
55.56094581521421 -0.8347738671331003
55.69167745242648 -0.7558755004149155
55.82240908963875 -0.6640770346174114
55.95314072685102 -0.5609451421667484
56.08387236406329 -0.44823991666316215
56.21460400127555 -0.32788483436029636
56.345335638487825 -0.20193392728531023
56.476067275700096 -0.07253672823760149
56.60679891291236 0.05809841407012311
56.73753055012463 0.1877420236486622
56.868262187336896 0.3141815464363259
56.99899382454917 0.43525911070609347
57.12972546176144 0.5489083542402303
57.26045709897371 0.653189689764012
57.39118873618598 0.74632340678326
57.52192037339824 0.826720044895407
57.65265201061051 0.8930075202100386
57.78338364782278 0.9440545419275262
57.91411528503505 0.9789899194384395
58.044846922247324 0.9972174304402733
58.17557855945958 0.9984259963258187
58.30631019667185 0.9825949911855726
58.43704183388412 0.9499945938184529
58.567773471096395 0.9011811767432545
58.698505108308666 0.8369878109039687
58.82923674552092 0.7585100481197965
58.959968382733194 0.6670872239226754
59.090700019945466 0.5642795998763325
59.22143165715774 0.4518417354757902
59.35216329437001 0.33169254407415827
59.48289493158227 0.20588254387520993
59.613626568794544 0.07655886290047144
59.74435820600681 -0.05407140482865852
59.87508984321908 -0.1837788665146508
60.00582148043135 -0.31034987836806666
60.136553117643615 -0.43162432461244815
60.267284754855886 -0.5455324829569232
60.39801639206816 -0.650130347374328
60.52874802928043 -0.7436328053511205
60.65947966649269 -0.8244441033916499
60.79021130370496 -0.8911850808393327
60.92094294091723 -0.9427167072304862
61.0516745781295 -0.9781595214821636
61.18240621534177 -0.9969086411563898
61.31313785255404 -0.9986440856461535
61.4438694897663 -0.9833362371032108
61.57460112697857 -0.9512463459091184
61.70533276419084 -0.9029220720629394
61.836064401403114 -0.839188138578199
61.966796038615385 -0.7611322564022913
62.09752767582764 -0.6700865610697702
62.22825931303991 -0.5676048778995879
62.358990950252185 -0.4554362037384377
62.489722587464456 -0.33549485782206806
62.62045422467673 -0.2098278111730607
62.751185861888985 -0.0805797521056937
62.881917499101256 0.05004351595494108
63.01264913631353 0.17981271967066437
63.1433807735258 0.3065131615357904
63.27411241073807 0.42798251686515987
63.404844047950334 0.5421477369649138
63.535575685162605 0.6470604286805156
63.66630732237487 0.740930106519215
63.79703895958714 0.8221547498519649
63.92777059679941 0.8893481436921649
64.05850223401167 0.9413635364417772
64.18923387122395 0.9773132108514111
64.31996550843621 0.996583634187822
64.45069714564849 0.9988459290496382
64.58142878286075 0.9840614861316918
64.71216042007302 0.9524826231481701
64.84289205728528 0.904648278669084
64.97362369449756 0.8413748143609121
65.10435533170983 0.7637420826044096
65.2350869689221 0.6730749972655441
