0.0 0.0
0.1402505515145947 0.13979121037928413
0.2805011030291894 0.2768372016382778
0.42075165454378416 0.4084466652566343
0.5610022060583788 0.5320350552177907
0.7012527575729735 0.6451753433112698
0.8415033090875683 0.7456456811010601
0.981753860602163 0.8314730325745664
1.1220044121167576 0.9009719206143812
1.2622549636313523 0.952777526389849
1.402505515145947 0.9858724916627287
1.5427560666605418 0.9996068976634068
1.6830066181751366 0.9937110281925846
1.823257169689731 0.9683006663067084
1.963507721204326 0.9238748205708611
2.1037582727189204 0.8613059255309508
2.244008824233515 0.7818227088482723
2.38425937574811 0.6869860615515786
2.5245099272627045 0.5786583852665282
2.6647604787772994 0.4589670183814748
2.805011030291894 0.3302624593863816
2.9452615818064887 0.195072207794724
3.0855121333210835 0.056051129120144844
3.2257626848356784 -0.08407068135979606
3.3660132363502733 -0.22254151220161403
3.5062637878648673 -0.35664207389205427
3.646514339379462 -0.4837389002425401
3.786764890894057 -0.6013360643855736
3.927015442408652 -0.7071241937746158
4.067265993923247 -0.7990258216311
4.207516545437841 -0.8752361842270854
4.347767096952436 -0.9342586628267086
4.48801764846703 -0.9749341742777524
4.628268199981625 -0.9964639330810425
4.76851875149622 -0.9984251379362563
4.908769303010814 -0.9807792747118349
5.049019854525409 -0.9438728727853138
5.189270406040004 -0.8884306999010667
5.329520957554599 -0.8155415291848093
5.469771509069194 -0.7266367578221694
5.610022060583788 -0.6234622972876072
5.750272612098383 -0.5080442871432335
5.890523163612977 -0.3826493057197957
6.030773715127571 -0.2497398590622583
6.171024266642167 -0.11192602224788313
6.311274818156761 0.028085817255638457
6.451525369671357 0.16754610761433383
6.591775921185951 0.3037161283136893
6.7320264727005465 0.4339217731390188
6.8722770242151405 0.555606064260494
7.0125275757297345 0.6663793661515386
7.15277812724433 0.7640663132398555
7.293028678758924 0.8467485297261196
7.43327923027352 0.9128023026387503
7.573529781788114 0.9609304683014668
7.713780333302708 0.9901878860273607
7.854030884817304 0.9999999987871773
7.994281436331898 0.9901741163575064
8.134531987846493 0.9609031993704683
8.274782539361087 0.9127620699537442
8.415033090875681 0.8466961233763826
8.555283642390277 0.7640027623810308
8.695534193904871 0.6663059187950899
8.835784745419467 0.5555241627652532
8.97603529693406 0.43383302588615874
9.116285848448655 0.30362227812133846
9.25653639996325 0.16744899751211698
9.396786951477845 0.027987354291281585
9.53703750299244 -0.11202390445916081
9.677288054507034 -0.24983523831005677
9.817538606021628 -0.38274030894690503
9.957789157536224 -0.5081291272287168
10.098039709050818 -0.6235393081422688
10.238290260565414 -0.7267044271072169
10.378540812080008 -0.815598528011145
10.518791363594602 -0.8884759089260119
10.659041915109198 -0.9439054041942541
10.799292466623791 -0.9807984896531163
10.939543018138387 -0.9984306590669545
11.079793569652981 -0.996455651977219
11.220044121167575 -0.9749122535636847
11.36029467268217 -0.9342235329812748
11.500545224196767 -0.8751885351300205
11.64079577571136 -0.7989665890151451
11.781046327225955 -0.7070545408496001
11.921296878740549 -0.6012573589953054
12.061547430255143 -0.48365268800309674
12.20179798176974 -0.3565500478389781
12.342048533284334 -0.22244547954209723
12.482299084798928 -0.08397252798274744
12.622549636313522 0.056149475679176615
12.762800187828116 0.19516881620648346
12.903050739342714 0.33035543245534443
13.043301290857308 0.4590545303029547
13.183551842371902 0.5787387174818298
13.323802393886496 0.6870576364970428
13.464052945401093 0.7818841209354647
13.604303496915687 0.8613559687495945
13.744554048430281 0.9239125121724686
13.884804599944875 0.9683252661037876
14.025055151459469 0.9937220530944385
14.165305702974067 0.9996041311630657
14.30555625448866 0.9858559880887127
14.445806806003255 0.952747609839266
14.586057357517848 0.9009291785883086
14.726307909032442 0.8314183044407074
14.86655846054704 0.7455800416102436
15.006809012061634 0.6451000814915044
15.147059563576228 0.5319516490603328
15.287310115090822 0.40835675269120475
15.427560666605416 0.27674254836740636
15.567811218120013 0.1396936752034476
15.708061769634607 -9.850168548195059e-05
15.848312321149201 -0.1398887441987835
15.988562872663795 -0.27693185222311417
16.12881342417839 -0.40853657385907577
16.269063975692987 -0.532118456213136
16.40931452720758 -0.6452505988711685
16.549565078722175 -0.7457113133571871
16.68981563023677 -0.8315277526409902
16.830066181751363 -0.9010146538986997
16.97031673326596 -0.9528074336960304
17.110567284780554 -0.9858889856712358
17.25081783629515 -0.9996096544649801
17.391068387809742 -0.993699993649168
17.531318939324336 -0.9682760571146127
17.671569490838934 -0.9238371200052821
17.811820042353528 -0.8612558739554155
17.95207059386812 -0.7817612891753821
18.092321145382716 -0.6869144799405758
18.23257169689731 -0.5785780474367469
18.372822248411907 -0.4588795020068289
18.5130727999265 -0.3301694831130202
18.653323351441095 -0.19497559749025872
18.79357390295569 -0.05595278201727239
18.933824454470283 0.08416883392114022
19.07407500598488 0.22263754270190353
19.214325557499475 0.35673409648478144
19.35457610901407 0.48382510778846866
19.494826660528663 0.6014147639413294
19.635077212043257 0.7071938398386997
19.775327763557854 0.7990850464944413
19.915578315072448 0.8752838248320993
20.055828866587042 0.9342937836074217
20.196079418101636 0.9749560855324414
20.33632996961623 0.9964722045165928
20.476580521130828 0.9984196071182563
20.61683107264542 0.9807600502544617
20.757081624160016 0.9438403322183697
20.89733217567461 0.8883854822560496
21.037582727189204 0.8154845224456161
21.1778332787038 0.7265690814868692
21.318083830218395 0.6233852803837501
21.45833438173299 0.5079594421284104
21.598584933247583 0.38255829878000014
21.738835484762177 0.24964447739133835
21.879086036276775 0.11182813895063404
22.01933658779137 -0.028184279947492157
22.159587139305962 -0.16764321609091906
22.299837690820556 -0.3038099755592095
22.44008824233515 -0.43401051618171405
22.580338793849748 -0.5556879603649212
22.72058934536434 -0.6664528070423853
22.860839896878936 -0.7641298566852629
23.001090448393533 -0.8468009278602114
23.141340999908124 -0.9128425264672156
23.28159155142272 -0.9609577279089586
23.421842102937312 -0.9902016460898356
23.56209265445191 -0.9999999890845952
23.702343205966507 -0.9901603370804059
23.842593757481097 -0.9608759211162285
23.982844308995695 -0.9127218284125892
24.123094860510285 -0.8466437088115079
24.263345412024883 -0.7639392041094079
24.40359596353948 -0.666232464973751
24.54384651505407 -0.5554422558799967
24.68409706656867 -0.43374427442399816
24.82434761808326 -0.30352842498306926
24.964598169597856 -0.16735188578521423
25.104848721112454 -0.02788889105537156
25.245099272627044 0.11212178558351385
25.38534982414164 0.24993061513381004
25.525600375656232 0.38283130846044344
25.66585092717083 0.508213962384034
25.806101478685427 0.6236163129469919
25.946352030200018 0.7267720893413526
26.086602581714615 0.8156555189240694
26.226853133229206 0.8885211093304458
26.367103684743803 0.9439379264448742
26.5073542362584 0.9808176950781206
26.64760478777299 0.9984361705102971
26.78785533928759 0.9964473612052027
26.928105890802186 0.9748903233904496
27.068356442316777 0.9341883940714596
27.208606993831374 0.875140877541367
27.348857545345965 0.7989073486471534
27.489108096860562 0.706984881064329
27.62935864837516 0.6011786477712839
27.76960919988975 0.4835664710709711
27.909859751404348 0.35645801832644586
28.050110302918938 0.22234944472428841
28.190360854433536 0.0838743737909476
28.330611405948133 -0.05624782169341881
28.470861957462724 -0.19526542272460404
28.61111250897732 -0.3304484023190065
28.75136306049191 -0.45914203777041757
28.89161361200651 -0.5788190440818726
29.031864163521107 -0.6871292047762776
29.172114715035697 -0.7819455254363593
29.312365266550295 -0.8614060036108613
29.452615818064885 -0.9239501948097378
29.592866369579482 -0.9683498565056117
29.73311692109408 -0.9937330683546232
29.87336747260867 -0.9996013549639835
30.013618024123268 -0.9858394749493481
30.15386857563786 -0.952717684044572
30.294119127152456 -0.9008864278208959
30.434369678667053 -0.8313635682399411
30.574620230181644 -0.7455143948853785
30.71487078169624 -0.6450248134126025
30.855121333210832 -0.5318682377415727
30.99537188472543 -0.4082668361636591
31.135622436240027 -0.2766478924114122
31.275872987754617 -0.13959613867222598
31.416123539269215 0.0001970033700081805
31.556374090783805 0.13998627666099808
31.696624642298403 0.27702650012099794
31.836875193813 0.40862647849766287
31.97712574532759 0.5322018520455548
32.11737629684219 0.6453258481704702
32.25762684835678 0.745776938377987
32.397877399871376 0.8315824646394486
32.538127951385974 0.901057378440852
32.678378502900564 0.9528373317575181
32.81862905441516 0.9859054701140743
32.95887960592975 0.9996124015677584
33.09913015744435 0.9936889494642953
33.23938070895895 0.9682514385277378
33.37963126047354 0.9237994104760991
33.519881811988135 0.8612058140234745
33.660132363502726 0.7816998619173905
33.80038291501732 0.6868428916647276
33.94063346653192 0.5784977039932598
34.08088401804651 0.4587919811798706
34.22113456956111 0.33007650363616226
34.3613851210757 0.19487898529402933
34.5016356725903 0.055854434371511705
34.641886224104894 -0.08426698566583556
34.782136775619485 -0.22273357104203054
34.92238732713408 -0.35682611561626676
35.06263787864867 -0.4839113106400421
35.20288843016327 -0.6014934576618105
35.34313898167787 -0.7072634790411818
35.48338953319246 -0.7991442636045922
35.623640084707056 -0.8753314569446001
35.763890636221646 -0.9343288953230717
35.90414118773624 -0.9749779873275393
36.04439173925084 -0.9964804662837903
36.18464229076543 -0.9984140666130082
36.32489284228003 -0.9807408162811837
36.46514339379462 -0.9438077824937382
36.60539394530922 -0.8883402559913988
36.745644496823815 -0.8154275077941138
36.885895048338405 -0.7265013981019751
37.026145599853 -0.623308257431446
37.16639615136759 -0.5078745921850706
37.30664670288219 -0.38246728812839964
37.44689725439679 -0.24954909329821723
37.58714780591138 -0.11173025456836677
37.727398357425976 0.028282742365885568
37.867648908940566 0.1677403229409305
38.007899460455164 0.30390381985699016
38.14815001196976 0.4340992550133931
38.28840056348435 0.5557698510777376
38.42865111499895 0.6665262414669243
38.56890166651354 0.7641933927166364
38.70915221802814 0.8468533177781449
38.849402769542735 0.9128827414387544
38.989653321057325 0.9609849781926783
39.12990387257192 0.9902153965447988
39.27015442408651 0.9999999696794312
39.41040497560111 0.9901465481961942
39.55065552711571 0.9608486335390094
39.6909060786303 0.9126815780156773
39.831156630144896 0.8465912860319993
39.97140718165949 0.7638756384256032
40.111657733174084 0.6661590046882407
40.25190828468868 0.5553603436055101
40.39215883620327 0.43365551875340136
40.53240938771787 0.30343456889978376
40.67265993923246 0.16725477243456785
40.81291049074706 0.027790427548872607
40.953161042261655 -0.11221966562000311
41.093411593776246 -0.2500259895325876
41.23366214529084 -0.3829223042595362
41.373912696805434 -0.508298792608362
41.51416324832003 -0.6236933117010224
41.65441379983463 -0.7268397445239274
41.79466435134922 -0.8157125019230272
41.93491490286382 -0.8885663011139341
42.07516545437841 -0.9439704395368587
42.215416005893005 -0.9808368909866596
42.3556665574076 -0.9984416722662312
42.49591710892219 -0.9964390607650744
42.63616766043679 -0.9748683837582627
42.77641821195138 -0.934153246097606
42.91666876346598 -0.8750932114615891
43.056919314980576 -0.7988481005276934
43.197169866495166 -0.7069152144194817
43.33742041800976 -0.601099930714283
43.477670969524354 -0.48348024944700524
43.61792152103895 -0.35636598535535374
43.75817207255355 -0.2222534077491089
43.89842262406814 -0.08377621878535331
44.03867317558274 0.05634616716190481
44.17892372709733 0.19536202734814237
44.319174278611925 0.3305413689764625
44.45942483012652 0.45922954078302347
44.59967538164111 0.5788993650658731
44.73992593315571 0.6872007663885799
44.8801764846703 0.7820069223503634
45.0204270361849 0.8614560301142639
45.160677587699496 0.9239878684823073
45.30092813921409 0.9683744375119427
45.44117869072868 0.9937440739730297
45.581429242243274 0.999598569066187
45.72167979375787 0.9858229522447957
45.86193034527247 0.9526877490060542
46.00218089678707 0.9008436683125572
46.14243144830165 0.8313088239728095
46.28268199981625 0.7454487409270988
46.422932551330845 0.6449495390752973
46.56318310284544 0.5317848212623113
46.70343365436004 0.4081769156748677
46.843684205874624 0.2765532337712328
46.98393475738922 0.13949860078656137
47.12418530890382 -0.0002955050526194163
47.264435860418416 -0.14008380776499135
47.404686411933014 -0.2771211453310128
47.5449369634476 -0.40871637917150505
47.685187514962195 -0.5322852427142414
47.82543806647679 -0.6454010912084424
47.96568861799139 -0.7458425561628298
48.10593916950599 -0.8316371685694119
48.24618972102057 -0.9011000942404149
48.38644027253517 -0.9528672205740233
48.526690824049766 -0.9859219449910834
48.66694137556436 -0.9996151389717157
48.80719192707896 -0.9936778956380737
48.947442478593544 -0.9682268105463273
49.08769303010814 -0.9237616919836765
49.22794358162274 -0.8611557457356153
49.36819413313734 -0.7816384270748874
49.508444684651934 -0.6867712967247273
49.64869523616652 -0.578417354936863
49.788945787681115 -0.45870445590144543
49.92919633919571 -0.32998352095671335
50.06944689071031 -0.1947823712069636
50.20969744222491 -0.05575608618381524
50.34994799373949 0.0843651365929094
50.49019854525409 0.2228295972210668
50.630449096768686 0.35691813128561406
50.77069964828328 0.4839975087964325
50.91095019979788 0.6015721455462548
51.051200751312464 0.7073331113813718
51.19145130282706 0.7992034729609803
51.33170185434166 0.875379080564124
51.47195240585626 0.9343639979733215
51.612202957370855 0.974999879662834
51.75245350888544 0.996488718382553
51.892704060400035 0.9984085164205658
52.03295461191463 0.9807215727921881
52.17320516342923 0.9437752236117318
52.31345571494383 0.8882950211075521
52.45370626645841 0.8153704852308673
52.59395681797301 0.7264337076681417
52.734207369487606 0.6232312284314454
52.874457921002204 0.5077897373140298
53.0147084725168 0.3823762737658756
53.154959024031385 0.2494537067838393
53.29520957554598 0.11163236910202753
53.43546012706058 -0.0283812045098598
53.57571067857518 -0.16783742816343467
53.715961230089775 -0.3039976612061225
53.85621178160437 -0.4341879896331884
53.996462333118956 -0.5558517363981512
54.13671288463355 -0.6665996694244324
54.27696343614815 -0.7642569213333655
54.41721398766275 -0.8469056994794184
54.557464539177346 -0.9129229475529733
54.69771509069193 -0.9610122191523622
54.83796564220653 -0.9902291373921148
54.978216193721124 -0.9999999405716854
55.11846674523572 -0.9901327497050034
55.25871729675032 -0.9608213366390775
55.3989678482649 -0.9126413187633975
55.5392183997795 -0.846538855038373
55.6794689512941 -0.7638120653302279
55.819719502808695 -0.6660855379392627
55.95997005432329 -0.5552784259425944
56.100220605837876 -0.4335667588752263
56.240471157352474 -0.3033407098724063
56.38072170886707 -0.1671576574611113
56.52097226038167 -0.02769196377272765
56.661222811896266 0.11231754456767186
56.80147336341085 0.25012136150546743
56.94172391492545 0.38301329634328735
57.081974466440045 0.5083836179008854
57.22222501795464 0.6237703044036229
57.36247556946924 0.72690739265428
57.50272612098382 0.8157694770074676
57.64297667249842 0.8886114842760316
57.78322722401302 0.9440029434698948
57.923477775527616 0.9808560773785496
58.06372832704221 0.998447164334703
58.203978878556796 0.9964307506569142
58.344229430071394 0.9748464346673353
58.48447998158599 0.9341180890600514
58.62473053310059 0.8750455368911441
58.76498108461519 0.7987888446573441
58.90523163612977 0.7068455409157314
59.04548218764437 0.6010212078250606
59.185732739158965 0.48339402313202634
59.32598329067356 0.35627394892658476
59.46623384218816 0.22215736861749746
59.60648439370274 0.08367806296691338
59.74673494521734 -0.056444512083687504
59.88698549673194 -0.19545863007617156
60.027236048246536 -0.3306343324268205
60.16748659976113 -0.4593170393399171
60.30773715127572 -0.5789796804330551
60.447987702790314 -0.6872723213332603
60.58823825430491 -0.7820683116768855
60.72848880581951 -0.8615060482593222
60.86873935733411 -0.9240255331898085
61.00898990884869 -0.9683990091225378
61.14924046036329 -0.9937550699495543
61.289491011877885 -0.9995957734697034
61.42974156339248 -0.985806419975214
61.56999211490708 -0.9526578047240055
61.710242666421664 -0.900800900063715
61.85049321793626 -0.8312540716398278
61.99074376945086 -0.7453830797360368
62.130994320965456 -0.6448742584803107
62.271244872480054 -0.5317013996233642
62.41149542399464 -0.40808699122571923
62.551745975509235 -0.27645857244775934
62.69199652702383 -0.1394010615473931
62.83224707853843 0.0003940067323705955
62.97249763005303 0.14018133750980996
63.11274818156761 0.2772157878522233
63.25299873308221 0.408806275879756
63.393249284596806 0.5323686282183928
63.5334998361114 0.6454763279843628
63.673750387626 0.7459081667110739
63.814000939140584 0.8316918644303395
63.95425149065518 0.9011428012969863
64.09450204216978 0.9528971001452584
64.23475259368438 0.985938410302105
64.37500314519897 0.9996178666768251
64.51525369671356 0.9936668321706124
64.65550424822816 0.9682021731706132
64.79575479974275 0.9237239645283776
64.93600535125735 0.861105669092318
65.07625590277195 0.7815769846484734
65.21650645428653 0.6866996951212825
65.35675700580113 0.5783370002683127
65.49700755731573 0.4586169261723963
65.63725810883032 0.3298905350755655
65.77750866034492 0.19468575523000595
65.9177592118595 0.055657737455154954
66.0580097633741 -0.08446328670143773
66.1982603148887 -0.2229256212380875
66.3385108664033 -0.3570101434919406
66.4787614179179 -0.4840837022567974
66.61901196943248 -0.6016508275938847
66.75926252094708 -0.7074027368586144
66.89951307246167 -0.7992626745630355
67.03976362397627 -0.8754266956902138
67.18001417549087 -0.9343990915578279
67.32026472700545 -0.9750217625381092
67.46051527852005 -0.9964969608128035
67.60076583003465 -0.9984029565409824
67.74101638154924 -0.9807023197876595
67.88126693306384 -0.9437426555726689
68.02151748457842 -0.8882497776049566
68.16176803609302 -0.8153134547564137
68.30201858760762 -0.7263660101860208
68.44226913912222 -0.623154193384487
68.58251969063681 -0.5077048775161174
68.7227702421514 -0.3822852556933275
68.863020793666 -0.24935831784910256
69.0032713451806 -0.11153448255255902
69.14352189669519 0.028479666378470166
69.28377244820979 0.1679345317574824
69.42402299972437 0.304091499605679
69.56427355123897 0.4342767200402264
69.70452410275357 0.5559336163253737
69.84477465426816 0.6666730909142078
69.98502520578276 0.7643204425348291
