0.0 0.0
0.1016232478536998 0.1014484227860583
0.2032464957073996 0.2018500601837339
0.30486974356109947 0.3001689279548172
0.4064929914147992 0.39539053271085833
0.508116239268499 0.48653233986157435
0.6097394871221989 0.5726539117995975
0.7113627349758987 0.6528666117117223
0.8129859828295984 0.726342772888849
0.9146092306832982 0.7923242389220122
1.016232478536998 0.8501301866633426
1.1178557263906979 0.8991641512315197
1.2194789742443979 0.9389201805749017
1.3211022220980975 0.9689880560870884
1.4227254699517975 0.9890575254065204
1.524348717805497 0.998921503724393
1.6259719656591969 0.9984782105685127
1.727595213512897 0.9877322200149034
1.8292184613665965 0.9667944134906619
1.9308417092202965 0.9358808356550585
2.032464957073996 0.895310465164363
2.134088204927696 0.8455019233225305
2.2357114527813957 0.7869691545792117
2.337334700635096 0.7203161234454296
2.4389579484887958 0.6462305825462741
2.540581196342495 0.5654769761143302
2.642204444196195 0.4788885521484395
2.7438276920498947 0.387358764627692
2.845450939903595 0.29183205449603905
2.947074187757295 0.19329410454302046
3.048697435610994 0.09276166873463465
3.150320683464694 -0.008727919060610838
3.2519439313183938 -0.11012744869730909
3.353567179172094 -0.21039063928614185
3.455190427025794 -0.30848293513842734
3.556813674879493 -0.4033921807253643
3.658436922733193 -0.49413906450346756
3.760060170586893 -0.5797872238426295
3.861683418440593 -0.6594529067901248
3.963306666294293 -0.7323140909766073
4.064929914147992 -0.7976189655715872
4.1665531620016925 -0.8546936887681764
4.268176409855392 -0.9029493407522712
4.369799657709091 -0.9418880004126651
4.471422905562791 -0.971107883090156
4.573046153416492 -0.9903074863523051
4.674669401270192 -0.9992887010160849
4.776292649123891 -0.9979588553176396
4.8779158969775915 -0.9863316711365975
4.979539144831291 -0.9645271224082302
5.08116239268499 -0.9327701971844199
5.1827856405386905 -0.8913885761169821
5.28440888839239 -0.8408092513176859
5.38603213624609 -0.7815541204829176
5.4876553840997895 -0.7142346017445832
5.589278631953489 -0.6395453248133564
5.69090187980719 -0.5582569635115913
5.792525127660889 -0.4712082836526904
5.89414837551459 -0.3792974883200693
5.995771623368289 -0.2834729498486225
6.097394871221988 -0.18472342413977863
6.199018119075689 -0.0840678482827781
6.300641366929388 0.017455173245612327
6.402264614783088 0.11879808531736152
6.5038878626367875 0.21891519124582157
6.605511110490488 0.316773442702248
6.707134358344188 0.41136309912149294
6.808757606197887 0.5017081466088831
6.910380854051588 0.5868763688418264
7.012004101905287 0.6659889660505507
7.113627349758986 0.738229622825504
7.215250597612687 0.8028529311861342
7.316873845466386 0.8591920819984677
7.418497093320086 0.9066657453783672
7.520120341173786 0.9447840690857049
7.621743589027485 0.9731537330156371
7.723366836881186 0.9914820076327056
7.824990084734885 0.999579774471225
7.926613332588586 0.9973634775352296
8.028236580442284 0.9848559854626461
8.129859828295984 0.9621863555575436
8.231483076149685 0.9295885021252711
8.333106324003385 0.8873987828511273
8.434729571857085 0.8360525281272788
8.536352819710784 0.776079549139717
8.637976067564484 0.7080986710646018
8.739599315418182 0.6328113477826778
8.841222563271884 0.5509944239976597
8.942845811125583 0.4634921194419899
9.044469058979283 0.3712073178800755
9.146092306832983 0.2750922507926235
9.247715554686682 0.176138671871487
9.349338802540384 0.07536762370853296
9.450962050394082 -0.02618109773004446
9.552585298247783 -0.12745967213426881
9.654208546101481 -0.22742306667926804
9.755831793955183 -0.325039819091814
9.857455041808882 -0.4193026806904461
9.959078289662582 -0.5092390095801181
10.06070153751628 -0.5939208067601424
10.16232478536998 -0.6724742915889343
10.263948033223683 -0.7440889178020266
10.365571281077381 -0.8080257370525058
10.467194528931081 -0.8636250236755202
10.56881777678478 -0.9103130820014542
10.67044102463848 -0.9476081659772377
10.77206427249218 -0.9751254500147316
10.87368752034588 -0.9925809997750138
10.975310768199579 -0.9997947019164134
11.07693401605328 -0.9966921225759844
11.178557263906978 -0.9833052754078643
11.28018051176068 -0.9597722912535898
11.38180375961438 -0.9263359928528478
11.483427007468078 -0.8833413893013576
11.585050255321779 -0.8312321161090744
11.686673503175477 -0.7705458575916247
11.78829675102918 -0.7019087988285471
11.889919998882878 -0.6260291644352871
11.991543246736578 -0.5436899108184301
12.093166494590276 -0.4557406473184635
12.194789742443977 -0.36308886960089026
12.296412990297679 -0.2666905957531179
12.398036238151377 -0.1675405017075901
12.499659486005077 -0.06666165777780009
12.601282733858776 0.03490502779023943
12.702905981712476 0.13611154932547984
12.804529229566176 0.23591361747336187
12.906152477419877 0.3332814345909207
13.007775725273575 0.4272103206106063
13.109398973127275 0.5167310797309276
13.211022220980976 0.6009200009662355
13.312645468834676 0.6789083893660066
13.414268716688376 0.7498915295566706
13.515891964542075 0.8131369891165828
13.617515212395775 0.8679921761066035
13.719138460249473 0.9138910727746434
13.820761708103175 0.9503600759531493
13.922384955956874 0.9770228838859378
14.024008203810574 0.9936043790601823
14.125631451664272 0.9999334669789023
14.227254699517973 0.9959448415823966
14.328877947371675 0.9816796591022761
14.430501195225373 0.957285113395013
14.532124443079073 0.9230129171368736
14.633747690932772 0.8792167045518874
14.735370938786472 0.826348382472524
14.836994186640172 0.7649534673843158
14.938617434493873 0.6956654565686436
15.040240682347571 0.6191992914244986
15.141863930201271 0.5363439804172666
15.24348717805497 0.44795445777392423
15.345110425908672 0.3549427619298428
15.446733673762372 0.2582686247515698
15.54835692161607 0.15892956863968655
15.64998016946977 0.05795061369384104
15.75160341732347 -0.043626298854462925
15.853226665177171 -0.1447530578081071
15.95484991303087 -0.24438619683473525
16.05647316088457 -0.3414976613696022
16.15809640873827 -0.4350854164936082
16.25971965659197 -0.5241837863302282
16.36134290444567 -0.6078734182753341
16.46296615229937 -0.6852907692449235
16.564589400153068 -0.7556370160579512
16.66621264800677 -0.8181862980132952
16.76783589586047 -0.8722932066106852
16.86945914371417 -0.9173994451336768
16.971082391567865 -0.953039589378379
17.072705639421567 -0.9788458900864974
17.17432888727527 -0.9945520675292016
17.275952135128968 -0.9999960590878438
17.37757538298267 -0.9951216914808539
17.479198630836365 -0.9799792603821181
17.580821878690067 -0.9547250114501021
17.68244512654377 -0.919619528122682
17.784068374397467 -0.8750250428130409
17.885691622251166 -0.8214016992507953
17.987314870104864 -0.7593028045350172
18.088938117958566 -0.6893691198903538
18.19056136581227 -0.6123222490365238
18.292184613665967 -0.5289571923926147
18.393807861519665 -0.44013414394488837
18.495431109373364 -0.3467696154213067
18.597054357227066 -0.24982697935706896
18.698677605080768 -0.15030652863161884
18.800300852934463 -0.049235155046764595
18.901924100788165 0.05234424655353858
19.003547348641863 0.15338353928912282
19.105170596495565 0.2528401593390555
19.206793844349264 0.34968787353195996
19.308417092202962 0.4429273684302203
19.410040340056664 0.531596561645575
19.511663587910366 0.6147805289898621
19.613286835764065 0.6916209450286133
19.714910083617763 0.7613249396260755
19.81653333147146 0.8231732790962761
19.918156579325164 0.8765277875437703
20.019779827178866 0.9208379318176858
20.12140307503256 0.9556465021328978
20.223026322886263 0.9805943297434042
20.32464957073996 0.9954239929890382
20.426272818593663 0.999982473475095
20.527896066447365 0.9942227349773034
20.62951931430106 0.9782042087803988
20.731142562154762 0.9520921804423588
20.83276581000846 0.9161560843119374
20.934389057862163 0.8707667233973188
21.03601230571586 0.8163924432724304
21.13763555356956 0.7535942995000428
21.23925880142326 0.6830202684361495
21.34088204927696 0.6053985611508553
21.442505297130662 0.5215301094553759
21.54412854498436 0.4322803015673955
21.64575179283806 0.33857005268940893
21.74737504069176 0.24136630263746142
21.84899828854546 0.14167203856952643
21.950621536399158 0.04051594576296514
22.05224478425286 -0.06105820677145388
22.15386803210656 -0.16200233631552682
22.25549127996026 -0.2612748609801801
22.357114527813955 -0.35785144716382583
22.458737775667657 -0.4507355790360626
22.56036102352136 -0.5389688409864061
22.661984271375058 -0.6216408069397854
22.76360751922876 -0.6978984344968052
22.865230767082455 -0.7669548669662726
22.966854014936157 -0.8280975524671754
23.06847726278986 -0.8806955963238586
23.170100510643557 -0.9242062708895559
23.271723758497256 -0.9581806156272473
23.373347006350954 -0.9822680696639828
23.474970254204656 -0.9962200890181362
23.57659350205836 -0.9998927111755807
23.678216749912057 -0.9932480405524732
23.779839997765755 -0.9763546395170392
23.881463245619454 -0.9493868209356426
23.983086493473156 -0.9126228495429357
24.084709741326858 -0.8664420706950708
24.186332989180553 -0.8113209961326439
24.287956237034255 -0.7478283871420162
24.389579484887953 -0.67661938584898
24.491202732741655 -0.5984287552003338
24.592825980595357 -0.5140632973860368
24.694449228449052 -0.4243935289316256
24.796072476302754 -0.33034469836062225
24.897695724156453 -0.23288723911036877
24.999318972010155 -0.1330267562117735
25.100942219863853 -0.031793650054561994
25.20256546771755 0.06976751569595294
25.304188715571254 0.17060879232440687
25.405811963424952 0.2696896592192192
25.507435211278654 0.3659877603803189
25.609058459132353 0.4585094534970934
25.71068170698605 0.5463000627470613
25.812304954839753 0.6284537295227057
25.91392820269345 0.7041227594427667
26.01555145054715 0.7725263692018188
26.117174698400852 0.8329587430045864
26.21879794625455 0.8847963154555202
26.320421194108253 0.9275042057558821
26.42204444196195 0.9606417368176741
26.52366768981565 0.9838669823460383
26.62529093766935 0.9969402949714744
26.72691418552305 0.9997267790272155
26.828537433376752 0.9921976824566561
26.930160681230447 0.9744306934885676
27.03178392908415 0.9466091390188874
27.13340717693785 0.9090200929705139
27.23503042479155 0.8620514141497869
27.336653672645248 0.8061877441642428
27.438276920498947 0.7420055066967379
27.53990016835265 0.6701669597354136
27.64152341620635 0.5914133621309922
27.74314666406005 0.5065573249915738
27.844769911913748 0.41647442683631064
27.946393159767446 0.3220941790261722
28.048016407621148 0.22439043469407116
28.14963965547485 0.12437134013887244
28.251262903328545 0.023068932368792226
28.352886151182247 -0.07847150986911686
28.454509399035945 -0.1792022516929652
28.556132646889647 -0.2780839130334952
28.65775589474335 -0.37409619337318273
28.759379142597044 -0.46624839961493053
28.861002390450746 -0.553589668449575
28.962625638304445 -0.6352187777436517
29.064248886158147 -0.7102934457097406
29.165872134011845 -0.7780390219066927
29.267495381865544 -0.8377564803926281
29.369118629719246 -0.8888296325540863
29.470741877572944 -0.9307314851865073
29.572365125426646 -0.9630296782208342
29.673988373280345 -0.9853909459875647
29.775611621134043 -0.9975845559851877
29.877234868987745 -0.9994846896703822
29.978858116841444 -0.9910717407040547
30.080481364695142 -0.9724325172573853
30.182104612548844 -0.9437593462904079
30.283727860402543 -0.9053480890455424
30.385351108256245 -0.857595088232994
30.48697435610994 -0.8009930784082123
30.588597603963642 -0.7361261017397172
30.690220851817344 -0.663663481628511
30.791844099671042 -0.5843529163616002
30.893467347524744 -0.49901276406211026
30.99509059537844 -0.4085235985429901
31.09671384323214 -0.3138191231942947
31.198337091085843 -0.21587653665832499
31.29996033893954 -0.11570644970330189
31.40158358679324 -0.014342457337383673
31.50320683464694 0.08716952623787978
31.60483008250064 0.1877820597884728
31.706453330354343 0.28645698296535377
31.80807657820804 0.3821761284580313
31.90969982606174 0.4739518278519735
32.01132307391544 0.5608371027862011
32.11294632176914 0.6419354362546346
32.21456956962284 0.7164100232270484
32.31619281747654 0.7834924051379156
32.41781606533024 0.8424903991491621
32.51943931318394 0.8927952403694357
32.62106256103764 0.9338878633336711
32.72268580889134 0.9653442579280751
32.824309056745044 0.9868398444960267
32.92593230459874 0.998152822980747
33.027555552452434 0.9991664615469694
33.129178800306136 0.9898703010666842
33.23080204815984 0.9703602630406059
33.33242529601354 0.9408376598417771
33.434048543867235 0.9016071174940155
33.53567179172094 0.8530734324187892
33.63729503957464 0.7957373945839079
33.73891828742834 0.7301906201523936
33.84054153528204 0.6571094469503671
33.94216478313573 0.5772479557429506
34.04378803098943 0.49143018932738314
34.145411278843135 0.40054164973002926
34.24703452669684 0.3055201612423774
34.34865777455054 0.20734619357504128
34.45028102240423 0.10703274497927173
34.551904270257936 0.005614889725945952
34.65352751811164 -0.09586090220457091
34.75515076596534 -0.19634756301812062
34.856774013819035 -0.2948082311708868
34.95839726167273 -0.39022695012139275
35.06002050952643 -0.4816191513762911
35.16164375738013 -0.5680418136617251
35.263267005233836 -0.6486031933939006
35.36489025308754 -0.7224720260459214
35.46651350094123 -0.7888861034675383
35.568136748794934 -0.8471601386536143
35.66975999664864 -0.8966928368094139
35.77138324450233 -0.9369730997507272
35.87300649235603 -0.9675852996192923
35.97462974020973 -0.9882135674971994
36.07625298806343 -0.9986450526686962
36.17787623591713 -0.9987721188989654
36.279499483770834 -0.9885934550678386
36.38112273162454 -0.9682140886984554
36.48274597947823 -0.9378443022412906
36.58436922733193 -0.8977974632957425
36.68599247518563 -0.848486791157966
36.78761572303933 -0.7904210930589353
36.88923897089303 -0.7241995140880205
36.99086221874673 -0.6505053549743925
37.09248546660043 -0.5700990215168772
37.19410871445413 -0.4838101784129212
37.29573196230783 -0.39252918844649964
37.397355210161535 -0.2971979253689223
37.49897845801522 -0.19880005526889266
37.600601705868925 -0.09835088671245039
37.70222495372263 0.0031131056166807313
37.80384820157633 0.10454497567734736
37.90547144943003 0.20489810887880558
38.007094697283726 0.30313702146852894
38.10871794513743 0.3982480450676112
38.21034119299113 0.48924978610635317
38.31196444084483 0.575203252235533
38.41358768869853 0.6552215412248896
38.51521093655222 0.7284789923749614
38.616834184405924 0.7942197060142934
38.718457432259626 0.8517653431744703
38.82008068011333 0.9005221249628278
38.92170392796703 0.939986959410472
39.02332717582073 0.9697526325763656
39.12495042367443 0.9895120103435863
39.22657367152813 0.9990612075519518
39.328196919381824 0.9983016917666139
39.429820167235526 0.9872412999751222
39.53144341508923 0.9659941577222526
39.63306666294292 0.9347795015170078
39.734689910796625 0.8939194166626507
39.83631315865033 0.8438355138517794
39.93793640650403 0.7850445788186201
40.03955965435773 0.7181532399371976
40.141182902211426 0.6438517087872291
40.24280615006512 0.5629066582750625
40.34442939791882 0.47615331179609816
40.446052645772525 0.3844868250658621
40.54767589362623 0.28885304954540625
40.64929914147992 0.1902387727677659
40.750922389333624 0.08966153626961998
40.852545637187326 -0.011840863809086671
40.95416888504103 -0.11322108512068403
41.05579213289473 -0.21343304600687182
41.15741538074842 -0.3114427193875106
41.25903862860212 -0.4062388022655238
41.36066187645582 -0.4968431507554879
41.462285124309524 -0.5823208729633885
41.563908372163226 -0.6617899755749663
41.66553162001692 -0.7344304646153753
41.76715486787062 -0.7994928064748935
41.868778115724325 -0.8563056618963628
41.97040136357803 -0.9042828131220866
42.07202461143172 -0.9429292127230334
42.17364785928542 -0.971846091696152
42.27527110713912 -0.9907350741223765
42.37689435499282 -0.9994012559286575
42.47851760284652 -0.9977552159861223
42.580140850700225 -0.9858139387930335
42.68176409855392 -0.9637006392219464
42.78338734640762 -0.931643491139383
42.885010594261324 -0.8899732730166552
42.98663384211502 -0.8391199548253411
43.08825708996872 -0.7796082614351905
43.189880337822416 -0.7120522582931441
43.29150358567612 -0.6371490152504979
43.39312683352982 -0.5556714139174994
43.49475008138352 -0.46846017276185453
43.596373329237224 -0.37641517223943743
43.69799657709092 -0.28048616946795557
43.79961982494462 -0.18166299825324073
43.901243072798316 -0.08096535558832298
44.00286632065202 0.020567719987902928
44.10448956850572 0.12188856960571164
44.206112816359415 0.22195172422767098
44.30773606421312 0.3197246922162005
44.40935931206682 0.4141986129950667
44.51098255992052 0.5043986668762089
44.61260580777422 0.5893941336390356
44.71422905562791 0.6683079960737789
44.81585230348161 0.7403259893957659
44.917475551335315 0.8047050031549677
45.01909879918902 0.8607807489467855
45.12072204704272 0.9079746148053994
45.222345294896414 0.9457996355533766
45.323968542750116 0.9738655175030839
45.42559179060382 0.9918826656629928
45.52721503845752 0.999665171894601
45.62883828631122 0.9971327331869351
45.73046153416491 0.984311480255127
45.83208478201861 0.9613337079132392
45.933708029872314 0.9284365100034886
46.035331277726016 0.8859593329671794
46.13695452557972 0.8343404733006025
46.23857777343341 0.7741125550365469
46.340201021287115 0.7058970339165536
46.44182426914082 0.630397784962123
46.54344751699451 0.5483938396108029
46.645070764848214 0.46073134735831656
46.74669401270191 0.3683148448497911
46.84831726055561 0.2720979225089442
46.94994050840931 0.17307338501086292
47.051563756263015 0.07226300712638764
47.15318700411672 -0.029293009358502587
47.25481025197041 -0.13054676886061428
47.356433499824114 -0.23045349460517475
47.45805674767781 -0.32798230905027764
47.55967999553151 -0.4221268708935909
47.66130324338521 -0.5119157589042316
47.76292649123891 -0.5964224954354505
47.86454973909261 -0.6747751061914404
47.96617298694631 -0.746165117606727
48.067796234800014 -0.8098558989996917
48.169419482653716 -0.8651902634224662
48.27104273050741 -0.9115972487786198
48.372665978361105 -0.9485980092383685
48.47428922621481 -0.975810756161293
48.57591247406851 -0.9929546975441796
48.67753572192221 -0.9998529353451858
48.77915896977591 -0.9964342907885617
48.88078221762961 -0.9827340388157175
48.98240546548331 -0.9588935441042742
49.08402871333701 -0.9251588024107985
49.185651961190715 -0.8818779022882298
49.2872752090444 -0.8294974333690234
49.388898456898104 -0.7685578782747315
49.49052170475181 -0.6996880357002582
49.59214495260551 -0.6235985322174842
49.69376820045921 -0.5410744897461761
49.795391448312905 -0.45296742435210896
49.89701469616661 -0.360186459963814
49.99863794402031 -0.2636889476684258
50.10026119187401 -0.16447058738036424
50.201884439727706 -0.06355515381151987
50.3035076875814 0.03801606724557958
50.4051309354351 0.13919502332089956
50.506754183288805 0.23893770949131235
50.60837743114251 0.33621494084083936
50.71000067899621 0.4300229720021055
0.0 0.0
0.13930403704138497 0.13885392725061807
0.27860807408276994 0.2750176633099415
0.41791211112415494 0.40585313743288126
0.5572161481655399 0.5288255099720206
0.6965201852069248 0.6415522830036219
0.8358242222483099 0.7418494594464552
0.9751282592896948 0.8277738563749756
1.1144322963310798 0.8976607527379938
1.2537363333724647 0.9501561420863918
1.3930403704138496 0.9842429654373596
1.5323444074552348 0.9992608160329923
1.6716484444966198 0.9949187342282547
1.8109524815380047 0.9713008446169145
1.9502565185793896 0.9288647261803332
2.0895605556207744 0.8684325470362682
2.2288645926621595 0.7911751355453074
2.3681686297035447 0.6985892963853634
2.5074726667449294 0.5924688110783458
2.6467767037863146 0.47486968481216335
2.7860807408276993 0.3480703128749401
2.9253847778690845 0.21452733844704097
3.0646888149104696 0.07682805697324545
3.2039928519518543 -0.06235971075517799
3.3432968889932395 -0.2003393056368773
3.4826009260346242 -0.3344374760175488
3.6219049630760094 -0.46205616994526194
3.761209000117394 -0.5807228704876773
3.9005130371587793 -0.6881384989019739
4.0398170742001644 -0.7822219575693136
4.179121111241549 -0.8611504497077469
4.318425148282934 -0.9233947946992161
4.457729185324319 -0.9677490548225519
4.597033222365704 -0.993353899396636
4.736337259407089 -0.9997132536708901
4.875641296448474 -0.9867039099032675
5.014945333489859 -0.9545779144182842
5.154249370531244 -0.9039576843976256
5.293553407572629 -0.8358239490118617
5.432857444614014 -0.7514967485248446
5.572161481655399 -0.6526098594989564
5.711465518696785 -0.541079141593763
5.850769555738169 -0.41906541921523255
5.990073592779553 -0.28893261715583557
6.129377629820939 -0.15320196131627387
6.2686816668623235 -0.014503131835659969
6.407985703903709 0.12447668499823332
6.547289740945094 0.26104485897740626
6.686593777986479 0.3925554836739704
6.825897815027864 0.5164606389021191
6.9652018520692485 0.6303597547698017
7.104505889110634 0.7320461209284497
7.243809926152019 0.819549639938751
7.383113963193404 0.8911749964379365
7.522418000234788 0.9455345026094442
7.661722037276173 0.9815749835985095
7.801026074317559 0.9985981819888202
7.940330111358943 0.9962742860187354
8.079634148400329 0.9746483194379749
8.218938185441713 0.9341392692060787
8.358242222483097 0.8755319679328212
8.497546259524484 0.7999618883322447
8.636850296565868 0.7088931442864165
8.776154333607254 0.6040901247318616
8.915458370648638 0.48758330994097615
9.054762407690022 0.36162993248241754
9.194066444731408 0.22867024502502817
9.333370481772793 0.09128024226393858
9.472674518814179 -0.04787824705378057
9.611978555855563 -0.186109131074125
9.751282592896947 -0.3207342896033103
9.890586629938333 -0.4491454606874058
10.029890666979718 -0.5688547737407188
10.169194704021104 -0.6775429501813027
10.308498741062488 -0.7731042377222166
10.447802778103872 -0.8536872077502304
10.587106815145258 -0.9177306253731806
10.726410852186643 -0.963993697180601
10.865714889228029 -0.9915801106898512
11.005018926269413 -0.9999553997313994
11.144322963310797 -0.9889572993319011
11.283627000352181 -0.9587988894769324
11.42293103739357 -0.9100644668453236
11.562235074434954 -0.8436982244971678
11.701539111476338 -0.760985958838079
11.840843148517722 -0.663530158273635
11.980147185559106 -0.5532189561927163
12.119451222600494 -0.43218954979251223
12.258755259641879 -0.302786793478175
12.398059296683263 -0.1675177690590463
12.537363333724647 -0.029003212910054546
12.676667370766031 0.11007325883927199
12.815971407807417 0.2470171433640989
12.955275444848803 0.37917525512516753
13.094579481890188 0.5039871293581195
13.233883518931572 0.6190346291670197
13.373187555972958 0.7220887951216634
13.512491593014342 0.8111530296827
13.651795630055728 0.884501779788582
13.791099667097113 0.9407139681580639
13.930403704138497 0.9787005256017528
14.069707741179883 0.9977254909247008
14.209011778221267 0.9974202696251896
14.348315815262652 0.9777907751380616
14.487619852304038 0.9392173142663316
14.626923889345422 0.8824472190207661
14.766227926386808 0.8085803676200252
14.905531963428192 0.7190478751711995
15.044836000469576 0.6155843668828771
15.184140037510963 0.5001943709965608
15.323444074552347 0.3751134825482992
15.462748111593733 0.2427650503836387
15.602052148635117 0.10571322658269204
15.741356185676501 -0.03338671207238326
15.880660222717886 -0.17183980810296942
16.01996425975927 -0.30696363612345456
16.159268296800658 -0.43614027283075363
16.298572333842042 -0.5568670173141121
16.437876370883426 -0.6668048790171005
16.57718040792481 -0.7638238939336642
16.716484444966195 -0.8460443910708068
16.855788482007583 -0.9118734096709776
16.995092519048967 -0.9600355616376588
17.13439655609035 -0.989597741227716
17.273700593131736 -0.999987203278637
17.41300463017312 -0.9910026597185241
17.552308667214508 -0.9628181793722328
17.691612704255892 -0.9159798155078291
17.830916741297276 -0.8513950264621248
17.97022077833866 -0.7703150943127868
18.109524815380045 -0.6743108822221168
18.248828852421433 -0.5652424001358685
18.388132889462817 -0.4452227684789865
18.5274369265042 -0.31657727802472113
18.666740963545585 -0.1817983391216481
18.80604500058697 -0.04349719310365264
18.945349037628358 0.09564667856172605
19.084653074669742 0.23293746722658276
19.223957111711126 0.36571526634290186
19.36326114875251 0.4914076051663917
19.502565185793895 0.6075792884569071
19.641869222835282 0.7119795765684488
19.781173259876667 0.8025857918497026
19.92047729691805 0.8776425065136974
20.059781333959435 0.9356955527408067
20.19908537100082 0.9756201960947761
20.338389408042207 0.9966429264128531
20.47769344508359 0.9983564439877944
20.616997482124976 0.9807275506956619
20.75630151916636 0.9440977931846911
20.895605556207745 0.8891768456639335
21.034909593249132 0.8170287604951989
21.174213630290517 0.7290513529728285
21.3135176673319 0.6269491196957712
21.452821704373285 0.5127002152183283
21.59212574141467 0.38851812678228
21.731429778456057 0.2568087896538558
21.87073381549744 0.12012397392390492
22.010037852538826 -0.018888154132834727
22.14934188958021 -0.1575343383025408
22.288645926621594 -0.293128412261039
22.427949963662982 -0.42304334204121596
22.567254000704363 -0.5447621228551349
22.70655803774575 -0.6559265441829882
22.84586207478714 -0.7543828783415629
22.98516611182852 -0.8382236073504492
23.124470148869907 -0.9058243796690298
23.263774185911288 -0.9558754807950361
23.403078222952676 -0.9874072080054039
23.542382259994064 -0.9998086576226669
23.681686297035444 -0.9928395608177027
23.820990334076832 -0.9666349386389406
23.960294371118213 -0.921702486080341
24.0995984081596 -0.8589127358698518
24.23890244520099 -0.7794821925476382
24.37820648224237 -0.6849497635986875
24.517510519283757 -0.5771469442690065
24.656814556325138 -0.4581623337124057
24.796118593366526 -0.33030116994091197
24.935422630407913 -0.19604066755909852
25.074726667449294 -0.057982023580251445
25.214030704490682 0.08119997882409029
25.353334741532063 0.21880879225141028
25.49263877857345 0.3521783486613239
25.631942815614835 0.4787247124536902
25.77124685265622 0.5959961422920927
25.910550889697607 0.7017205917620858
26.049854926738988 0.7938497285744692
26.189158963780375 0.8705986194744161
26.32846300082176 0.9304803119908672
26.467767037863144 0.972334643030729
26.607071074904532 0.9953507161727738
26.746375111945916 0.9990826121804985
26.8856791489873 0.9834580283544728
27.024983186028685 0.9487796793431672
27.16428722307007 0.8957194322726045
27.303591260111457 0.8253052898223147
27.44289529715284 0.7389014734407909
27.582199334194225 0.6381819925732546
27.72150337123561 0.5250982119782447
27.860807408276994 0.40184104549203986
28.00011144531838 0.27079850870851074
28.139415482359766 0.13450945295956526
28.27871951940115 -0.00438562303427088
28.418023556442535 -0.14319573085551915
28.55732759348392 -0.2792315282816194
28.696631630525303 -0.40985742328300007
28.83593566756669 -0.5325426366512847
28.975239704608075 -0.6449102339573114
29.11454374164946 -0.7447831768814254
29.253847778690844 -0.8302265017058328
29.393151815732228 -0.8995848077922595
29.532455852773616 -0.9515143297336248
29.671759889815 -0.9850089718057291
29.811063926856384 -0.9994198003209059
29.95036796389777 -0.9944676162338101
30.089672000939153 -0.9702483644145117
30.22897603798054 -0.9272312747882561
30.368280075021925 -0.8662497713559297
30.50758411206331 -0.7884853252261553
30.646888149104694 -0.6954445644944902
30.786192186146078 -0.588930084448714
30.925496223187466 -0.47100552363069426
31.064800260228846 -0.34395558238008095
31.204104297270234 -0.21024175847063337
31.34340833431162 -0.07245465742831292
31.482712371353003 0.06673619851702955
31.62201640839439 0.2046340904321471
31.76132044543577 0.33856734959671586
31.90062448247716 0.46594111909053004
32.03992851951854 0.5842876272093182
32.17923255655993 0.6913139986994693
32.318536593601316 0.7849466775044717
32.4578406306427 0.8633716003657246
32.597144667684084 0.9250693429440193
32.73644870472547 0.9688445575319244
32.87575274176685 0.9938491320233354
33.015056778808244 0.9995986214524464
33.15436081584962 0.9859816337533448
33.29366485289101 0.9532619878981335
33.43296888993239 0.9020736026012902
33.57227292697378 0.8334082146177443
33.711576964015165 0.7485961645835801
33.85088100105655 0.6492806226592309
33.990185038097934 0.5373857533341985
34.12948907513932 0.4150794361763827
34.2687931121807 0.28473126478369304
34.40809714922209 0.14886663767690064
34.54740118626347 0.010117830588412634
34.68670522330486 -0.12882700191515645
34.82600926034624 -0.2652759074210723
34.96531329738763 -0.39658529023911404
35.104617334429015 -0.5202111290946316
35.2439213714704 -0.6337582656418024
35.383225408511784 -0.7350268088686523
35.52252944555317 -0.8220547563432848
35.66183348259455 -0.8931560065464382
35.80113751963594 -0.9469530258298108
35.94044155667732 -0.9824035371022202
36.07974559371871 -0.9988207131702247
36.21904963076009 -0.9958864835023046
36.35835366780148 -0.9736576966079841
36.497657704842865 -0.9325650186403969
36.63696174188425 -0.8734045895610402
36.776265778925634 -0.7973225985223117
36.91556981596702 -0.7057930773082683
37.0548738530084 -0.6005893420691191
37.19417789004979 -0.4837496366445273
37.33348192709117 -0.3575376431106894
37.472785964132555 -0.22439862462986104
37.61209000117394 -0.08691205030188467
37.75139403821533 0.05225838012415126
37.890698075256715 0.19041634344417183
38.0300021122981 0.3248851322485341
38.169306149339484 0.4530595141300003
38.30861018638087 0.5724562061169277
38.44791422342225 0.6807619864271682
38.58721826046364 0.775878511413365
38.72652229750502 0.8559629694047857
38.865826334546405 0.9194637838078545
39.00513037158779 0.96515067374446
39.14443440862918 0.99213848982561
39.283738445670565 0.9999043632601101
39.42304248271195 0.9882978360470983
39.56234651975333 0.9575437759874948
39.70165055679472 0.9082380200382159
39.8409545938361 0.8413358304159037
39.980258630877486 0.7581333871045451
40.11956266791887 0.6602426753358324
40.258866704960255 0.5495602545785834
40.39817074200164 0.4282305141147442
40.53747477904302 0.2986041270977559
40.676778816084415 0.16319250801488805
40.8160828531258 0.024619155906251255
40.95538689016718 -0.11443117397080377
41.09469092720857 -0.2512644852707023
41.23399496424995 -0.38322973472788163
41.373299001291336 -0.5077701941411586
41.51260303833272 -0.6224729850741267
41.651907075374105 -0.7251158265737391
41.79121111241549 -0.8137100902049258
41.93051514945687 -0.8865393282420876
42.069819186498265 -0.9421925285625186
42.20912322353964 -0.9795914519530049
42.34842726058103 -0.9980115221897401
42.48773129762242 -0.9970958641617664
42.6270353346638 -0.9768622180598733
42.766339371705186 -0.9377025956736362
42.90564340874657 -0.8803756854556167
43.044947445787955 -0.8059921534989266
43.18425148282934 -0.7159931252107434
43.32355551987072 -0.6121222645832924
43.462859556912115 -0.49639199200556955
43.60216359395349 -0.37104449512053095
43.74146763099488 -0.23850828811315047
43.88077166803627 -0.10135116106096806
44.02007570507765 0.03776956908197594
44.159379742119036 0.17615854201750633
44.29868377916042 0.31113457469711253
44.437987816201804 0.4400826072421121
44.57729185324319 0.5605043677767574
44.71659589028457 0.670066774580963
44.855899927325964 0.7666471378070797
44.99520396436735 0.8483742850111671
45.134508001408726 0.9136648137223613
45.27381203845011 0.961253768683791
45.4131160754915 0.9902191494164243
45.552420112532886 0.9999997732901208
45.69172414957428 0.9904061480181928
45.831028186615654 0.9616241429290101
45.97033222365704 0.9142113878864981
46.10963626069842 0.8490864696277847
46.248940297739814 0.7675111348308482
46.3882443347812 0.6710658447144968
46.527548371822576 0.5616191547819886
46.66685240886396 0.44129151295295527
46.80615644590535 0.3124141774678155
46.945460482946736 0.17748405049956806
47.08476451998813 0.03911530253799114
47.224068557029504 -0.10001127521215668
47.36337259407089 -0.23720020915969678
47.50267663111227 -0.3697935661157203
47.641980668153664 -0.4952224487651183
47.78128470519505 -0.6110567661344459
47.920588742236426 -0.7150523147905951
48.05989277927781 -0.8051942586070931
48.1991968163192 -0.8797361647100326
48.338500853360586 -0.9372338393113648
48.47780489040198 -0.9765733078855264
48.617108927443354 -0.9969923975943086
48.75641296448474 -0.9980955038166833
48.89571700152612 -0.9798612546930178
49.035021038567514 -0.9426429251889057
49.1743250756089 -0.8871615926564228
49.313629112650275 -0.8144921664986797
49.45293314969166 -0.7260425626025073
49.59223718673305 -0.6235264260191197
49.731541223774435 -0.5089299303704257
49.87084526081583 -0.3844732972176731
50.0101492978572 -0.2525677809260705
50.14945333489859 -0.11576895241126663
50.28875737193997 0.023272813139370054
50.428061408981364 0.16186368530771006
50.56736544602275 0.29731856939830315
50.706669483064125 0.42701312814382414
50.84597352010551 0.5484346262806569
50.9852775571469 0.6592306129189383
51.124581594188285 0.7572544985225388
51.26388563122967 0.8406071434790043
51.40318966827105 0.907673652511886
51.54249370531244 0.957154662071284
51.68179774235382 0.9880915145326713
51.821101779395214 0.9998848314727978
51.9604058164366 0.9923061261792109
52.099709853477975 0.9655022304097608
52.23901389051936 0.9199924496368872
52.37831792756075 0.8566585018917378
52.517621964602135 0.7767274351354932
52.65692600164352 0.681747854121046
52.7962300386849 0.5735599173319045
52.93553407572629 0.4542596852851529
53.07483811276767 0.3261585109236196
53.214142149809064 0.19173825887788223
53.35344618685045 0.05360322119172489
53.49275022389183 -0.08557033889225218
53.63205426093321 -0.22308603753519485
53.7713582979746 -0.35627961072616593
53.910662335015985 -0.4825705324085164
54.04996637205737 -0.5995120102460368
54.18927040909876 -0.7048383903980048
54.32857444614014 -0.7965090528711055
54.46787848318152 -0.8727479470086077
54.60718252022291 -0.9320780011460353
54.7464865572643 -0.973349739772103
54.88579059430568 -0.9957635537587206
55.02509463134706 -0.998885192190959
55.16439866838845 -0.9826541756543771
55.303702705429835 -0.9473849679785346
55.44300674247122 -0.8937608837350256
55.58231077951261 -0.8228208495277208
55.72161481655399 -0.735939275565356
55.86091885359537 -0.6347994274896428
56.00022289063676 -0.5213608143599885
56.13952692767815 -0.3978212246281731
56.27883096471953 -0.26657414562763054
56.41813500176091 -0.1301623915430407
56.5574390388023 0.008771161716424896
56.696743075843685 0.147534780264967
56.83604711288507 0.28344002257498874
56.97535114992646 0.4138538260248445
57.11465518696784 0.5362495205216282
57.25395922400922 0.6482557808482239
57.393263261050606 0.7477025693192192
57.532567298092 0.8326631786412452
57.67187133513338 0.901491560428549
57.81117537217476 0.9528542161617786
57.95047940921615 0.9857560327263818
58.089783446257535 0.9995595619863703
58.22908748329892 0.9939973708661446
58.36839152034031 0.9691772226666928
58.50769555738169 0.925579989232086
58.64699959442307 0.8640503344164345
58.786303631464456 0.7857803493522416
58.92560766850585 0.6922864565745481
59.06491170554723 0.5853800304662891
59.20421574258861 0.46713230323172483
59.34351977963 0.33983423631856646
59.482823816671385 0.20595213475010013
59.62212785371277 0.06807986430630164
59.76143189075416 -0.07111140268940398
59.90073592779554 -0.20892493933995124
60.04003996483692 -0.34269071124533085
60.179344001878306 -0.4698171064259403
60.3186480389197 -0.5878411458701895
60.45795207596108 -0.6944762019142996
60.59725611300246 -0.7876562999464396
60.73656015004385 -0.865576145122656
60.875864187085234 -0.9267260986068534
61.01516822412662 -0.9699214256963988
61.15447226116801 -0.9943252491726053
61.29377629820939 -0.999464763172147
61.43308033525077 -0.9852403934477372
61.572384372292156 -0.9519277265448333
61.71168840933355 -0.9001721705180347
61.85099244637493 -0.8309764506318079
61.99029648341631 -0.7456811823069729
62.12960052045769 -0.6459388976976342
62.268904557499084 -0.5336820291142664
62.40820859454047 -0.41108546959019243
62.54751263158186 -0.28052443595250065
62.68681666862324 -0.144528450769086
62.82612070566462 -0.005732334737015964
62.965424742706006 0.13317484100161348
63.1047287797474 0.26950185360580725
63.24403281678878 0.4006074689692854
63.38333685383016 0.523951613659747
63.52264089087154 0.6371445869455488
63.661944927912934 0.737993359463535
63.80124896495432 0.8245440615259396
63.94055300199571 0.8951198378871262
64.07985703903708 0.9483533355622232
64.21916107607846 0.9832131952705759
64.35846511311986 0.9990240332518914
64.49776915016125 0.9954795263224686
64.63707318720263 0.972648346658228
64.77637722424402 0.9309728313225551
64.9156812612854 0.8712604123158885
65.05498529832678 0.794667973183428
65.19428933536817 0.7026794352600165
65.33359337240955 0.5970770078019684
65.47289740945094 0.47990665901307955
65.61220144649232 0.3534384769379169
65.7515054835337 0.22012268820048939
65.89080952057509 0.08254218669240869
66.03011355761649 -0.05663750806824239
66.16941759465786 -0.19471989338779308
66.30872163169924 -0.32902972612397874
66.44802566874063 -0.4569648535247135
66.58732970578203 -0.5760466279953362
66.72663374282341 -0.6839679290454789
66.86593777986478 -0.7786378620264535
67.00524181690616 -0.8582222676542843
67.14454585394756 -0.9211792574766654
67.28384989098895 -0.9662890868107783
67.42315392803033 -0.9926777863860572
67.5624579650717 -0.9998340948463941
67.7017620021131 -0.9876193640572816
67.84106603915448 -0.9562702453099267
67.98037007619587 -0.9063941043791319
68.11967411323725 -0.8389572542647855
68.25897815027864 -0.7552662335988041
68.39828218732002 -0.6569424934344208
68.5375862243614 -0.5458909828423807
68.67689026140279 -0.4242632419446672
68.81619429844417 -0.29441571743068173
68.95549833548556 -0.1588641081616344
69.09480237252694 -0.02023462538298199
69.23410640956833 0.11878688815808591
69.37341044660972 0.2555069944110077
69.51271448365111 0.38727684337347495
