0.0 0.0
0.07734087247680257 0.07726379170390996
0.15468174495360515 0.1540656518225938
0.23202261743040775 0.22994641048863296
0.3093634899072103 0.3044524047589364
0.38670436238401285 0.3771381908974004
0.4640452348608155 0.4475692075179749
0.541386107337618 0.5153243736661899
0.6187269798144206 0.5799986063061775
0.6960678522912231 0.6412052421620635
0.7734087247680257 0.6985783494344406
0.8507495972448283 0.7517749155710225
0.928090469721631 0.8004768980116116
1.0054313421984333 0.844393125646736
1.082772214675236 0.8832610396218373
1.1601130871520384 0.9168482630793858
1.2374539596288412 0.9449539904540203
1.3147948321056437 0.9674101880146254
1.3921357045824463 0.9840825984757566
1.4694765770592488 0.9948715436722089
1.5468174495360514 0.999712520497836
1.624158322012854 0.9985765865457255
1.7014991944896567 0.9914705331441261
1.7788400669664592 0.9784368447536127
1.856180939443262 0.9595534449682361
1.9335218119200643 0.9349332306392247
2.0108626843968667 0.9047233969065372
2.0882035568736694 0.8691045571736554
2.165544429350472 0.82828966328696
2.242885301827275 0.7825227323755374
2.320226174304077 0.7320773879631712
2.3975670467808796 0.6772552240746652
2.4749079192576824 0.6183840021169104
2.552248791734485 0.5558156913148619
2.6295896642112875 0.48992436441794557
2.70693053668809 0.42110396125767746
2.7842714091648926 0.34976593352736185
2.8616122816416953 0.2763367848648565
2.9389531541184977 0.20125552094533591
3.0162940265953004 0.12497102482900455
3.0936348990721028 0.04793937325558937
3.1709757715489055 -0.029378890069519253
3.248316644025708 -0.1065215078954523
3.32565751650251 -0.18302727309070693
3.4029983889793134 -0.25843878602971276
3.4803392614561157 -0.33230518921572877
3.5576801339329185 -0.404184862790784
3.635021006409721 -0.4736480648171884
3.712361878886524 -0.5402795005453674
3.7897027513633263 -0.6036808053073034
3.8670436238401287 -0.6634729261913003
3.9443844963169314 -0.7192983882589058
4.021725368793733 -0.7708234317551267
4.0990662412705365 -0.8177400075343536
4.176407113747339 -0.859767618772068
4.253747986224141 -0.8966549979514408
4.331088858700944 -0.9281816090987204
4.408429731177747 -0.954158966286114
4.48577060365455 -0.9744317605193191
4.563111476131352 -0.9888787882724589
4.640452348608154 -0.9974136761190597
4.717793221084957 -0.9999853971267676
4.795134093561759 -0.9965785759284711
4.8724749660385624 -0.9872135806459257
4.949815838515365 -0.9719464011162997
5.027156710992167 -0.9508683141496814
5.10449758346897 -0.924105337818848
5.181838455945773 -0.8918174780438984
5.259179328422575 -0.8541977719761357
5.336520200899377 -0.8114711339004581
5.41386107337618 -0.7638930105561781
5.491201945852983 -0.7117478539156075
5.568542818329785 -0.6553474205511034
5.645883690806588 -0.5950289077580206
5.723224563283391 -0.5311529375770153
5.800565435760193 -0.4641014007684658
5.877906308236995 -0.3942751736291051
5.955247180713798 -0.32209172130116254
6.032588053190601 -0.24798260190294347
6.109928925667403 -0.1723908864027308
6.1872697981442055 -0.09576850966161343
6.264610670621008 -0.01857356848239211
6.341951543097811 0.058732417181486724
6.419292415574613 0.1356872634827409
6.496633288051416 0.21183088590624685
6.573974160528218 0.28670804994389576
6.65131503300502 0.35987109277305923
6.7286559054818245 0.43088259966675313
6.805996777958627 0.49931801913422674
6.883337650435429 0.564768201157044
6.960678522912231 0.6268418433454516
7.038019395389034 0.6851678303903959
7.115360267865837 0.7393974528244622
7.192701140342639 0.7892064918265855
7.270042012819442 0.8342971576062649
7.347382885296244 0.8743998697783916
7.424723757773048 0.9092748690844961
7.50206463024985 0.938713650824523
7.579405502726653 0.9625402114291893
7.656746375203455 0.9806121007201144
7.734087247680257 0.9928212735666607
7.811428120157061 0.9990947358477409
7.888768992633863 0.999394980856624
7.966109865110665 0.9937202135396394
8.043450737587467 0.9821043612281376
8.12079161006427 0.9646168707995452
8.198132482541073 0.9413622934802149
8.275473355017876 0.9124796597723781
8.352814227494678 0.8781416482422818
8.430155099971481 0.838553553139013
8.507495972448282 0.7939520570162493
8.584836844925086 0.7446038156949505
8.662177717401889 0.6908038640270057
8.73951858987869 0.6328738519911579
8.816859462355493 0.5711601216669445
8.894200334832295 0.5060316365837294
8.9715412073091 0.4378777758244444
9.048882079785901 0.3671060060723318
9.126222952262705 0.2941394455185845
9.203563824739506 0.2194143341954614
9.280904697216307 0.143377425858743
9.358245569693112 0.06648331701254591
9.435586442169914 -0.010808270954739534
9.512927314646717 -0.08803524027433199
9.590268187123518 -0.16473587950839533
9.667609059600322 -0.24045162395168249
9.744949932077125 -0.31472979722000255
9.822290804553926 -0.3871263176346159
9.89963167703073 -0.4572083532220688
9.976972549507531 -0.5245569094561918
10.054313421984334 -0.5887693342711517
10.131654294461137 -0.6494617253689644
10.20899516693794 -0.7062712254291087
10.286336039414742 -0.7588581914980087
10.363676911891545 -0.8069082255884246
10.441017784368347 -0.8501340543485281
10.51835865684515 -0.8882772465628511
10.595699529321953 -0.9211097582167698
10.673040401798755 -0.9484352958871834
10.750381274275558 -0.9700904903081684
10.82772214675236 -0.985945873095288
10.905063019229164 -0.9959066507891013
10.982403891705966 -0.9999132715901329
11.059744764182767 -0.9979417813970222
11.13708563665957 -0.9900039670192183
11.214426509136372 -0.9761472857080152
11.291767381613177 -0.9564545814272258
11.369108254089978 -0.9310435895598197
11.446449126566781 -0.9000662330116821
11.523789999043583 -0.8637077139208512
11.601130871520386 -0.8221854064025443
11.67847174399719 -0.7757475569498632
11.75581261647399 -0.7246718002599823
11.833153488950794 -0.669263499359151
11.910494361427595 -0.6098539199503014
11.987835233904399 -0.5467982498981308
12.065176106381202 -0.48047347569246135
12.142516978858005 -0.411276128585681
12.219857851334806 -0.3396199138792989
12.29719872381161 -0.2659332375332143
12.374539596288411 -0.1906566448852135
12.451880468765214 -0.11424018679359897
12.529221341242016 -0.03714072894986008
12.606562213718819 0.040180779552046714
12.683903086195622 0.11726206205954169
12.761243958672424 0.19364227814226473
12.838584831149227 0.26886477878627735
12.915925703626028 0.3424798365293216
12.993266576102831 0.41404733421471157
13.070607448579636 0.4831393962887444
13.147948321056436 0.5493429469101103
13.225289193533241 0.6122621795773291
13.30263006601004 0.6715209235091475
13.379970938486846 0.7267648926303079
13.457311810963649 0.7776638037167026
13.53465268344045 0.8239133510364245
13.611993555917254 0.8652370256809915
13.689334428394055 0.9013877687096614
13.766675300870858 0.9321494482233142
13.844016173347661 0.9573381515369952
13.921357045824463 0.9768032847257246
13.998697918301266 0.9904284729697824
14.076038790778068 0.9981322563166367
14.15337966325487 0.9998685766998227
14.230720535731674 0.9956270533030562
14.308061408208475 0.98543304462329
14.385402280685279 0.9693474968616534
14.46274315316208 0.9474665795486985
14.540084025638883 0.9199211105824029
14.617424898115686 0.886875774116428
14.694765770592488 0.8485281359745771
14.772106643069291 0.8051074624779267
14.849447515546096 0.756873349746439
14.926788388022896 0.7041141716699402
15.0041292604997 0.6471453558274566
15.0814701329765 0.5863074976626083
15.158811005453305 0.5219643241896079
15.236151877930109 0.4545005194042294
15.31349275040691 0.3843194244006989
15.390833622883713 0.3118406259447276
15.468174495360515 0.2374974479197022
15.545515367837318 0.16173436064371402
15.622856240314121 0.0850043235462106
15.700197112790923 0.007766077091378263
15.777537985267726 -0.06951859986114041
15.854878857744527 -0.14638765086095207
15.93221973022133 -0.2223815043312569
16.009560602698134 -0.2970458211770277
16.086901475174933 -0.36993421111013564
16.16424234765174 -0.44061090145151444
16.24158322012854 -0.5086533424545242
16.318924092605343 -0.5736547335733817
16.396264965082146 -0.635226455572873
16.47360583755895 -0.6930003939387984
16.550946710035753 -0.7466311396982667
16.628287582512552 -0.7957980544919718
16.705628454989355 -0.8402071875521593
16.78296932746616 -0.8795930331253476
16.860310199942962 -0.9137201178328703
16.937651072419765 -0.9423844084789648
17.014991944896565 -0.9654145318896563
17.092332817373368 -0.982672799489478
17.16967368985017 -0.9940560304904448
17.247014562326974 -0.9994961687717616
17.324355434803778 -0.998960689762155
17.401696307280577 -0.9924527948922348
17.47903717975738 -0.9800113924543253
17.556378052234184 -0.9617108649842024
17.633718924710987 -0.9376606245554691
17.71105979718779 -0.9080044586453032
17.78840066966459 -0.8729196704824054
17.865741542141393 -0.8326160190166764
17.9430824146182 -0.7873344648481764
18.020423287095 -0.7373457296129757
18.097764159571803 -0.6829486774387711
18.175105032048602 -0.6244685281470171
18.25244590452541 -0.5622549128840789
18.329786777002212 -0.4966797838061726
18.407127649479012 -0.4281351903152028
18.484468521955815 -0.3570309351406396
18.561809394432615 -0.2837921242808462
18.63915026690942 -0.20885662545178205
18.716491139386225 -0.1326724502381912
18.793832011863024 -0.055695075598290164
18.871172884339828 0.02161527926421335
18.94851375681663 0.09879640438021559
19.025854629293434 0.17538686239739246
19.103195501770237 0.2509287473431682
19.180536374247037 0.324970422274873
19.25787724672384 0.3970692194497102
19.335218119200643 0.46679408687116686
19.412558991677447 0.5337281653892144
19.48989986415425 0.5974712809467216
19.56724073663105 0.6576423370718796
19.644581609107853 0.7138815933128255
19.721922481584656 0.7658528159925081
19.79926335406146 0.8132452884252827
19.876604226538262 0.8557756685768552
19.953945099015062 0.8931896830613285
20.03128597149187 0.9252636473475792
20.10862684396867 0.951805803086179
20.18596771644547 0.9726574645615432
20.263308588922275 0.9876939674150169
20.340649461399074 0.9968254139668951
20.41799033387588 0.9999972106813438
20.49533120635268 0.9971903945609221
20.572672078829484 0.98842174651932
20.650012951306287 0.9737436910544921
20.72735382378309 0.953243982822007
20.804694696259894 0.9270451819824739
20.882035568736693 0.895303921459751
20.959376441213497 0.8582099704907185
21.0367173136903 0.8159851000653269
21.114058186167103 0.768881757040007
21.191399058643906 0.7171815548514452
21.268739931120706 0.661193589854182
21.34608080359751 0.6012525933480155
21.423421676074312 0.5377169303435891
21.500762548551116 0.47096645703075307
21.57810342102792 0.40140024975914024
21.65544429350472 0.3294342191085285
21.73278516598152 0.2554986233135609
21.81012603845833 0.18003549590918322
21.887466910935128 0.10349600297591115
21.96480778341193 0.026337745784955336
22.04214865588873 -0.050977975030204646
22.119489528365534 -0.12798891741943275
22.19683040084234 -0.20423466148987737
22.27417127331914 -0.27925936218592723
22.351512145795944 -0.3526144746179443
22.428853018272743 -0.42386143574594054
22.50619389074955 -0.49257428638554424
22.583534763226353 -0.558342217860115
22.660875635703153 -0.6207720280736505
22.738216508179956 -0.679490472320437
22.81555738065676 -0.7341464947768475
22.892898253133563 -0.7844133273340607
22.970239125610366 -0.8299904432235169
23.047579998087166 -0.8706053537551235
23.12492087056397 -0.9060152374261862
23.202261743040772 -0.9360083916612001
23.279602615517575 -0.9604054985031225
23.35694348799438 -0.9790606966890012
23.434284360471178 -0.9918624537004246
23.51162523294798 -0.9987342325751307
23.588966105424785 -0.9996349494931441
23.666306977901588 -0.9945592194017178
23.74364785037839 -0.9835373882105667
23.82098872285519 -0.9666353513649187
23.898329595331994 -0.9439541598810564
23.975670467808797 -0.9156294161997345
24.0530113402856 -0.8818304634694225
24.130352212762403 -0.8427593731063606
24.207693085239203 -0.7986497366844293
24.28503395771601 -0.7497652693776614
24.36237483019281 -0.6963982333049442
24.439715702669613 -0.6388676902030588
24.517056575146416 -0.5775175938747903
24.59439744762322 -0.5127147338165602
24.671738320100022 -0.4448465423199211
24.749079192576822 -0.37431877815742803
24.826420065053625 -0.3015531007012534
24.90376093753043 -0.22698454897804052
24.98110181000723 -0.15105894073172715
25.05844268248403 -0.07423020704443208
25.135783554960835 0.003042321549322876
25.213124427437638 0.08029666122968056
25.29046529991444 0.1570709369215618
25.367806172391244 0.23290614367461615
25.445147044868044 0.3073488908837605
25.522487917344847 0.37995411294364434
25.59982878982165 0.4502877301309916
25.677169662298454 0.5179292438064584
25.75451053477526 0.5824742504202073
25.831851407252056 0.643536859290887
25.90919227972886 0.7007519997030881
25.986533152205663 0.7537776035298507
26.06387402468247 0.8022966503312904
26.141214897159273 0.8460190627023416
26.21855576963607 0.8846834405381022
26.295896642112872 0.9180586238482192
26.37323751458968 0.9459450747768112
26.450578387066482 0.9681760705653922
26.527919259543285 0.9846187003264794
26.60526013202008 0.9951746596685407
26.682601004496885 0.9997808384215372
26.75994187697369 0.998409697949241
26.837282749450495 0.9910694357925437
26.914623621927298 0.9778039366593954
26.991964494404094 0.9586925100543958
27.0693053668809 0.9338494161166415
27.146646239357704 0.9034231825007013
27.223987111834507 0.8675957163847844
27.30132798431131 0.8265812169151219
27.37866885678811 0.7806248945886314
27.456009729264913 0.7300015052301948
27.533350601741716 0.675013707329388
27.61069147421852 0.6159902525574954
27.688032346695323 0.5532840202830673
27.765373219172123 0.4872699078369176
27.842714091648926 0.41834258913986433
27.92005496412573 0.34691415509359885
27.997395836602532 0.27341164984184707
28.074736709079335 0.19827451763165224
28.152077581556135 0.12195197553903471
28.22941845403294 0.04490032776651014
28.30675932650974 -0.032419762430660644
28.384100198986545 -0.10954602687941825
28.461441071463348 -0.18601735621904278
28.538781943940148 -0.2613765567031823
28.61612281641695 -0.3351730835918908
28.693463688893754 -0.4069657347916859
28.770804561370557 -0.4763252886394191
28.84814543384736 -0.5428370700595746
28.92548630632416 -0.6061034297529102
29.002827178800963 -0.6657461215943048
29.080168051277766 -0.7214085640261865
29.15750892375457 -0.7727579719275681
29.234849796231373 -0.8194873462129891
29.312190668708173 -0.8613173092663065
29.389531541184976 -0.8979977752359618
29.46687241366178 -0.9293094452056235
29.544213286138582 -0.9550651183011669
29.62155415861539 -0.9751108108953436
29.698895031092192 -0.9893266772188362
29.77623590356899 -0.9976277258737167
29.85357677604579 -0.9999643279655251
29.930917648522595 -0.9963225138160383
30.0082585209994 -0.9867240564828039
30.085599393476205 -0.9712263415860973
30.162940265953 -0.9499220242215574
30.240281138429804 -0.9229384750096913
30.31762201090661 -0.8904370185941335
30.394962883383414 -0.8526119691413689
30.472303755860217 -0.8096894686083164
30.549644628337013 -0.7619261347233605
30.62698550081382 -0.7096075267640066
30.704326373290623 -0.6530464383037932
30.781667245767427 -0.59258102713537
30.85900811824423 -0.528572793550354
30.93634899072103 -0.46140441906301777
31.013689863197833 -0.39147747849928255
31.091030735674636 -0.31921003912963186
31.16837160815144 -0.24503416119977797
31.245712480628242 -0.16939331480252953
31.323053353105042 -0.09273972853441073
31.400394225581845 -0.015531685788414422
31.47773509805865 0.06176921515259477
31.55507597053545 0.13870082084101065
31.632416843012255 0.21480318570872253
31.709757715489054 0.2896213219112588
31.787098587965858 0.36270791953155485
31.86443946044266 0.43362602088020336
31.941780332919464 0.5019516329036048
32.01912120539627 0.5672762620813472
32.09646207787306 0.6292093566576165
32.17380295034987 0.687380641605472
32.25114382282668 0.7414423323640206
32.32848469530348 0.7910712141134594
32.40582556778028 0.8359705741567598
32.48316644025708 0.8758719758549307
32.56050731273388 0.9105368635102496
32.637848185210686 0.939757988602375
32.71518905768749 0.9633606488504814
32.79252993016429 0.9812037326934674
32.86987080264109 0.993180562943698
32.9472116751179 0.9992195345703914
33.0245525475947 0.9992845427995606
33.101893420071505 0.9933751989710892
33.17923429254831 0.9815268328623815
33.256575165025104 0.9638102814647163
33.33391603750191 0.9403314654751125
33.41125690997871 0.9112307560357344
33.488597782455514 0.8766821355068325
33.56593865493232 0.836892157290671
33.64327952740912 0.792098710925262
33.720620399885924 0.7425695998309529
33.79796127236273 0.6886009402129945
33.87530214483953 0.630515390692457
33.95264301731633 0.5686602232498765
34.02998388979313 0.5034052470147502
34.10732476226993 0.43514059731373617
34.184665634746736 0.3642744031961127
34.26200650722354 0.29123034738137593
34.33934737970034 0.21644513321723557
34.416688252177146 0.14036587379209287
34.49402912465395 0.06344741881153512
34.57136999713075 -0.013850364779537033
34.648710869607555 -0.09106534217099774
34.72605174208436 -0.1677358736203098
34.803392614561155 -0.2434035744255062
34.88073348703796 -0.3176160554375242
34.95807435951476 -0.38992962772728096
35.035415231991564 -0.4599119552374266
35.11275610446837 -0.5271446395594483
35.19009697694517 -0.5912257213827433
35.267437849421974 -0.6517720836604146
35.34477872189878 -0.7084217421241549
35.42211959437558 -0.7608360094540749
35.49946046685238 -0.8087015201647095
35.57680133932918 -0.8517321041011531
35.65414221180598 -0.8896704973444078
35.731483084282786 -0.9222898802970192
35.808823956759596 -0.9493952337534326
35.8861648292364 -0.9708245048475578
35.963505701713196 -0.9864495759068299
36.04084657419 -0.9961770304203029
36.1181874466668 -0.9999487115413522
36.195528319143605 -0.9977420697859206
36.27286919162041 -0.9895702978475279
36.350210064097205 -0.975482251723045
36.42755093657401 -0.955562158620784
36.50489180905082 -0.9299291133972296
36.58223268152762 -0.8987363665330216
36.659573554004425 -0.8621704079050945
36.73691442648122 -0.8204498518328099
36.814255298958024 -0.7738241300639163
36.89159617143483 -0.7225720005145646
36.96893704391163 -0.666999880678989
37.04627791638843 -0.607440015672837
37.12361878886523 -0.5442484918627218
37.20095966134204 -0.47780310795773273
37.27830053381884 -0.4085011162909832
37.355641406295646 -0.3367568477950291
37.43298227877245 -0.2629992348707581
37.510323151249246 -0.1876692469594797
37.58766402372605 -0.11121725414998283
37.66500489620285 -0.034100334582673246
37.742345768679655 0.0432204582513132
37.81968664115646 0.12028285197811192
37.89702751363326 0.19662611909638622
37.974368386110065 0.2717938314963634
38.05170925858687 0.34533658927440153
38.12905013106367 0.41681470752851585
38.206391003540475 0.4858008450715091
38.28373187601727 0.551882559345599
38.361072748494074 0.6146647722636898
38.43841362097088 0.6737721322348462
38.51575449344768 0.7288512582524173
38.59309536592448 0.7795728526281446
0.0 0.0
0.07739098804155559 0.07731375736041815
0.15478197608311117 0.1541646854797944
0.23217296412466676 0.23009272578706427
0.30956395216622234 0.3046433444648453
0.3869549402077779 0.3773702534598872
0.4643459282493335 0.4478380821312758
0.541736916290889 0.5156249835428982
0.6191279043324447 0.5803251597979241
0.6965188923740002 0.6415512912976977
0.7739098804155558 0.698936855382586
0.8513008684571114 0.7521383204745239
0.928691856498667 0.800837202586295
1.0060828445402226 0.8447419718865096
1.083473832581778 0.8835897979068643
1.1608648206233336 0.9171481229442158
1.2382558086648894 0.9452160542384919
1.315646796706445 0.96762556659234
1.3930377847480004 0.9842425082331786
1.470428772789556 0.9949674038961824
1.5478197608311115 0.9997360503206455
1.6252107488726673 0.9985199005948566
1.7026017369142228 0.9913262350486535
1.7799927249557785 0.9781981176706291
1.857383712997334 0.9592141383108936
1.9347747010388894 0.934487942212661
2.012165689080445 0.9041675496890642
2.0895566771220007 0.8684344700178686
2.166947665163556 0.8275026148586409
2.244338653205112 0.7816170176970703
2.3217296412466673 0.7310523669823303
2.399120629288223 0.6761113617386671
2.4765116173297788 0.617122899495151
2.5539026053713343 0.5544401073813197
2.63129359341289 0.4884382281753135
2.7086845814544454 0.4195123739594216
2.786075569496001 0.3480751608304944
2.8634665575375564 0.27455423882474067
2.940857545579112 0.199389731843706
3.018248533620668 0.12303160290700049
3.095639521662223 0.04593696050436552
3.173030509703779 -0.03143267782773854
3.2504214977453345 -0.10861414832374659
3.3278124857868896 -0.18514541366156034
3.4052034738284456 -0.2605683288918009
3.4825944618700007 -0.33443138406584977
3.559985449911557 -0.40629240714428944
3.637376437953112 -0.47572121100509146
3.714767425994668 -0.542302168705597
3.7921584140362237 -0.6056367015817681
3.8695494020777788 -0.6653456652900417
3.9469403901193347 -0.7210716195080235
4.02433137816089 -0.7724809677067427
4.101722366202446 -0.8192659541849943
4.179113354244001 -0.8611465064107587
4.256504342285557 -0.8978719116407565
4.333895330327112 -0.9292223177812612
4.411286318368668 -0.9550100495054518
4.488677306410224 -0.975080731748533
4.566068294451779 -0.989314213854956
4.6434592824933345 -0.9976252888454513
4.720850270534891 -0.999964203498064
4.798241258576446 -0.9963169561896617
4.875632246618002 -0.9867053807149173
4.9530232346595575 -0.9711870155810011
5.030414222701112 -0.9498547595604259
5.107805210742669 -0.9228363155640414
5.185196198784224 -0.8902934261633638
5.26258718682578 -0.8524209053386836
5.339978174867335 -0.8094454722492822
5.417369162908891 -0.76162439400724
5.494760150950446 -0.7092439455797068
5.572151138992002 -0.6526176960392363
5.649542127033557 -0.5920846314213368
5.726933115075113 -0.5280071254265187
5.804324103116668 -0.46076877011497874
5.881715091158224 -0.3907720795802006
5.959106079199779 -0.31843608034814436
6.036497067241336 -0.2441938029268015
6.1138880552828905 -0.16848968952264975
6.191279043324446 -0.09177693344237388
6.2686700313660015 -0.014514766107225598
6.346061019407558 0.06283429207905619
6.4234520074491135 0.13980720055140217
6.500842995490669 0.2159431705184605
6.578233983532224 0.29078642341767036
6.655624971573779 0.3638889193772294
6.733015959615336 0.4348130393513382
6.810406947656891 0.5031342048724636
6.887797935698447 0.5684434197377984
6.965188923740001 0.6303497184144129
7.042579911781557 0.6884825065060401
7.119970899823114 0.7424937792705664
7.197361887864669 0.7920602049073521
7.274752875906224 0.8368850601430541
7.35214386394778 0.876700006528774
7.429534851989336 0.9112666968149804
7.506925840030892 0.9403782017878209
7.584316828072447 0.9638602490252567
7.661707816114002 0.9815722661573489
7.7390988041555575 0.9934082223853572
7.816489792197114 0.9992972632219943
7.8938807802386695 0.9992041346530466
7.971271768280225 0.9931293941811676
8.04866275632178 0.9811094074884574
8.126053744363336 0.9632161307378069
8.203444732404892 0.9395566798162326
8.280835720446447 0.9102726890988749
8.358226708488003 0.8755394635723383
8.435617696529558 0.8355649293930819
8.513008684571114 0.790588389163215
8.59039967261267 0.7408790893750825
8.667790660654225 0.6867346086004564
8.74518164869578 0.6284790760732417
8.822572636737336 0.5664612313299269
8.899963624778891 0.5010523365235048
8.977354612820449 0.43264395390853533
9.054745600862002 0.3616456018021706
9.132136588903558 0.288482303053411
9.209527576945113 0.2135920406964309
9.286918564986669 0.13742313601933592
9.364309553028226 0.06043156474425036
9.441700541069782 -0.01692177261491043
9.519091529111336 -0.09417380987633998
9.596482517152891 -0.1708620872787348
9.673873505194447 -0.24652751993941824
9.751264493236004 -0.3207171461091887
9.82865548127756 -0.39298683877176976
9.906046469319115 -0.46290396435524367
9.983437457360669 -0.5300499726393838
10.060828445402224 -0.5940229023547614
10.138219433443782 -0.6544397874741352
10.215610421485337 -0.7109389497911831
10.293001409526893 -0.7631821640623346
10.370392397568448 -0.8108566827503306
10.447783385610002 -0.8536771082486544
10.52517437365156 -0.8913871013789905
10.602565361693115 -0.9237609159339844
10.67995634973467 -0.9506047500789873
10.757347337776226 -0.9717579065227517
10.834738325817781 -0.9870937545118805
10.912129313859337 -0.9965204878901621
10.989520301900892 -0.9999816746847636
11.066911289942448 -0.9974565949292526
11.144302277984004 -0.9889603647011131
11.221693266025559 -0.9745438456312171
11.299084254067115 -0.9542933404269661
11.37647524210867 -0.9283300762318129
11.453866230150226 -0.8968094789139686
11.531257218191781 -0.8599202426286765
11.608648206233337 -0.8178832002240018
11.686039194274892 -0.770950001252315
11.763430182316448 -0.7194016055013865
11.840821170358003 -0.6635466010633863
11.918212158399559 -0.6037193570104563
11.995603146441114 -0.5402780217356384
12.072994134482672 -0.47360237894183727
12.150385122524225 -0.40409157411368807
12.227776110565781 -0.33216172508249064
12.305167098607336 -0.25824343098832175
12.382558086648892 -0.18277919455156041
12.45994907469045 -0.10622077308511127
12.537340062732003 -0.029026474105163288
12.614731050773559 0.0483415882700589
12.692122038815116 0.12542025970926238
12.76951302685667 0.20174811828417594
12.846904014898227 0.27686823671484145
12.92429500293978 0.3503309177082054
13.001685990981338 0.4216963860153423
13.079076979022894 0.49053742109153586
13.156467967064447 0.5564419145992194
13.233858955106005 0.6190153374435402
13.311249943147558 0.6778831015719493
13.388640931189116 0.7326928023992452
13.466031919230671 0.7831163284339934
13.543422907272225 0.8288518254773802
13.620813895313782 0.8696255036360192
13.698204883355336 0.9051932763312568
13.775595871396893 0.9353422214932847
13.852986859438449 0.9598918561927495
13.930377847480003 0.9786952170794831
14.00776883552156 0.9916397401604099
14.085159823563114 0.9986479346499592
14.162550811604671 0.9996778468590674
14.239941799646228 0.9947233113457435
14.317332787687782 0.9838139878237266
14.394723775729338 0.9670151836082775
14.472114763770891 0.9444274626620202
14.549505751812449 0.9161860435812199
14.626896739854006 0.8824599901263955
14.70428772789556 0.8434511991430362
14.781678715937115 0.7993931919311149
14.859069703978673 0.7505497162987304
14.936460692020226 0.6972131676684936
15.013851680061784 0.639702838688502
15.091242668103337 0.578363007826431
15.168633656144895 0.5135608783890707
15.24602464418645 0.44568438030519036
15.323415632228004 0.3751398478310119
15.400806620269561 0.30234958708046655
15.478197608311115 0.22774934794192
15.555588596352672 0.1517857155153636
15.632979584394228 0.07491343668600266
15.710370572435782 -0.002407302161715079
15.787761560477339 -0.07971362999294325
15.865152548518893 -0.15654276204259
15.94254353656045 -0.23243477021907208
16.019934524602007 -0.3069353364068955
16.09732551264356 -0.37959847218584414
16.17471650068512 -0.44998918868547644
16.252107488726672 -0.5176861005921473
16.329498476768226 -0.5822839487200646
16.406889464809783 -0.6433960260452458
16.484280452851337 -0.7006564926792545
16.561671440892894 -0.7537225659244396
16.639062428934448 -0.8022765723001165
16.716453416976005 -0.8460278492555658
16.793844405017563 -0.8847144851854096
16.871235393059116 -0.9181048873310328
16.948626381100674 -0.9459991681819777
17.026017369142227 -0.9682303420777794
17.103408357183785 -0.9846653248469684
17.18079934522534 -0.9952057304989861
17.258190333266892 -0.999788460199748
17.33558132130845 -0.9983860800050023
17.412972309350003 -0.9910069850902438
17.49036329739156 -0.9776953494940334
17.567754285433118 -0.9585308616755841
17.64514527347467 -0.9336282474696621
17.72253626151623 -0.9031365832945686
17.799927249557783 -0.8672384037246187
17.87731823759934 -0.826148608769489
17.954709225640897 -0.7801131774019142
18.03210021368245 -0.729407695035002
18.109491201724005 -0.6743357037642552
18.18688218976556 -0.6152268852503865
18.264273177807116 -0.5524350871208483
18.341664165848673 -0.48633620470480804
18.419055153890227 -0.4173259307822707
18.496446141931784 -0.34581738681820773
18.573837129973338 -0.27223864986205176
18.651228118014895 -0.197030189917388
18.728619106056453 -0.12064223312280782
18.806010094098006 -0.04353206652883501
18.883401082139564 0.033838699394425034
18.960792070181117 0.11100689413121653
19.03818305822267 0.18751055983313444
19.11557404626423 0.262891716772607
19.192965034305782 0.33669910498185057
19.27035602234734 0.4084908856648486
19.347747010388893 0.47783728621060023
19.42513799843045 0.5443231729736993
19.502528986472008 0.6075505364205076
19.57991997451356 0.6671408737639865
19.65731096255512 0.722737454823799
19.734701950596673 0.7740074575473722
19.81209293863823 0.8206439604079487
19.889483926679784 0.8623677797523073
19.966874914721338 0.89892914109917
20.044265902762895 0.930109174383218
20.12165689080445 0.9557212241936495
20.199047878846006 0.9756119671637078
20.276438866887563 0.9896623298220341
20.353829854929117 0.9977882014112736
20.431220842970674 0.9999409374067155
20.508611831012228 0.9961076507207192
20.586002819053785 0.9863112888496695
20.66339380709534 0.9706104965016317
20.740784795136896 0.9490992645270596
20.81817578317845 0.9219063672542065
20.895566771220004 0.889194591597538
20.97295775926156 0.8511597625540155
21.05034874730312 0.8080295709209884
21.127739735344672 0.76006221025341
21.20513072338623 0.7075448312200641
21.282521711427783 0.6507918226116358
21.35991269946934 0.5901429292911029
21.437303687510898 0.5259612183531726
21.51469467555245 0.45863090566804177
21.592085663594005 0.3885550558206288
21.669476651635563 0.3161531692143197
21.746867639677117 0.24185867078372594
21.824258627718674 0.16611631534992552
21.901649615760228 0.08937952515079085
21.979040603801785 0.012107675484844161
22.05643159184334 -0.06523665528209255
22.133822579884896 -0.1421904548850697
22.211213567926453 -0.21829304892561283
22.288604555968007 -0.29308885864201234
22.365995544009564 -0.36613012817521406
22.443386532051118 -0.4369796050038366
22.520777520092672 -0.5052131575023056
22.59816850813423 -0.5704223139523339
22.675559496175783 -0.6322167078083077
22.75295048421734 -0.6902264145783255
22.830341472258894 -0.7441041663313681
22.90773246030045 -0.7935274305738168
22.98512344834201 -0.8382003410502943
23.062514436383562 -0.8778554689103995
23.13990542442512 -0.9122554236384307
23.217296412466673 -0.941194274162319
23.29468740050823 -0.9644987816345209
23.372078388549784 -0.9820294365049299
23.44946937659134 -0.9936812936775431
23.526860364632896 -0.9993846007512868
23.60425135267445 -0.9991052155841342
23.681642340716007 -0.9928448106808153
23.759033328757564 -0.9806408631805734
23.836424316799118 -0.9625664305049095
23.913815304840675 -0.9387297130083663
23.99120629288223 -0.9092734062505011
24.068597280923786 -0.8743738467665683
24.145988268965343 -0.8342399564506808
24.223379257006897 -0.7891119918707424
24.30077024504845 -0.739260106002229
24.378161233090005 -0.6849827309908386
24.455552221131562 -0.6266047916253762
24.53294320917312 -0.5644757602157222
24.610334197214673 -0.4989675645200919
24.68772518525623 -0.4304723612455253
24.765116173297784 -0.3594001884503112
24.84250716133934 -0.28617651090186674
24.9198981493809 -0.21123967308458055
24.997289137422452 -0.13503827510479133
25.074680125464006 -0.05802848720175728
25.152071113505563 0.01932868105902436
25.229462101547117 0.09657014056252158
25.306853089588675 0.1732334948698733
25.384244077630232 0.24885980829742535
25.461635065671782 0.32299635327841597
25.53902605371334 0.3951993205605537
25.616417041754897 0.465036476015145
25.693808029796454 0.5320897481532453
25.77119901783801 0.5959577308588849
25.84859000587956 0.6562580863571045
25.92598099392112 0.7126298340317525
26.003371981962676 0.7647355113912406
26.08076297000423 0.8122631942460096
26.158153958045787 0.854928364004093
26.235544946087337 0.8924756109064433
26.312935934128895 0.9246801630058703
26.390326922170452 0.9513492317364649
26.46771791021201 0.9723231660185062
26.545108898253567 0.9874764079898898
26.622499886295117 0.9967182446427315
26.699890874336674 0.9999933508655667
26.77728186237823 0.9972821206402779
26.854672850419785 0.9886007844111008
26.932063838461342 0.9740013119230756
27.009454826502896 0.9535711011116027
27.08684581454445 0.927432454905514
27.164236802586007 0.8957418490757241
27.241627790627565 0.8586889955123961
27.319018778669122 0.8164957065381832
27.396409766710672 0.7694145670562134
27.47380075475223 0.717727422481806
27.551191742793787 0.6617436915097973
27.628582730835344 0.6017985138177955
27.705973718876898 0.5382507437939815
27.78336470691845 0.47148080229971284
27.860755694960005 0.40188839932712106
27.938146683001563 0.3298901411847015
28.01553767104312 0.25591703653521125
28.092928659084677 0.1804119162156362
28.170319647126227 0.103826782285195
28.247710635167785 0.026620102170917363
28.325101623209342 -0.05074593589083124
28.4024926112509 -0.12780818968705998
28.479883599292457 -0.20410533557169094
28.557274587334007 -0.2791806301224719
28.634665575375564 -0.35258464437898007
28.712056563417118 -0.42387795429343333
28.789447551458675 -0.49263377128841535
28.866838539500232 -0.5584404971738535
28.944229527541783 -0.620904188128657
29.02162051558334 -0.6796509129966717
29.099011503624897 -0.7343289917792389
29.176402491666455 -0.7846111009240108
29.253793479708012 -0.8301962328068853
29.331184467749562 -0.8708114976768951
29.40857545579112 -0.9062137572769475
29.485966443832677 -0.9361910803608893
29.56335743187423 -0.9605640113937007
29.640748419915788 -0.9791866448398494
29.718139407957345 -0.991947498608716
29.795530395998895 -0.9987701814283383
29.872921384040453 -0.9996138501523092
29.95031237208201 -0.9944734542622136
30.027703360123567 -0.9833797661019356
30.105094348165125 -0.9663991966628288
30.182485336206675 -0.9436333980225372
30.259876324248232 -0.9152186548174025
30.33726731228979 -0.8813250683913662
30.414658300331343 -0.8421555385053178
30.4920492883729 -0.797944548702779
30.56944027641445 -0.7489567626032029
30.646831264456008 -0.6954854395259418
30.724222252497565 -0.6378506789296512
30.801613240539123 -0.5763975041764743
30.87900422858068 -0.5114937970923847
30.95639521662223 -0.44352809568816615
31.033786204663787 -0.3729072682246662
31.111177192705345 -0.30005407754633945
31.1885681807469 -0.2254046502637736
31.265959168788456 -0.14940586593569727
31.34335015683001 -0.07251268187982608
31.420741144871563 0.004814590372844287
31.49813213291312 0.08211304067604544
31.575523120954678 0.15891993142253572
31.652914108996235 0.2347754676655339
31.730305097037785 0.30922554962425924
31.807696085079343 0.3818244910961027
31.8850870731209 0.4521376875018849
31.962478061162457 0.5197442175924158
32.039869049204015 0.5842393632414582
32.117260037245565 0.6452370322407015
32.19465102528712 0.7023720695930116
32.27204201332868 0.7553024434676
32.34943300137024 0.8037112927312761
32.42682398941179 0.8473088237984009
32.504214977453344 0.8858340454443411
32.5816059654949 0.919056331197115
32.65899695353645 0.9467767999542414
32.73638794157801 0.9688295065598537
32.813778929619566 0.9850824352148255
32.89116991766112 0.9954382897730248
32.968560905702674 0.9998350761926537
33.04595189374423 0.9982464736559017
33.12334288178579 0.9906819921352694
33.200733869827346 0.9771869154632931
33.278124857868896 0.9578420302464876
33.35551584591045 0.9327631422463156
33.43290683395201 0.9021003831223379
33.51029782199357 0.8660373116876058
33.587688810035125 0.8247898150565427
33.665079798076675 0.7786048162634539
33.74247078611823 0.7277587960883204
33.81986177415979 0.672556137938849
33.89725276220135 0.613327305696852
33.974643750242905 0.5504268654371168
34.052034738284455 0.4842313628614826
34.12942572632601 0.41513706915456816
34.20681671436757 0.3435576087553988
34.28420770240912 0.26992148324587073
34.36159869045068 0.19466950617903533
34.438989678492234 0.11825216420335408
34.516380666533784 0.04112692028010462
34.59377165457534 -0.03624452486204877
34.6711626426169 -0.1133989966412905
34.748553630658456 -0.18987461935999908
34.82594461870001 -0.26521358116644117
34.903335606741564 -0.3389648746887962
34.98072659478312 -0.41068699693493527
35.05811758282468 -0.4799505922954764
35.135508570866236 -0.5463410228280011
35.212899558907786 -0.6094608504357811
35.29029054694934 -0.6689322160817845
35.3676815349909 -0.7243991017950078
35.44507252303246 -0.7755294619280256
35.522463511074015 -0.8220172109071641
35.599854499115565 -0.8635840555759058
35.67724548715712 -0.8999811611624485
35.75463647519868 -0.930990640898251
35.83202746324024 -0.9564268603702251
35.909418451281795 -0.9761375487981745
35.986809439323345 -0.9900047105849756
36.0642004273649 -0.9979453316826232
36.14159141540645 -0.9999118765455479
36.21898240344801 -0.9958925726962835
36.29637339148957 -0.9859114811999439
36.37376437953112 -0.9700283526256367
36.451155367572674 -0.9483382693570694
36.52854635561423 -0.9209710763936334
36.60593734365579 -0.8880906040493783
36.683328331697346 -0.8498936872031118
36.7607193197389 -0.8066089869707592
36.838110307780454 -0.7584956218538734
36.91550129582201 -0.7058416165588144
36.99289228386357 -0.6489621777724711
37.070283271905126 -0.5881978072164409
37.147674259946676 -0.5239122632756151
37.22506524798823 -0.45649038340359843
37.30245623602979 -0.38633578034095073
37.37984722407135 -0.313868425937439
37.457238212112905 -0.23952213704253464
37.534629200154455 -0.163741978514535
37.61202018819601 -0.08698159889483717
37.68941117623757 -0.00970051469712432
37.76680216427913 0.06763864043140691
37.84419315232068 0.14457288520911168
37.921584140362235 0.22064166230007476
37.998975128403785 0.2953895953835601
38.07636611644534 0.3683692152080585
38.1537571044869 0.43914363831054065
38.23114809252846 0.5072891823652723
38.30853908057001 0.5723979025056155
38.385930068611565 0.6340800334355133
38.46332105665312 0.691966322711167
38.54071204469468 0.7457102412251203
38.61810303273624 0.7949900576598735
