0.0 0.0
0.10442798921300481 0.10423829124016479
0.20885597842600961 0.20734087520907188
0.31328396763901445 0.30818441850489914
0.41771195685201923 0.40567020064769743
0.522139946065024 0.49873608496670413
0.6265679352780289 0.5863680908961444
0.7309959244910337 0.6676114415959058
0.8354239137040385 0.7415809665299669
0.9398519029170432 0.8074707456633803
1.044279892130048 0.8645628902014137
1.148707881343053 0.9122353642020722
1.2531358705560578 0.9499687618432026
1.3575638597690625 0.9773519665038356
1.4619918489820674 0.9940866300023825
1.566419838195072 0.9999904231890537
1.670847827408077 0.9949990224763235
1.7752758166210818 0.9791668106636006
1.8797038058340865 0.9526662844204088
1.9841317950470914 0.9157861748837275
2.088559784260096 0.8689283018461422
2.192987773473101 0.8126031958093649
2.297415762686106 0.7474245356021569
2.401843751899111 0.6741024621664643
2.5062717411121156 0.5934358413600629
2.61069973032512 0.5063035600747814
2.715127719538125 0.41365495050169415
2.81955570875113 0.3164994468737713
2.9239836979641347 0.21589558737885364
3.02841168717714 0.11293948107039475
3.132839676390144 0.008752865432421804
3.237267665603149 -0.09552911528490697
3.341695654816154 -0.19877027780044884
3.446123644029159 -0.299845778857787
3.5505516332421636 -0.39765437072798043
3.6549796224551683 -0.49113039963201166
3.759407611668173 -0.5792554163565297
3.863835600881178 -0.6610692725617741
3.9682635900941827 -0.7356805818840915
4.072691579307188 -0.8022764318562187
4.177119568520192 -0.860131240831055
4.281547557733197 -0.9086146634101088
4.385975546946202 -0.9471984582446068
4.4904035361592065 -0.9754622433825337
4.594831525372212 -0.9930980764553754
4.699259514585216 -0.9999138098020637
4.803687503798222 -0.9958351839750511
4.908115493011226 -0.980906636819139
5.012543482224231 -0.9552908193079049
5.116971471437235 -0.9192668234128368
5.22139946065024 -0.8732271413130659
5.325827449863246 -0.8176733890760172
5.43025543907625 -0.7532108414007559
5.534683428289255 -0.6805418369696167
5.63911141750226 -0.6004581262587984
5.743539406715264 -0.5138322451807912
5.847967395928269 -0.421608008545381
5.952395385141274 -0.32479022691581727
6.05682337435428 -0.22443375889804285
6.161251363567284 -0.12163201814158978
6.265679352780288 -0.017505060271754816
6.370107341993293 0.0868126204504792
6.474535331206298 0.1901844517817693
6.578963320419303 0.29148416678997935
6.683391309632308 0.3896080748683038
6.787819298845312 0.4834870867735974
6.892247288058318 0.5720983626725257
6.996675277271322 0.6544764562865969
7.101103266484327 0.7297238337173125
7.205531255697331 0.7970206523456642
7.3099592449103366 0.8556336932619857
7.414387234123342 0.9049243499046452
7.518815223336346 0.9443555858689955
7.623243212549351 0.9734977860791705
7.727671201762356 0.992033437572463
7.83209919097536 0.999760588897751
7.9365271801883654 0.9965950504367875
8.04095516940137 0.9825713116752003
8.145383158614376 0.9578421654292586
8.24981114782738 0.9226770431225733
8.354239137040384 0.8774590792503781
8.458667126253388 0.8226809370149393
8.563095115466394 0.7589394406130321
8.667523104679399 0.6869290726583243
8.771951093892405 0.6074344075861681
8.876379083105409 0.5213215634811446
8.980807072318413 0.4295287654622101
9.085235061531419 0.33305612344021146
9.189663050744423 0.23295473562213798
9.294091039957427 0.13031523648266524
9.398519029170432 0.026255913976287598
9.502947018383436 -0.07808947454346785
9.607375007596444 -0.18158405494854488
9.711802996809448 -0.2831002229190326
9.816230986022452 -0.38153192952855036
9.920658975235456 -0.4758067319771566
10.025086964448462 -0.5648974781755062
10.129514953661467 -0.6478334978731971
10.23394294287447 -0.7237111784006524
10.338370932087475 -0.7917038097986435
10.44279892130048 -0.8510705920698574
10.547226910513487 -0.9011647064158058
10.651654899726491 -0.9414403625205369
10.756082888939495 -0.9714587450989146
10.8605108781525 -0.9908927949200169
10.964938867365504 -0.9995307722150004
11.06936685657851 -0.9972785636450319
11.173794845791514 -0.9841607076941835
11.27822283500452 -0.9603201273153299
11.382650824217524 -0.9260165727419526
11.487078813430529 -0.8816237914318756
11.591506802643535 -0.827625455977246
11.695934791856539 -0.7646098943473945
11.800362781069543 -0.69326367988014
11.904790770282547 -0.6143641508605135
12.009218759495552 -0.5287709411883066
12.11364674870856 -0.4374166144103517
12.218074737921564 -0.34129650316256244
12.322502727134568 -0.24145786472399755
12.426930716347572 -0.13898847083648175
12.531358705560576 -0.035004756107056785
12.635786694773582 0.06936034588003125
12.740214683986586 0.17296974621261316
12.84464267319959 0.27469458957343257
12.949070662412597 0.3734265534554937
13.0534986516256 0.468089923666318
13.157926640838607 0.5576533145549055
13.262354630051611 0.6411409062659919
13.366782619264615 0.7176430765884123
13.47121060847762 0.7863263115603736
13.575638597690624 0.8464422868526573
13.68006658690363 0.8973360209853694
13.784494576116636 0.9384530115465035
13.88892256532964 0.969345276661098
13.993350554542644 0.9896762358873713
14.097778543755648 0.999224377361015
14.202206532968654 0.9978856712330205
14.306634522181659 0.9856747031059104
14.411062511394663 0.9627245151192483
14.515490500607667 0.92928515641585
14.619918489820673 0.8857209587817964
14.724346479033679 0.8325065671429677
14.828774468246683 0.7702217681670159
14.933202457459688 0.6995451733147023
15.037630446672692 0.6212468251656443
15.142058435885696 0.5361798075747517
15.246486425098702 0.44527095106919995
15.350914414311706 0.34951073475342426
15.455342403524712 0.24994249474386307
15.559770392737716 0.14765105671081644
15.66419838195072 0.0437509163792162
15.768626371163727 -0.06062590323468123
15.873054360376731 -0.16434218555166788
15.977482349589735 -0.2662679107433906
16.08191033880274 -0.3652925676353931
16.186338328015744 -0.4603372530575634
16.29076631722875 -0.5503664268159498
16.395194306441756 -0.6343991942120025
16.49962229565476 -0.7115199931828767
16.604050284867764 -0.7808885696231532
16.70847827408077 -0.8417491322039191
16.812906263293776 -0.8934385869447062
16.917334252506777 -0.9353937618201625
17.021762241719784 -0.9671575426872466
17.12619023093279 -0.9883838536801266
17.230618220145793 -0.9988414278099671
17.335046209358797 -0.9984163266877398
17.4394741985718 -0.9871131819169541
17.54390218778481 -0.9650551446309549
17.648330176997813 -0.9324825437245994
17.752758166210818 -0.8897502673992667
17.857186155423822 -0.8373238965500642
17.961614144636826 -0.7757746321231196
18.06604213384983 -0.7057730717109162
18.170470123062838 -0.6280819031915205
18.27489811227584 -0.5435475950166989
18.379326101488846 -0.4530911736856532
18.48375409070185 -0.3576981888866629
18.588182079914855 -0.25840797563926765
18.692610069127863 -0.15630233042926772
18.797038058340863 -0.05249372471338879
18.90146604755387 0.051886815789062686
19.005894036766872 0.15570203395867765
19.11032202597988 0.2578208320314941
19.214750015192887 0.3571305952464265
19.319178004405888 0.45254931411493776
19.423605993618896 0.5430373732371359
19.528033982831897 0.6276088782215674
19.632461972044904 0.7053423972986965
19.73688996125791 0.7753910005947995
19.841317950470913 0.8369914876855595
19.945745939683917 0.8894727028922944
20.050173928896925 0.9322628477232456
20.15460191810993 0.9648957107886752
20.259029907322933 0.9870157473130093
20.363457896535937 0.9983819529011999
20.46788588574894 0.9988704893534882
20.57231387496195 0.9884760339195241
20.67674186417495 0.9673118372913214
20.781169853387958 0.9356084897031856
20.88559784260096 0.8937114085823511
20.990025831813966 0.8420770751230771
21.094453821026974 0.7812680607879114
21.198881810239975 0.7119468979238196
21.303309799452983 0.6348688612746518
21.407737788665983 0.5508737390375891
21.51216577787899 0.46087668312023355
21.616593767091995 0.36585823828768077
21.721021756305 0.26685365883483275
21.825449745518007 0.16494162918211017
21.929877734731008 0.06123251128699794
22.034305723944016 -0.043143753080676084
22.13873371315702 -0.1470499533912701
22.243161702370024 -0.249354000603251
22.34758969158303 -0.3489412616109202
22.452017680796033 -0.4447267035045338
22.55644567000904 -0.5356667153274592
22.660873659222045 -0.6207704785287838
22.76530164843505 -0.6991107622269486
22.869729637648053 -0.7698340256667295
22.974157626861057 -0.8321697178003302
23.07858561607406 -0.8854386726708575
23.18301360528707 -0.9290605091279794
23.28744159450007 -0.9625599542536449
23.391869583713078 -0.9855720216022857
23.496297572926082 -0.9978459878369795
23.600725562139086 -0.9992481244349928
23.705153551352094 -0.9897631546999142
23.809581540565095 -0.9694944202058214
23.914009529778102 -0.9386627548600053
24.018437518991103 -0.8976040788516979
24.12286550820411 -0.8467657387014101
24.22729349741712 -0.7867016332871903
24.33172148663012 -0.7180661789511472
24.436149475843127 -0.6416071794382111
24.540577465056128 -0.5581576783513411
24.645005454269135 -0.4686268828929814
24.74943344348214 -0.37399025778146816
24.853861432695144 -0.27527889727196825
24.958289421908148 -0.173568291077068
25.062717411121152 -0.06996660658559604
25.16714540033416 0.03439738495158312
25.271573389547164 0.1383866067209797
25.37600137876017 0.24086806513750642
25.480429367973173 0.3407251941474798
25.584857357186177 0.436870020548785
25.68928534639918 0.5282550177833917
25.79371333561219 0.6138845190516228
25.898141324825193 0.6928255653988744
26.002569314038197 0.7642180705816913
26.1069973032512 0.8272841919638909
26.211425292464206 0.8813368053440722
26.315853281677214 0.9257869913787211
26.420281270890214 0.9601504520340908
26.524709260103222 0.9840527871577318
26.629137249316223 0.9972335736797978
26.73356523852923 0.9995492030000737
26.83799322774224 0.9909744456464967
26.94242121695524 0.9716027261577853
27.046849206168247 0.9416451051952192
27.151277195381248 0.9014279799737986
27.255705184594255 0.8513895280672261
27.36013317380726 0.7920749333325767
27.464561163020264 0.7241304459695636
27.56898915223327 0.6482963414318771
27.673417141446272 0.5653988549053494
27.77784513065928 0.47634117922915575
27.882273119872284 0.3820936243405019
27.98670110908529 0.2836830454584396
28.091129098298293 0.18218165519001853
28.195557087511297 0.07869534145415161
28.2999850767243 -0.025648381497083855
28.40441306593731 -0.12971265768249746
28.508841055150313 -0.23236367577674447
28.613269044363317 -0.33248302232288646
28.71769703357632 -0.4289798671805478
28.822125022789326 -0.5208028484456296
28.926553012002334 -0.6069515273518178
29.030981001215334 -0.6864872883493
29.135408990428342 -0.7585435656011456
29.239836979641346 -0.8223352844765078
29.34426496885435 -0.8771674151728971
29.448692958067358 -0.9224425452731545
29.55312094728036 -0.9576673887319058
29.657548936493367 -0.9824581603741586
29.761976925706367 -0.9965447573492274
29.866404914919375 -0.9997737019818613
29.97083290413238 -0.9921098139572815
30.075260893345384 -0.973636593621206
30.17968888255839 -0.9445553122186786
30.284116871771392 -0.9051828189838313
30.3885448609844 -0.8559480889729685
30.492972850197404 -0.7973875492534082
30.59740083941041 -0.7301392343705833
30.701828828623412 -0.6549358347713882
30.806256817836417 -0.5725967139232392
30.910684807049424 -0.4840189811047261
31.01511279626243 -0.39016771713247833
31.119540785475433 -0.29206545951782303
31.223968774688437 -0.19078106161564737
31.32839676390144 -0.08741804714831776
31.432824753114446 0.01689741301439213
31.537252742327453 0.12102877082280204
31.641680731540454 0.22384148407727472
31.746108720753462 0.32421537760388713
31.850536709966466 0.4210568478969847
31.95496469917947 0.5133107782555713
32.05939268839248 0.5999720345944318
32.16382067760548 0.6800964166797533
32.26824866681849 0.7528109454723019
32.37267665603149 0.8173233744943746
32.477104645244495 0.8729308215914939
32.5815326344575 0.9190274270430773
32.6859606236705 0.9551109545848014
32.79038861288351 0.9807882634224949
32.89481660209651 0.9957795916183255
32.99924459130952 0.9999216041805639
33.10367258052253 0.9931691726470223
33.20810056973553 0.9755958667731165
33.312528558948536 0.9473931529674314
33.41695654816154 0.9088683082081066
33.521384537374544 0.8604410721685016
33.62581252658755 0.802639074028287
33.73024051580055 0.7360920837961666
33.83466850501355 0.6615251507777975
33.93909649422656 0.5797507039473709
34.04352448343957 0.49165970029165257
34.14795247265257 0.3982119175678808
34.25238046186558 0.30042549723883605
34.35680845107858 0.1993658515179961
34.461236440291586 0.09613405538566756
34.565664429504594 -0.008145149951263605
34.670092418717594 -0.11233561145024602
34.7745204079306 -0.21530214295933112
34.8789483971436 -0.3159228934088091
34.98337638635661 -0.4131015697132515
35.08780437556962 -0.5057793812115894
35.19223236478262 -0.5929465755071626
35.29666035399563 -0.673653440021248
35.40108834320863 -0.7470206493948084
35.505516332421635 -0.8122488460005738
35.609944321634636 -0.868627349182753
35.714372310847644 -0.9155418983347682
35.81880030006065 -0.9524813454517331
35.92322828927365 -0.9790432242404268
36.02765627848666 -0.9949381351095923
36.13208426769966 -0.9999928982647841
36.23651225691267 -0.9941524405538863
36.340940246125676 -0.9774803955055261
36.44536823533868 -0.9501584100228051
36.54979622455168 -0.9124841652861099
36.654224213764685 -0.8648681334278705
36.75865220297769 -0.807829105316267
36.8630801921907 -0.7419885381739868
36.9675081814037 -0.6680637846164477
37.0719361706167 -0.5868602768810923
37.17636415982971 -0.4992627514029563
37.28079214904272 -0.4062256093473566
37.385220138255725 -0.3087625181245362
37.48964812746872 -0.20793536718093136
37.59407611668173 -0.10484269839689733
37.698504105894735 -0.0006077371453735824
37.80293209510774 0.10363384558360152
37.90736008432075 0.20674630665701796
38.011788073533744 0.30760620505904057
38.11621606274675 0.40511464211598797
38.22064405195976 0.49820923432503716
38.32507204117277 0.5858756883393892
38.429500030385775 0.667158851996773
38.53392801959877 0.74117312098711
38.638356008811776 0.8071120877756356
38.742783998024784 0.8642573276534342
38.84721198723779 0.911986226188949
38.95163997645079 0.9497787627978893
39.05606796566379 0.9772231765225974
39.1604959548768 0.9940204522904771
39.26492394408981 0.9999875787723885
39.369351933302816 0.995059542345666
39.47377992251582 0.9792900354369254
39.57820791172882 0.9528508715270607
39.682635900941825 0.9160301131921259
39.78706389015483 0.869228933575664
39.891491879367834 0.8129572454876598
39.99591986858084 0.7478281457523834
40.10034785779385 0.6745512353356621
40.20477584700685 0.5939248880307156
40.30920383621986 0.5068275519375524
40.41363182543286 0.4142081785089692
40.518059814645866 0.31707588344140913
40.622487803858874 0.21648895205853186
40.726915793071875 0.1135433089769696
40.831343782284875 0.009360577680763756
40.93577177149788 -0.09492413990099487
41.04019976071089 -0.1981746306682035
41.1446277499239 -0.29926594973036047
41.2490557391369 -0.3970966770166389
41.3534837283499 -0.49060091757606805
41.45791171756291 -0.5787599148209032
41.562339706775916 -0.6606131501834738
41.66676769598892 -0.7352688082524637
41.77119568520192 -0.8019134933677788
41.875623674414925 -0.8598210918088874
41.98005166362793 -0.9083606830203086
42.08447965284094 -0.9470034136792678
42.18890764205395 -0.9753282597103653
42.29333563126694 -0.9930266134684429
42.39776362047995 -0.9999056461109255
42.50219160969296 -0.9958904085255564
42.606619598905965 -0.9810246479233391
42.71104758811897 -0.9554703311996231
42.815475577331966 -0.9195058802564797
42.919903566544974 -0.8735231385130204
43.02433155575798 -0.8180231016545115
43.12875954497099 -0.7536104591349472
43.23318753418399 -0.6809870059051133
43.33761552339699 -0.600943996147281
43.44204351261 -0.5143535223249118
43.54647150182301 -0.4221590134751884
43.650899491036014 -0.32536495626826745
43.755327480249015 -0.2250259508254411
43.859755469462016 -0.12223522053626928
43.96418345867502 -0.018112701063718484
44.06861144788803 0.0862071616888827
44.17303943710103 0.18958777170431357
44.27746742631404 0.2909027664040701
44.38189541552704 0.3890482887045373
44.48632340474005 0.482955013869186
44.590751393953056 0.5715998001204474
44.69517938316606 0.6540168360745445
44.799607372379064 0.7293081635445788
44.904035361592065 0.7966534610627473
45.00846335080507 0.8553189815274285
45.11289134001808 0.9046655465966551
45.21731932923108 0.9441555107267966
45.32174731844409 0.9733586189811099
45.42617530765709 0.991956694785578
45.5306032968701 0.9997471065575938
45.6350312860831 0.9966449754374751
45.739459275296106 0.9826841000689597
45.843887264509114 0.9580165883529015
45.948315253722114 0.9229112001863281
46.05274324293512 0.8777504192431973
46.15717123214812 0.8230262857007146
46.26159922136113 0.7593350353148317
46.36602721057414 0.6873706032538878
46.47045519978714 0.6079170634679806
46.57488318900014 0.5218400859694248
46.67931117821315 0.4300775050997973
46.783739167426155 0.33362910154509845
46.88816715663916 0.23354570942698422
46.992595145852164 0.13091776715162085
47.097023135065164 0.026863436758014655
47.20145112427817 -0.07748357879087188
47.30587911349118 -0.1809863876400043
47.41030710270419 -0.2825172958181266
47.51473509191718 -0.38097009379988317
47.61916308113019 -0.4752721089885682
47.7235910703432 -0.5643958928039021
47.828019059556205 -0.6473704150407958
47.93244704876921 -0.723291643533023
48.036875037982206 -0.7913323938532825
48.141303027195214 -0.8507513417342702
48.24573101640822 -0.9009011000176104
48.35015900562123 -0.941235272130061
48.45458699483424 -0.9713144052371284
48.55901498404723 -0.99081077821276
48.66344297326024 -0.9995119722587618
48.767870962473246 -0.9973231852709411
48.872298951686254 -0.9842682647363176
48.976726940899255 -0.9604894479076386
49.081154930112255 -0.9262458120860846
49.18558291932526 -0.8819104518968053
49.29001090853827 -0.8279664143117141
49.39443889775128 -0.7650014357086576
49.49886688696428 -0.6937015383082978
49.60329487617728 -0.6148435557574042
49.70772286539029 -0.5292866692945944
49.812150854603296 -0.43796304671450986
49.916578843816296 -0.3418676861216717
50.021006833029304 -0.24204757512936118
50.125434822242305 -0.13959028361736397
50.22986281145531 -0.03561211433371729
50.33429080066832 0.06875405955660968
50.43871878988132 0.17237113746273872
50.54314677909433 0.2741101804179722
50.64757476830733 0.37286271120648273
50.75200275752034 0.46755279155322893
50.85643074673334 0.5571487447922979
50.960858735946346 0.6406743962919205
51.06528672515935 0.7172197091681768
51.169714714372354 0.7859506994082783
51.27414270358536 0.8461185223751269
51.37857069279836 0.897067631692942
51.48299868201137 0.9382429216205684
51.58742667122438 0.969195775094056
51.69185466043738 0.9895889515433811
51.79628264965039 0.9992002612290373
51.90071063886339 0.9979249860655054
52.005138628076395 0.9857770205560322
52.1095666172894 0.962888720407872
