0.0 0.0
0.08940393586770429 0.08928488156496954
0.17880787173540857 0.17785657861382245
0.26821180760311286 0.26500760336369755
0.35761574347081715 0.3500418159942147
0.4470196793385214 0.4322799852321136
0.5364236152062257 0.5110652138747972
0.62582755107393 0.5857681859151004
0.7152314869416343 0.6557921933546117
0.8046354228093385 0.7205779025526635
0.8940393586770428 0.7796078220386304
0.9834432945447471 0.8324104360998063
1.0728472304124514 0.878563971126831
1.1622511662801556 0.9176997646320767
1.25165510214786 0.9495052100301431
1.341059038015564 0.9737262536583217
1.4304629738832686 0.9901694240914727
1.519866909750973 0.9987033775416754
1.609270845618677 0.9992599469983983
1.6986747814863814 0.9918346867289292
1.7880787173540855 0.976486907789737
1.8774826532217899 0.9533392042651098
1.9668865890894942 0.9225764740173513
2.0562905249571988 0.8844444417705315
2.145694460824903 0.8392476963250144
2.235098396692607 0.7873472575809849
2.324502332560311 0.7291576928049622
2.4139062684280157 0.6651438051738159
2.50331020429572 0.5958169210473372
2.5927141401634244 0.521730805625669
2.682118076031128 0.44347723961627195
2.7715220118988326 0.36168129224285417
2.860925947766537 0.27699632835426113
2.9503298836342413 0.1900987895152311
3.039733819501946 0.10168279076632071
3.1291377553696496 0.0124545762126862
3.218541691237354 -0.07687312227097176
3.3079456271050582 -0.16558677815807496
3.397349562972763 -0.2529777697353195
3.486753498840467 -0.33834804038943994
3.576157434708171 -0.4210156745026968
3.6655613705758756 -0.5003203444182669
3.7549653064435797 -0.5756285849665914
3.844369242311284 -0.6463388534211344
3.9337731781789884 -0.7118863344659289
4.0231771140466925 -0.7717474517940763
4.1125810499143975 -0.8254440502997235
4.201984985782101 -0.8725472154572388
4.291388921649806 -0.912680699379394
4.38079285751751 -0.9455239261880612
4.470196793385214 -0.9708145526913291
4.559600729252918 -0.9883505639129901
4.649004665120622 -0.9979918867358656
4.738408600988327 -0.9996615087695975
4.827812536856031 -0.9933460935056821
4.9172164727237355 -0.9790960868460477
5.00662040859144 -0.9570253141542502
5.096024344459144 -0.9273100710479423
5.185428280326849 -0.8901877151951251
5.274832216194553 -0.8459547703625552
5.364236152062256 -0.7949645578606708
5.453640087929961 -0.7376243743044452
5.543044023797665 -0.6743922382334893
5.63244795966537 -0.6057732315785426
5.721851895533074 -0.5323154651977925
5.811255831400778 -0.4546057007092532
5.900659767268483 -0.3732646635908856
5.990063703136187 -0.28894208498620566
6.079467639003892 -0.20231151182013124
6.168871574871595 -0.11406492668055017
6.258275510739299 -0.02490722044056834
6.347679446607004 0.06444943822726514
6.437083382474708 0.15329129146991882
6.526487318342412 0.2409086935668058
6.6158912542101165 0.3266017793960533
6.705295190077821 0.4096860547758865
6.794699125945526 0.4894978640269227
6.88410306181323 0.5653996910819001
6.973506997680934 0.636785251798961
7.062910933548638 0.7030843368023927
7.152314869416342 0.7637673661674829
7.241718805284046 0.8183496195678372
7.331122741151751 0.8663951080958432
7.420526677019455 0.907520056829174
7.5099306128871595 0.9413959703255046
7.599334548754864 0.967752256559047
7.688738484622568 0.9863783883395911
7.778142420490273 0.9971255849491905
7.867546356357977 0.9999080005640133
7.956950292225681 0.9947034099685576
8.046354228093385 0.9815533860849163
8.13575816396109 0.9605629678990408
8.225162099828795 0.9318998214365175
8.314566035696497 0.8957929004897701
8.403969971564202 0.8525306177944416
8.493373907431906 0.802458541263144
8.582777843299612 0.7459766336784436
8.672181779167316 0.6835360578937181
8.76158571503502 0.6156355730610931
8.850989650902724 0.5428175506724789
8.940393586770428 0.46566364223652457
9.029797522638134 0.38479013319696687
9.119201458505836 0.30084302020408404
9.20860539437354 0.21449285106070012
9.298009330241245 0.12642936855997144
9.387413266108949 0.03735600099853664
9.476817201976655 -0.05201575662658398
9.566221137844359 -0.14097202585579588
9.655625073712063 -0.2288022470432372
9.745029009579767 -0.3148048551232434
9.834432945447471 -0.39829288353044273
9.923836881315175 -0.4785994515108097
10.01324081718288 -0.5550830909924581
10.102644753050583 -0.6271328704665091
10.192048688918288 -0.6941732749498003
10.281452624785992 -0.7556688030495581
10.370856560653698 -0.8111282444098706
10.460260496521402 -0.8601086033728216
10.549664432389106 -0.9022186375131109
10.63906836825681 -0.9371219827812423
10.728472304124512 -0.9645398402924589
10.817876239992218 -0.9842532033000505
10.907280175859922 -0.9961046065645351
10.996684111727626 -0.9999993841452265
11.08608804759533 -0.9959064255672535
11.175491983463035 -0.9838584243239799
11.26489591933074 -0.9639516167298433
11.354299855198445 -0.9363450132095952
11.443703791066149 -0.9012591281641966
11.533107726933851 -0.8589742185588819
11.622511662801555 -0.8098280453030814
11.711915598669261 -0.7542131753037341
11.801319534536965 -0.692573845742481
11.89072347040467 -0.6254024156240752
11.980127406272373 -0.5532354329401379
12.069531342140078 -0.47664934886272575
12.158935278007784 -0.3962559132016218
12.248339213875488 -0.31269728790525714
12.33774314974319 -0.22664091763732902
12.427147085610894 -0.1387741984016426
12.516551021478598 -0.0497989868008234
12.605954957346304 0.039574006212506924
12.695358893214008 0.12863089231079267
12.784762829081712 0.2166603081466738
12.874166764949416 0.30295909753920985
12.96357070081712 0.38683792810339246
13.052974636684825 0.46762679745875346
13.142378572552529 0.5446803850349018
13.231782508420233 0.6173832067251517
13.321186444287937 0.6851545312142049
13.410590380155641 0.747453018709533
13.499994316023347 0.8037810450234762
13.589398251891051 0.8536886764664045
13.678802187758755 0.896777263800539
13.76820612362646 0.9327026265468399
13.857610059494164 0.9611778022095582
13.947013995361868 0.9819753384583509
14.036417931229572 0.9949291099586034
14.125821867097276 0.9999356453375885
14.21522580296498 0.9969549536870015
14.304629738832684 0.9860108439999804
14.39403367470039 0.9671907349910333
14.483437610568092 0.940644956817984
14.572841546435798 0.9065855502835894
14.662245482303502 0.8652845731085168
14.751649418171205 0.8170719268047076
14.84105335403891 0.7623327215075164
14.930457289906613 0.7015041998156744
15.019861225774319 0.6350722442106059
15.109265161642025 0.5635674959529885
15.198669097509727 0.4875611164577514
15.288073033377433 0.4076602250045691
15.377476969245135 0.32450304922627365
15.46688090511284 0.23875382711175094
15.556284840980545 0.15109750124488755
15.645688776848248 0.062234247660557816
15.735092712715954 -0.027126116980269156
15.824496648583656 -0.11626980522220394
15.913900584451362 -0.20448476036484328
16.003304520319066 -0.2910663441872993
16.09270845618677 -0.3753229654158809
16.182112392054474 -0.45658160397611103
16.27151632792218 -0.5341931869028236
16.360920263789883 -0.6075377729669501
16.45032419965759 -0.6760295046055431
16.53972813552529 -0.7391212876002853
16.629132071392995 -0.7963091611244759
16.7185360072607 -0.8471363232516025
16.807939943128403 -0.8911967797708665
16.89734387899611 -0.9281385871638168
16.98674781486381 -0.9576666638380431
17.07615175073152 -0.9795451471625464
17.165555686599223 -0.9935992774773491
17.254959622466927 -0.999716794028422
17.34436355833463 -0.9978488316775147
17.433767494202336 -0.9880103112242298
17.52317143007004 -0.9702798202225383
17.612575365937744 -0.9447989852437467
17.701979301805448 -0.9117713406001157
17.791383237673152 -0.8714607025654729
17.880787173540856 -0.8241890620791266
17.97019110940856 -0.7703340127656113
18.059595045276268 -0.7103257348145816
18.14899898114397 -0.6446435588128515
18.238402917011673 -0.5738121369757518
18.327806852879377 -0.4983972523611031
18.41721078874708 -0.41900129954063087
18.50661472461479 -0.336258472828099
18.59601866048249 -0.25082970049935516
18.685422596350197 -0.16339736546835518
18.774826532217897 -0.07465985458918137
18.864230468085605 0.014674019877375499
18.95363440395331 0.10389068207257561
19.04303833982101 0.1922774923989646
19.132442275688717 0.2791284399009596
19.221846211556418 0.36374978169752603
19.311250147424126 0.44546558442073736
19.40065408329183 0.5236231233964537
19.490058019159534 0.5975980964400502
19.579461955027238 0.6667996106206063
19.668865890894942 0.7306749021606452
19.758269826762646 0.7887137517700665
19.84767376263035 0.8404525601457279
19.937077698498054 0.8854780510826427
20.02648163436576 0.923430572617299
20.115885570233463 0.9540069698344229
20.205289506101167 0.976963006389947
20.294693441968874 0.9921153154076906
20.384097377836575 0.9993428641664852
20.473501313704283 0.9985879208782185
20.562905249571983 0.9898565158344058
20.652309185439687 0.9732183932377834
20.741713121307395 0.9488064541036751
20.831117057175096 0.9168156946810987
20.920520993042803 0.8775016488732034
21.009924928910504 0.8311783470986357
21.09932886477821 0.7782158078978395
21.188732800645916 0.7190370823207876
21.27813673651362 0.6541148747047105
21.367540672381324 0.5839677668342549
21.456944608249024 0.50915607564446
21.546348544116732 0.4302773775541445
21.635752479984436 0.34796173518022916
21.72515641585214 0.26286666456065894
21.814560351719845 0.1756718830865531
21.90396428758755 0.08707388009567553
21.993368223455253 -0.0022196465040590103
22.08277215932296 -0.09149544314223808
22.17217609519066 -0.18004039787077736
22.261580031058365 -0.2671472365175568
22.35098396692607 -0.35212017220934344
22.440387902793773 -0.4342804631371977
22.52979183866148 -0.5129718341703017
22.61919577452918 -0.5875657190117647
22.70859971039689 -0.6574662810234864
22.79800364626459 -0.7221151726149027
22.887407582132298 -0.7809959951790149
22.976811518 -0.8336384239507165
23.066215453867702 -0.8796219648392657
23.15561938973541 -0.9185793132262021
23.24502332560311 -0.9501992878995212
23.334427261470818 -0.9742293166886462
23.423831197338522 -0.9904774539455102
23.513235133206226 -0.9988139137567078
23.60263906907393 -0.9991721066397601
23.692043004941635 -0.9915491714426615
23.78144694080934 -0.9760059981980204
23.870850876677043 -0.9526667417492447
23.960254812544747 -0.9217178300337991
24.04965874841245 -0.8834064749451113
24.139062684280155 -0.8380386976679748
24.22846662014786 -0.785976884260562
24.317870556015567 -0.7276368910084172
24.407274491883268 -0.6634847226721357
24.496678427750975 -0.5940328101619665
24.586082363618676 -0.5198359173724206
24.67548629948638 -0.44148670987188104
24.764890235354088 -0.35961102084352425
24.854294171221788 -0.27486285209189776
24.943698107089496 -0.18791915004580675
25.033102042957196 -0.09947439848556784
25.122505978824904 -0.010235071186334089
25.21190991469261 0.07908601121144698
25.301313850560312 0.16777537502878295
25.390717786428016 0.25512459259113257
25.480121722295717 0.3404359409652427
25.569525658163425 0.42302797518929997
25.65892959403113 0.5022409714788112
25.748333529898833 0.5774421969294101
25.837737465766537 0.6480309636234528
25.92714140163424 0.7134434267695753
26.016545337501945 0.7731570885488949
26.10594927336965 0.8266949716923022
26.195353209237354 0.873629429451386
26.284757145105058 0.9135855615299325
26.374161080972762 0.946244208690422
26.463565016840466 0.97134450211538
26.552968952708174 0.9886859471599482
26.642372888575874 0.9981300248511911
26.731776824443582 0.9996012983417926
26.821180760311282 0.9930880154800547
26.91058469617899 0.9786422026830434
26.999988632046694 0.9563792493630431
27.089392567914395 0.9264769862268053
27.178796503782102 0.8891742648099031
27.268200439649803 0.8447690495925239
27.35760437551751 0.7936160379363274
27.447008311385215 0.7361238268537869
27.53641224725292 0.6727516492410265
27.625816183120623 0.6040057056443632
27.715220118988327 0.5304351208614067
27.80462405485603 0.45262755767435653
27.894027990723735 0.3712045227518576
27.98343192659144 0.2868164022146518
28.072835862459144 0.20013726651964545
28.162239798326848 0.11185948615963094
28.251643734194552 0.02268820118706047
28.34104767006226 -0.06666431126212029
28.43045160592996 -0.15548432645379212
28.519855541797664 -0.24306237310407472
28.60925947766537 -0.32869890045220923
28.698663413533072 -0.4117098660909238
28.78806734940078 -0.49143219992006854
28.877471285268484 -0.5672291005788798
28.966875221136185 -0.6384951220503843
29.05627915700389 -0.7046610098074174
29.145683092871597 -0.7651982478703825
29.2350870287393 -0.8196232804560533
29.324490964607005 -0.867501374495979
29.413894900474705 -0.9084500921716612
29.50329883634241 -0.9421423457288356
29.592702772210117 -0.968309010169754
29.68210670807782 -0.9867410729539866
29.77151064394553 -0.9972913035364818
29.860914579813226 -0.999875429407033
29.950318515680934 -0.9944728092372743
30.039722451548638 -0.9811265977582639
30.129126387416342 -0.9599434010516681
30.21853032328405 -0.9310924250079807
30.307934259151747 -0.8948041237536908
30.397338195019454 -0.8513683588433675
30.48674213088716 -0.8011320839206434
30.576146066754866 -0.7444965733423183
30.66555000262257 -0.6819142169027137
30.75495393849027 -0.6138849062611182
30.844357874357975 -0.540952041936643
30.93376181022568 -0.46369819276558816
31.023165746093387 -0.38274044249240385
31.11256968196109 -0.2987254606645323
31.20197361782879 -0.21232433720348382
31.291377553696496 -0.1242272219123026
31.380781489564203 -0.03513781173764896
31.470185425431907 0.05423227017920733
31.559589361299615 0.14316915876380606
31.648993297167312 0.23096244917784073
31.73839723303502 0.3169108713491234
31.827801168902724 0.4003278915352774
31.917205104770428 0.4805471961775649
32.00660904063813 0.5569280142410499
32.09601297650583 0.6288602355277162
32.18541691237354 0.6957692840787724
32.27482084824125 0.7571207077386142
32.36422478410895 0.8124244472202791
32.453628719976656 0.8612387505721537
32.54303265584436 0.9031737017781548
32.63243659171206 0.9378943353059365
32.721840527579765 0.9651233117248182
32.81124446344747 0.9846431330213454
32.90064839931518 0.9962978799171132
32.990052335182874 0.9999944573115892
33.07945627105058 0.9957033379016731
33.16886020691829 0.9834587980381445
33.25826414278599 0.9633586439350539
33.3476680786537 0.9355634304190006
33.4370720145214 0.9002951784587615
33.526475950389106 0.8578356017192615
33.615879886256806 0.808523856305782
33.705283822124514 0.7527538316727799
33.79468775799222 0.6909710043369383
33.88409169385992 0.6236688795260854
33.97349562972762 0.5513850491872017
34.06289956559533 0.4746968978411505
34.15230350146304 0.3942169905846365
34.24170743733074 0.3105881800788092
34.331111373198446 0.2244784716086331
34.42051530906615 0.13657568722967955
34.509919244933855 0.0475819716235849
34.599323180801555 -0.04179181645181039
34.68872711666926 -0.13083178231821838
34.77813105253697 -0.21882669778270125
34.86753498840467 -0.3050736822443456
34.95693892427237 -0.38888381712252473
35.04634286014008 -0.4695876487601297
35.13574679600779 -0.5465405358460339
35.22515073187549 -0.6191277986429884
35.31455466774319 -0.6867696288902204
35.403958603610896 -0.7489257211616808
35.4933625394786 -0.805099588685882
35.582766475346304 -0.8548425291536902
35.67217041121401 -0.8977572088362
35.76157434708171 -0.9335008363836577
35.85097828294941 -0.9617879009540309
35.94038221881712 -0.9823924527996777
36.02978615468483 -0.9951499080954251
36.119190090552536 -0.9999583635915573
36.20859402642023 -0.9967794105905873
36.29799796228794 -0.9856384417459848
36.387401898155645 -0.966624448232238
36.476805834023345 -0.9398893089063951
36.56620976989105 -0.9056465771390695
36.65561370575875 -0.8641697750054258
36.74501764162646 -0.8157902084616426
36.83442157749416 -0.7608943209587429
36.92382551336187 -0.6999206066323355
37.01322944922958 -0.6333561077250249
37.10263338509728 -0.5617325242190724
37.19203732096498 -0.4856219667545935
37.281441256832686 -0.4056323867579066
37.37084519270039 -0.32240272028296524
37.460249128568094 -0.23659778435558265
37.549653064435795 -0.14890296658715055
37.6390570003035 -0.060018750475874245
37.72846093617121 0.029344879874025637
37.81786487203891 0.1184741109215211
37.90726880790662 0.20665700144654184
37.99667274377432 0.2931891693520546
38.08607667964202 0.37737941808592324
38.17548061550973 0.4585552577399796
38.264884551377435 0.5360682767252749
38.35428848724514 0.6092993211159841
38.443692423112836 0.6776634402906355
38.53309635898054 0.7406145593662616
38.62250029484825 0.7976498411031074
38.71190423071596 0.848313702438351
38.80130816658366 0.8922014535656339
38.89071210245136 0.928962530492462
38.98011603831907 0.9583032952545991
39.06951997418677 0.9799893814200917
39.158923910054476 0.9938475661476589
39.248327845922184 0.9997671538458845
39.337731781789884 0.9977008603809474
39.427135717657585 0.9876651907700372
39.51653965352529 0.969740307343548
39.605943589393 0.9440693894291438
39.6953475252607 0.9108574896723608
39.7847514611284 0.8703698961291617
39.87415539699611 0.8229300132136348
39.96355933286382 0.7689167784272806
40.05296326873152 0.7087616355043603
40.142367204599225 0.6429450881510399
40.231771140466925 0.5719928619062329
40.32117507633463 0.496471704782076
40.410579012202334 0.4169848602275962
40.49998294807004 0.33416724857618557
40.58938688393775 0.24868039546641638
40.67879081980544 0.1612071477465124
40.76819475567315 0.07244621907048016
40.85759869154086 -0.01689339124556377
40.947002627408565 -0.10609806152640958
41.036406563276266 -0.19445524796290267
41.12581049914397 -0.28125917622741914
41.215214435011674 -0.36581647901643954
41.304618370879375 -0.44745173448902165
41.39402230674708 -0.525512861361631
41.48342624261479 -0.5993763275645492
41.57283017848249 -0.668452130854622
41.66223411435019 -0.7321885116004226
41.7516380502179 -0.7900763600953125
41.84104198608561 -0.841653283193949
41.93044592195331 -0.8865072977890197
42.01984985782101 -0.9242801216256368
42.109253793688715 -0.9546700351672123
42.19865772955642 -0.9774342916529914
42.288061665424124 -0.9923910560963329
42.37746560129183 -0.9994208577355018
42.46686953715953 -0.9984675443351737
42.55627347302724 -0.9895387307159567
42.64567740889494 -0.9727057379291756
42.73508134476265 -0.9481030235627758
42.824485280630356 -0.9159271077289317
42.91388921649805 -0.8764350033122771
43.00329315236576 -0.8299421630175031
43.092697088233464 -0.7768199596148688
43.18210102410117 -0.7174927195106447
43.27150495996887 -0.6524343333376584
43.36090889583657 -0.5821644706396046
43.45031283170428 -0.5072444288852925
43.53971676757199 -0.42827264996981035
43.62912070343969 -0.34587994001560707
43.7185246393074 -0.26072443065649464
43.8079285751751 -0.17348632205260836
43.8973325110428 -0.08486244962759963
43.986736446910506 0.004439282072282227
44.07614038277821 0.09370555393639869
44.16554431864592 0.182223330098105
44.254948254513614 0.26928555348061156
44.34435219038132 0.3541967935858956
44.43375612624903 0.4362788014133742
44.52316006211673 0.5148759271373569
44.61256399798444 0.5893603572681015
0.0 0.0
0.01332695812649577 0.013326563634684773
0.02665391625299154 0.026650760402580326
0.039980874379487316 0.03997022385726526
0.05330783250598308 0.053282588392979106
0.06663479063247885 0.06658548966476625
0.07996174875897463 0.07987656500839582
0.09328870688547039 0.093153453859983
0.10661566501196616 0.10641379817523763
0.11994262313846192 0.11965524284826488
0.1332695812649577 0.13287543612984443
0.14659653939145348 0.1460720300451132
0.15992349751794926 0.15924268081057796
0.173250455644445 0.17238504925038323
0.18657741377094078 0.18549680121176146
0.19990437189743654 0.19857560797959015
0.21323133002393233 0.2116191466899841
0.2265582881504281 0.22462510074284786
0.23988524627692384 0.23759116021331605
0.2532122044034196 0.250515022262008
0.2665391625299154 0.26339439154402383
0.27986612065641114 0.2762269806166096
0.29319307878290696 0.2890105103454194
0.3065200369094027 0.3017427103093007
0.31984699503589853 0.31442131920353367
0.33317395316239423 0.32704408524144996
0.34650091128889 0.33960876655436223
0.3598278694153858 0.3521131315897315
0.37315482754188156 0.3645549595075021
0.3864817856683774 0.37693204057453483
0.3998087437948731 0.3892421765570667
0.41313570192136884 0.4014831811111291
0.42646266004786465 0.41365288017085317
0.4397896181743604 0.42574911233459556
0.4531165763008562 0.43776972924881474
0.4664435344273519 0.44971259598962915
0.4797704925538477 0.4615755914419915
0.4930974506803435 0.4733566086764091
0.5064244088068393 0.48505355532314587
0.519751366933335 0.4966643539438379
0.5330783250598308 0.5081869424004574
0.5464052831863266 0.519619274221559
0.5597322413128223 0.5309593189657433
0.573059199439318 0.5422050625822751
0.5863861575658139 0.5533545077687875
0.5997131156923097 0.5644056743260143
0.6130400738188054 0.5753565995094836
0.6263670319453012 0.5862053383781106
0.6396939900717971 0.5969499641396304
0.6530209481982927 0.6075885684928051
0.6663479063247885 0.618119261966349
0.6796748644512843 0.6285401742545079
0.69300182257778 0.638849454549235
0.7063287807042758 0.6490452718689048
0.7196557388307716 0.6591258153835039
0.7329826969572673 0.6690892947362442
0.7463096550837631 0.6789339403615405
0.7596366132102589 0.6886580037992925
0.7729635713367548 0.6982597580054224
0.7862905294632504 0.7077374976586055
0.7996174875897462 0.7170895394631447
0.812944445716242 0.726314222447933
0.8262714038427377 0.735409908261449
0.8395983619692335 0.744374981462739
0.8529253200957293 0.7532078498083249
0.8662522782222251 0.7619069445349975
0.8795792363487208 0.7704707206384355
0.8929061944752166 0.7788976571476062
0.9062331526017124 0.7871862573948988
0.9195601107282081 0.7953350492819394
0.9328870688547038 0.8033425855410439
0.9462140269811997 0.81120744399226
0.9595409851076954 0.8189282277959534
0.9728679432341912 0.8265035657008948
0.986194901360687 0.8339321122877998
0.9995218594871826 0.8412125482082836
1.0128488176136785 0.8483435804191836
1.0261757757401742 0.8553239424122099
1.03950273386667 0.8621523944388853
1.052829691993166 0.8688277237307295
1.0661566501196615 0.875348744714654
1.0794836082461572 0.8817142992235257
1.0928105663726533 0.8879232567018638
1.106137524499149 0.893974514406631
1.1194644826256446 0.8998669976030883
1.1327914407521404 0.9055996597556722
1.146118398878636 0.9111714827138649
1.159445357005132 0.9165814768930238
1.1727723151316278 0.9218286814501359
1.1860992732581235 0.9269121644544691
1.1994262313846193 0.9318310230530884
1.212753189511115 0.9365843836312059
1.2260801476376109 0.9411714019673407
1.2394071057641067 0.9455912633832564
1.2527340638906024 0.9498431828886517
1.266061022017098 0.9539264053205797
1.2793879801435941 0.9578402054775685
1.2927149382700898 0.9615838882484199
1.3060418963965854 0.9651567887356659
1.3193688545230813 0.9685582723736572
1.332695812649577 0.9717877350412659
1.3460227707760728 0.9748446031691799
1.3593497289025687 0.9777283338417723
1.3726766870290643 0.9804384148935256
1.38600364515556 0.9829743649999955
1.3993306032820558 0.9853357337632962
1.4126575614085517 0.9875221017920935
1.4259845195350473 0.9895330807760909
1.4393114776615432 0.9913683135549956
1.4526384357880389 0.9930274741819516
1.4659653939145345 0.9945102679814304
1.4792923520410306 0.9958164316015659
1.4926193101675262 0.9969457330609277
1.5059462682940221 0.9978979717897223
1.5192732264205178 0.9986729786654146
1.5326001845470134 0.9992706160427659
1.5459271426735095 0.9996907777782795
1.5592541008000051 0.9999333892490533
1.5725810589265008 0.999998407366032
1.5859080170529967 0.9998858205816611
1.5992349751794923 0.9995956488919371
1.6125619333059882 0.9991279438328565
1.625888891432484 0.9984827884712625
1.6392158495589797 0.9976602973900918
1.6525428076854753 0.9966606166680245
1.6658697658119712 0.9954839238535393
1.679196723938467 0.9941304279333804
1.6925236820649627 0.9926003692954399
1.7058506401914586 0.9908940196860642
1.7191775983179542 0.9890116821617898
1.7325045564444501 0.9869536910355196
1.745831514570946 0.9847204118171465
1.7591584726974416 0.9823122411486378
1.7724854308239375 0.9797296067335883
1.7858123889504331 0.9769729672612594
1.7991393470769288 0.9740428123251121
1.8124663052034249 0.9709396623358536
1.8257932633299205 0.9676640684290096
1.8391202214564162 0.9642166123670393
1.852447179582912 0.9605979064360113
1.8657741377094077 0.9568085933368594
1.8791010958359036 0.9528493460712345
1.8924280539623994 0.9487208678219765
1.905755012088895 0.9444238918282255
1.9190819702153907 0.9399591812551944
1.9324089283418866 0.9353275290586268
1.9457358864683825 0.9305297578439644
1.9590628445948781 0.9255667197202476
1.972389802721374 0.9204392961487764
1.9857167608478696 0.9151483977865591
1.9990437189743653 0.9096949643245736
2.0123706771008614 0.9040799643208746
2.025697635227357 0.8983043950285722
2.0390245933538527 0.8923692822187144
2.0523515514803483 0.8862756799981051
2.0656785096068444 0.880024670622089
2.07900546773334 0.8736173643023382
2.0923324258598357 0.8670548990096717
2.105659383986332 0.8603384402719465
2.1189863421128274 0.8534691809670544
2.132313300239323 0.8464483411110594
2.145640258365819 0.839277167641517
2.1589672164923144 0.8319569341960134
2.1722941746188105 0.8244889408859567
2.1856211327453066 0.8168745140656751
2.1989480908718018 0.8091150060968474
2.212275048998298 0.8012117951083144
2.2256020071247935 0.7931662847513204
2.238928965251289 0.7849799039502144
2.2522559233777852 0.7766541066486662
2.265582881504281 0.7681903715514397
2.2789098396307765 0.7595902018617656
2.292236797757272 0.7508551250143661
2.3055637558837683 0.7419866924041734
2.318890714010264 0.7329864791107953
2.3322176721367596 0.7238560836187716
2.3455446302632557 0.7145971275336752
2.358871588389751 0.7052112552941081
2.372198546516247 0.6957001338796371
2.385525504642743 0.6860654525147337
2.3988524627692387 0.676308922368757
2.4121794208957343 0.6664322762520402
2.42550637902223 0.6564372683081364
2.438833337148726 0.6463256737022723
2.4521602952752217 0.6360992883060713
2.4654872534017174 0.6257599283785951
2.4788142115282135 0.6153094302437677
2.4921411696547087 0.6047496499642366
2.5054681277812048 0.5940824630117223
2.518795085907701 0.583309763933929
2.532122044034196 0.5724334660180617
2.545449002160692 0.5614555009510136
2.5587759602871882 0.5503778184762937
2.5721029184136834 0.5392023860477391
2.5854298765401795 0.5279311884800835
2.598756834666675 0.5165662275964482
2.612083792793171 0.5051095218728041
2.625410750919667 0.4935631060794814
2.6387377090461626 0.48192903091978473
2.652064667172658 0.47020936266577557
2.665391625299154 0.458406182791293
2.67871858342565 0.4465215876022726
2.6920455415521456 0.4345576878644329
2.7053724996786412 0.4225166084283903
2.7186994578051373 0.4104004878522757
2.7320264159316325 0.39821147802191714
2.7453533740581286 0.3859517437686493
2.7586803321846247 0.37362346248483347
2.77200729031112 0.3612288237371387
2.785334248437616 0.34877002887766145
2.7986612065641117 0.336249290652959
2.8119881646906073 0.3236688328110498
2.8253151228171034 0.3110308897064658
2.838642080943599 0.298337705903421
2.8519690390700947 0.28559153577716256
2.8652959971965903 0.27279464311358365
2.8786229553230864 0.25994930070716277
2.8919499134495825 0.24705778995730457
2.9052768715760777 0.23412240046315147
2.918603829702574 0.22114542961693562
2.931930787829069 0.20812918219595639
2.945257745955565 0.19507596995323298
2.958584704082061 0.18198811120693115
2.971911662208557 0.1688679304286149
2.9852386203350525 0.15571775783040773
2.998565578461548 0.14253992895113637
3.0118925365880442 0.129336784241526
3.02521949471454 0.11611066864852577
3.0385464528410355 0.1028639311988315
3.0518734109675316 0.0895989245816877
3.065200369094027 0.07631800473103945
3.078527327220523 0.06302353040710154
3.091854285347019 0.04971786277743615
3.105181243473514 0.03640336499759454
3.1185082016000103 0.023082401791405797
3.131835159726506 0.009757339030995333
3.1451621178530016 -0.003569456683411127
3.1584890759794977 -0.016895618443806246
3.1718160341059933 -0.03021877945477487
3.185142992232489 -0.04353657345385184
3.1984699503589846 -0.05684663513178068
3.2117969084854807 -0.07014660055260569
3.2251238666119764 -0.08343410757351742
3.238450824738472 -0.09670679626438419
3.251777782864968 -0.10996230932688654
3.2651047409914633 -0.12319829251318389
3.2784316991179594 -0.13641239504404598
3.2917586572444555 -0.14960227002635781
3.3050856153709507 -0.16276557486994256
3.318412573497447 -0.1758999717036204
3.3317395316239424 -0.1890031277904209
3.345066489750438 -0.202072715941894
3.358393447876934 -0.2151064149314289
3.37172040600343 -0.2281019099065148
3.3850473641299255 -0.24105689279987316
3.398374322256421 -0.2539690627393808
3.411701280382917 -0.2668361264567175
3.4250282385094133 -0.27965579869466106
3.4383551966359085 -0.2924258026129613
3.4516821547624046 -0.30514387019272166
3.4650091128889002 -0.3178077426392055
3.478336071015396 -0.33041517078301474
3.491663029141892 -0.3429639154795518
3.5049899872683876 -0.3554517480067024
3.5183169453948833 -0.3678764504606706
3.531643903521379 -0.38023581614988833
3.544970861647875 -0.3925276499869361
3.5582978197743707 -0.40474976887840014
3.5716247779008663 -0.4169000021126037
3.5849517360273624 -0.42897619174513546
3.5982786941538576 -0.44097619298210994
3.6116056522803537 -0.45289787456109853
3.6249326104068498 -0.46473911912964755
3.638259568533345 -0.47649782362133336
3.651586526659841 -0.48817189962928015
3.6649134847863367 -0.49975927377706686
3.6782404429128324 -0.511257888086974
3.6915674010393285 -0.5226657003454891
3.704894359165824 -0.533980684466014
3.7182213172923197 -0.5452008308487097
3.7315482754188154 -0.5563241467374115
3.7448752335453115 -0.5673486565735519
3.758202191671807 -0.5782724023470303
3.771529149798303 -0.5890934439439662
3.784856107924799 -0.5998098594912743
3.798183066051294 -0.6104197456979958
3.81151002417779 -0.6209212181933383
3.8248369823042863 -0.6313124118613438
3.8381639404307815 -0.641591481172146
3.8514908985572776 -0.6517566005097482
3.864817856683773 -0.6618059644962564
3.878144814810269 -0.6717377883125293
3.891471772936765 -0.6815503080151687
3.9047987310632606 -0.6912417808498046
3.9181256891897562 -0.7008104855606192
3.931452647316252 -0.7102547226960497
3.944779605442748 -0.7195728149106204
3.958106563569244 -0.7287631072628465
3.9714335216957393 -0.7378239675091616
3.9847604798222354 -0.7467537863938133
3.9980874379487306 -0.7555509779346727
4.011414396075227 -0.7642139797049172
4.024741354201723 -0.77274125311052
4.038068312328218 -0.7811312836635177
4.051395270454714 -0.7893825812509884
4.06472222858121 -0.797493680399704
4.078049186707705 -0.8054631405364063
4.091376144834202 -0.81328954624366
4.104703102960697 -0.8209715075112363
4.118030061087193 -0.8285076599829911
4.131357019213689 -0.8358966651991752
4.1446839773401845 -0.8431372108341562
4.15801093546668 -0.850228010929493
4.171337893593176 -0.8571678061223285
4.184664851719671 -0.8639553638690589
4.197991809846167 -0.8705894786642405
4.211318767972664 -0.8770689722546935
4.224645726099159 -0.8833926938487641
4.237972684225655 -0.8895595203207142
4.2512996423521505 -0.8955683564101922
4.264626600478646 -0.9014181349167577
4.277953558605142 -0.9071078168894213
4.291280516731638 -0.9126363918111687
4.304607474858134 -0.9180028777784317
4.317934432984629 -0.9232063216754814
4.331261391111125 -0.9282457993437071
4.344588349237621 -0.9331204157457482
4.357915307364117 -0.937829305124461
4.371242265490613 -0.9423716311566802
4.384569223617108 -0.9467465871017533
4.3978961817436035 -0.9509533959448246
4.4112231398701 -0.9549913105348347
4.424550097996596 -0.9588596137172182
4.437877056123091 -0.9625576184612762
4.451204014249587 -0.9660846679821951
4.464530972376083 -0.9694401358576948
4.477857930502578 -0.9726234261392853
4.491184888629075 -0.97563397345811
4.5045118467555705 -0.978471243125357
4.517838804882065 -0.9811347312272249
4.531165763008562 -0.983623964714419
4.544492721135057 -0.9859385014861668
4.557819679261553 -0.9880779304687387
4.57114663738805 -0.9900418716884563
4.584473595514544 -0.9918299763391771
4.59780055364104 -0.9934419268442458
4.6111275117675365 -0.9948774369128957
4.624454469894032 -0.9961362515910965
4.637781428020528 -0.9972181473068357
4.6511083861470235 -0.9981229319098252
4.664435344273519 -0.9988504447056289
4.677762302400015 -0.9994005564842028
4.691089260526511 -0.999773169542843
4.704416218653007 -0.9999682177035387
4.717743176779502 -0.9999856663247254
4.731070134905998 -0.9998255123074374
4.744397093032494 -0.9994877840958586
4.75772405115899 -0.99897254167227
4.771051009285486 -0.9982798765463974
4.784377967411981 -0.997409911739158
4.797704925538477 -0.9963628017608116
4.811031883664973 -0.9951387325835188
4.824358841791469 -0.9937379216083113
4.837685799917965 -0.9921606176264803
4.85101275804446 -0.9904071007753905
4.864339716170956 -0.9884776824887248
4.877666674297452 -0.9863727054411734
4.890993632423948 -0.9840925434875728
4.9043205905504434 -0.9816376015965068
4.917647548676939 -0.9790083157783821
4.930974506803435 -0.9762051530079907
4.94430146492993 -0.973228611141573
4.957628423056427 -0.9700792188283951
4.970955381182923 -0.9667575354168595
4.984282339309417 -0.9632641508551603
4.997609297435914 -0.9595996855865054
5.0109362555624095 -0.9557647904389247
5.024263213688905 -0.9517601465096769
5.037590171815402 -0.9475864650442846
5.0509171299418965 -0.943244487310214
5.064244088068392 -0.9387349844652197
5.077571046194889 -0.9340587574203851
5.090898004321384 -0.9292166366978766
5.10422496244788 -0.9242094822834366
5.1175519205743765 -0.9190381834736469
5.130878878700871 -0.9137036587179864
5.144205836827367 -0.9082068554557059
5.157532794953863 -0.9025487499475614
5.170859753080359 -0.8967303471024245
5.184186711206855 -0.8907526802988042
5.19751366933335 -0.8846168112013142
5.210840627459846 -0.8783238295721157
5.224167585586342 -0.8718748530773703
5.237494543712838 -0.865271027088736
5.250821501839334 -0.8585135244799447
5.264148459965829 -0.8516035454184921
5.277475418092325 -0.844542317152481
5.290802376218821 -0.8373310937926595
5.304129334345316 -0.8299711560896805
5.317456292471813 -0.822463811206635
5.330783250598308 -0.8148103924868955
5.344110208724803 -0.8070122592173018
5.3574371668513 -0.7990707963867498
5.3707641249777955 -0.7909874144402095
5.384091083104291 -0.7827635490282201
5.397418041230787 -0.7744006607519128
5.4107449993572825 -0.7659002349036007
5.424071957483778 -0.7572637812029822
5.437398915610275 -0.7484928335290074
5.45072587373677 -0.7395889496474545
5.464052831863265 -0.7305537109342607
5.477379789989762 -0.7213887220946602
5.490706748116257 -0.7120956108781858
5.504033706242753 -0.7026760277895666
5.517360664369249 -0.6931316457955914
5.530687622495744 -0.6834641600279845
5.54401458062224 -0.6736752874823344
5.557341538748736 -0.6637667667131528
5.570668496875232 -0.6537403575250976
5.583995455001728 -0.6435978406604189
5.597322413128223 -0.6333410174826927
5.610649371254719 -0.622971709656889
5.623976329381215 -0.6124917588258342
5.637303287507711 -0.6019030262831255
5.650630245634207 -0.5912073926425583
5.6639572037607016 -0.5804067575041152
5.677284161887198 -0.5695030391165877
5.690611120013694 -0.5584981740368907
5.703938078140189 -0.5473941167861132
5.717265036266686 -0.5361928395023877
5.730591994393181 -0.5248963315906321
5.743918952519676 -0.5135065993692125
5.757245910646173 -0.5020256657136184
5.7705728687726685 -0.4904555696971879
5.783899826899165 -0.478798366228954
5.79722678502566 -0.4670561256886882
5.8105537431521554 -0.4552309335591825
5.823880701278652 -0.44332489005586323
5.837207659405148 -0.4313401097537817
5.850534617531643 -0.4192787212120503
5.863861575658138 -0.4071428665958036
5.877188533784635 -0.39493470129573394
5.89051549191113 -0.3826563935452907
5.903842450037627 -0.370310124035582
5.917169408164122 -0.35789808552808006
5.930496366290617 -0.34542248246517043
5.943823324417114 -0.3328855305786308
5.957150282543609 -0.32028945649611285
5.970477240670105 -0.30763649734567344
5.9838041987966015 -0.29492890035845254
5.997131156923096 -0.2821689224695564
6.010458115049592 -0.26935882991720594
6.0237850731760885 -0.2565008978402487
6.037112031302584 -0.2435974098740815
6.05043898942908 -0.23065065774506055
6.063765947555575 -0.21766294086348273
6.077092905682071 -0.20463656591519724
6.090419863808567 -0.19157384645192635
6.103746821935063 -0.17847710248036572
6.117073780061559 -0.16534866005014273
6.130400738188054 -0.15219085084069361
6.14372769631455 -0.13900601174714414
6.157054654441046 -0.12579648446527295
6.1703816125675415 -0.11256461507560538
6.183708570694038 -0.09931275362674093
6.197035528820533 -0.08604325371797598
6.210362486947028 -0.0727584720812836
6.223689445073525 -0.059460768162753495
6.237016403200021 -0.04615250370354149
6.250343361326516 -0.03283604232040749
6.263670319453012 -0.019513749085928452
6.2769972775795075 -0.0061879901084483865
6.290324235706003 0.007138867888154778
6.3036511938325 0.020464457984812508
6.316978151958995 0.0337864134876392
6.33030511008549 0.047102368348273756
6.343632068211987 0.06040995758410288
6.356959026338482 0.07370681769828628
6.370285984464978 0.08699058709953489
6.3836129425914745 0.10025890652153804
6.396939900717969 0.11350941944197802
6.410266858844465 0.12673977250106935
6.423593816970961 0.13994761591951985
6.436920775097457 0.15313060391586433
6.450247733223953 0.16628639512309223
6.463574691350448 0.17941265300448273
6.476901649476944 0.1925070462685868
6.49022860760344 0.20556724928327672
6.503555565729936 0.21859094248879105
6.516882523856432 0.23157581280969722
6.530209481982927 0.24451955406570997
6.543536440109423 0.2574198673812817
6.556863398235919 0.2702744615938871
6.570190356362414 0.28308105366095404
6.583517314488911 0.29583736906534003
6.596844272615406 0.30854114221929535
6.610171230741901 0.32119011686685145
6.623498188868398 0.3337820464845359
6.636825146994894 0.34631469468036774
6.650152105121389 0.3587858355910564
