0.0 0.0
0.09995479644918064 0.09978843882349499
0.19990959289836127 0.19858072500455998
0.29986438934754195 0.29539065013978427
0.39981918579672254 0.3892517950339794
0.49977398224590314 0.4792271771207256
0.5997287786950839 0.5644186040274789
0.6996835751442645 0.6439756399119101
0.7996383715934451 0.7171040950617185
0.8995931680426257 0.7830739540092491
0.9995479644918063 0.8412266630173544
1.099502760940987 0.890981704188111
1.1994575573901678 0.9318423905673904
1.2994123538393483 0.9634008243948096
1.399367150288529 0.9853419690026065
1.4993219467377095 0.9974467937151169
1.5992767431868902 0.9995944603544347
1.6992315396360709 0.9917635295251445
1.7991863360852514 0.974032174636213
1.899141132534432 0.9465774015235338
1.9990959289836125 0.9096732814633585
2.0990507254327935 0.8636882152158142
2.199005521881974 0.8090812554105935
2.298960318331155 0.7463975239871351
2.3989151147803356 0.6762627704353705
2.498869911229516 0.5993771251601893
2.5988247076786966 0.5165081103275732
2.6987795041278773 0.4284829779626502
2.798734300577058 0.3361804517857172
2.8986890970262387 0.24052195522455957
2.998643893475419 0.1424624131707159
3.0985986899245996 0.04298071930249194
3.1985534863737803 -0.0569300358639296
3.298508282822961 -0.1562724786453884
3.3984630792721418 -0.2540549086199825
3.498417875721322 -0.3493011984211463
3.5983726721705027 -0.4410605380714353
3.6983274686196834 -0.5284169265817771
3.798282265068864 -0.6104983160649246
3.898237061518045 -0.6864853170806581
3.998191857967225 -0.7556193783103619
4.098146654416406 -0.8172103589061805
4.198101450865587 -0.8706434179226717
4.298056247314767 -0.9153851520562067
4.398011043763948 -0.9509889204212342
4.497965840213128 -0.9770993032080488
4.59792063666231 -0.9934556497128768
4.69787543311149 -0.999894680321532
4.797830229560671 -0.9963521164719774
4.897785026009851 -0.9828633223244438
4.997739822459032 -0.9595629517335426
5.097694618908212 -0.9266836040465265
5.197649415357393 -0.8845535021463865
5.297604211806574 -0.833593215919058
5.3975590082557545 -0.7743114638532042
5.497513804704934 -0.7073000346837182
5.597468601154116 -0.6332278797743758
5.697423397603296 -0.5528344352133012
5.797378194052477 -0.4669222402843784
5.897332990501657 -0.37634892600182807
5.997287786950838 -0.2820186536835315
6.097242583400019 -0.18487308902883204
6.197197379849199 -0.08588200180336648
6.29715217629838 0.013966415029038065
6.397106972747561 0.11367541008673122
6.4970617691967405 0.2122496237862593
6.597016565645922 0.308705024664562
6.696971362095102 0.40207873261654165
6.7969261585442835 0.49143863098613894
6.896880954993463 0.5758926715567673
6.996835751442644 0.6545977795527314
7.096790547891825 0.7267682697561108
7.196745344341005 0.7916836897240255
7.296700140790186 0.8486960118102079
7.396654937239367 0.8972361021954822
7.496609733688547 0.9368194023491088
7.596564530137728 0.9670507662049809
7.696519326586908 0.9876284047648491
7.79647412303609 0.9983468987510098
7.8964289194852695 0.9990992492341971
7.99638371593445 0.9898779457659996
8.09633851238363 0.9707750413530061
8.196293308832812 0.9419812335242426
8.296248105281993 0.9037839606652828
8.396202901731174 0.8565645326226445
8.496157698180353 0.8007943242226443
8.596112494629534 0.7370300697034496
8.696067291078716 0.6659083050343644
8.796022087527897 0.5881390136026923
8.895976883977076 0.5044985387010328
8.995931680426256 0.4158218335671501
9.095886476875437 0.32299412634152513
9.19584127332462 0.2269420831483463
9.295796069773798 0.12862455751580068
9.39575086622298 0.029023018480885242
9.49570566267216 -0.07086824706836285
9.595660459121342 -0.17005206000673057
9.695615255570521 -0.2675383034578519
9.795570052019702 -0.36235380678032963
9.895524848468883 -0.45355206038556045
9.995479644918063 -0.5402226644077388
10.095434441367244 -0.6215004169032768
10.195389237816425 -0.6965739508553759
10.295344034265606 -0.7646938337635916
10.395298830714786 -0.8251800489630567
10.495253627163965 -0.877428783990003
10.595208423613148 -0.9209184582277367
10.695163220062328 -0.955214929661197
10.795118016511509 -0.9799758287629399
10.895072812960688 -0.9949539762468681
10.995027609409869 -0.9999998505715014
11.094982405859051 -0.9950630805605679
11.194937202308232 -0.9801929482406174
11.29489199875741 -0.955537896876005
11.394846795206591 -0.9213440491123556
11.494801591655772 -0.8779527500213652
11.594756388104955 -0.8257971595738429
11.694711184554134 -0.7653979285571408
11.794665981003314 -0.6973580011027345
11.894620777452495 -0.6223565957085145
11.994575573901676 -0.5411424248410782
12.094530370350858 -0.45452622080434796
12.194485166800037 -0.36337264248612866
12.294439963249218 -0.2685916437746538
12.394394759698399 -0.1711293898112153
12.49434955614758 -0.07195881175865662
12.59430435259676 0.027930105625839096
12.69425914904594 0.12754020665795415
12.794213945495121 0.22587711897826748
12.894168741944302 0.3219591800193392
12.994123538393481 0.41482723659544174
13.094078334842663 0.5035542197891147
13.194033131291844 0.5872543995518099
13.293987927741025 0.66509222663328
13.393942724190204 0.7362906735738062
13.493897520639385 0.8001389914941326
13.593852317088567 0.8559998052497942
13.693807113537748 0.9033154761214439
13.793761909986927 0.9416136685246911
13.893716706436107 0.9705120651689515
13.993671502885288 0.989722183595549
14.09362629933447 0.9990522559959312
14.19358109578365 0.9984091435617822
14.29353589223283 0.9877992662567596
14.39349068868201 0.9673285387282698
14.493445485131192 0.9372013129990563
14.593400281580372 0.8977183384933314
14.693355078029553 0.8492737597617926
14.793309874478734 0.7923511818761676
14.893264670927914 0.7275188427710632
14.993219467377093 0.6554239407259195
15.093174263826276 0.5767861736138002
15.193129060275457 0.49239055441243607
15.293083856724637 0.4030795746976851
15.393038653173816 0.3097447943485268
15.492993449622997 0.21331794142054852
15.59294824607218 0.11476161103476724
15.69290304252136 0.01505965613146203
15.792857838970539 -0.0847926339852821
15.89281263541972 -0.18379846926819257
15.9927674318689 -0.2809695095288064
16.09272222831808 -0.3753357306875357
16.19267702476726 -0.46595510818049435
16.292631821216442 -0.5519230208570883
16.392586617665625 -0.6323812814925552
16.492541414114804 -0.7065267037670913
16.592496210563986 -0.7736191201904226
16.692451007013165 -0.8329887709316953
16.792405803462348 -0.8840429897946754
16.892360599911527 -0.926272120594463
16.992315396360706 -0.9592546048746926
17.092270192809888 -0.9826611901762924
17.192224989259067 -0.9962582168481692
17.29217978570825 -0.9999099505887549
17.392134582157432 -0.9935799374334612
17.49208937860661 -0.9773313676616998
17.592044175055793 -0.9513264449907008
17.69199897150497 -0.9158247673532572
17.79195376795415 -0.8711807354234921
17.891908564403334 -0.8178400147604633
17.991863360852513 -0.7563350868867229
18.091818157301695 -0.6872799337138613
18.191772953750874 -0.611363908378555
18.291727750200057 -0.5293448536743344
18.39168254664924 -0.4420415367754006
18.491637343098414 -0.3503254757739074
18.591592139547597 -0.25511223962349094
18.691546935996776 -0.1573523083387179
18.79150173244596 -0.05802158468969439
18.89145652889514 0.04188834788962267
18.99141132534432 0.1413801239276651
19.091366121793502 0.23946055226152724
19.191320918242685 0.33515053071256273
19.29127571469186 0.4274948201166704
19.391230511141043 0.5155715801385723
19.49118530759022 0.5985015716773479
19.591140104039404 0.6754569339990135
19.691094900488586 0.7456694489770009
19.791049696937765 0.8084382099416416
19.891004493386948 0.8631366185832141
19.990959289836127 0.9092186400609309
20.09091408628531 0.9462242538753793
20.190868882734488 0.9737840460902267
20.290823679183667 0.9916228970607209
20.39077847563285 0.9995627278556584
20.49073327208203 0.9975242779562843
20.59068806853121 0.9855278964859805
20.690642864980394 0.9636933390721738
20.790597661429572 0.9322385723683223
20.890552457878755 0.8914775981700074
20.99050725432793 0.8418173188462298
21.090462050777113 0.7837534753771543
21.190416847226295 0.7178656985475055
21.290371643675474 0.6448117226977218
21.390326440124657 0.5653208197949796
21.490281236573836 0.48018651936945167
21.590236033023018 0.39025868699003136
21.6901908294722 0.29643504035737844
21.790145625921376 0.19965218770605558
21.89010042237056 0.10087627797621897
21.990055218819737 0.0010933560909772064
22.09001001526892 -0.09870048038088738
22.189964811718102 -0.19750902491412928
22.28991960816728 -0.2943459068039628
22.389874404616464 -0.3882444377554724
22.489829201065643 -0.4782672619904628
22.58978399751482 -0.5635157135382299
22.689738793964004 -0.6431387872996529
22.789693590413183 -0.7163416343296882
22.889648386862365 -0.7823934965328931
22.989603183311544 -0.8406350015626576
23.089557979760727 -0.890484745101827
23.18951277620991 -0.931445094816068
23.28946757265909 -0.9631071580412216
23.389422369108267 -0.9851548636139524
23.489377165557446 -0.9973681170982245
23.58933196200663 -0.9996249979101055
23.68928675845581 -0.9919029764077755
23.78924155490499 -0.9742791387969635
23.889196351354173 -0.9469294176066542
23.98915114780335 -0.9101268354169666
24.089105944252534 -0.8642387793714263
24.189060740701716 -0.8097233336812385
24.289015537150892 -0.7471247067328484
24.388970333600074 -0.6770677984483453
24.488925130049253 -0.6002519621308933
24.588879926498436 -0.5174440230683688
24.688834722947618 -0.42947062358812077
24.788789519396797 -0.3372099709793839
24.88874431584598 -0.24158307066093637
24.98869911229516 -0.14354453211022256
25.088653908744337 -0.044073039335012915
25.18860870519352 0.055838418982412534
25.2885635016427 0.15519246213957896
25.38851829809188 0.2529972739121492
25.48847309454106 0.3482765035039892
25.588427890990243 0.44007901211139616
25.688382687439425 0.5274883678048851
25.788337483888604 0.6096319939445761
25.888292280337783 0.6856898798037533
25.988247076786962 0.7549027664455144
26.088201873236144 0.8165797261358345
26.188156669685327 0.8701050596304205
26.288111466134506 0.9149444424822087
26.38806626258369 0.9506502590130799
26.488021059032867 0.9768660707026308
26.58797585548205 0.9933301743876923
26.68793065193123 0.9998782147523122
26.787885448380408 0.9964448250286686
26.88784024482959 0.9830642795303589
26.98779504127877 0.9598701515040691
27.08774983772795 0.9270939797151563
27.187704634177134 0.8850629570781631
27.287659430626313 0.8341966644058341
27.387614227075495 0.7750028818824592
27.48756902352467 0.7080725200741519
27.587523819973853 0.6340737210779251
27.687478616423036 0.5537451886958054
27.787433412872215 0.46788881421638984
27.887388209321397 0.37736167141811294
27.987343005770576 0.28306746070529004
28.08729780221976 0.1859474877870214
28.18725259866894 0.08697126695570635
28.28720739511812 -0.012873157230771926
28.3871621915673 -0.1125890732479368
28.487116988016478 -0.2111810524228483
28.58707178446566 -0.3076648859459982
28.687026580914843 -0.40107740987926527
28.78698137736402 -0.49048612008039016
28.886936173813204 -0.5749984810615694
28.986890970262383 -0.6537708358550964
29.086845766711566 -0.726016827942094
29.186800563160745 -0.7910152511711135
29.286755359609923 -0.848117249303732
29.386710156059106 -0.8967527933165647
29.486664952508285 -0.9364363717991115
29.586619748957467 -0.9667718376422263
29.68657454540665 -0.9874563626343903
29.78652934185583 -0.9982834604885018
29.88648413830501 -0.9991450481213467
29.986438934754187 -0.9900325246087377
30.08639373120337 -0.9710368570454924
30.18634852765255 -0.9423476724531472
30.28630332410173 -0.9042513648005621
30.386258120550913 -0.8571282360343563
30.486212917000092 -0.8014486996592785
30.586167713449274 -0.7377685847667831
30.686122509898457 -0.6667235873900828
30.786077306347632 -0.5890229245757936
30.886032102796815 -0.5054422545213227
30.985986899245994 -0.41681593345383755
31.085941695695176 -0.32402868654752126
31.18589649214436 -0.2280067760255292
31.285851288593538 -0.12970875461226267
31.38580608504272 -0.03011589664100361
31.4857608814919 0.06977759766018937
31.585715677941078 0.16897452691726375
31.68567047439026 0.266484643318298
31.78562527083944 0.361334537906679
31.885580067288622 0.4525773577779848
31.9855348637378 0.5393022581771533
32.08548966018698 0.6206434951390988
32.18544445663616 0.6957890679040815
32.285399253085345 0.7639888248336992
32.38535404953452 0.8245619519090144
32.4853088459837 0.8769037690557931
32.585263642432885 0.9204917664514994
32.68521843888207 0.9548908205558125
32.78517323533125 0.9797575377948163
32.885128031780425 0.9948436825374266
32.98508282822961 0.9999986551437812
33.08503762467879 0.9951709953481002
33.18499242112797 0.9804088959682983
33.284947217577155 0.955859721814151
33.38490201402633 0.9217685385965937
33.48485681047551 0.8784756665235144
33.584811606924696 0.8264132830036657
33.68476640337387 0.7661011083726538
33.78472119982305 0.698141217708883
33.88467599627223 0.6232120305313189
33.98463079272141 0.5420615383776687
34.084585589170594 0.455499837869815
34.184540385619776 0.3643910438061332
34.28449518206896 0.26964466300950957
34.384449978518134 0.17220651504285842
34.48440477496732 0.07304929042738102
34.5843595714165 -0.026837159382365465
34.68431436786568 -0.1264557033349881
34.784269164314864 -0.22481188478838066
34.88422396076404 -0.3209238488181655
34.98417875721322 -0.4138321437276848
35.084133553662404 -0.5026092989144353
35.18408835011159 -0.5863690834806361
35.28404314656076 -0.66427535316239
35.38399794300994 -0.7355503972617473
35.48395273945912 -0.7994827022571465
35.5839075359083 -0.8554340545908925
35.683862332357485 -0.9028459117290817
35.78381712880667 -0.9412449778938908
35.88377192525584 -0.9702479288076974
35.983726721705025 -0.9895652382835877
36.08368151815421 -0.9990040684627257
36.18363631460339 -0.9984701948464098
36.28359111105257 -0.9879689469058679
36.38354590750175 -0.9676051548800366
36.48350070395093 -0.9375821032924069
36.58345550040011 -0.8981995016336326
36.683410296849296 -0.8498504924678292
36.78336509329848 -0.793017726829598
36.88331988974765 -0.7282685460896938
36.98327468619683 -0.6562493183870445
37.08322948264601 -0.5776789861645524
37.183184279095194 -0.4933418892213296
37.283139075544376 -0.40407993492625943
37.38309387199355 -0.3107841937549254
37.483048668442734 -0.2143860040486192
37.58300346489192 -0.11584767479357436
37.6829582613411 -0.016152879231153796
37.78291305779028 0.08370316480372186
37.88286785423946 0.18272362978973428
37.98282265068864 0.2799200294952917
38.08277744713782 0.3743220866864418
38.182732243587004 0.4649874190608806
38.28268704003619 0.5510109467167035
38.38264183648537 0.6315339272445109
38.482596632934545 0.7057525282487332
38.58255142938372 0.7729258517217571
38.6825062258329 0.8323833301663153
38.782461022282085 0.8835314206333089
38.88241581873127 0.9258595298508652
38.98237061518044 0.9589451112961259
39.082325411629625 0.9824578833275387
39.18228020807881 0.9961631262694942
39.28223500452799 0.9999240255357265
39.38218980097717 0.9937030374008685
39.48214459742635 0.9775622637861677
39.58209939387553 0.9516628323179955
39.68205419032471 0.9162632878478267
39.782008986773896 0.8717170114905533
39.88196378322308 0.818468692945973
39.981918579672254 0.7570498913190182
40.081873376121436 0.6880737287534567
40.18182817257062 0.6122287698507082
40.281782969019794 0.5302721479732876
40.381737765468976 0.44302200705058425
40.48169256191815 0.35134933433782023
40.581647358367334 0.2561692656587121
40.68160215481652 0.15843194992870416
40.7815569512657 0.05911306415483589
40.88151174771488 -0.04079592640225412
40.98146654416406 -0.14029766567486848
41.08142134061324 -0.23839886304066654
41.18137613706242 -0.33412020899110845
41.281330933511605 -0.4265061512314624
41.38128572996079 -0.5146344336209253
41.48124052640996 -0.5976253027290329
41.581195322859145 -0.6746502901025941
41.68115011930833 -0.7449404825728039
41.78110491575751 -0.8077941980431019
41.881059712206685 -0.8625839901330175
41.98101450865586 -0.9087629117531726
42.08096930510504 -0.9458699750843508
42.180924101554226 -0.9735347534556237
42.28087889800341 -0.9914810791826214
42.38083369445259 -0.9995298004517105
42.480788490901766 -0.9976005697290999
42.58074328735095 -0.9857126458418123
42.68069808380013 -0.9639847017236356
42.78065288024931 -0.932633639745256
42.880607676698496 -0.8919724264547122
42.98056247314767 -0.8424069683431941
43.080517269596854 -0.7844320598242877
43.180472066046036 -0.7186264438766083
43.28042686249522 -0.6456470346576062
43.3803816589444 -0.5662223597621974
43.48033645539357 -0.4811452875898201
43.58029125184275 -0.39126511241996736
43.680246048291934 -0.29747907620826347
43.78020084474112 -0.20072341173775227
43.8801556411903 -0.10196399653862408
43.980110437639475 -0.0021867108749260384
44.08006523408866 0.09761240394897007
44.18002003053784 0.19643708871589627
44.27997482698702 0.29330081159883387
44.379929623436205 0.3872366163587327
44.47988441988538 0.4773067751261699
44.57983921633456 0.5626121494065781
44.679794012783745 0.6423011658613474
44.77974880923293 0.7155783172628876
44.87970360568211 0.7817121037615263
44.979658402131285 0.8400423351894285
45.07961319858047 0.8899867215052356
45.17956799502964 0.9310466855892899
45.279522791478826 0.9628123403624664
45.37947758792801 0.9849665805436901
45.47943238437718 0.9972882481996594
45.579387180826366 0.9996543404861653
45.67934197727555 0.9920412375419158
45.77929677372473 0.9745249382772495
45.87925157017391 0.9472803017039303
45.97920636662309 0.9105793013795647
46.07916116307227 0.8647883103918917
46.179115959521454 0.8103644439860229
46.279070755970636 0.7478509963448381
46.37902555241982 0.6778720170755801
46.478980348868994 0.6011260815436525
46.57893514531818 0.5183793172421416
46.67888994176736 0.4304577558124261
46.778844738216534 0.33823908706284517
46.87879953466572 0.242643897302174
46.97875433111489 0.14462647945259652
47.078709127564075 0.04516530668139351
47.17866392401326 -0.054746735350089365
47.27861872046244 -0.15411226011237364
47.37857351691162 -0.2519393367643177
47.4785283133608 -0.3472513922473824
47.57848310980998 -0.43909696006862575
47.67843790625916 -0.5265591784536781
47.778392702708345 -0.6087649430531348
47.87834749915753 -0.6848936228340408
47.9783022956067 -0.7541852521488415
48.078257092055885 -0.8159481172033036
48.17821188850507 -0.8695656611903064
48.27816668495425 -0.9145026391581003
48.37812148140343 -0.9503104611710852
48.4780762778526 -0.9766316704242571
48.578031074301784 -0.9932035116079038
48.677985870750966 -0.999860553900779
48.77794066720015 -0.9965363424074158
48.87789546364933 -0.9832640615538074
48.977850260098506 -0.9601762038190372
49.07780505654769 -0.9275032471097784
49.17775985299687 -0.8855713539809901
49.277714649446054 -0.8347991156706434
49.377669445895236 -0.7756933734516477
49.47762424234441 -0.7088441590149376
49.577579038793594 -0.6349188043920557
49.67753383524278 -0.5546552802158613
49.77748863169196 -0.46885482882105284
49.87744342814114 -0.37837396572572374
0.0 0.0
0.12700982325346888 0.12666862218152336
0.25401964650693776 0.2512966354786638
0.3810294697604067 0.37187630485177864
0.5080392930138755 0.48646511335893605
0.6350491162673444 0.5932170557569794
0.7620589395208134 0.6904123773163562
0.8890687627742823 0.776485278762718
1.016078586027751 0.8500491410236293
1.14308840928122 0.9099188634142178
1.2700982325346888 0.9551299553975874
1.3971080557881579 0.9849540743551397
1.5241178790416268 0.9989107590561017
1.6511277022950954 0.9967751698021581
1.7781375255485645 0.9785817105548419
1.9051473488020332 0.944623474693858
2.032157172055502 0.8954475233350728
2.159166995308971 0.8318460722736254
2.28617681856244 0.7548437295289326
2.413186641815909 0.6656809890924572
2.5401964650693776 0.5657942467910201
2.6672062883228467 0.4567926602065216
2.7942161115763158 0.34043222543464396
2.9212259348297844 0.21858748830131342
3.0482357580832535 0.0932213457641771
3.175245581336722 -0.03364657600687119
3.302255404590191 -0.15997245744665028
3.42926522784366 -0.28372121116292476
3.556275051097129 -0.40289926683089133
3.683284874350598 -0.5155866872551251
3.8102946976040664 -0.6199680982149576
3.9373045208575355 -0.7143619338190058
4.064314344111004 -0.7972475262314055
4.191324167364473 -0.8672896033591072
4.318333990617942 -0.9233597998468562
4.4453438138714105 -0.9645548348415772
4.57235363712488 -0.9902110636856204
4.699363460378349 -0.9999151691136892
4.826373283631818 -0.9935108197201801
4.953383106885287 -0.9711011884302105
5.080392930138755 -0.9330472904022195
5.207402753392225 -0.8799621671382288
5.334412576645693 -0.8127010104947191
5.461422399899162 -0.7323473856945267
5.5884322231526316 -0.6401957752845963
5.7154420464061 -0.5377307252533061
5.842451869659569 -0.4266029292596803
5.969461692913038 -0.3086026362533092
6.096471516166507 -0.18563080988345032
6.223481339419975 -0.05966850431409084
6.350491162673444 0.06725505020488455
6.4775009859269135 0.19309513787465848
6.604510809180382 0.3158244973538818
6.731520632433852 0.43346598057688196
6.85853045568732 0.5441244042559366
6.985540278940788 0.6460170809456302
7.112550102194258 0.7375025378192638
7.239559925447726 0.8171069605029748
7.366569748701196 0.8835479359621329
7.4935795719546645 0.9357551119463206
7.620589395208133 0.9728874401729642
7.747599218461603 0.9943467254649782
7.874609041715071 0.9997872625682489
8.00161886496854 0.9891214054015487
8.128628688222008 0.9625209790192526
8.255638511475476 0.9204145115403948
8.382648334728946 0.8634803306371913
8.509658157982415 0.7926356357973721
8.636667981235885 0.7090217224042096
8.763677804489353 0.6139855956717015
8.890687627742821 0.5090582706310972
9.017697450996291 0.39593010775213744
9.14470727424976 0.27642358153773655
9.27171709750323 0.1524639207851648
9.398726920756697 0.0260480934939219
9.525736744010166 -0.10078736393215232
9.652746567263636 -0.22599915492267847
9.779756390517104 -0.3475701398836138
9.906766213770574 -0.4635418319559275
10.033776037024042 -0.5720459478891637
10.16078586027751 -0.6713345057510016
10.287795683530979 -0.7598079846040455
10.41480550678445 -0.8360410925025061
10.541815330037918 -0.898805727690928
10.668825153291387 -0.947090763104183
10.795834976544855 -0.9801183354439252
10.922844799798323 -0.9973563764174288
11.049854623051793 -0.9985271842627729
11.176864446305263 -0.9836118974746372
11.303874269558731 -0.9528507986597866
11.4308840928122 -0.9067394436271805
11.557893916065668 -0.846020678072382
11.684903739319138 -0.7716726704660499
11.811913562572606 -0.68489315393455
11.938923385826076 -0.587080130993158
12.065933209079544 -0.4798093519751876
12.192943032333014 -0.3648089299754878
12.319952855586482 -0.24393150125708243
12.44696267883995 -0.1191243796117838
12.573972502093419 0.007601814517259396
12.700982325346889 0.13420554477187208
12.827992148600359 0.25864724766502445
12.955001971853827 0.37892218958441115
13.082011795107295 0.4930927626929674
13.209021618360763 0.5993196994451244
13.336031441614232 0.6958917028585357
13.463041264867703 0.7812530152028822
13.590051088121172 0.8540284809790897
13.71706091137464 0.9130457004288749
13.844070734628108 0.9573539166854881
13.971080557881576 0.9862393322970645
14.098090381135048 0.9992366083761124
14.225100204388516 0.9961363611258951
14.352110027641984 0.9769885349760092
14.479119850895453 0.9421015979865407
14.60612967414892 0.8920375724826994
14.733139497402393 0.8276029809755178
14.86014932065586 0.7498358532282245
14.987159143909329 0.6599890037821072
15.114168967162797 0.5595098493379712
15.241178790416265 0.4500170911315507
15.368188613669735 0.33327463794564743
15.495198436923205 0.2111631898546225
15.622208260176674 0.08564994048202806
15.749218083430142 -0.041243114137393996
15.87622790668361 -0.1674717495527627
16.00323772993708 -0.2910024449879321
16.13024755319055 -0.409845142998068
16.257257376444016 -0.522085308939726
16.384267199697486 -0.6259147737820933
16.511277022950953 -0.7196608633871724
16.638286846204426 -0.8018133449914839
16.765296669457893 -0.871048756786177
16.892306492711363 -0.9262517286504738
17.01931631596483 -0.9665329505651213
17.1463261392183 -0.9912434992380136
17.27333596247177 -0.9999852921425422
17.40034578572524 -0.9926175005560195
17.527355608978706 -0.9692588182852535
17.654365432232176 -0.930285549530512
17.781375255485642 -0.8763255466920576
17.908385078739112 -0.8082480957800856
18.035394901992582 -0.7271499123723355
18.162404725246052 -0.6343374737219662
18.28941454849952 -0.5313059716423078
18.41642437175299 -0.41971522523372917
18.54343419500646 -0.3013629414943399
18.670444018259925 -0.17815575458125546
18.797453841513395 -0.052078510274778854
18.924463664766865 0.07483770953266945
19.05147348802033 0.20054830720316247
19.1784833112738 0.3230281074561245
19.30549313452727 0.4403039825804486
19.432502957780738 0.5504866391695965
19.559512781034208 0.6518010543010189
19.686522604287678 0.7426150708384569
19.813532427541148 0.821465691191969
19.940542250794614 0.8870826459478554
20.067552074048084 0.93840885768209
20.19456189730155 0.9746174702888503
20.32157172055502 0.9951251694847424
20.44858154380849 0.9996015798977381
20.575591367061957 0.9879745873554281
20.702601190315427 0.9604315006314598
20.8296110135689 0.917416033934641
20.956620836822363 0.8596211587522784
21.083630660075837 0.7879779402032352
21.210640483329303 0.7036405377451602
21.337650306582773 0.6079676118716861
21.464660129836243 0.5025004363345145
21.59166995308971 0.38893806849849055
21.71867977634318 0.2691099778308426
21.845689599596646 0.14494657347477152
21.972699422850116 0.018448105702836944
22.099709246103586 -0.10834755775772917
22.226719069357053 -0.2333977614102206
22.353728892610526 -0.3546879688037696
22.48073871586399 -0.4702642163557984
22.607748539117463 -0.5782645913564813
22.734758362370933 -0.6769492270499549
22.8617681856244 -0.7647283315771151
22.98877800887787 -0.8401877992385727
23.115787832131335 -0.902111991484943
23.242797655384805 -0.9495033206368193
23.369807478638275 -0.9815983208441371
23.496817301891742 -0.9978799473846963
23.623827125145212 -0.9980859061623065
23.75083694839868 -0.9822128792178382
23.877846771652152 -0.95051657818095
24.004856594905622 -0.9035076248014038
24.13186641815909 -0.8419433249238505
24.25887624141256 -0.7668154684259009
24.38588606466603 -0.679334351660308
24.512895887919495 -0.5809092797968411
24.639905711172965 -0.4731258631676478
24.76691553442643 -0.3577204733679621
24.8939253576799 -0.2365522706197418
25.02093518093337 -0.11157325303250128
25.147945004186838 0.0152031897376776
25.27495482744031 0.1417347118359926
25.401964650693778 0.2659829130359056
25.528974473947248 0.38594617700284817
25.655984297200717 0.4996919169759085
25.782994120454184 0.605387709395466
25.910003943707654 0.701330813919533
26.03701376696112 0.7859756042665889
26.16402359021459 0.8579584679789974
26.29103341346806 0.9161197739761847
26.418043236721527 0.9595225540042825
26.545053059974997 0.9874675970273881
26.672062883228463 0.9995047133924876
26.799072706481937 0.9954399873043834
26.926082529735407 0.9753389007745247
27.053092352988873 0.939525278717498
27.180102176242343 0.8885760721894735
27.30711199949581 0.8233120638097231
27.43412182274928 0.7447846450991779
27.56113164600275 0.654258878750783
27.688141469256216 0.5531931186954099
27.815151292509686 0.4432155162804351
27.942161115763152 0.32609779104229036
28.069170939016622 0.20372668862107868
28.196180762270096 0.07807358562524346
28.323190585523562 -0.04883726889356405
28.450200408777032 -0.1749613637312728
28.5772102320305 -0.29826686224176663
28.70422005528397 -0.4167673348624636
28.83122987853744 -0.5285537601398321
28.958239701790905 -0.6318252787241285
29.085249525044375 -0.7249182048919532
29.21225934829784 -0.8063328282261542
29.33926917155131 -0.8747575736828678
29.466278994804785 -0.9290901308312547
29.593288818058248 -0.968455211877705
29.72029864131172 -0.9922186523959106
29.847308464565188 -0.9999976276025089
29.974318287818658 -0.991666819595999
30.101328111072128 -0.9673604362057497
30.228337934325594 -0.9274700489278371
30.355347757579064 -0.8726382847781601
30.48235758083253 -0.8037484736859746
30.609367404086 -0.721910418206457
30.73637722733947 -0.6284425147997266
30.863387050592937 -0.5248505146992932
30.99039687384641 -0.4128032665285504
31.117406697099874 -0.2941058314474927
31.244416520353347 -0.1706704039396935
31.371426343606817 -0.0444855067007004
31.498436166860284 0.08241604410754984
31.625445990113754 0.20798988716209846
31.75245581336722 0.3302130502747987
31.87946563662069 0.4471165401130565
32.00647545987416 0.5568170623307955
32.13348528312763 0.6575473611040871
32.2604951063811 0.7476846893069087
32.38750492963457 0.8257769506775445
32.51451475288803 0.8905660928300972
32.64152457614151 0.9410083742537587
32.76853439939497 0.976291178802165
32.89554422264844 0.9958461067944242
33.022554045901906 0.9993581318324651
33.14956386915538 0.9867706758200591
33.27657369240885 0.9582865204258486
33.40358351566232 0.9143645403068789
33.530593338915786 0.8557123107198055
33.65760316216925 0.7832747086098654
33.784612985422726 0.6982186908120073
33.91162280867619 0.6019144945846822
34.03863263192966 0.4959135633322605
34.16564245518313 0.381923553128839
34.2926522784366 0.2617808226838402
34.419662101690065 0.13742084993108059
34.54667192494354 0.010847051824889457
34.673681748197005 -0.11590149034925733
34.80069157145048 -0.2407828802101809
34.927701394703945 -0.3617853008670269
35.05471121795741 -0.47695942493017995
35.181721041210885 -0.5844498178274005
35.30873086446435 -0.6825248285234459
35.43574068771782 -0.769604486109067
35.562750510971284 -0.8442859528501989
35.68976033422476 -0.9053661236533647
35.816770157478224 -0.951861007873882
35.94377998073169 -0.9830215812294602
36.070789803985164 -0.9983458524476222
36.19779962723863 -0.9975869502554664
36.324809450492104 -0.9807571004317924
36.45181927374557 -0.9481274288519892
36.57882909699904 -0.9002235936985918
36.70583892025251 -0.837817317201826
36.83284874350598 -0.761913953332298
36.95985856675944 -0.6737362917280318
37.08686839001292 -0.5747048587717581
37.21387821326638 -0.4664150331645695
37.34088803651985 -0.3506113446598957
37.467897859773316 -0.22915937000071485
37.59490768302679 -0.10401567881134402
37.72191750628026 0.02280368638980679
37.84892732953373 0.14925568827521926
37.975937152787196 0.27330320767480654
38.10294697604066 0.39294786120195774
38.229956799294136 0.5062621948530622
38.3569666225476 0.6114207349473011
38.48397644580107 0.7067293961817119
38.61098626905454 0.7906527730428892
38.73799609230801 0.8618388749156187
38.865005915561476 0.9191409064102953
38.99201573881495 0.9616357420318503
39.119025562068416 0.9886387975666331
39.24603538532189 0.9997150586118628
39.373045208575356 0.9946860885799653
39.50005503182882 0.9736329032801423
39.627064855082295 0.9368946657681466
39.75407467833576 0.8850632224900271
39.88108450158923 0.8189735687415559
40.008094324842695 0.7396903970431243
40.13510414809617 0.6484909451333516
40.262113971349635 0.5468444198972116
40.3891237946031 0.43638832870543753
40.516133617856575 0.3189020994631999
40.64314344111004 0.1962784143443242
40.770153264363515 0.0704927190193967
40.89716308761698 -0.05642860142118299
41.024172910870455 -0.18244086716921648
41.151182734123914 -0.3055140431252394
41.27819255737739 -0.4236654424015574
41.405202380630854 -0.534991667053867
41.53221220388433 -0.6376992714823323
41.6592220271378 -0.7301336545198945
41.78623185039126 -0.8108057147616325
41.91324167364473 -0.878415839722514
42.0402514968982 -0.9318748423624214
42.167261320151674 -0.9703215076948881
42.29427114340514 -0.9931364668067512
42.42128096665861 -0.9999521747807424
42.54829078991207 -0.9906588317784681
42.67530061316555 -0.9654061518961996
42.80231043641901 -0.9246009512975225
42.92932025967249 -0.8689005944775744
43.056330082925946 -0.7992024042384342
43.18333990617942 -0.7166292059789732
43.310349729432886 -0.6225112391782337
43.43735955268636 -0.5183647274749089
43.56436937593983 -0.4058674525753111
43.69137919919329 -0.28683172548967406
43.818389022446766 -0.1631751905253502
43.94539884570023 -0.03688993237953596
44.072408668953706 0.08998961598955853
44.19941849220717 0.2154194477143192
44.32642831546064 0.33737891060342046
44.453438138714105 0.4539032594877753
44.58044796196758 0.5631153079143818
44.70745778522105 0.6632556692848565
44.83446760847452 0.7527111002593795
44.96147743172798 0.8300404898188299
45.08848725498145 0.8939980753059706
45.215497078234925 0.943553511439372
45.34250690148839 0.9779084689919382
45.469516724741865 0.9965094957321967
45.596526547995325 0.9990569324409084
45.7235363712488 0.985509740367587
45.850546194502265 0.9560861623574398
45.97755601775574 0.911260206998098
46.10456584100921 0.8517540124259206
46.23157566426267 0.778526212809573
46.35858548751614 0.6927564949247224
46.48559531076961 0.5958265936107651
46.612605134023084 0.4892980322692959
46.73961495727655 0.3748869670009414
46.86662478053002 0.25443653963701474
46.993634603783484 0.1298871850537578
47.12064442703696 0.003245371112971592
47.247654250290424 -0.12344872517691814
47.3746640735439 -0.24815408454820562
47.50167389679736 -0.3688617259297845
47.62868372005083 -0.4836270707735455
47.755693543304304 -0.5906012698674589
47.88270336655777 -0.6880609879662842
48.009713189811244 -0.7744361664146465
48.1367230130647 -0.8483353165115713
48.26373283631818 -0.9085679361450364
48.39074265957164 -0.9541636885683535
48.51775248282512 -0.9843880343519298
48.64476230607858 -0.9987540646822894
48.77177212933206 -0.9970303453761249
48.898781952585516 -0.9792446452436592
49.02579177583899 -0.9456834887380654
49.15280159909246 -0.8968875400977018
49.27981142234593 -0.8336428933417738
49.4068212455994 -0.756968408436043
49.53383106885286 -0.6680992976407456
49.660840892106336 -0.5684672264615956
49.7878507153598 -0.459677249774206
49.914860538613276 -0.34348195467659076
50.04187036186674 -0.22175322662402502
50.16888018512021 -0.09645209368857471
50.295890008373675 0.03040286525294181
50.42289983162715 0.15676803946421908
50.54990965488062 0.28060770855348155
50.67691947813409 0.3999268375654956
50.803929301387555 0.5128032166384618
50.93093912464102 0.6174184274616235
51.057948947894495 0.7120871376695522
51.18495877114796 0.7952842512455895
51.311968594401435 0.8656694775463759
51.438978417654894 0.9221089231447438
51.56598824090837 0.9636933586503944
51.692998064161834 0.9897528662329727
51.82000788741531 0.99986763187872
51.94701771066878 0.993874708519255
52.07402753392224 0.9718706410797576
52.201037357175714 0.9342099111574512
52.32804718042918 0.8814992263863882
52.455057003682654 0.8145877464857835
52.58206682693612 0.7345534034485945
52.70907665018959 0.6426855362495753
52.83608647344305 0.5404641198246412
52.96309629669653 0.42953592293891846
53.09010611994999 0.3116879790360232
53.21711594320347 0.18881879744834726
53.344125766456926 0.06290777875078586
53.4711355897104 -0.06401667302914901
53.59814541296387 -0.18990982763791295
53.72515523621734 -0.3127435688352397
53.85216505947081 -0.4305390669846283
53.97917488272427 -0.5413986576453786
54.106184705977746 -0.6435364126079451
54.23319452923121 -0.7353069108783967
54.360204352484686 -0.8152317461168804
54.48721417573815 -0.8820233434997125
54.61422399899162 -0.9346057023199017
54.741233822245086 -0.9721317301663813
54.86824364549856 -0.9939968894314926
54.99525346875203 -0.9998489363038896
55.1222632920055 -0.9895935953534473
55.249273115258966 -0.9633960782916026
55.37628293851243 -0.9216784224401835
55.503292761765906 -0.8651126917855151
55.63030258501937 -0.7946101501476213
55.757312408272846 -0.7113065808827833
55.884322231526305 -0.6165439896165219
56.01133205477978 -0.5118489847725495
56.138341878033245 -0.3989081841837425
56.26535170128672 -0.2795410439799622
56.39236152454019 -0.15567054747474715
56.51937134779365 -0.029292226247504997
56.646381171047125 0.09755798751394452
56.77339099430059 0.22283655951727127
56.900400817554065 0.34452527433825847
57.02741064080753 0.46066374851083597
57.154420464061 0.5693810119547046
57.281430287314464 0.668925648969207
57.40844011056794 0.7576940132275304
57.535449933821404 0.8342560622326517
57.66245975707488 0.8973783950466382
57.78946958032834 0.9460441221594754
57.91647940358181 0.9794692473975277
58.043489226835284 0.997115297961861
58.17049905008875 0.9986979991289042
58.297508873342224 0.9841918538654761
58.42451869659568 0.9538305535814411
58.55152851984916 0.9081032134028117
58.67853834310262 0.8477464926144329
58.8055481663561 0.7737327272104202
58.93255798960957 0.687254265734946
59.05956781286303 0.5897042607601064
59.186577636116496 0.4826542254467222
59.31358745936997 0.3678287167479808
59.44059728262344 0.24707755310486418
59.56760710587691 0.12234601420137742
59.694616929130376 -0.004356497143811408
59.82162675238384 -0.13098882609794438
59.948636575637316 -0.25551094845405803
60.07564639889078 -0.3759168350566468
60.202656222144256 -0.49026676857319373
60.329666045397715 -0.5967185919939668
60.45667586865119 -0.6935573854525693
60.583685691904655 -0.7792230932786751
60.71069551515813 -0.8523356562163685
60.8377053384116 -0.9117172439322815
60.96471516166506 -0.9564112296519576
61.091724984918535 -0.9856976012463777
61.218734808172 -0.9991045604987584
61.345744631425475 -0.9964161236895989
61.47275445467894 -0.9776756010558264
61.59976427793241 -0.9431848990706138
61.726774101185875 -0.8934996567840073
61.85378392443935 -0.8294202945770464
61.98079374769282 -0.7519791195323645
62.10780357094629 -0.6624236951514219
62.23481339419975 -0.5621967433292651
62.36182321745322 -0.4529129023624058
62.488833040706695 -0.33633271541423504
62.61584286396016 -0.21433426847900505
62.742852687213635 -0.08888293475181121
62.869862510467094 0.03800028718257306
62.99687233372057 0.16427133127609517
63.123882156974034 0.2878959935563541
63.25089198022751 0.40688270278943617
63.37790180348098 0.5193146043368071
