0.0 0.0
0.1196925509819119 0.11940696359559337
0.2393851019638238 0.2371053077139409
0.35907765294573574 0.3514108618749919
0.4787702039276476 0.46068800374721774
0.5984627549095595 0.5633730636132226
0.7181553058914715 0.6579966992501909
0.8378478568733834 0.7432049210582805
0.9575404078552952 0.8177784665839559
1.0772329588372072 0.8806502472041118
1.196925509819119 0.9309206173226957
1.316618060801031 0.967870247589672
1.436310611782943 0.9909704179367118
1.5560031627648547 0.9998905831443897
1.6756957137467667 0.9945031026835846
1.7953882647286785 0.9748850671507859
1.9150808157105903 0.9413171951624574
2.0347733666925025 0.8942798164930261
2.1544659176744143 0.8344459989346305
2.274158468656326 0.7626719172278364
2.393851019638238 0.679984601876334
2.5135435706201497 0.5875672431504094
2.633236121602062 0.4867422605673153
2.7529286725839737 0.378952380110923
2.872621223565886 0.2657399899607147
2.9923137745477972 0.14872507013336242
3.1120063255297095 0.029582011846302256
3.2316988765116212 -0.0899843417000515
3.3513914274935335 -0.20826309028396336
3.4710839784754453 -0.3235617582952228
3.590776529457357 -0.4342305127263372
3.710469080439269 -0.5386857709817054
3.8301616314211806 -0.6354328606956496
3.949854182403093 -0.7230874073151752
4.069546733385005 -0.8003951434080196
4.189239284366916 -0.8662498562404146
4.308931835348829 -0.9197092168088787
4.42862438633074 -0.9600082638250753
4.548316937312652 -0.9865703497085546
4.668009488294564 -0.9990153919588474
4.787702039276476 -0.9971653118362916
4.907394590258388 -0.9810465825283521
5.027087141240299 -0.9508898503391865
5.1467796922222115 -0.9071266343229343
5.266472243204124 -0.8503831515863763
5.386164794186035 -0.7814713566160103
5.505857345167947 -0.7013773228497053
5.62554989614986 -0.6112471327434883
5.745242447131772 -0.5123704782354687
5.864934998113683 -0.4061622062713368
5.9846275490955945 -0.29414207346040633
6.104320100077508 -0.17791299955710987
6.224012651059419 -0.05913813094348283
6.343705202041331 0.06048295768391388
6.4633977530232425 0.17923858288749994
6.583090304005154 0.2954294453287338
6.702782854987067 0.40739294540147136
6.822475405968978 0.5135269737210942
6.9421679569508905 0.6123128360462905
7.061860507932802 0.7023369845959007
7.181553058914714 0.7823112448028607
7.301245609896626 0.8510912480763169
7.420938160878538 0.9076928068136423
7.54063071186045 0.9513059973488394
7.660323262842361 0.9813067493214414
7.780015813824273 0.997265775631192
7.899708364806186 0.9989547151978858
8.019400915788097 0.986349400628327
8.13909346677001 0.9596302040326652
8.258786017751921 0.9191794560417541
8.378478568733833 0.8655759749573508
8.498171119715746 0.7995867843187111
8.617863670697657 0.7221561374006686
8.737556221679569 0.6343920056939641
8.85724877266148 0.5375502247070315
8.976941323643391 0.43301652395030255
9.096633874625304 0.32228669823978334
9.216326425607216 0.2069452040529218
9.336018976589129 0.08864248720600516
9.45571152757104 -0.03092863372381268
9.575404078552952 -0.15005719029729964
9.695096629534863 -0.267038546822127
9.814789180516776 -0.3801987923452477
9.934481731498687 -0.4879186929984767
10.054174282480599 -0.5886568619581254
10.173866833462512 -0.6809718154748097
10.293559384444423 -0.7635425993690547
10.413251935426336 -0.8351876908438259
10.532944486408248 -0.8948819051439217
10.652637037390159 -0.9417710651413037
10.77232958837207 -0.9751842239361362
10.892022139353982 -0.9946432655777743
11.011714690335895 -0.9998697465269444
11.131407241317808 -0.9907888799631938
11.25109979229972 -0.96753060592531
11.37079234328163 -0.9304277319718445
11.490484894263544 -0.880011170967421
11.610177445245455 -0.8170023441383579
11.729869996227366 -0.742302858103873
11.849562547209278 -0.6569816035964282
11.969255098191189 -0.5622594604783424
12.088947649173104 -0.45949182791381976
12.208640200155015 -0.3501492296758759
12.328332751136927 -0.23579627211087426
12.448025302118838 -0.1180692558556685
12.56771785310075 0.0013472383340248182
12.687410404082662 0.12074445460567651
12.807102955064574 0.23841391295855544
12.926795506046485 0.3526718562451354
13.046488057028396 0.4618833434079528
13.166180608010308 0.5644856441967238
13.285873158992223 0.6590106006057616
13.405565709974134 0.7441056350571458
13.525258260956045 0.8185531047191518
13.644950811937957 0.8812877250148515
13.764643362919868 0.9314118130042628
13.884335913901781 0.9682081325192514
14.004028464883692 0.991150157247438
14.123721015865604 0.9999096049084801
14.243413566847515 0.9943611347145968
14.363106117829428 0.9745841408983911
14.482798668811341 0.9408616166439977
14.602491219793253 0.8936761046778037
14.722183770775164 0.8337027924625962
14.841876321757075 0.761799850797466
14.961568872738987 0.6789961540704799
15.0812614237209 0.5864765578776202
15.200953974702811 0.4855649446736637
15.320646525684722 0.3777052800583418
15.440339076666636 0.2644409507674139
15.560031627648547 0.14739268002569542
15.67972417863046 0.028235336275902592
15.799416729612371 -0.09132603286784274
15.919109280594283 -0.20958059850667635
16.038801831576194 -0.32483623106926046
16.158494382558107 -0.4354437133514336
16.27818693354002 -0.5398203395137214
16.39787948452193 -0.6364725623536808
16.517572035503843 -0.7240173647884715
16.637264586485752 -0.8012020497385586
16.756957137467666 -0.8669221652349857
16.87664968844958 -0.9202373082559939
16.996342239431492 -0.9603845811526125
17.1160347904134 -0.9867895081123429
17.235727341395314 -0.9990742554549715
17.355419892377224 -0.9970630381345454
17.475112443359137 -0.9807846350847479
17.59480499434105 -0.9504719774150537
17.71449754532296 -0.9065588153502581
17.834190096304873 -0.8496735116068368
17.953882647286783 -0.7806300500180495
18.0735751982687 -0.7004163880672291
18.19326774925061 -0.6101803199953854
18.312960300232522 -0.5112130527708062
18.43265285121443 -0.40493072993569845
18.552345402196345 -0.29285416770893247
18.672037953178258 -0.17658709330538266
18.791730504160167 -0.057793196864273526
18.91142305514208 0.06182767464463362
19.03111560612399 0.18056384089054756
19.150808157105903 0.2967162809772706
19.270500708087816 0.40862294509224417
19.390193259069726 0.5146825371285814
19.50988581005164 0.6133774279694828
19.629578361033552 0.7032953715639815
19.74927091201546 0.7831497130541578
19.868963462997375 0.8517977997914251
19.988656013979284 0.908257331794748
20.108348564961197 0.951720417688684
20.228041115943114 0.9815651349918001
20.347733666925023 0.9973644293368994
20.467426217906937 0.9988922252822181
20.587118768888846 0.9861266612726941
20.70681131987076 0.9592504024615801
20.826503870852672 0.9186480269161629
20.946196421834582 0.8649005226089238
21.065888972816495 0.7987769739378496
21.185581523798405 0.721223556735257
21.305274074780318 0.6333499992378302
21.42496662576223 0.5364137027507709
21.54465917674414 0.4318017492267799
21.664351727726054 0.3210110532172434
21.784044278707963 0.20562694220558533
21.903736829689876 0.08730047182124204
22.02342938067179 -0.03227519946424564
22.1431219316537 -0.15138903809963936
22.262814482635616 -0.26833661899470745
22.38250703361752 -0.38144451449900846
22.50219958459944 -0.4890942398318633
22.62189213558135 -0.5897454123230585
22.74158468656326 -0.6819577930740619
22.861277237545174 -0.7644118956407884
22.980969788527087 -0.8359278668439728
23.100662339508997 -0.895482369537668
23.22035489049091 -0.9422232257567402
23.34004744147282 -0.9754816107114571
23.459739992454733 -0.9947816231427633
23.579432543436646 -0.9998470950939635
23.699125094418555 -0.9906055436563852
23.81881764540047 -0.9671892081426332
23.938510196382378 -0.9299331578463227
24.05820274736429 -0.8793704974647378
24.177895298346208 -0.8162247387910586
24.297587849328114 -0.741399447831215
24.41728040031003 -0.6559653154869206
24.53697295129194 -0.5611448368133286
24.656665502273853 -0.4582948180788845
24.776358053255766 -0.34888696193771696
24.896050604237676 -0.23448680852532466
25.01574315521959 -0.11673133381390909
25.1354357062015 0.002694474222742068
25.25512825718341 0.12208172645830037
25.374820808165325 0.23972208546953291
25.494513359147234 0.3539322104975377
25.614205910129147 0.4630778447264256
25.733898461111057 0.5655972002094551
25.85359101209297 0.6600233058228522
25.973283563074883 0.7450049984656245
26.092976114056793 0.8193262571379352
26.212668665038706 0.8819236032425853
26.332361216020615 0.9319013181249998
26.452053767002532 0.96854426010077
26.571746317984445 0.9913280975691369
26.691438868966355 0.99992681178469
26.811131419948268 0.9942173619284896
26.930823970930177 0.9742814457251489
27.05051652191209 0.9404043304128245
27.170209072894004 0.8930707707940223
27.289901623875913 0.832958072776681
27.409594174857826 0.7609264016607878
27.529286725839736 0.6780064738513303
27.64897927682165 0.5853848081194103
27.768671827803562 0.4843867474544097
27.88836437878547 0.37645749445105425
28.008056929767385 0.26314143160004966
28.127749480749294 0.14606002239265897
28.247442031731207 0.026888609456903804
28.36713458271312 -0.09266755827413886
28.48682713369503 -0.21089772632971313
28.606519684676947 -0.3261101142486665
28.726212235658856 -0.4366561236235672
28.84590478664077 -0.5409539282437744
28.965597337622683 -0.6375111087809477
29.085289888604592 -0.7249460081326357
29.204982439586505 -0.8020075018457561
29.324674990568415 -0.8675929007207882
29.444367541550328 -0.920763729424586
29.56406009253224 -0.96075915533224
29.68375264351415 -0.987006875441908
29.803445194496064 -0.9991313055794177
29.923137745477973 -0.9969589547115851
30.042830296459886 -0.9805209074660771
30.1625228474418 -0.9500523793349034
30.28221539842371 -0.9059893509262339
30.401907949405622 -0.8489623294257311
30.52160050038753 -0.7797873265359914
30.641293051369445 -0.6994541819926247
30.76098560235136 -0.6091123997382983
30.88067815333327 -0.510054699427895
31.000370704315184 -0.40369851862974415
31.120063255297094 -0.2915657304119306
31.239755806279007 -0.17526086653890785
31.35944835726092 -0.056448157887404996
31.47914090824283 0.0631722793849118
31.598833459224743 0.1818887711608485
31.718526010206652 0.29800257807034236
31.838218561188565 0.4098522031111428
31.95791111217048 0.5158371663605293
32.07760366315239 0.6144409065807777
32.197296214134305 0.7042524820144271
32.316988765116214 0.7839867598480427
32.436681316098124 0.8525028054492744
32.55637386708004 0.9088202082416147
32.67606641806195 0.9521331106065282
32.79575896904386 0.981821739070443
32.91545152002577 0.9974612727743519
33.035144071007686 0.9988279223252668
33.154836621989595 0.9859021320459396
33.274529172971505 0.9588688598011803
33.39422172395342 0.9181149303966776
33.51391427493533 0.8642235004211147
33.63360682591724 0.7979657137352842
33.75329937689916 0.7202896670116168
33.87299192788107 0.6323068432185437
33.992684478862984 0.5352762071757704
34.11237702984489 0.43058619076064614
34.2320695808268 0.3197348255429646
34.35176213180872 0.20430830713465728
34.47145468279063 0.08595829798158178
34.59114723377254 -0.0336217066235148
34.71083978475445 -0.15272061112301166
34.830532335736365 -0.2696342041223803
34.950224886718274 -0.382689544311165
35.069917437700184 -0.4902688989337904
35.1896099886821 -0.5908328922694268
35.30930253966401 -0.6829425328844905
35.42899509064592 -0.7652798044652152
35.548687641627836 -0.836666525591612
35.668380192609746 -0.8960812085843912
35.788072743591655 -0.9426736761880695
35.907765294573565 -0.9757772269369753
36.02745784555548 -0.9949181751274249
36.1471503965374 -0.9998226288865608
36.26684294751931 -0.99042040934905
36.38653549850122 -0.9668460548612959
36.50622804948313 -0.9294368958438066
36.625920600465044 -0.878728227858914
36.74561315144695 -0.8154456519534576
36.86530570242886 -0.7404946918800408
36.98499825341078 -0.6549478367662891
37.10469080439269 -0.5600291946412848
37.2243833553746 -0.45709697641504804
37.344075906356515 -0.34762406095159826
37.463768457338425 -0.23317691933403548
37.583461008320334 -0.11539319989871963
37.703153559302244 0.004041705220845067
37.82284611028416 0.12341877672624829
37.94253866126607 0.24102982287246597
38.06223121224798 0.355191922344587
38.1819237632299 0.4642715055345507
38.301616314211806 0.566707729633884
38.42130886519372 0.6610348130633571
38.54100141617563 0.7459030096513264
38.66069396715755 0.8200979224370012
38.78038651813945 0.8825578807331597
38.90007906912137 0.9323891317964319
39.01977162010328 0.9688786297241371
39.139464171085194 0.9915042385788363
39.259156722067104 0.999942203741788
39.37884927304901 0.9940717845862196
39.49854182403092 0.9739769821804671
39.61823437501284 0.9399453372989355
39.73792692599475 0.8924638159403974
39.857619476976666 0.8322118412285877
39.97731202795857 0.7600515714031647
40.097004578940485 0.6770155630152068
40.216697129922395 0.5842919958573646
40.33638968090431 0.48320767104804563
40.45608223188623 0.37520902555384983
40.57577478286813 0.26184143481731964
40.69546733385005 0.14472709965308847
40.81515988483196 0.02554183383368015
40.93485243581387 -0.09400891548400596
41.05454498679578 -0.2122144713624252
41.17423753777769 -0.32738340552126627
41.2939300887596 -0.43786774134214795
41.41362263974152 -0.5420865351143438
41.53331519072343 -0.6385484980924268
41.653007741705345 -0.725873335662135
41.77270029268725 -0.8028114982676653
41.892392843669164 -0.8682620614804026
42.01208539465107 -0.9212884793591718
42.13177794563299 -0.9611319856840869
42.25147049661491 -0.9872224513027181
42.37116304759681 -0.999186542228637
42.49085559857872 -0.9968530617563282
42.610548149560636 -0.980255400151019
42.73024070054255 -0.9496310568603261
42.84993325152446 -0.9054182420844681
42.96962580250637 -0.8482496063338921
43.08931835348828 -0.7789431876994238
43.2090109044702 -0.6984907063723366
43.32870345545211 -0.6080433739105668
43.448396006434024 -0.508895420309203
43.568088557415926 -0.40246557459001525
43.68778110839784 -0.29027676390798063
43.80747365937975 -0.1739343216648586
43.92716621036167 -0.055103016454200834
44.04685876134358 0.06451676946422094
44.16655131232549 0.1832133712935733
44.2862438633074 0.2992883342732496
44.405936414289314 0.411080717227
44.52562896527123 0.5169908593212214
44.64532151625314 0.6155032699499082
44.76501406723504 0.7052083142100203
44.88470661821696 0.7848223836652242
45.00439916919888 0.8532062637702441
45.124091720180786 0.9093814351325836
45.2437842711627 0.952544075353311
45.363476822144605 0.9820765610916217
45.48316937312652 0.9975563057677744
45.60286192410843 0.9987618064437455
45.72255447509035 0.985675813355595
45.84224702607226 0.9584855767439825
45.961939577054174 0.9175801674508942
46.08163212803608 0.8635449096227559
46.20132467901799 0.7971530051834882
46.3210172299999 0.7193544699248153
46.44070978098182 0.6312625395294842
46.560402331963736 0.5341377400466449
46.68009488294564 0.4293698507582126
46.799787433927555 0.31845801753336317
46.919479984909465 0.20298930123354791
47.03917253589138 0.08461596812314495
47.15886508687329 -0.03496815275764326
47.2785576378552 -0.1540519069505441
47.39825018883711 -0.27093129984996117
47.51794273981903 -0.383933879521917
47.63763529080094 -0.49144266817220156
47.75732784178285 -0.5919192998234034
47.877020392764756 -0.6839260331187388
47.99671294374667 -0.7661463242670434
48.11640549472858 -0.8374036657460386
48.2360980457105 -0.896678421197169
48.355790596692415 -0.9431224156177074
48.47548314767432 -0.9760710720761343
48.59517569865623 -0.9950529212839101
48.714868249638144 -0.9997963479491436
48.83456080062006 -0.9902334773772171
48.95425335160197 -0.9665011467041383
49.07394590258388 -0.9289389468650369
49.19363845356579 -0.878084363315708
49.313331004547706 -0.8146650850396302
49.433023555529616 -0.739588591892528
49.55271610651153 -0.6539291692813052
49.672408657493435 -0.5589125359871607
49.79210120847535 -0.4558983050964459
49.91179375945726 -0.34636052900975245
50.03148631043918 -0.23186660691452016
50.15117886142109 -0.11405485653887036
50.270871412403 0.005388928883050219
50.390563963384906 0.12475560298270105
50.51025651436682 0.24233712279375536
50.62994906534874 0.3564509894998576
50.74964161633065 0.46546432366577645
50.86933416731255 0.567817230454339
50.98902671829447 0.6620451204913287
51.108719269276385 0.7467996669843168
51.228411820258295 0.8208680992157259
51.34810437124021 0.8831905563353363
51.467796922222114 0.9328752531331476
51.58748947320403 0.9692112407824575
51.70718202418594 0.9916785799568314
51.82687457516786 0.999955780751837
51.946567126149766 0.9939244029520155
52.066259677131676 0.973670750816961
52.185952228113585 0.9394846381354282
52.3056447790955 0.8918552412185777
52.42533733007741 0.8314640991727712
52.54502988105933 0.7591753616124415
52.66472243204123 0.6760234233606665
52.78441498302315 0.5831981230749852
52.904107534005064 0.4820277175946518
53.02380008498697 0.373959875632781
53.14349263596889 0.2605409627787685
53.26318518695079 0.14339391422632022
53.38287773793271 0.02419501185069758
53.50257028891462 -0.09535010206280041
53.622262839896536 -0.2135308312148467
53.741955390878445 -0.32865610257598343
53.861647941860355 -0.4390785643080364
53.981340492842264 -0.5432181580696863
54.10103304382418 -0.6395847284052131
54.22072559480609 -0.7267993456938143
54.34041814578801 -0.8036140375450078
54.46011069676991 -0.8689296462992655
54.579803247751826 -0.9218115571073074
54.699495798733736 -0.9615030715314458
54.81918834971565 -0.9874362353034889
54.93888090069757 -0.9992399653023727
55.05857345167947 -0.9967453594609748
55.17826600266139 -0.9799881136214823
55.2979585536433 -0.9492080107560473
55.417651104625214 -0.9048454898615542
55.537343655607124 -0.8475353436249473
55.657036206589034 -0.7780976350405006
55.77672875757094 -0.6975259629551334
55.89642130855286 -0.6069732444525168
56.01611385953477 -0.5077352175188908
56.135806410516686 -0.40123190005434317
56.25549896149859 -0.288987270536627
56.375191512480505 -0.17260746109097222
56.494884063462415 -0.053757775006162634
56.61457661444433 0.06586114244224527
56.73426916542624 0.1845376388845178
56.85396171640815 0.3005735472522882
56.97365426739006 0.41230848520999563
57.09334681837198 0.5181436139166388
57.21303936935389 0.6165645161486271
57.3327319203358 0.706162866415901
57.45242447131771 0.7856565829890103
57.57211702229962 0.8539081734775155
57.69180957328154 0.9099410114490063
57.81150212426345 0.9529533111831082
57.931194675245365 0.9823296005928235
58.05088722622727 0.9976495281446762
58.170579777209184 0.9986938777576571
58.290272328191094 0.9854477056124421
58.40996487917301 0.9581005539856674
58.52965743015492 0.9170437390494393
58.64934998113683 0.8628647514455193
58.76904253211874 0.796338849757578
58.888735083100656 0.7184179671722739
59.008427634082565 0.6302170900661255
59.12812018506448 0.5329983034297777
59.247812736046384 0.42815273142719323
59.3675052870283 0.317180631505922
59.48719783801022 0.2016699268963041
59.60689038899213 0.08327348468233708
59.726582939974044 -0.0363145354227578
0.0 0.0
0.08951154212692611 0.08939205754159642
0.17902308425385222 0.17806835575375302
0.26853462638077835 0.2653188663689584
0.35804616850770443 0.35044497735512936
0.4475577106346305 0.43276508667968133
0.5370692527615567 0.5116200598750792
0.6265807948884827 0.5863785077073175
0.7160923370154089 0.6564418416892094
0.8056038791423349 0.721249066959149
0.895115421269261 0.7802812741489248
0.9846269633961872 0.8330657942743389
1.0741385055231134 0.8791799833805617
1.1636500476500393 0.9182546066386823
1.2531615897769655 0.9499767947971085
1.3426731319038916 0.9740925493156
1.4321846740308177 0.9904087761234105
1.5216962161577439 0.9987948317173013
1.6112077582846698 0.9991835692198698
1.7007193004115961 0.9915718760224365
1.790230842538522 0.9760206987076031
1.8797423846654482 0.952654555051926
1.9692539267923743 0.921660537016084
2.0587654689193005 0.8832868127055674
2.148277011046227 0.8378406392966395
2.2377885531731527 0.7856859028380097
2.3273000953000786 0.7272402046269448
2.416811637427005 0.6629715174891145
2.506323179553931 0.5933944387352296
2.5958347216808573 0.5190660697969246
2.685346263807783 0.44058155553351747
2.774857805934709 0.35856931892626015
2.8643693480616355 0.2736860293157428
2.953880890188562 0.18661134447160604
3.0433924323154877 0.09804246859463989
3.1329039744424136 0.008688569825172658
3.2224155165693396 -0.08073489804341685
3.311927058696266 -0.16951192418021135
3.4014386008231923 -0.2569316737924463
3.490950142950118 -0.3422941797568326
3.580461685077044 -0.42491594723379894
3.6699732272039705 -0.5041354263886871
3.7594847693308964 -0.5793183093999977
3.8489963114578223 -0.6498626093417174
3.9385078535847486 -0.7152034802732705
4.0280193957116746 -0.7748177399427968
4.117530937838601 -0.8282280588906157
4.207042479965527 -0.8750067824108548
4.296554022092454 -0.9147793547689252
4.386065564219379 -0.9472273182572406
4.4755771063463055 -0.9720908630758394
4.565088648473232 -0.9891709076210946
4.654600190600157 -0.9983306925257122
4.744111732727084 -0.9994968756865853
4.83362327485401 -0.9926601195126552
4.9231348169809355 -0.9778751656907024
5.012646359107862 -0.9552603968704209
5.102157901234788 -0.9249968887783506
5.1916694433617145 -0.8873269603503592
5.28118098548864 -0.8425522334917164
5.370692527615566 -0.7910312180001995
5.460204069742493 -0.7331764409896759
5.549715611869418 -0.6694511437987705
5.639227153996345 -0.6003655728323645
5.728738696123271 -0.5264728940350512
5.818250238250196 -0.44836476370920103
5.907761780377124 -0.36666659114198336
5.997273322504049 -0.2820325309733252
6.0867848646309755 -0.19514024540073974
6.176296406757902 -0.106685478159917
6.265807948884827 -0.01737648372700732
6.355319491011754 0.07207164365219075
6.444831033138679 0.16094269569884942
6.534342575265606 0.2485250847577713
6.623854117392532 0.3341175414568459
6.713365659519457 0.4170347297483671
6.8028772016463845 0.49661273437271763
6.89238874377331 0.572214376806494
6.981900285900236 0.6432343171304583
7.071411828027163 0.7091039009667922
7.160923370154088 0.769295712676413
7.250434912281014 0.823327798359032
7.339946454407941 0.8707675248425318
7.429457996534867 0.9112350437628564
7.518969538661793 0.9444063329976485
7.608481080788719 0.9700157911009607
7.697992622915645 0.9878583639654874
7.787504165042572 0.9977911866842092
7.877015707169497 0.999734727465106
7.966527249296424 0.9936734244396596
8.056038791423349 0.9796558102662328
8.145550333550275 0.9577941235306355
8.235061875677202 0.9282634100553786
8.324573417804128 0.8913001213134029
8.414084959931055 0.8472002211687409
8.50359650205798 0.7963168161033791
8.593108044184907 0.7390573279050074
8.682619586311834 0.675880231453882
8.772131128438758 0.607291383729196
8.861642670565685 0.5338399734285176
8.951154212692611 0.456114123631561
9.040665754819537 0.3747361827175983
9.130177296946464 0.2903577412420059
9.21968883907339 0.20365441467164616
9.309200381200315 0.11532043375355701
9.398711923327241 0.026063085831683392
9.488223465454167 -0.06340294838012529
9.577735007581094 -0.1523613172236103
9.66724654970802 -0.24009973390078795
9.756758091834946 -0.3259156797314305
9.846269633961871 -0.40912202919754037
9.935781176088799 -0.48905255173527973
10.025292718215724 -0.5650672462216481
10.11480426034265 -0.6365574654429104
10.204315802469576 -0.7029507895132436
10.293827344596501 -0.7637156092223568
10.383338886723429 -0.8183653826133432
10.472850428850355 -0.8664625307084677
10.56236197097728 -0.907621941189978
10.651873513104206 -0.9415140519820426
10.741385055231133 -0.9678674900436888
10.830896597358059 -0.9864712442440149
10.920408139484985 -0.997176354921529
11.009919681611912 -0.9998971065993661
11.099431223738836 -0.9946117143063549
11.188942765865763 -0.9813624980085806
11.27845430799269 -0.9602555437547781
11.367965850119615 -0.9314598542487535
11.457477392246542 -0.8952059956501672
11.546988934373468 -0.8517842514387127
11.636500476500393 -0.8015422981236318
11.726012018627321 -0.7448824214090827
11.815523560754247 -0.6822582951054568
11.905035102881172 -0.6141713485777625
11.994546645008098 -0.5411667518168275
12.084058187135025 -0.46382905028072496
12.173569729261951 -0.38277748445808707
12.263081271388877 -0.2986610316294319
12.352592813515804 -0.21215320952695263
12.442104355642728 -0.12394668349970124
12.531615897769655 -0.03474772036441136
12.621127439896581 0.05472946665017586
12.710638982023507 0.14376843658566854
12.800150524150434 0.23165625727373185
12.889662066277358 0.3176892137610267
12.979173608404285 0.40117844293221305
13.068685150531213 0.4814554492147482
13.158196692658137 0.5578774572014333
13.247708234785064 0.6298325583324378
13.33721977691199 0.6967446104274401
13.426731319038915 0.7580778508375405
13.516242861165843 0.8133411862795629
13.605754403292769 0.8620921250041647
13.695265945419694 0.9039403198130525
13.78477748754662 0.9385506935564404
13.874289029673546 0.9656461220850071
13.963800571800473 0.9850096531740488
14.053312113927399 0.9964862436529635
14.142823656054325 0.999984000830931
14.23233519818125 0.9954749182787331
14.321846740308176 0.9829951000753304
14.411358282435105 0.9626444717236635
14.500869824562027 0.9345859800503684
14.590381366688955 0.8990442884957683
14.679892908815882 0.8563039782409448
14.769404450942806 0.8067072695753664
14.858915993069735 0.7506512817500371
14.94842753519666 0.6885848532564377
15.037939077323585 0.6210049479911461
15.127450619450514 0.5484526760819135
15.216962161577438 0.4715089612362775
15.306473703704365 0.3907898893041079
15.39598524583129 0.3069417752980397
15.485496787958215 0.22063598836994125
15.575008330085144 0.13256357617972
15.664519872212068 0.043429731698938955
15.754031414338995 -0.04605185324663984
15.84354295646592 -0.13516470248452897
15.933054498592847 -0.22319529229720095
16.022566040719774 -0.30943876458352454
16.112077582846698 -0.3932045706349248
16.201589124973626 -0.4738220003366803
16.29110066710055 -0.5506455525222226
16.38061220922748 -0.6230601034802378
16.470123751354404 -0.6904858322304136
16.55963529348133 -0.7523828631313989
16.649146835608256 -0.80825558864769
16.73865837773518 -0.8576566376632198
16.82816991986211 -0.9001904575675095
16.917681461989034 -0.9355164814326826
17.00719300411596 -0.9633518549219143
17.096704546242886 -0.9834737010950018
17.186216088369815 -0.995720904976855
17.27572763049674 -0.9999954035999232
17.365239172623667 -0.9962629711912213
17.45475071475059 -0.9845534932169928
17.544262256877516 -0.9649607270907402
17.633773799004445 -0.9376415514606357
17.72328534113137 -0.9028147100872296
17.812796883258297 -0.8607590603691907
17.902308425385222 -0.8118113405410946
17.991819967512146 -0.7563634734211997
18.081331509639075 -0.6948594282980518
18.170843051766 -0.6277916660826789
18.260354593892927 -0.5556971961898997
18.349866136019852 -0.47915327672123226
18.43937767814678 -0.3987727923778211
18.528889220273705 -0.3151993471123717
18.61840076240063 -0.22910211081298135
18.707912304527557 -0.1411704612813779
18.797423846654482 -0.05210846440704616
18.88693538878141 0.03737076326572746
18.976446930908335 0.12655076443905955
19.06595847303526 0.21471747771203373
19.155470015162187 0.3011649550473593
19.244981557289112 0.3852010142745887
19.33449309941604 0.4661527813705162
19.424004641542968 0.543372078139815
19.513516183669893 0.6162406121570095
19.603027725796817 0.6841749274140436
19.692539267923742 0.7466310760337619
19.78205081005067 0.8031089736430702
19.871562352177598 0.8531564035324202
19.961073894304523 0.8963726375404618
20.050585436431447 0.9324116446715451
20.140096978558372 0.9609848617547663
20.2296085206853 0.9818635039599982
20.319120062812228 0.9948803966706639
20.408631604939153 0.9999313140455173
20.49814314706608 0.9969758135516011
20.587654689193002 0.9860375597863075
20.67716623131993 0.9672041349957043
20.766677773446858 0.9406263378063133
20.856189315573783 0.9065169757853566
20.94570085770071 0.8651491614974055
21.035212399827635 0.8168541257008712
21.12472394195456 0.762018565193965
21.214235484081488 0.7010815465458773
21.303747026208413 0.6345309905048888
21.39325856833534 0.5628997652326155
21.482770110462265 0.4867614196457999
21.572281652589194 0.4067255910285593
21.661793194716118 0.3234331236862859
21.751304736843043 0.23755093772588357
21.84081627896997 0.1497666890479331
21.930327821096895 0.060783263308025214
22.019839363223824 -0.028686852066099767
22.109350905350748 -0.11792727273844061
22.198862447477673 -0.20622345353109578
22.2883739896046 -0.2928684097645088
22.377885531731526 -0.37716837806104697
22.467397073858454 -0.4584483712860754
22.55690861598538 -0.536057583148209
22.646420158112303 -0.6093745991843623
22.73593170023923 -0.6778123724053876
22.825443242366156 -0.7408229237623968
22.914954784493084 -0.7979017297974138
23.004466326620012 -0.8485917623464536
23.093977868746936 -0.8924871479493394
23.18348941087386 -0.9292364176654461
23.273000953000786 -0.9585453212741973
23.362512495127714 -0.9801791833271195
23.452024037254642 -0.9939647821866067
23.541535579381566 -0.9997917370060047
23.631047121508495 -0.9976133915454991
23.720558663635416 -0.9874471877471264
23.810070205762344 -0.9693745260777027
23.899581747889272 -0.9435401137579082
23.989093290016196 -0.9101508060962252
24.078604832143125 -0.869473950205131
24.16811637427005 -0.8218352443613774
24.257627916396974 -0.7676161301503551
24.347139458523902 -0.7072507382755912
24.436651000650826 -0.6412224124881785
24.526162542777755 -0.5700598394688907
24.61567408490468 -0.4943328156509543
24.705185627031607 -0.41464768487831377
24.794697169158532 -0.3316424834299995
24.884208711285456 -0.24598183128414255
24.973720253412385 -0.1583516105271962
25.06323179553931 -0.06945347351814196
25.152743337666237 0.020000775219404444
25.242254879793162 0.10929487839309052
25.331766421920086 0.19771386099095314
25.421277964047015 0.28454975506333147
25.51078950617394 0.3691072683994578
25.600301048300867 0.45070935170984905
25.689812590427795 0.5287026197381667
25.779324132554716 0.6024625828959559
25.868835674681645 0.6713986475307133
25.95834721680857 0.7349588447902288
26.047858758935497 0.792634250219464
26.137370301062425 0.8439630587022742
26.22688184318935 0.888534282120127
26.316393385316275 0.9259910401207514
26.4059049274432 0.9560334176476329
26.495416469570127 0.9784208663502281
26.584928011697055 0.9929741306468659
26.67443955382398 0.9995766830184288
26.763951095950908 0.9981756570404496
26.85346263807783 0.9887822706828705
26.942974180204757 0.9714717364881167
27.032485722331685 0.9463826593466929
27.12199726445861 0.9137159266922815
27.211508806585538 0.8737331000025184
27.301020348712463 0.8267543204846639
27.390531890839387 0.7731557457152436
27.480043432966315 0.7133665377584352
27.56955497509324 0.6478654268792339
27.659066517220168 0.5771768783656006
27.748578059347093 0.5018668931517924
27.83808960147402 0.4225384758670646
27.927601143600945 0.33982680659702336
28.01711268572787 0.25439415501708984
28.106624227854798 0.1669245776205196
28.196135769981723 0.07811844050007477
28.28564731210865 -0.011313188460777883
28.375158854235575 -0.10065423308551028
28.4646703963625 -0.18918934250347066
28.554181938489428 -0.2762096189412848
28.643693480616353 -0.3610182938445157
28.73320502274328 -0.44293630688109115
28.82271656487021 -0.5213077431555168
28.912228106997134 -0.5955050850983579
29.001739649124055 -0.6649342369792363
29.091251191250983 -0.7290392818122386
29.18076273337791 -0.7873069325653204
29.27027427550484 -0.8392706420330805
29.359785817631764 -0.8845143384652219
29.449297359758685 -0.9226757570396767
29.538808901885613 -0.9534493405053858
29.62832044401254 -0.9765886857693679
29.71783198613947 -0.9919085168383717
29.807343528266397 -0.9992861683177899
29.89685507039332 -0.9986625675895294
29.986366612520243 -0.9900427078045637
30.07587815464717 -0.9734956079029323
30.1653896967741 -0.9491537599813101
30.254901238901027 -0.91721206843305
30.34441278102795 -0.8779262893549779
30.433924323154876 -0.8316109827165383
30.5234358652818 -0.7786369936882584
30.61294740740873 -0.7194284832963751
30.702458949535657 -0.6544595321791562
30.79197049166258 -0.5842503446384767
30.881482033789506 -0.5093630833806849
30.97099357591643 -0.43039736829793174
31.06050511804336 -0.34798547533094615
31.150016660170287 -0.26278727385593914
31.23952820229721 -0.17548494313172777
31.329039744424136 -0.08677751011232732
31.418551286551065 0.002624747639343762
31.50806282867799 0.09200598912108808
31.597574370804917 0.18065054160731622
31.68708591293184 0.2678486310175128
31.776597455058766 0.35290206505451077
31.866108997185695 0.4351298236077129
31.955620539312623 0.5138735116592397
32.04513208143955 0.5885026310316505
32.13464362356647 0.6584196287665768
32.224155165693396 0.7230646817120435
32.313666707820325 0.7819201790084187
32.40317824994725 0.8345148665819375
32.49268979207418 0.8804276204609071
32.5822013342011 0.9192908187017994
32.67171287632803 0.9507932849263406
32.76122441845496 0.9746827799007445
32.85073596058188 0.9907680212071556
32.94024750270881 0.9989202148358178
33.02975904483573 0.9990740864345605
33.11927058696266 0.991228403958442
33.208782129089585 0.9754459875346916
33.29829367121651 0.951853206463973
33.38780521334344 0.9206389673854576
33.47731675547036 0.8820532017074442
33.56682829759729 0.8364048644145995
33.65633983972422 0.7840594602753511
33.745851381851146 0.725436117256952
33.83536292397807 0.6610042305813358
33.92487446610499 0.5912797042926581
34.01438600823192 0.5168208204302165
34.103897550358845 0.4382237688821329
34.19340909248577 0.3561178737120783
34.2829206346127 0.2711605541817433
34.37243217673963 0.1840320608159547
34.46194371886655 0.09543002865861144
34.55145526099348 0.00606389133129876
34.640966803120406 -0.08335079937885856
34.730478345247334 -0.17209810291936797
34.819989887374255 -0.25946742248533095
34.90950142950118 -0.3447591947452244
34.999012971628105 -0.42729049122197976
35.08852451375503 -0.5064004864793202
35.17803605588196 -0.5814557493297934
35.26754759800889 -0.6518553146979081
35.35705914013581 -0.7170354955281592
35.44657068226274 -0.7764743962091697
35.536082224389666 -0.8296960913750339
35.625593766516594 -0.8762744366244345
35.71510530864352 -0.9158364806451521
35.804616850770444 -0.9480654514232238
35.89412839289737 -0.9727032926262797
35.98363993502429 -0.9895527298522793
36.07315147715122 -0.9984788501993187
36.16266301927815 -0.9994101825088861
36.25217456140507 -0.9923392696331363
36.341686103532 -0.9773227281440281
36.431197645658926 -0.9544807950062582
36.520709187785855 -0.9239963648437496
36.61022072991278 -0.8861135255082819
36.699732272039704 -0.8411356036759166
36.78924381416663 -0.7894227361200431
36.87875535629356 -0.7313889861078402
36.96826689842048 -0.6674990280090053
37.05777844054741 -0.5982644266630048
37.14728998267433 -0.5242395412958962
37.23680152480126 -0.44601708678379154
37.326313066928186 -0.3642233878039494
37.415824609055115 -0.279513363873207
37.50533615118204 -0.19256528542847975
37.594847693308964 -0.10407534293719649
37.68435923543589 -0.014752072522591711
37.77387077756282 0.07468931726220102
37.86338231968975 0.16353267208605735
37.95289386181667 0.25106662606454244
38.04240540394359 0.33659029764368753
38.13191694607052 0.41941890153603406
38.221428488197446 0.4988892317743913
38.310940030324375 0.5743649719807041
38.4004515724513 0.6452417903308179
38.489963114578224 0.7109521784199511
38.57947465670515 0.7709699952842594
38.66898619883208 0.8248146801945779
38.75849774095901 0.8720551004907443
38.848009283085936 0.9123130036469351
38.93752082521286 0.9452660459274722
39.027032367339785 0.970650373382755
39.11654390946671 0.9882627345193321
39.206055451593635 0.9979621077280872
39.29556699372056 0.9996708304397168
39.385078535847484 0.9933752209664304
39.47459007797441 0.9791256880507815
39.56410162010134 0.9570363272444896
39.65361316222827 0.9272840073490264
39.743124704355196 0.8901069542328113
39.83263624648212 0.8458028433643497
39.922147788609045 0.7947264163343166
40.011659330735974 0.7372866404510714
40.101170872862895 0.6739434341525657
40.19068241498982 0.6052039844541875
40.280193957116744 0.5316186859186781
40.36970549924367 0.4537767336645281
40.4592170413706 0.3723014056996557
40.54872858349753 0.2878450723544216
40.638240125624456 0.20108397277338289
40.72775166775138 0.11271280029022117
40.817263209878305 0.023439140040536106
40.906774752005234 -0.06602219664953354
40.99628629413216 -0.15495489573463445
41.08579783625908 -0.24264687595370577
41.175309378386004 -0.32839599044175327
41.26482092051293 -0.4115156487971982
41.35433246263986 -0.49134031458912564
41.44384400476679 -0.5672308342861
41.533355546893716 -0.6385795549379265
41.62286708902064 -0.7048151896332725
41.712378631147565 -0.7654073917756123
41.801890173274494 -0.819871001551335
41.89140171540142 -0.8677699305887884
41.98091325752835 -0.9087206537038388
42.07042479965527 -0.9423952797736818
42.1599363417822 -0.9685241771505257
42.24944788390912 -0.9868981325935063
42.33895942603605 -0.9973700264323928
42.428470968162976 -0.9998560105500438
42.5179825102899 -0.9943361797515918
42.607494052416826 -0.9808547311446939
42.697005594543754 -0.9595196102547147
42.78651713667068 -0.9305016467083759
42.87602867879761 -0.8940331864064305
42.96554022092453 -0.8504062311375116
43.05505176305146 -0.7999701005291895
43.14456330517839 -0.74312863505697
43.23407484730531 -0.6803369625065885
43.323586389432236 -0.6120978537804516
43.41309793155916 -0.5389576972272292
43.502609473686086 -0.4615021237278782
43.592121015813014 -0.38035131756805474
43.68163255793994 -0.29615505064246467
43.77114410006687 -0.20958747975220818
43.86065564219379 -0.12134174865296449
43.95016718432072 -0.03212443807520713
44.03967872644765 0.0573500918449358
44.129190268574575 0.14636542142434214
44.218701810701496 0.23420880778224093
44.30821335282842 0.3201768917495543
44.397724894955346 0.4035813296431263
44.487236437082274 0.48375430481144
44.5767479792092 0.5600538748210866
44.66625952133613 0.6318691114691747
