0.0 0.0
0.07743101542483828 0.07735366487226611
0.15486203084967656 0.15424378271081507
0.23229304627451486 0.2302095843186725
0.3097240616993531 0.3047958395259761
0.3871550771241914 0.3775555851873532
0.4645860925490297 0.4480528036385983
0.542017107973868 0.5158650355618193
0.6194481233987063 0.5805859116012828
0.6968791388235446 0.6418275875590806
0.7743101542483828 0.6992230685775418
0.8517411696732211 0.7524284083805746
0.9291721850980594 0.8011247703948332
1.0066032005228978 0.8450203383993047
1.084034215947736 0.8838520652536188
1.1614652313725742 0.9173872492257095
1.2388962467974125 0.9454249284725784
1.3163272622222508 0.9677970853176401
1.3937582776470891 0.9843696531079376
1.4711892930719275 0.9950433196175672
1.5486203084967656 0.9997541221828646
1.626051323921604 0.9984738310029644
1.7034823393464422 0.9912101183087776
1.7809133547712805 0.9780065123866335
1.8583443701961189 0.9589421367320985
1.935775385620957 0.9341312358971139
2.0132064010457955 0.9037224908718419
2.0906374164706336 0.8678981281038441
2.168068431895472 0.8268728274938507
2.2454994473203103 0.7808924359120333
2.3229304627451484 0.7302324939441169
2.400361478169987 0.6751965846959088
2.477792493594825 0.6161145145511413
2.5552235090196636 0.553340336784558
2.6326545244445017 0.48725022987387967
2.7100855398693398 0.4182402432250014
2.7875165552941783 0.3467239238193202
2.8649475707190164 0.2731298380056662
2.942378586143855 0.19789900328766127
3.019809601568693 0.12148224549670275
3.097240616993531 0.04433749718787692
3.1746716324183697 -0.033072946551641884
3.252102647843208 -0.11028519843695896
3.329533663268046 -0.18683655886118267
3.4069646786928844 -0.2622682886539036
3.4843956941177225 -0.33612835810649233
3.561826709542561 -0.40797415579050045
3.639257724967399 -0.47737514093637917
3.7166887403922377 -0.5439154234779696
3.794119755817076 -0.6071962563016625
3.871550771241914 -0.6668384247652689
3.9489817866667525 -0.7224845191672394
4.026412802091591 -0.773801076548313
4.103843817516429 -0.8204805789907041
4.181274832941267 -0.8622432964398864
4.258705848366105 -0.8988389630057366
4.336136863790944 -0.9300482766976966
4.413567879215782 -0.9556842136066832
4.4909988946406205 -0.9755931486584312
4.568429910065459 -0.9896557762220703
4.645860925490297 -0.9977878250571346
4.723291940915136 -0.9999405633146317
4.800722956339974 -0.9961010905659229
4.878153971764812 -0.9862924151094081
4.95558498718965 -0.9705733160917519
5.033016002614488 -0.9490379912698977
5.110447018039327 -0.9218154925246813
5.187878033464165 -0.8890689525087646
5.265309048889003 -0.850994607063254
5.342740064313841 -0.8078206192612389
5.4201710797386795 -0.7598057121252474
5.4976020951635185 -0.7072376182121503
5.575033110588357 -0.6504313553564862
5.652464126013195 -0.5897273389049194
5.729895141438033 -0.5254893417544072
5.807326156862871 -0.45810231441867405
5.88475717228771 -0.38797007818639473
5.962188187712548 -0.3155129051949944
6.039619203137386 -0.241164999921625
6.117050218562224 -0.16537189718366657
6.194481233987062 -0.0885877922414008
6.2719122494119 -0.011272819002398725
6.349343264836739 0.06610970736183523
6.4267742802615775 0.1430960668631525
6.504205295686416 0.21922491356994941
6.581636311111254 0.2940400402536543
6.659067326536092 0.36709311224119545
6.736498341960931 0.4379463540906516
6.813929357385769 0.506175172989996
6.891360372810607 0.5713707031580537
6.968791388235445 0.6331422560001612
7.046222403660283 0.6911196613358188
7.123653419085122 0.7449554856683683
7.20108443450996 0.7943271142035607
7.278515449934798 0.8389386841403896
7.3559464653596365 0.8785228576488009
7.4333774807844755 0.9128424239096015
7.510808496209314 0.9416917206162285
7.588239511634152 0.9648978664199414
7.66567052705899 0.9823217969329172
7.743101542483828 0.9938590980809382
7.820532557908667 0.9994406318117468
7.897963573333505 0.9990329504094682
7.975394588758343 0.9926384969322954
8.052825604183182 0.9802955905722988
8.13025661960802 0.9620781970250935
8.207687635032858 0.9380954852454374
8.285118650457697 0.908491173244938
8.362549665882534 0.873442666852211
8.439980681307373 0.8331599965965307
8.51741169673221 0.7878845590857789
8.59484271215705 0.7378876704210459
8.672273727581889 0.6834689403166737
8.749704743006726 0.6249544766689115
8.827135758431565 0.5626949313324329
8.904566773856402 0.4970633988155481
8.981997789281241 0.4284531804862858
9.05942880470608 0.3572754276875312
9.136859820130917 0.28395667788497675
9.214290835555756 0.20893629861269727
9.291721850980593 0.13266385453369464
9.369152866405432 0.05559641339343755
9.446583881830271 -0.021804192989298966
9.524014897255109 -0.09907413628064075
9.601445912679948 -0.17575037115407266
9.678876928104785 -0.2513734101206549
9.756307943529624 -0.3254900770386849
9.833738958954463 -0.3976562228021606
9.9111699743793 -0.46743938693414394
9.988600989804139 -0.5344213891352276
10.066032005228976 -0.5982008352570638
10.143463020653815 -0.6583955226837779
10.220894036078654 -0.7146447307068114
10.298325051503491 -0.7666113821680086
10.37575606692833 -0.8139840634171349
10.453187082353168 -0.8564788904790913
10.530618097778007 -0.8938412102477158
10.608049113202846 -0.9258471265116235
10.685480128627683 -0.9523048416673
10.762911144052522 -0.9730558060791267
10.840342159477359 -0.987975668198721
10.917773174902198 -0.9969750197499475
10.995204190327037 -0.9999999315140182
11.072635205751874 -0.9970322765039598
11.150066221176713 -0.9880898385918001
11.22749723660155 -0.9732262059375218
11.30492825202639 -0.9525304498584114
11.382359267451228 -0.9261265910632079
11.459790282876066 -0.8941728564496735
11.537221298300905 -0.856860730919275
11.614652313725742 -0.8144138098910528
11.69208332915058 -0.7670864593910436
11.76951434457542 -0.7151622917467854
11.846945360000257 -0.658952466021389
11.924376375425096 -0.5987938233719423
12.001807390849933 -0.5350468685062555
12.079238406274772 -0.4680936093341678
12.156669421699611 -0.398335267759493
12.234100437124448 -0.3261898753308009
12.311531452549287 -0.2520897681592718
12.388962467974125 -0.17647899611551587
12.466393483398964 -0.09981066183087646
12.5438244988238 -0.02254420544948428
12.62125551424864 0.05485734859768769
12.698686529673479 0.1319301662978225
12.776117545098316 0.20821238361274882
12.853548560523155 0.28324687423022504
12.930979575947992 0.3565839889240651
13.008410591372831 0.4277842501073495
13.08584160679767 0.49642098543137914
13.163272622222507 0.5620828846483961
13.240703637647346 0.6243764644158811
13.318134653072184 0.6829284262719094
13.395565668497023 0.7373878936512751
13.472996683921862 0.7874285145368718
13.550427699346699 0.8327504171460858
13.627858714771538 0.8730820069326023
13.705289730196375 0.9081815941349648
13.782720745621214 0.937838842118715
13.860151761046053 0.9618760278328012
13.93758277647089 0.9801491068269041
14.01501379189573 0.9925485764474841
14.092444807320566 0.9990001320397865
14.169875822745405 0.9994651122234802
14.247306838170244 0.9939407305735747
14.324737853595082 0.9824600923182603
14.40216886901992 0.9650919959536027
14.479599884444758 0.9419405209639357
14.557030899869597 0.9131444041185546
14.634461915294436 0.8788762080823098
14.711892930719273 0.8393412873222423
14.789323946144112 0.7947765575071403
14.866754961568951 0.7454490757744822
14.944185976993788 0.6916544403725964
15.021616992418627 0.6337150192682938
15.099048007843464 0.5719780183351777
15.176479023268303 0.5068134006991087
15.253910038693142 0.4386116697093271
15.33134105411798 0.3677815288208924
15.408772069542819 0.2947474324117653
15.486203084967656 0.219947042211443
15.563634100392495 0.14382860458362687
15.641065115817334 0.06684826437978524
15.718496131242171 -0.010532668539520122
15.79592714666701 -0.08785048373497173
15.873358162091847 -0.16464184900444576
15.950789177516686 -0.2404465869323761
16.028220192941525 -0.3148104325338218
16.105651208366364 -0.3872877554679156
16.183082223791203 -0.45744423050761973
16.26051323921604 -0.5248594402628254
16.337944254640878 -0.5891293945598212
16.415375270065717 -0.6498689513795319
16.492806285490555 -0.7067141248469568
16.570237300915394 -0.7593242664409756
16.64766831634023 -0.807384106353496
16.72509933176507 -0.8506056427649686
16.802530347189908 -0.8887298677146265
16.879961362614747 -0.9215283192231004
16.957392378039586 -0.9488044503661772
17.03482339346442 -0.9703948070954468
17.11225440888926 -0.9861700077476728
17.1896854243141 -0.9960355183730965
17.26711643973894 -0.9999322192364848
17.344547455163777 -0.9978367590961161
17.421978470588613 -0.9897616951376645
17.49940948601345 -0.9757554177244198
17.57684050143829 -0.9559018604147861
17.65427151686313 -0.9303199969847937
17.73170253228797 -0.8991631284697523
17.809133547712804 -0.8626179644975
17.886564563137643 -0.8209035044184069
17.963995578562482 -0.7742697249370653
18.04142659398732 -0.7229960821100858
18.11885760941216 -0.6673898366869052
18.196288624836995 -0.6077842128291044
18.273719640261834 -0.5445364012422221
18.351150655686673 -0.4780254186864702
18.428581671111512 -0.40864983669332355
18.50601268653635 -0.33682539309884235
18.583443701961187 -0.262982500706762
18.660874717386026 -0.18756366801083563
18.738305732810865 -0.11102084743297627
18.815736748235704 -0.03381272696799066
18.893167763660543 0.04359801853504301
18.97059877908538 0.12074749998288925
19.048029794510217 0.1971733939247268
19.125460809935056 0.2724177130564674
19.202891825359895 0.3460295507404594
19.280322840784734 0.4175677830938042
19.35775385620957 0.4866037124528585
19.43518487163441 0.5527236363727975
19.512615887059248 0.6155313267672914
19.590046902484087 0.6746504043319455
19.667477917908926 0.7297265940225658
19.74490893333376 0.7804298480721609
19.8223399487586 0.8264563238243685
19.89977096418344 0.8675302045309738
19.977201979608278 0.9034053522023128
20.054632995033117 0.9338667826057097
20.132064010457952 0.9587319535729342
20.20949502588279 0.9778518588964125
20.28692604130763 0.9911119212589302
20.36435705673247 0.9984326788459091
20.44178807215731 0.9997702615256674
20.519219087582144 0.995116653744132
20.596650103006983 0.984499742558584
20.674081118431822 0.967983150522595
20.75151213385666 0.9456658544236003
20.8289431492815 0.9176815921578503
20.906374164706335 0.8841980612970838
20.983805180131174 0.8454159141495563
21.061236195556013 0.8015675553376116
21.138667210980852 0.7529157490973617
21.21609822640569 0.6997520446463504
21.293529241830527 0.642395029055282
21.370960257255366 0.5811884180935851
21.448391272680205 0.5164989964895882
21.525822288105044 0.44871441994838174
21.603253303529883 0.37824089209896444
21.680684318954718 0.3055007302917085
21.758115334379557 0.23092983483325136
21.835546349804396 0.15497507682464207
21.912977365229235 0.07809162025623247
21.990408380654074 0.0007401944068880824
22.06783939607891 -0.07661566710716565
22.14527041150375 -0.15351240408869518
22.222701426928587 -0.2294892076750635
22.300132442353426 -0.30409078176631305
22.377563457778265 -0.3768700714176298
22.4549944732031 -0.44739094184613226
22.53242548862794 -0.515230791997872
22.60985650405278 -0.5799830870130228
22.687287519477618 -0.6412597944133533
22.764718534902457 -0.6986937094129199
22.842149550327292 -0.7519406554174143
22.91958056575213 -0.8006815465255381
22.99701158117697 -0.8446242996726894
23.07444259660181 -0.8835055849583601
23.151873612026648 -0.9170924036682548
23.229304627451484 -0.9451834845347385
23.306735642876323 -0.9676104898684352
23.38416665830116 -0.9842390243331332
23.461597673726 -0.9949694403188725
23.53902868915084 -0.9997374350869404
23.616459704575675 -0.9985144361083541
23.693890720000514 -0.9913077722866593
23.771321735425353 -0.9781606300389837
23.848752750850192 -0.9591517944985312
23.92618376627503 -0.9343951773893776
24.003614781699866 -0.904039134402813
24.081045797124705 -0.8682655761658884
24.158476812549544 -0.8272888781297696
24.235907827974383 -0.7813545959104385
24.313338843399222 -0.730737993780168
24.390769858824058 -0.6757423951278791
24.468200874248897 -0.6166973647733446
24.545631889673736 -0.5539567340278793
24.623062905098575 -0.48789648033642563
24.700493920523414 -0.41891247420745725
24.77792493594825 -0.34741810693236364
24.855355951373088 -0.27384181331035023
24.932786966797927 -0.19862450422413927
25.010217982222766 -0.12221692445186999
25.0876489976476 -0.04507695154873903
25.16508001307244 0.03233314801502536
25.24251102849728 0.10954948901702216
25.31994204392212 0.18610934734605283
25.397373059346958 0.2615539329074421
25.474804074771793 0.33543113895350046
25.552235090196632 0.40729825136359793
25.62966610562147 0.47672460163825486
25.70709712104631 0.5432941477090732
25.78452813647115 0.6066079670987796
25.861959151895984 0.666286647490969
25.939390167320823 0.7219725603839122
26.016821182745662 0.7733320042033631
26.0942521981705 0.8200572040316733
26.17168321359534 0.8618681559696606
26.249114229020176 0.8985143050787859
26.326545244445015 0.9297760468484614
26.403976259869854 0.955466043190825
26.481407275294693 0.9754303450768246
26.55883829071953 0.9895493150861159
26.636269306144367 0.9977383443423415
26.713700321569206 0.9999483595375083
26.791131336994045 0.9961661170070796
26.868562352418884 0.9864142820935274
26.945993367843723 0.9707512933227437
27.02342438326856 0.9492710122072491
27.100855398693398 0.922102160774769
27.178286414118237 0.88940755019284
27.255717429543076 0.8513831051119466
27.333148444967915 0.8082566895738907
27.41057946039275 0.7602867415212148
27.48801047581759 0.7077607240904588
27.565441491242428 0.6509934029700146
27.642872506667267 0.5903249601455827
27.720303522092106 0.5261189553367698
27.79773453751694 0.4587601473410463
27.87516555294178 0.3886521883407909
27.95259656836662 0.3162152049904862
28.03002758379146 0.2418832807795042
28.107458599216297 0.1661018547576349
28.184889614641133 0.08932505221165796
28.26232063006597 0.012012963289036931
28.33975164549081 -0.06537111412317902
28.41718266091565 -0.1423634507420838
28.49461367634049 -0.21850266481779426
28.572044691765324 -0.2933324869945805
28.649475707190163 -0.36640449453564805
28.726906722615002 -0.43728079852649465
28.80433773803984 -0.5055366679536636
28.88176875346468 -0.5707630749338736
28.959199768889516 -0.6325691458410871
29.036630784314355 -0.6905845036429862
29.114061799739194 -0.7444614874102049
29.191492815164032 -0.7938772356978183
29.26892383058887 -0.8385356213142385
29.346354846013707 -0.8781690258833046
29.423785861438546 -0.9125399435653883
29.501216876863385 -0.9414424043270833
29.578647892288224 -0.964703208230477
29.656078907713063 -0.9821829633454118
29.733509923137902 -0.9937769210649924
29.810940938562737 -0.9994156038186492
29.888371953987576 -0.9990652214211494
29.965802969412415 -0.9927278735625498
30.043233984837254 -0.9804415372256646
30.120665000262093 -0.9622798391064448
30.19809601568693 -0.938351614401056
30.275527031111768 -0.9088002546036499
30.352958046536607 -0.8738028482232078
30.430389061961446 -0.8335691195687489
30.507820077386285 -0.7883401719623195
30.58525109281112 -0.7383870429111395
30.66268210823596 -0.6840090798971212
30.740113123660798 -0.6255321465169867
30.817544139085637 -0.5633066697227619
30.894975154510476 -0.49770553986472604
30.97240616993531 -0.42912187612093816
31.04983718536015 -0.35796667070413823
31.12726820078499 -0.284666325963319
31.20469921620983 -0.20966009913898945
31.282130231634667 -0.133397470084653
31.359561247059503 -0.056335447728590615
31.436992262484342 0.021064168582859782
31.51442327790918 0.098337556448891
31.59185429333402 0.1750216499011391
31.66928530875886 0.25065691435760623
31.746716324183694 0.3247901004145135
31.824147339608533 0.396976959973818
31.901578355033372 0.4667849084297664
31.97900937045821 0.5337956169612218
32.05644038588305 0.5976075193952262
32.133871401307886 0.6578382186192678
32.21130241673273 0.7141267781216832
32.288733432157564 0.7661358849279231
32.366164447582406 0.8135538709712528
32.44359546300724 0.8560965807845435
32.52102647843208 0.8935090743210317
32.59845749385692 0.9255671546996613
32.675888509281755 0.9520787117199506
32.7533195247066 0.9728848730952935
32.83075054013143 0.9878609565057921
32.90818155555627 0.9969172167654501
32.98561257098111 0.9999993836262208
33.063043586405946 0.9970889869961165
33.14047460183079 0.9882034676224761
33.217905617255624 0.9733960725771176
33.29533663268046 0.9527555361696775
33.3727676481053 0.9264055482012995
33.45019866353014 0.8945040127452007
33.52762967895498 0.8572421018958859
33.605060694379816 0.8148431101575506
33.68249170980465 0.7675611163367401
33.759922725229494 0.7156794609580396
33.83735374065433 0.6595090483269601
33.91478475607917 0.5993864834149666
33.99221577150401 0.5356720547316115
34.06964678692884 0.468747575271399
34.147077802353685 0.3990140944737779
34.22450881777852 0.3268894949074523
34.30193983320336 0.25280598808096794
34.3793708486282 0.1772075243862622
34.456801864053034 0.10054713269606652
34.53423287947788 0.02328420555797013
34.61166389490271 -0.05411825374626387
34.689094910327555 -0.13119640577902067
34.76652592575239 -0.20748835453577
34.843956941177225 -0.28253691538795495
34.92138795660207 -0.35589235479257275
34.9988189720269 -0.4271150853506266
35.076249987451746 -0.4957783000641943
35.15368100287658 -0.561470530005986
35.23111201830142 -0.62379811007458
35.30854303372626 -0.6823875380589708
35.385974049151095 -0.7368877128756477
35.46340506457594 -0.7869720385654628
35.54083608000077 -0.8323403814418187
35.61826709542561 -0.8727208686619823
35.69569811085045 -0.9078715174433456
35.773129126275286 -0.9375816851614998
35.85056014170013 -0.9616733316403354
35.927991157124964 -0.9800020860697376
36.0054221725498 -0.9924581121573818
36.08285318797464 -0.9989667663300856
36.16028420339948 -0.9994890450404372
36.23771521882432 -0.9940218184981757
36.315146234249156 -0.9825978494256697
36.39257724967399 -0.9652855967251003
36.47000826509883 -0.9421888052338885
36.54743928052367 -0.9134458840267972
36.62487029594851 -0.8792290769902341
36.70230131137335 -0.8397434306392128
36.77973232679818 -0.7952255653623134
36.857163342223025 -0.7459422574581153
36.93459435764786 -0.6921888404603194
37.0120253730727 -0.6342874353316738
37.08945638849754 -0.5725850201325013
37.166887403922374 -0.5074513507313261
37.244318419347216 -0.4392767450180037
37.32174943477205 -0.3684697438975628
37.399180450196894 -0.2954546630813404
37.47661146562173 -0.2206690503466252
37.554042481046565 -0.14456106350216022
37.63147349647141 -0.0675867847723835
37.70890451189624 0.009792512305921442
37.786335527321086 0.08711312709633484
37.86376654274592 0.16391171061996135
37.94119755817076 0.23972804220536556
38.0186285735956 0.31410778739184364
38.096059589020435 0.3866052205591834
38.17349060444528 0.4567858959684363
38.25092161987011 0.5242292512071434
38.32835263529495 0.5885311274378928
38.40578365071979 0.6493061913472856
38.483214666144626 0.7061902442816891
38.56064568156947 0.7588424047321753
38.638076696994304 0.8069471510898245
0.0 0.0
0.10845978054790217 0.10824726071367466
0.21691956109580435 0.21522239996483047
0.3253793416437066 0.3196682462583172
0.4338391221916087 0.4203573523417526
0.5422989027395109 0.5161064201617164
0.6507586832874132 0.6057902069786985
0.7592184638353153 0.6883547492161824
0.8676782443832174 0.762829748637235
0.9761380249311196 0.8283399752862901
1.0845978054790217 0.8841155531887935
1.193057586026924 0.9295010079312004
1.3015173665748263 0.9639629697941907
1.4099771471227283 0.9870964419119095
1.5184369276706307 0.9986295597938423
1.6268967082185326 0.9984267862754397
1.7353564887664348 0.9864905043504428
1.8438162693143372 0.9629609891659487
1.9522760498622391 0.9281147595093295
2.0607358304101413 0.8823613281603243
2.1691956109580435 0.8262383892981597
2.2776553915059456 0.7604054995212705
2.386115172053848 0.6856363267402593
2.4945749526017504 0.6028095580350799
2.6030347331496526 0.5128985733272776
2.7114945136975543 0.41696000622225676
2.8199542942454565 0.3161213264545203
2.9284140747933587 0.21156758986694954
3.0368738553412613 0.10452751163831793
3.1453336358891635 -0.0037409735735672058
3.253793416437065 -0.1119654948759518
3.3622531969849674 -0.21887419803980682
3.4707129775328696 -0.3232106923266675
3.579172758080772 -0.423748815588585
3.6876325386286744 -0.5193070441217751
3.796092319176576 -0.6087623779294167
3.9045520997244783 -0.6910635382140311
4.013011880272381 -0.765243322002555
4.121471660820283 -0.8304299687125923
4.229931441368185 -0.8858574050800014
4.338391221916087 -0.9308742480494459
4.44685100246399 -0.964951459825986
4.555310783011891 -0.9876885651255547
4.663770563559793 -0.9988183575592201
4.772230344107696 -0.9982100398418138
4.880690124655597 -0.9858707609212097
4.989149905203501 -0.9619455319639111
5.097609685751403 -0.9267155221842857
5.206069466299305 -0.8805947545448535
5.314529246847207 -0.8241252401597546
5.422989027395109 -0.7579706085818632
5.531448807943011 -0.6829083088304002
5.639908588490913 -0.599820472812542
5.748368369038816 -0.509683548512058
5.856828149586717 -0.41355682477572603
5.96528793013462 -0.31256998255417884
6.073747710682523 -0.20790981889498278
6.182207491230424 -0.10080629970751878
6.290667271778327 0.007481894792462728
6.399127052326229 0.11568216208871507
6.50758683287413 0.22252293298521192
6.616046613422033 0.326748615083279
6.724506393969935 0.42713434849945464
6.832966174517837 0.5225004004149377
6.941425955065739 0.6117260292919039
7.049885735613641 0.6937626558244869
7.158345516161544 0.7676461858394342
7.266805296709446 0.8325083403277506
7.375265077257349 0.8875868594568487
7.48372485780525 0.9322344606456635
7.592184638353152 0.9659264454274832
7.700644418901055 0.9882668657046543
7.8091041994489565 0.9989931769293612
7.917563979996859 0.9979793235263164
8.026023760544762 0.9852372202974773
8.134483541092663 0.9609166123993327
8.242943321640565 0.925303315538301
8.351403102188467 0.8788158570654606
8.45986288273637 0.822000557444454
8.568322663284272 0.7555251098951467
8.676782443832174 0.6801707336650317
8.785242224380076 0.5968229931431295
8.89370200492798 0.5064613907101115
9.00216178547588 0.4101478556294536
9.110621566023783 0.3090142642581113
9.219081346571684 0.2042491382391902
9.327541127119586 0.09708367699938691
9.43600090766749 -0.011222711302746696
9.544460688215391 -0.11939721033745734
9.652920468763293 -0.226168553737247
9.761380249311195 -0.3302819650151604
9.869840029859098 -0.4305139036940593
9.978299810407002 -0.525686444350401
10.086759590954903 -0.6146811195900612
10.195219371502805 -0.6964520642735833
10.303679152050707 -0.7700383065199559
10.41213893259861 -0.8345750610450948
10.520598713146512 -0.8893038921157382
10.629058493694414 -0.9335816266837702
10.737518274242316 -0.9668879129538256
10.845978054790217 -0.9888313355559304
10.95443783533812 -0.9991540154576803
11.062897615886023 -0.9977346405578067
11.171357396433924 -0.984589891345604
11.279817176981826 -0.9598742448718729
11.388276957529728 -0.9238781593351115
11.496736738077631 -0.877024660617693
11.605196518625533 -0.819864370887049
11.713656299173435 -0.75306903768571
11.822116079721336 -0.677423639556332
11.93057586026924 -0.5938171609763656
12.039035640817144 -0.5032321450153177
12.147495421365045 -0.40673314649173137
12.255955201912947 -0.30545422132835176
12.364414982460849 -0.20058559913054472
12.47287476300875 -0.09335969561177092
12.581334543556654 0.014963370751948177
12.689794324104556 0.12311058763033275
12.798254104652457 0.22981100927569886
12.90671388520036 0.3338106926733229
13.01517366574826 0.4338874338757514
13.123633446296164 0.5288651313396932
13.232093226844066 0.6176276074675976
13.340553007391968 0.6991317259232286
13.44901278793987 0.7724196505665536
13.557472568487771 0.8366301019410065
13.665932349035675 0.8910084790269142
13.774392129583577 0.9349157273102681
13.882851910131478 0.9678358489493397
13.99131169067938 0.9893819667796661
14.099771471227282 0.999300870893253
14.208231251775187 0.9974759943606061
14.316691032323089 0.9839287831249144
14.42515081287099 0.9588184439693942
14.533610593418892 0.9224400735196809
14.642070373966794 0.8752211902692258
14.750530154514697 0.8177167103833243
14.8589899350626 0.7506024263261158
14.9674497156105 0.674667064949696
15.075909496158403 0.5908030183786708
15.184369276706304 0.49999585662075513
15.292829057254208 0.40331274515118476
15.40128883780211 0.3018899035874632
15.509748618350011 0.1969192528400323
15.618208398897913 0.08963440766154242
15.726668179445815 -0.018703820789786312
15.835127959993718 -0.12682224199887415
15.94358774054162 -0.23345024862464558
16.052047521089523 -0.33733474867345964
16.160507301637423 -0.4372548918322055
16.268967082185327 -0.5320364168973067
16.37742686273323 -0.6205654516886177
16.48588664328113 -0.7018016032717409
16.594346423829034 -0.7747901846524797
16.702806204376934 -0.8386734342553303
16.811265984924837 -0.8927005963347984
16.91972576547274 -0.9362367438545104
17.02818554602064 -0.9687702401477258
17.136645326568544 -0.9899187516698148
17.245105107116444 -0.9994337411808476
17.353564887664348 -0.997203388554451
17.46202466821225 -0.9832539048875736
17.57048444876015 -0.9577492244677602
17.678944229308055 -0.9209890782179243
17.78740400985596 -0.8734054712595026
17.895863790403858 -0.8155576059896462
18.00432357095176 -0.7481253103364252
18.11278335149966 -0.6719010484232022
18.221243132047565 -0.587780607532765
18.32970291259547 -0.49675257081805446
18.43816269314337 -0.39988669947609884
18.546622473691272 -0.2983213609178292
18.655082254239172 -0.19325015067792084
18.763542034787076 -0.08590786528385207
18.87200181533498 0.022444009068923368
18.98046159588288 0.13053212149873017
19.088921376430783 0.23708622085318073
19.197381156978683 0.3408540836966405
19.305840937526586 0.4406162304360756
19.414300718074493 0.5352002566413182
19.52276049862239 0.623494611138185
19.631220279170297 0.7044616589543701
19.739680059718197 0.7771498756022683
19.8481398402661 0.8407050293917698
19.956599620814004 0.8943802203583255
20.065059401361903 0.9375446578289587
20.173519181909807 0.9696910734722431
20.281978962457707 0.9904416827141079
20.39043874300561 0.9995526244609534
20.498898523553514 0.9969168269544406
20.607358304101414 0.9825652660784565
20.715818084649317 0.9566666013306228
20.82427786519722 0.9195251937364203
20.93273764574512 0.8715775289993897
21.041197426293024 0.8133870879225291
21.149657206840924 0.7456377243837073
21.258116987388828 0.6691256286870579
21.36657676793673 0.5847499707370803
21.47503654848463 0.49350233299678536
21.583496329032535 0.3964550574137441
21.691956109580435 0.29474864326096256
21.80041589012834 0.18957834399303955
21.90887567067624 0.08218012063140444
22.01733545122414 -0.026183883245672473
22.125795231772045 -0.13424017421039558
22.234255012319945 -0.24071887507611942
22.34271479286785 -0.34436864849002213
22.451174573415752 -0.44397140264565893
22.559634353963652 -0.5383566062939957
22.668094134511556 -0.6264150448229215
22.776553915059456 -0.7071118557438097
22.88501369560736 -0.7794986903922054
22.993473476155263 -0.8427248589182851
23.101933256703163 -0.8960473275912665
23.210393037251066 -0.9388394509294462
23.318852817798966 -0.9705983360358893
23.42731259834687 -0.9909507525941611
23.535772378894773 -0.9996575190698068
23.644232159442673 -0.996616313570986
23.75269193999058 -0.981862876335016
23.86115172053848 -0.9555705897092218
23.969611501086383 -0.918048440562136
24.078071281634287 -0.8697373890708124
24.186531062182187 -0.8112051865582316
24.29499084273009 -0.7431397032815569
24.40345062327799 -0.6663408445830812
24.511910403825894 -0.5817111504051792
24.620370184373797 -0.49024518864380134
24.728829964921697 -0.39301786698972685
24.8372897454696 -0.29117180061680153
24.9457495260175 -0.18590388417208287
25.054209306565404 -0.0784512258737404
25.162669087113308 0.029923390980753257
25.271128867661208 0.13794634823991517
25.37958864820911 0.2443481604547153
25.48804842875701 0.3478783938674983
25.596508209304915 0.4473203615055414
25.70496798985282 0.5415054216824517
25.81342777040072 0.6293267118715471
25.92188755094862 0.7097521565507452
26.03034733149652 0.7818365961507873
26.138807112044425 0.8447328945675006
26.24726689259233 0.8977018947025748
26.35572667314023 0.9401211050354312
26.464186453688132 0.9714920151415893
26.572646234236032 0.991445954185576
26.681106014783936 0.9997484235394151
26.78956579533184 0.9963018526097503
26.89802557587974 0.9811467454871511
27.006485356427643 0.9544612049421649
27.114945136975543 0.9165588393621319
27.223404917523446 0.8678850772264096
27.33186469807135 0.8090119324323133
27.44032447861925 0.7406312819896168
27.548784259167153 0.6635467350841339
27.657244039715053 0.5786641890651463
27.765703820262956 0.4869811833426261
27.87416360081086 0.3895751763072909
27.98262338135876 0.28759088304302666
28.091083161906667 0.1822268226388601
28.199542942454563 0.07472123319648946
28.30800272300247 -0.033662479940001246
28.416462503550374 -0.14165059171964153
28.524922284098274 -0.24797402619735856
28.633382064646177 -0.3513832707104269
28.741841845194077 -0.4506630601472738
28.85030162574198 -0.5446466587392194
28.958761406289884 -0.6322295715354843
29.067221186837784 -0.7123825244243382
29.175680967385688 -0.7841635601591834
29.284140747933588 -0.8467291082370935
29.39260052848149 -0.8993438985366909
29.501060309029395 -0.9413896022102526
29.609520089577295 -0.9723720982823625
29.7179798701252 -0.9919272805580402
29.826439650673098 -0.9998253365975761
29.934899431221 -0.9959734484715946
30.043359211768905 -0.9804168835570615
30.151818992316805 -0.9533384625552166
30.26027877286471 -0.9150564109832717
30.36873855341261 -0.866020619389155
30.477198333960512 -0.8068073562392171
30.585658114508416 -0.7381124956130638
30.694117895056316 -0.6607433392935892
30.80257767560422 -0.5756091293589903
30.91103745615212 -0.48371036277278345
31.019497236700023 -0.3861270335466591
31.127957017247926 -0.2840059406543232
31.236416797795826 -0.17854721085360864
31.34487657834373 -0.07099019480063576
31.45333635889163 0.0374010977951198
31.561796139439533 0.14535285280892762
31.670255919987436 0.25159642156030726
31.778715700535336 0.35488322996828414
31.88717548108324 0.4539994517900152
31.99563526163114 0.5477802735028987
32.10409504217905 0.6351235831894032
32.21255482272695 0.7150029225527735
32.32101460327485 0.7864795498516834
32.42947438382275 0.8487134719901887
32.537934164370654 0.9009733161138842
32.64639394491856 0.9426449247013758
32.75485372546646 0.9732385731415063
32.86331350601436 0.9923947249754225
32.97177328656226 0.999888257167897
33.080233067110164 0.9956311057525119
33.18869284765807 0.9796733007591176
33.29715262820597 0.9522023782610793
33.40561240875387 0.9135411764519444
33.51407218930177 0.8641440416520112
33.622531969849675 0.8045914888318375
33.73099175039758 0.7355833794021496
33.83945153094548 0.6579306964447786
33.94791131149338 0.5725460140420765
34.05637109204128 0.4804327727091887
34.164830872589185 0.3826734869643558
34.27329065313709 0.2804170236217272
34.38175043368499 0.1748651003122322
34.49021021423289 0.06725816290182302
34.5986699947808 -0.041139192224419564
34.707129775328696 -0.14905307969489087
34.8155895558766 -0.2552152958483837
34.9240493364245 -0.3583782226593905
35.032509116972406 -0.4573294897411938
35.1409688975203 -0.5509062221187695
35.249428678068206 -0.6380087063318071
35.35788845861611 -0.7176133142637494
35.46634823916401 -0.7887845328161776
35.57480801971192 -0.8506859580557519
35.68326780025981 -0.9025901246305645
35.791727580807716 -0.9438870549406478
35.90018736135562 -0.9740914275927613
36.00864714190352 -0.9928482808958716
36.11710692245143 -0.9999371843698086
36.22556670299932 -0.995274829243566
36.33402648354723 -0.9789160074997105
36.44248626409513 -0.9510529679591793
36.550946044643034 -0.912013156973749
36.65940582519094 -0.8622553702775548
36.767865605738834 -0.8023643612210908
36.87632538628674 -0.7330439687516842
36.98478516683464 -0.6551088459004564
37.093244947382544 -0.5694748859824846
37.20170472793045 -0.47714845902148967
37.310164508478344 -0.3792145848925347
37.41862428902625 -0.2768241821718893
37.52708406957415 -0.17118054254563228
37.635543850122055 -0.06352518972957061
37.74400363066996 0.044876710913500976
37.852463411217855 0.15275122059309973
37.96092319176576 0.25883059841568407
38.06938297231366 0.3618681998715469
38.177842752861565 0.46065312739714454
38.28630253340947 0.5540244608393926
38.394762313957365 0.6408849005855956
38.50322209450527 0.7202136630250159
38.61168187505317 0.7910784767945765
38.720141655601076 0.8526465388289685
38.828601436148986 0.9041943014596139
38.937061216696875 0.9451159755445413
39.04552099724478 0.9749306497004893
39.15398077779269 0.9932879419719024
39.26244055834059 0.999972117518578
39.3709003388885 0.9949046239308205
39.47936011943639 0.9781450143771058
39.5878198999843 0.9498902477354312
39.6962796805322 0.9104723739332172
39.8047394610801 0.8603546316976155
39.91319924162801 0.8001260045754663
40.0216590221759 0.7304942992005405
40.13011880272381 0.6522778271522188
40.23857858327171 0.5663957881604494
40.347038363819614 0.4738574676734369
40.45549814436752 0.37575037573827935
40.563957924915414 0.273227466586372
40.67241770546332 0.1674935891189312
40.78087748601122 0.05979132752659224
40.889337266559124 -0.04861360155606098
40.99779704710703 -0.15644722374834047
41.106256827654924 -0.2624422786663041
41.21471660820283 -0.3653531127627719
41.32317638875073 -0.46397031824379625
41.431636169298635 -0.5571349460252255
41.54009594984654 -0.6437521256986358
41.64855573039444 -0.7228039324448778
41.75701551094234 -0.7933613496832984
41.86547529149024 -0.854595186871651
41.973935072038145 -0.905785824150674
42.08239485258605 -0.9463316693144002
42.19085463313395 -0.9757562277198364
42.29931441368185 -0.993713702050487
42.40777419422975 -0.9999930561253182
42.516233974777656 -0.9945204949952766
42.62469375532556 -0.9773603321813011
42.73315353587346 -0.9487142338620281
42.84161331642136 -0.9089188488935065
42.95007309696926 -0.8584418525129045
43.058532877517166 -0.7978764502206307
43.16699265806507 -0.7279344064311758
43.27545243861297 -0.6494376798199868
43.38391221916087 -0.5633087636677423
43.49237199970877 -0.47055984472223766
43.60083178025668 -0.37228090798298863
43.70929156080458 -0.2696269272009729
43.81775134135248 -0.16380429163079926
43.92621112190038 -0.056056628548043524
44.03467090244828 0.05234981185455404
44.14313068299619 0.16014103743527122
44.25159046354409 0.26605028605501657
44.360050244091994 0.3688329125619392
44.46851002463989 0.46728101585727533
44.576969805187794 0.5602376341452329
44.6854295857357 0.6466103415442851
44.7938893662836 0.7253840862726706
44.902349146831504 0.7956331195336875
45.0108089273794 0.8565318749125946
45.119268707927304 0.9073646704304988
45.22772848847521 0.9475341192366633
45.33618826902311 0.976568150096888
45.444648049571015 0.9941255551731436
45.55310783011891 0.9999999998969947
45.661567610666815 0.9941224478127914
45.77002739121472 0.9765619718938726
45.87848717176262 0.9475249427972068
45.986946952310525 0.9073526035960884
46.09540673285842 0.8565170594926335
46.203866513406325 0.7956157296389363
46.31232629395423 0.7253643262691208
46.42078607450213 0.6465884436514353
46.529245855050036 0.5602138557070501
46.63770563559793 0.46725563631789535
46.746165416145836 0.3688062301816154
46.85462519669374 0.26602261440500374
46.96308497724164 0.16011270171271194
47.071544757789546 0.05232114506076943
47.18000453833744 -0.056085289520977286
47.288464318885346 -0.16383260995923382
47.39692409943325 -0.26965457008799576
47.50538387998116 -0.3723075505694862
47.613843660529064 -0.4705851739046117
47.72230344107696 -0.5633324817775165
47.83076322162486 -0.6494595081220225
47.93922300217277 -0.7279540883993311
48.04768278272067 -0.7978937545524787
48.156142563268574 -0.8584565758479925
48.26460234381647 -0.9089308182032446
48.373062124364374 -0.9487233084831324
48.48152190491228 -0.9773664054688503
48.58998168546018 -0.9945234955760148
48.698441466008084 -0.9999929487364301
48.80690124655598 -0.9937104879540073
48.915361027103884 -0.9757499446878152
49.02382080765179 -0.9463223911850105
49.13228058819969 -0.9057736599604628
49.240740368747595 -0.8545802795741427
49.34920014929549 -0.7933438744690102
49.457659929843395 -0.7227840946824636
49.5661197103913 -0.6437301585214207
49.6745794909392 -0.5571111075914058
49.783039271487105 -0.4639448887025703
49.891499052035 -0.36532639096203356
49.999958832582905 -0.2624145786405641
50.10841861313081 -0.15641887102820595
50.21687839367871 -0.04858492934261536
50.325338174226616 0.05981998227758806
50.43379795477451 0.1675218896569279
50.542257735322416 0.27325508032354445
50.65071751587032 0.3757769781580831
50.75917729641822 0.47388274614431236
50.867637076966126 0.5664194456098876
50.97609685751402 0.6522995855579439
51.084556638061926 0.7305139028578437
51.19301641860983 0.8001432231022338
51.30147619915773 0.860369262741771
51.40993597970564 0.9104842455507763
51.51839576025353 0.94989922041118
51.62685554080144 0.9781509826641903
51.73531532134934 0.994907517689951
51.84377510189724 0.9999719027423047
51.95223488244515 0.9932846211842755
52.06069466299304 0.9749242619273975
52.16915444354095 0.9451065958550721
52.27761422408885 0.9041820400838418
52.386074004636754 0.8526315398625508
52.49453378518466 0.7910609165053157
52.602993565732554 0.7201937477813802
52.71145334628046 0.6408628644314603
52.81991312682836 0.5540005627435651
52.928372907376264 0.46062764820997604
53.03683268792417 0.3618414390243637
53.145292468472064 0.25880287040188377
53.25375224901997 0.15272285127220547
53.36221202956787 0.04484803368167421
53.470671810115775 -0.06355383785758591
53.57913159066368 -0.1712088248971271
53.687591371211575 -0.2768517663727523
53.79605115175948 -0.37924114677333226
53.90451093230738 -0.47717368642708974
54.012970712855285 -0.5694984824404905
54.12143049340319 -0.6551305341053688
