0.0 0.0
0.09801615068728951 0.0978592831571553
0.19603230137457903 0.19477916839708598
0.2940484520618686 0.28982927553106924
0.39206460274915805 0.3820971732619101
0.4900807534364475 0.4706971380470006
0.5880969041237372 0.5547786565809079
0.6861130548110266 0.6335345902781079
0.7841292054983161 0.7062089233811034
0.8821453561856055 0.7721040203161387
0.980161506872895 0.8305873226296978
1.0781776575601847 0.8810974212186959
1.1761938082474743 0.9231494455641337
1.2742099589347635 0.9563397182343897
1.3722261096220532 0.9803496299773559
1.4702422603093426 0.994948698202557
1.5682584109966322 0.999996779493429
1.6662745616839219 0.9954454149107926
1.764290712371211 0.9813382951733158
1.8623068630585007 0.9578108412494736
1.96032301374579 0.9250889043871049
2.0583391644330797 0.8834865980596007
2.1563553151203694 0.8334032826409078
2.254371465807659 0.7753197317548884
2.3523876164949487 0.7097935171000774
2.4504037671822374 0.6374536560531048
2.548419917869527 0.5589945734309864
2.6464360685568167 0.47516943537621553
2.7444522192441063 0.38678291935585746
2.842468369931396 0.29468348967888247
2.940484520618685 0.19975525268272634
3.038500671305975 0.10290946977502378
3.1365168219932644 0.005075809800879846
3.234532972680554 -0.09280657529163143
3.3325491233678437 -0.18979806581879322
3.430565274055133 -0.28496759421858947
3.528581424742422 -0.3774015828121566
3.6265975754297117 -0.4662127136715053
3.7246137261170014 -0.5505484464073739
3.822629876804291 -0.6295992021109075
3.92064602749158 -0.7026061348876016
4.01866217817887 -0.7688684163808538
4.1166783288661595 -0.827749963357504
4.214694479553448 -0.8786855437740672
4.312710630240739 -0.9211862027086178
4.4107267809280275 -0.9548439560722082
4.508742931615318 -0.9793357070426663
4.606759082302607 -0.9944263476250362
4.704775232989897 -0.9999710155653214
4.802791383677186 -0.9959164849523282
4.900807534364475 -0.9823016771585651
4.998823685051765 -0.9592572872154301
5.096839835739054 -0.9270045292092929
5.194855986426345 -0.8858530127420031
5.292872137113633 -0.8361977708407093
5.390888287800923 -0.7785154678474785
5.488904438488213 -0.7133598236910124
5.586920589175502 -0.6413562984650428
5.684936739862792 -0.5631960883386803
5.7829528905500815 -0.4796294904348316
5.88096904123737 -0.39145870037038505
5.97898519192466 -0.29953011159800286
6.07700134261195 -0.20472619047182292
6.175017493299239 -0.10795700503217255
6.273033643986529 -0.010151488828539737
6.371049794673818 0.08775147635647237
6.469065945361108 0.18481207328102933
6.567082096048397 0.2800985709978543
6.665098246735687 0.3726962689838428
6.763114397422976 0.46171627778648916
6.861130548110266 0.5463040518975664
6.959146698797555 0.6256475929428874
7.057162849484844 0.6989852444418551
7.155179000172135 0.76561300331117
7.2531951508594235 0.8248912779260819
7.351211301546713 0.8762510278653528
7.449227452234003 0.9191992264015677
7.547243602921292 0.9533235932997622
7.645259753608582 0.9782965524919685
7.743275904295872 0.9938783766360761
7.84129205498316 0.9999194883728884
7.939308205670449 0.99636189619051
8.03732435635774 0.983239751112519
8.13534050704503 0.9606790188660097
8.233356657732319 0.928896270676518
8.331372808419609 0.8881966042975697
8.429388959106896 0.8389707152318778
8.527405109794188 0.7816911462589278
8.625421260481478 0.7169077512715445
8.723437411168767 0.6452424169662005
8.821453561856055 0.5673830930561151
8.919469712543345 0.48407718831394303
9.017485863230636 0.39612439583861697
9.115502013917924 0.30436901642000896
9.213518164605214 0.20969185369308008
9.311534315292503 0.11300175888384786
9.409550465979795 0.015226906313127632
9.507566616667082 -0.08269411659130545
9.605582767354372 -0.17982131924296113
9.703598918041662 -0.275222331314433
9.80161506872895 -0.3679813530047222
9.899631219416241 -0.4572079462381764
9.99764737010353 -0.5420455824041126
10.09566352079082 -0.6216798645833504
10.193679671478108 -0.6953463453325254
10.291695822165398 -0.7623378649795842
10.38971197285269 -0.8220113399866358
10.487728123539979 -0.8737939362154474
10.585744274227267 -0.9171885678354631
10.683760424914556 -0.9517786690876947
10.781776575601846 -0.977232193098052
10.879792726289136 -0.9933047993536074
10.977808876976425 -0.999842199243677
11.075825027663715 -0.9967816371497576
11.173841178351005 -0.9841524928666304
11.271857329038292 -0.9620759995717024
11.369873479725584 -0.9307640800499327
11.467889630412873 -0.890517312345981
11.565905781100163 -0.8417220443722405
11.663921931787451 -0.7848466851710242
11.76193808247474 -0.7204372084328302
11.859954233162032 -0.6491119114345778
11.95797038384932 -0.5715554797092519
12.05598653453661 -0.4885124144230092
12.1540026852239 -0.4007798855535276
12.252018835911189 -0.30920007947530254
12.350034986598478 -0.2146521144110943
12.448051137285768 -0.11804360135695427
12.546067287973058 -0.020301931491535214
12.644083438660347 0.07763462629400233
12.742099589347635 0.17482593228643054
12.840115740034927 0.27033900079981815
12.938131890722216 0.3632569563499494
13.036148041409504 0.4526878351792689
13.134164192096794 0.537773147642266
13.232180342784083 0.6176961192568923
13.330196493471375 0.6916895313122515
13.428212644158663 0.7590430857667989
13.526228794845952 0.8191102237379162
13.624244945533242 0.8713143321288856
13.722261096220532 0.9151542788129341
13.820277246907821 0.9502092232394506
13.91829339759511 0.9761426562830842
14.0163095482824 0.9927056305552816
14.114325698969688 0.9997391501689652
14.212341849656978 0.9971756970158608
14.31035800034427 0.9850398789050103
14.408374151031559 0.9634481933406807
14.506390301718847 0.932607909207276
14.604406452406137 0.8928150770964901
14.702422603093426 0.8444516873765271
14.800438753780716 0.7879820032844261
14.898454904468005 0.7239481042418936
14.996471055155295 0.6529646821764775
15.094487205842585 0.5757131408006763
15.192503356529873 0.4929350544928186
15.290519507217164 0.40542504957102427
15.388535657904454 0.31402317629632237
15.486551808591743 0.21960684482965429
15.584567959279031 0.12308240255340906
15.68258410996632 0.025376433610754884
15.780600260653612 -0.07257313581732715
15.878616411340898 -0.1698260411126433
15.97663256202819 -0.26544870526818937
16.07464871271548 -0.3585232007389248
16.17266486340277 -0.44815606106596134
16.27068101409006 -0.533486857687086
16.36869716477735 -0.6136964596007743
16.466713315464638 -0.688014896595226
16.564729466151928 -0.7557287505595411
16.662745616839217 -0.816188003924317
16.760761767526507 -0.8688122794902171
16.858777918213793 -0.9130964117454236
16.956794068901086 -0.9486152961902499
17.054810219588376 -0.9750279701179035
17.152826370275662 -0.9920808856780898
17.250842520962955 -0.9996103438037106
17.34885867165024 -0.9975440656362567
17.446874822337534 -0.9859018863650351
17.544890973024824 -0.9647955648197304
17.64290712371211 -0.9344277106441123
17.740923274399403 -0.8950898393494582
17.83893942508669 -0.847159573918183
17.93695557577398 -0.7910970198207651
18.034971726461272 -0.7274403482439762
18.132987877148558 -0.6568006299290702
18.231004027835848 -0.579855969212363
18.329020178523137 -0.49734499457842046
18.427036329210427 -0.41005976821305296
18.52505247989772 -0.31883818262074676
18.623068630585006 -0.2245559172950324
18.721084781272296 -0.12811803265347885
18.81910093195959 -0.03045028193125249
18.917117082646875 0.06750977556557482
19.015133233334165 0.16482177453885452
19.113149384021455 0.26055157071317836
19.211165534708744 0.35378020813218525
19.309181685396034 0.44361274065493056
19.407197836083323 0.5291868229705933
19.505213986770613 0.609680988662271
19.6032301374579 0.6843225358547794
19.701246288145192 0.7523949447483799
19.799262438832482 0.8132447558339406
19.89727858951977 0.8662878427623525
19.99529474020706 0.911015019651846
20.093310890894347 0.9469969290060456
20.19132704158164 0.9738881633212967
20.28934319226893 0.9914305808179673
20.387359342956216 0.9994557834664818
20.48537549364351 0.9978867335202916
20.583391644330796 0.9867384930379356
20.681407795018085 0.9661180792951584
20.77942394570538 0.9362234374750557
20.877440096392665 0.8973415404978894
20.975456247079958 0.8498456342311863
21.073472397767244 0.7941916545247182
21.171488548454533 0.7309138504648697
21.269504699141827 0.6606196558629516
21.367520849829113 0.5839838582084323
21.465537000516402 0.5017421210620711
21.563553151203692 0.414683922070668
21.66156930189098 0.3236449743947062
21.75958545257827 0.22949920429926737
21.85760160326556 0.1331503619191357
21.95561775395285 0.035523345730356114
22.05363390464014 -0.06244467599121853
22.15165005532743 -0.1598132614950384
22.24966620601472 -0.25564772330461244
22.34768235670201 -0.34902810072824325
22.4456985073893 -0.439057991000334
22.543714658076585 -0.5248731542789267
22.641730808763878 -0.6056498098960202
22.739746959451168 -0.6806125442209414
22.837763110138454 -0.7490417542255227
22.935779260825747 -0.8102805552966637
23.033795411513033 -0.8637410869849061
23.131811562200326 -0.9089101561572058
23.229827712887616 -0.9453541633824712
23.327843863574902 -0.9727232652592577
23.425860014262195 -0.9907547327293743
23.52387616494948 -0.999275473139373
23.62189231563677 -0.9982036918394671
23.719908466324064 -0.9875496773693666
23.81792461701135 -0.9674157026936852
23.91594076769864 -0.9379950434349843
24.01395691838593 -0.8995701225289263
24.11197306907322 -0.8525097991118562
24.209989219760512 -0.7972658276660818
24.3080053704478 -0.7343685214132183
24.406021521135088 -0.6644216615847045
24.504037671822378 -0.5880967014379078
24.602053822509667 -0.5061263206561548
24.700069973196957 -0.41929739200711985
24.798086123884246 -0.32844342777595575
24.896102274571536 -0.23443657848345972
24.994118425258822 -0.1381792606973962
25.092134575946115 -0.04059549430558316
25.190150726633405 0.05737796759153807
25.288166877320695 0.1548006310205823
25.386183028007984 0.25073728938527046
25.48419917869527 0.3442670009604432
25.582215329382564 0.4344919294507922
25.680231480069853 0.5205459627495033
25.77824763075714 0.6016030271613533
25.876263781444433 0.6768850172779699
25.97427993213172 0.7456692653826119
26.07229608281901 0.8072954786821793
26.1703122335063 0.8611720777725274
26.268328384193588 0.9067818754912296
26.36634453488088 0.9436870416437552
26.464360685568167 0.9715333059442349
26.562376836255456 0.9900533588248684
26.66039298694275 0.9990694174679017
26.758409137630036 0.998494932427665
26.856425288317325 0.9883354184599681
26.954441439004615 0.9686884015833279
27.052457589691905 0.9397424828802189
27.150473740379194 0.9017755280253585
27.248489891066484 0.8551519999206133
27.346506041753774 0.8003194600418314
27.444522192441063 0.7378042720828438
27.542538343128353 0.6682065491394034
27.640554493815642 0.5921943929374508
27.738570644502932 0.510497480406105
27.83658679519022 0.42390005916091783
27.934602945877508 0.333233419137096
28.0326190965648 0.23936791264104632
28.13063524725209 0.1432045994236459
28.228651397939377 0.04566659697804863
28.32666754862667 -0.05230978090526479
28.424683699313956 -0.14978401226094978
28.522699850001246 -0.245820395467623
28.62071600068854 -0.3394970314938224
28.718732151375825 -0.42991467364636227
28.816748302063118 -0.5162053598681245
28.914764452750404 -0.5975407447196311
29.012780603437694 -0.6731400510619102
29.110796754124987 -0.7422775651084877
29.208812904812273 -0.8042896028980389
29.306829055499563 -0.8585808813131908
29.404845206186852 -0.9046302324869668
29.502861356874142 -0.9419956067416402
29.60087750756143 -0.9703183160343525
29.69889365824872 -0.9893264771746557
29.79690980893601 -0.998837621760888
29.8949259596233 -0.9987604477813598
29.99294211031059 -0.9890956960658962
30.09095826099788 -0.9699361431742586
30.18897441168517 -0.9414657107897114
30.28699056237246 -0.9039577001670943
30.385006713059745 -0.8577721685837707
30.48302286374704 -0.8033524729781422
30.581039014434328 -0.741221013955028
30.679055165121614 -0.6719742210131685
30.777071315808907 -0.5962768271340922
30.875087466496193 -0.5148554876933163
30.973103617183487 -0.4284918049488945
31.071119767870776 -0.33801482506872643
31.169135918558062 -0.24429307972108266
31.267152069245356 -0.14822624862501277
31.36516821993264 -0.0507365230958
31.46318437061993 0.047240246509213074
31.561200521307224 0.14476353446437265
31.659216671994514 0.2408971682305897
31.757232822681797 0.33471831522191026
31.85524897336909 0.4253263415155199
31.95326512405638 0.511851457466131
32.05128127474367 0.5934630672315436
32.14929742543096 0.6693777420581186
32.247313576118245 0.7388667407869439
32.34532972680554 0.8012630053876572
32.443345877492824 0.8559675643665143
32.54136202818012 0.9024552825793702
32.63937817886741 0.9402799022542774
32.7373943295547 0.9690783268326238
32.83541048024198 0.9885741065061221
32.933426630929276 0.9985800919903194
33.03144278161657 0.9990002310598106
33.129458932303855 0.989830490599351
33.22747508299114 0.9711588953196496
33.325491233678434 0.9431646827661991
33.42350738436572 0.9061165827326281
33.521523535053014 0.8603702375952682
33.61953968574031 0.8063647883324353
33.717555836427586 0.7446186590008002
33.81557198711488 0.675724580135655
33.91358813780217 0.6003438988479521
34.01160428848946 0.5192002302380346
34.10962043917675 0.4330725110692604
34.20763658986404 0.342787522382665
34.305652740551324 0.24921195283150613
34.40366889123862 0.15324407892367112
34.50168504192591 0.055805142037204575
34.599701192613196 -0.0421694950149304
34.69771734330048 -0.13973932697847893
34.795733493987775 -0.2359677345162379
34.89374964467507 -0.3299309752636292
34.991765795362355 -0.42072705127210186
35.08978194604965 -0.5074843677175219
35.187798096736934 -0.5893700997544103
35.28581424742422 -0.6655981871987608
35.38383039811151 -0.7354368802945104
35.481846548798806 -0.7982157641283282
35.57986269948609 -0.8533321942620283
35.67787885017338 -0.9002570818038718
35.77589500086067 -0.9385399723850915
35.87391115154796 -0.9678133702861437
35.97192730223525 -0.9877962662033553
36.069943452922544 -0.998296834791196
36.16795960360982 -0.9992142760852394
36.265975754297116 -0.9905397831290785
36.36399190498441 -0.9723566265164988
36.462008055671696 -0.9448393550373502
36.56002420635899 -0.9082521201004807
36.658040357046275 -0.8629461400184343
36.75605650773356 -0.8093563284953951
36.854072658420854 -0.7479971196831836
36.95208880910815 -0.6794575298825686
37.05010495979544 -0.6043955032949471
37.14812111048272 -0.5235315961022711
37.24613726117001 -0.43764205950465557
37.344153411857306 -0.3475513881150719
37.44216956254459 -0.2541244052424085
37.540185713231885 -0.15825796104017498
37.63820186391918 -0.06087232321431134
37.73621801460646 0.03709765706530733
37.83423416529375 0.1347115192470271
37.932250315981044 0.23103222132656623
38.03026646666833 0.32513513496003543
38.12828261735562 0.4161169214122761
38.22629876804291 0.5031042031360334
38.324314918730195 0.5852619477394962
38.42233106941749 0.661801483860338
38.52034722010478 0.7319880719981438
38.61836337079207 0.7951479576292031
38.716379521479354 0.8506748388974301
38.81439567216665 0.8980356867949454
38.91241182285393 0.9367758619616573
39.010427973541226 0.966523478985269
39.10844412422852 0.9869929763066405
39.2064602749158 0.9979878574613583
39.30447642560309 0.9994025773429864
39.402492576290385 0.9912235553808565
39.50050872697768 0.9735293059064479
39.598524877664964 0.9464896844568861
39.69654102835225 0.91036425725065
39.79455717903954 0.8654998094876833
39.89257332972683 0.8123270163929308
39.99058948041412 0.7513563089594872
40.088605631101416 0.6831729740781534
40.186621781788695 0.6084315360895093
40.28463793247599 0.5278494736926582
40.38265408316328 0.4422003325251738
40.48067023385057 0.3523062995296709
40.57868638453786 0.2590303103893183
40.67670253522515 0.16326776579682398
40.77471868591243 0.06593793607622249
40.872734836599726 -0.032024863331243665
40.97075098728702 -0.12968024080650065
41.068767137974305 -0.22609075582017737
41.16678328866159 -0.32033091787122187
41.264799439348884 -0.41149607071146965
41.36281559003617 -0.49871107657228053
41.460831740723464 -0.5811387170292811
41.55884789141076 -0.6579877298611517
41.65686404209804 -0.7285204047529743
41.75488019278533 -0.7920596649292868
41.85289634347262 -0.8479955667368602
41.950912494159915 -0.8957911547846334
42.0489286448472 -0.9349876164345379
42.14694479553449 -0.9652086861627702
42.24496094622178 -0.9861642575119465
42.34297709690907 -0.9976531679613034
42.44099324759636 -0.9995651299816567
42.53900939828365 -0.9918817897379701
42.63702554897093 -0.9746769032765755
42.735041699658225 -0.9481156285057062
42.83305785034552 -0.9124529397660048
42.931074001032805 -0.8680311802102539
43.0290901517201 -0.815276775488215
43.127106302407384 -0.7546961402835258
43.22512245309467 -0.6868708169976744
43.32313860378196 -0.6124518932472225
43.421154754469256 -0.5321537517633563
43.51917090515654 -0.44674721269143136
43.61718705584383 -0.357052134120865
43.71520320653112 -0.26392954187644785
43.813219357218415 -0.16827336412093888
43.9112355079057 -0.07100185011240373
44.009251658592994 0.02695124450824627
44.10726780928028 0.12464562128280608
44.205283959967566 0.22114346530905027
44.30330011065486 0.31551844777309745
44.40131626134215 0.4068646182213442
44.49933241202944 0.4943051012108309
44.597348562716725 0.5770005138547153
44.69536471340402 0.6541570234587969
44.793380864091304 0.7250339679000243
44.8913970147786 0.788950965595391
44.98941316546589 0.8452944468091124
45.08742931615317 0.8935235436010772
45.18544546684046 0.9331752818761057
45.283461617527756 0.9638690256929878
45.38147776821504 0.9853101311703943
45.479493918902335 0.9972927749139744
45.57751006958962 0.9997019298132425
45.67552622027691 0.9925144692416639
45.7735423709642 0.9757993890601637
45.871558521651494 0.9497171452929654
45.96957467233878 0.9145181138337118
46.067590823026066 0.870540186967879
46.16560697371336 0.8182055297836257
46.26362312440065 0.758016527607839
46.36163927508794 0.6905509633698448
46.45965542577523 0.6164564711875715
46.55767157646252 0.5364443194189032
46.655687727149804 0.45128258285755085
46.7537038778371 0.3617887696169126
46.85172002852439 0.2688219734799291
46.949736179211676 0.17327462704824295
47.04775232989896 0.07606393485613902
47.145768480586256 -0.021876931313079623
47.24378463127354 -0.1196077903879436
47.341800781960835 -0.21619047725523946
47.43981693264813 -0.3106978486541885
47.53783308333541 -0.40222268326667354
47.6358492340227 -0.4898863905672702
47.73386538470999 -0.5728474448325227
47.83188153539728 -0.6503094633476412
47.92989768608457 -0.7215288512638962
48.02791383677186 -0.785821939720071
48.125929987459145 -0.8425715487058629
48.22394613814644 -0.8912329116670491
48.32196228883373 -0.9313389049793734
48.419978439521024 -0.962504532090947
48.5179945902083 -0.9844306192877047
48.6160107408956 -0.9969066876045412
48.71402689158289 -0.9998129733132307
48.812043042270176 -0.9931215775915726
48.91005919295747 -0.9768967343374796
