0.0 0.0
0.1357656819462772 0.13534898674000748
0.2715313638925544 0.2682070073107772
0.4072970458388316 0.39612893934734156
0.5430627277851088 0.5167605043827423
0.6788284097313859 0.6278815960483771
0.8145940916776632 0.7274471389676597
0.9503597736239404 0.813624726374885
1.0861254555702176 0.8848283437756091
1.2218911375164947 0.939747557997449
1.3576568194627718 0.9773716344352724
1.4934225014090492 0.9970081386363894
1.6291881833553263 0.9982956798817024
1.7649538653016035 0.9812105622296253
1.9007195472478808 0.9460672206167897
2.0364852291941578 0.8935124339895333
2.172250911140435 0.8245134219678405
2.3080165930867125 0.7403400441110373
2.4437822750329894 0.6425414293903999
2.5795479569792668 0.5329174659804538
2.7153136389255437 0.41348567607156866
2.851079320871821 0.2864440853406262
2.9868450028180984 0.1541307704309695
3.1226106847643758 0.018980828930826393
3.2583763667106527 -0.11651843622418485
3.3941420486569296 -0.24987329313708298
3.529907730603207 -0.37862947565431626
3.6656734125494843 -0.5004173517420167
3.8014390944957617 -0.612995534253781
3.9372047764420386 -0.7142921314763019
4.0729704583883155 -0.8024428782767725
4.208736140334593 -0.8758254460854579
4.34450182228087 -0.9330893002716527
4.480267504227148 -0.9731805554171232
4.616033186173425 -0.9953613710499531
4.751798868119701 -0.9992235308792174
4.887564550065979 -0.984695955617907
5.023330232012256 -0.9520460111279213
5.1590959139585335 -0.9018745878119959
5.294861595904811 -0.8351050418115592
5.430627277851087 -0.7529662015369929
5.566392959797366 -0.6569697522785399
5.702158641743642 -0.5488824151120619
5.8379243236899185 -0.4306934321197456
5.973690005636197 -0.3045779563286006
6.109455687582473 -0.17285702013923865
6.2452213695287515 -0.037954818986959515
6.380987051475028 0.0976459036122325
6.516752733421305 0.23144954853599403
6.652518415367583 0.3609935901248892
6.788284097313859 0.48389389656680304
6.924049779260137 0.597888607519009
7.059815461206414 0.7008797614430151
7.195581143152691 0.790971906541698
7.331346825098969 0.8665069847020255
7.467112507045245 0.9260948464384339
7.602878188991523 0.9686388352390605
7.7386438709378 0.9933559704598719
7.874409552884077 0.9997913573202099
8.010175234830355 0.9878265587978166
8.145940916776631 0.9576817753467841
8.28170659872291 0.9099117923228365
8.417472280669186 0.8453957696996383
8.553237962615464 0.7653210619864378
8.68900364456174 0.6711613661257073
8.824769326508017 0.5646495995373992
8.960535008454295 0.4477460074629993
9.096300690400572 0.32260208656261535
9.23206637234685 0.1915209887161133
9.367832054293126 0.05691513375778309
9.503597736239403 -0.0787381887592117
9.639363418185681 -0.21294241166231154
9.775129100131958 -0.34322763704483245
9.910894782078236 -0.46719609232941245
10.046660464024512 -0.5825662589350505
10.182426145970789 -0.6872148614026863
10.318191827917067 -0.7792159442103513
10.453957509863343 -0.856876317107219
10.589723191809622 -0.9187667166297377
10.725488873755898 -0.9637481103024922
10.861254555702175 -0.9909926594206452
10.997020237648451 -0.9999989546143592
11.132785919594731 -0.9906012437994988
11.268551601541008 -0.9629724826831734
11.404317283487284 -0.9176211516825354
11.54008296543356 -0.8553818978383456
11.675848647379837 -0.7774001739497614
11.811614329326117 -0.6851111576320985
11.947380011272394 -0.5802133382717741
12.08314569321867 -0.4646372579847407
12.218911375164947 -0.3405099818706514
12.354677057111223 -0.2101159514530603
12.490442739057503 -0.0758549417599417
12.62620842100378 0.05980210419649969
12.761974102950056 0.1943585507174325
12.897739784896332 0.32533801756382075
13.03350546684261 0.4503299553208716
13.169271148788889 0.5670340092103212
13.305036830735165 0.6733023548778573
13.440802512681442 0.7671792270067658
13.576568194627718 0.8469369132721946
13.712333876573997 0.9111075512024029
13.848099558520275 0.9585101427567498
13.983865240466551 0.988272289443454
14.119630922412828 0.9998462479634631
14.255396604359104 0.9930190108919568
14.391162286305383 0.967916226872372
14.52692796825166 0.9249998881755971
14.662693650197937 0.8650598281825549
14.798459332144214 0.7891991852707163
14.93422501409049 0.698814100627551
15.069990696036768 0.5955680236328619
15.205756377983047 0.4813610976944047
15.341522059929323 0.35829518996063503
15.4772877418756 0.2286352085046367
15.613053423821876 0.09476741889876526
15.748819105768154 -0.04084447267719702
15.884584787714433 -0.17570466154677192
16.02035046966071 -0.3073311773890684
16.156116151606984 -0.433301562483235
16.291881833553262 -0.5512974546815184
16.42764751549954 -0.6591472546047522
16.56341319744582 -0.7548660918121706
16.699178879392093 -0.8366923544071088
16.83494456133837 -0.9031201097868342
16.97071024328465 -0.9529268198641763
17.106475925230928 -0.9851958406893578
17.242241607177203 -0.9993332923883879
17.37800728912348 -0.9950789889432573
17.513772971069756 -0.972511226661983
17.649538653016034 -0.9320453432113761
17.785304334962312 -0.8744260737321399
17.92107001690859 -0.8007138447145343
18.056835698854865 -0.7122652578824795
18.192601380801143 -0.610708123261167
18.328367062747418 -0.4979115009202747
18.4641327446937 -0.37595130274523064
18.599898426639975 -0.24707208730249727
18.735664108586253 -0.11364575092699948
18.871429790532527 0.02187212471786933
19.007195472478806 0.15698746522720927
19.142961154425084 0.2892136044629072
19.278726836371362 0.41611704922004006
19.414492518317637 0.5353622652972516
19.550258200263915 0.6447546607271747
19.686023882210193 0.7422809751023877
19.82178956415647 0.8261463316707967
19.957555246102746 0.8948072702926929
20.093320928049025 0.9470001533201395
20.2290866099953 0.9817644216161371
20.364852291941578 0.998460272709244
20.500617973887856 0.9967804357344067
20.636383655834134 0.9767558264537223
20.77214933778041 0.9387549782819729
20.907915019726687 0.8834772597883499
21.04368070167296 0.811940003499658
21.179446383619243 0.725459782886792
21.315212065565518 0.6256281821133622
21.450977747511796 0.5142825044805316
21.58674342945807 0.39347195865070245
21.72250911140435 0.26541994495953075
21.858274793350628 0.13248313590003336
21.994040475296902 -0.002891896137482748
22.12980615724318 -0.1382137056454739
22.265571839189462 -0.27099182662516635
22.401337521135737 -0.3987826071856739
22.537103203082015 -0.519234182575125
22.67286888502829 -0.6301297589588994
22.80863456697457 -0.7294284113493579
22.944400248920847 -0.8153026448408232
23.08016593086712 -0.8861720278719745
23.2159316128134 -0.9407322785282086
23.351697294759674 -0.977979268578915
23.487462976705952 -0.9972275034787949
23.623228658652234 -0.9981227382267722
23.758994340598505 -0.9806484968999439
23.894760022544787 -0.9451263758768738
24.030525704491062 -0.8922101251697323
24.16629138643734 -0.8228736167925534
24.30205706838362 -0.7383929215961117
24.437822750329893 -0.6403228244277633
24.57358843227617 -0.5304682098318513
24.709354114222446 -0.4108508449090004
24.845119796168724 -0.2836721706633292
24.980885478115006 -0.15127278662664626
25.11665116006128 -0.01608937440557653
25.25241684200756 0.1193901470682795
25.388182523953834 0.2526724092611396
25.523948205900112 0.381304482054519
25.65971388784639 0.5029190175330379
25.795479569792665 0.615277818715238
25.931245251738943 0.7163130313873465
26.06701093368522 0.8041652009444181
26.202776615631496 0.877217493839842
26.338542297577778 0.9341254538307604
26.47430797952405 0.9738417453846886
26.61007366147033 0.9956354288691222
26.74583934341661 0.9991054127829655
26.881605025362884 0.9841878354546602
27.017370707309162 0.9511572403539925
27.153136389255437 0.9006215233871495
27.288902071201715 0.8335107451651058
27.424667753147993 0.7510600141446658
27.560433435094268 0.6547867556612383
27.69619911704055 0.5464627851946399
27.831964798986824 0.4280816998322994
27.967730480933103 0.3018221880580877
28.10349616287938 0.17000793311448512
28.239261844825656 0.03506484787750754
28.375027526771934 -0.10052357170512419
28.51079320871821 -0.23426195293608448
28.646558890664487 -0.36368897127059535
28.782324572610765 -0.4864226485954674
28.91809025455704 -0.6002041912144458
29.05385593650332 -0.702939560744437
29.189621618449593 -0.792738012850748
29.325387300395874 -0.8679468945536079
29.461152982342153 -0.9271820596952836
29.596918664288427 -0.9693533428009468
29.732684346234706 -0.9936846225115876
29.86845002818098 -0.999728105341097
30.00421571012726 -0.9873725668788959
30.139981392073537 -0.9568453987667933
30.27574707401981 -0.9087084237774721
30.411512755966093 -0.8438475560139879
30.547278437912368 -0.7634564965242657
30.683044119858646 -0.6690147643968525
30.818809801804925 -0.5622604676542764
30.9545754837512 -0.4451583150691103
31.090341165697478 -0.31986345761410656
31.226106847643752 -0.18868182500930264
31.36187252959003 -0.05402768733320846
31.49763821153631 0.08162077726465057
31.633403893482583 0.21576709101697605
31.769169575428865 0.34594242177857076
31.904935257375136 0.46975101947543085
32.04070093932142 0.5849143075496581
32.17646662126769 0.6893128179398906
32.31223230321397 0.781025197825072
32.44799798516025 0.8583635702502561
32.583763667106524 0.9199045978566922
32.719529349052806 0.9645156780185372
32.85529503099908 0.991375787290153
32.991060712945355 0.9999905915423466
33.12682639489164 0.9902015437001542
33.26259207683791 0.9621888016472173
33.398357758784186 0.9164679125955404
33.53412344073047 0.8538803249415821
33.66988912267674 0.7755779022287362
33.805654804623025 0.6830017242215718
33.9414204865693 0.5778555652374946
34.077186168515574 0.4620745378411601
34.212951850461856 0.33778947898398903
34.34871753240813 0.20728773402713566
34.484483214354405 0.07297106037967163
34.62024889630068 -0.06268857450538425
34.75601457824696 -0.19719448728249656
34.89178026019324 -0.3280712277369125
35.02754594213951 -0.4529101370329563
35.16331162408579 -0.5694136767320318
35.29907730603207 -0.6754377127480382
35.43484298797835 -0.7690309760452657
35.570608669924624 -0.8484709738429514
35.7063743518709 -0.9122956904159405
35.84214003381718 -0.959330494068987
35.977905715763455 -0.9887097550881265
36.11367139770973 -0.9998927768118017
36.24943707965601 -0.9926737466258616
36.38520276160229 -0.9671855237441142
36.52096844354857 -0.9238971940639961
36.656734125494836 -0.8636054370978867
36.79249980744112 -0.7874198638632168
36.9282654893874 -0.6967425955733266
37.064031171333674 -0.5932424589632379
37.19979685327995 -0.47882427316027704
37.335562535226224 -0.355593793344778
37.471328217172506 -0.22581895637856628
37.60709389911878 -0.0918881416377208
37.742859581065055 0.0437337847818058
37.87862526301134 0.1785508335220298
38.01439094495761 0.31008182821407776
38.15015662690389 0.43590606911077234
38.28592230885017 0.5537078837058426
38.42168799079644 0.6613192444292418
38.557453672742724 0.7567596690812629
38.693219354689 0.838272669676932
38.828985036635274 0.9043580788952614
38.964750718581556 0.9537996591964828
39.10051640052783 0.9856874864884325
39.23628208247411 0.9994346963925328
39.37204776442039 0.9947882849106191
39.50781344636666 0.9718337647169181
39.64357912831294 0.9309935913806248
39.77934481025922 0.8730193884829522
39.91511049220549 0.7989781147177532
40.05087617415177 0.7102324275567873
40.18664185609805 0.6084156048671995
40.322407538044324 0.49540148602443834
40.4581732199906 0.37326998572504755
40.59393890193688 0.24426881518409135
40.729704583883155 0.1107721152012247
40.86547026582944 -0.024763237586573176
41.00123594777571 -0.1598428471246015
41.137001629721986 -0.2919807048684561
41.27276731166827 -0.4187449423480251
41.40853299361454 -0.5378025873361933
41.54429867556082 -0.6469624999286527
41.6800643575071 -0.7442156983380002
41.815830039453374 -0.827772332245263
41.951595721399656 -0.896094623250393
42.08736140334592 -0.9479251661847297
42.223127085292205 -0.9823100704275088
42.35889276723849 -0.9986165153328942
42.49465844918476 -0.9965443966771446
42.630424131131036 -0.9761318497843182
42.76618981307731 -0.9377545476828042
42.90195549502359 -0.8821187872094208
43.03772117696987 -0.8102484903046111
43.17348685891614 -0.7234663597271809
43.309252540862424 -0.6233695359993362
43.4450182228087 -0.5118002035922072
43.58078390475498 -0.39081168731629207
43.716549586701255 -0.2626306628798485
43.85231526864754 -0.12961617709289042
43.988080950593805 0.005783768089804562
44.123846632540086 0.14107726865856102
44.25961231448636 0.27377437961301665
44.39537799643264 0.4014329399728589
44.531143678378925 0.5217035183701103
44.66690936032519 0.6323726520433599
44.802675042271474 0.7314035834623474
44.93844072421775 0.8169737448649004
45.07420640616403 0.8875083008401103
45.209972088110305 0.9417091316389542
45.34573777005658 0.9785787238029583
45.481503452002855 0.9974385284270573
45.61726913394914 0.9979414491907788
45.75303481589541 0.9800782303276896
45.88880049784169 0.9441776269687525
46.02456617978796 0.8909003547246064
46.16033186173424 0.8212269298587594
46.296097543680524 0.7364396238415536
46.4318632256268 0.6380988643936348
46.56762890757308 0.5280145173347677
46.70339458951935 0.4082125777676378
46.83916027146563 0.28089788361275847
46.974925953411905 0.14841353771580115
47.11069163535819 0.013197785323588323
47.24645731730447 -0.1222608594429359
47.382222999250736 -0.2554694122654312
47.51798868119701 -0.3839762995745402
47.65375436314329 -0.505416477371699
47.789520045089574 -0.617554957558615
47.92528572703585 -0.7183279407146644
48.061051408982124 -0.8058807983135455
48.1968170909284 -0.8786022053534848
48.33258277287468 -0.9351537952232604
48.468348454820955 -0.9744947910350955
48.60411413676724 -0.9959011601087966
48.739879818713504 -0.998978939087464
48.875645500659786 -0.9836714844490676
49.01141118260607 -0.9502605149752518
49.14717686455234 -0.8993609269917718
49.282942546498624 -0.8319094778009773
49.41870822844489 -0.749147545576793
49.554473910391174 -0.6525982830094189
49.69023959233745 -0.5440385851648228
49.82600527428373 -0.4254663874630277
49.96177095623001 -0.29906389562423896
50.09753663817628 -0.16715742429966668
50.23330232012256 -0.03217458351789933
50.369068002068836 0.10340039911126436
50.50483368401512 0.23707239818455067
50.64059936596139 0.3663813108560666
50.77636504790767 0.4889473326322372
50.91213072985394 0.602514755353762
51.047896411800224 0.7049934813055425
51.1836620937465 0.7944974894277813
51.31942777569278 0.8693795456952198
51.45519345763905 0.9282615188536885
51.59095913958533 0.9700597435825463
51.72672482153161 0.9940049642985599
51.862490503477886 0.9996564925551057
51.99825618542417 0.9869103174834619
52.13402186737044 0.9560010200114623
52.26978754931672 0.9074974556301753
52.40555323126299 0.8422922851630862
52.541318913209274 0.761585546213759
52.677084595155556 0.6668625676434939
52.81285027710183 0.5598666335414584
52.9486159590481 0.4425668997802883
53.08438164099438 0.3171221536216744
53.22014732294066 0.1858410833411454
53.355913004886936 0.05113978907071985
53.49167868683322 -0.08450268316894141
53.627444368779486 -0.2185899658940341
53.76321005072577 -0.3486543133678941
53.89897573267204 -0.4723020180557431
54.034741414618324 -0.5872574644786768
54.170507096564606 -0.6914050096983393
54.30627277851087 -0.7828279196629947
54.442038460457155 -0.8598436448294379
54.57780414240343 -0.921034785847209
54.71356982434971 -0.9652751794120767
54.849335506295986 -0.9917506242038927
54.98510118824226 -0.9999738654682623
55.120866870188536 -0.9897935624653367
55.25663255213482 -0.9613970737486107
55.3923982340811 -0.9153070090133782
55.528163916027374 -0.8523716109747066
55.66392959797365 -0.7737491442870827
55.79969527991992 -0.680886578812476
55.935460961866205 -0.575492959550458
56.07122664381248 -0.45950795333090294
56.20699232575876 -0.3350661511366389
56.34275800770503 -0.20445778303716042
56.47852368965131 -0.07008656873652726
56.614289371597586 0.06557452054466309
56.75005505354387 0.20002877469413896
56.88582073549015 0.3308016942238416
57.02158641743642 0.4554865310209948
57.1573520993827 0.5717885822011822
57.293117781328974 0.6775674218780847
57.428883463275255 0.7708762936156086
57.56464914522153 0.8499979385824356
57.700414827167805 0.9134762000269478
57.83618050911408 0.9601428224228292
57.97194619106036 0.9891389520732738
58.10771187300664 0.9999309434761013
58.24347755495292 0.9923201805490599
58.379243236899185 0.9664467319652174
58.51500891884547 0.922786773325555
58.65077460079175 0.8621438236112002
58.786540282738024 0.7856339571998063
58.922305964684305 0.6946652636045124
59.05807164663057 0.5909119329590279
59.193837328576855 0.4762834441800822
59.32960301052313 0.3528894228693061
59.46536869246941 0.22300081571032757
59.60113437441569 0.08900809590871851
59.73690005636196 -0.046622731137246035
59.87266573830824 -0.1813955122622498
60.00843142025452 -0.3128298857997204
60.1441971022008 -0.4385069302206488
60.279962784147074 -0.5561136820264205
60.41572846609335 -0.663485703587488
60.55149414803962 -0.7586469175081259
60.687259829985905 -0.8398459744047239
60.82302551193219 -0.9055884847840476
60.95879119387846 -0.9546645218252151
61.094556875824736 -0.9861708889034588
61.23032255777101 -0.9995277420436017
61.36608823971729 -0.9944892613832198
61.50185392166357 -0.9711481752475982
61.63761960360985 -0.9299340535752874
61.77338528555612 -0.8716054021021212
61.9091509675024 -0.7972357028024747
62.04491664944867 -0.7081936574999458
62.180682331394955 -0.6061179982443957
62.31644801334124 -0.4928873280459619
62.452213695287504 -0.37058554701782376
62.587979377233786 -0.24146350022585805
62.72374505918006 -0.10789755307930152
62.85951074112634 0.02765414335831777
62.99527642307262 0.1626968922433551
63.13104210501889 0.29474536341579455
63.26680778696517 0.421369333478235
63.40257346891145 0.5402384116886668
63.53833915085773 0.6491649285305063
63.674104832804005 0.7461441976376281
63.80987051475027 0.8293914100928658
63.945636196696555 0.8973744820963899
64.08140187864284 0.9488422514746095
64.21716756058912 0.9828475041004361
64.35293324253539 0.9987644064459825
64.48869892448167 0.9963000234386168
64.62446460642794 0.9754997096454273
64.76023028837422 0.9367462745666234
64.8959959703205 0.8807529373998387
65.03176165226678 0.8085502009360037
65.16752733421305 0.7214668861599746
65.30329301615933 0.6211056765955403
65.43905869810561 0.5093136224774406
65.57482438005188 0.3881481475921904
65.71059006199816 0.25983918439872383
65.84635574394443 0.1267481342952089
65.98212142589071 -0.008675591672010324
66.11788710783699 -0.14393965183105759
66.25365278978327 -0.27655464300363514
66.38941847172956 -0.40407991554395556
66.52518415367582 -0.5241684911164322
66.6609498356221 -0.6346102565442722
66.79671551756837 -0.7333726387880988
66.93248119951465 -0.8186380124715764
67.06824688146094 -0.8888371515046536
67.2040125634072 -0.9426781091601815
67.33977824535349 -0.979169995094109
67.47554392729977 -0.9976412117163588
67.61130960924605 -0.997751814289856
67.74707529119232 -0.9794997672820486
0.0 0.0
0.13407154929527174 0.13367025009043856
0.26814309859054347 0.2649413503255266
0.40221464788581524 0.39145721144136564
0.5362861971810869 0.5109470924938019
0.6703577464763586 0.6212663567319588
0.8044292957716305 0.7204349641195514
0.9385008450669021 0.8066730096297817
1.0725723943621739 0.8784326694628771
1.2066439436574454 0.9344259818069001
1.3407154929527172 0.9736479635252153
1.474787042247989 0.9953946478660407
1.608858591543261 0.9992757194483893
1.7429301408385325 0.985221519748251
1.8770016901338042 0.9534842973486487
2.011073239429076 0.9046336805137454
2.1451447887243478 0.8395464533464654
2.2792163380196193 0.759390819029925
2.413287887314891 0.665605432600274
2.547359436610163 0.5598735795764251
2.6814309859054344 0.4440929638956161
2.8155025352007064 0.3203416474091188
2.949574084495978 0.19084075226525912
3.08364563379125 0.05791459560746895
3.217717183086522 -0.07605102789937952
3.351788732381793 -0.20865166695785056
3.485860281677065 -0.3375073693811184
3.6199318309723365 -0.4603053981194589
3.7540033802676085 -0.574841740891265
3.8880749295628805 -0.6790606683924658
4.022146478858152 -0.7710916310829039
4.156218028153424 -0.8492828323161531
4.2902895774486955 -0.9122308752331394
4.4243611267439675 -0.9588059513091035
4.558432676039239 -0.9881721184630291
4.69250422533451 -0.9998023047725411
4.826575774629782 -0.9934877685035342
4.960647323925054 -0.9693418446633577
5.094718873220326 -0.927797910833405
5.228790422515598 -0.8696016087908959
5.362861971810869 -0.7957974615282899
5.496933521106142 -0.7077101258716897
5.631005070401413 -0.6069206171813273
5.765076619696684 -0.4952379328596283
5.899148168991956 -0.374666583975841
6.033219718287228 -0.2473706177584125
6.1672912675825 -0.11563477668916365
6.301362816877771 0.01817650867363202
6.435434366173044 0.15166155713535673
6.569505915468315 0.2824245428896534
6.703577464763586 0.4081184964489575
6.837649014058859 0.5264874286885683
6.97172056335413 0.635406821950526
7.105792112649402 0.7329217614620055
7.239863661944673 0.817282022675171
7.373935211239944 0.8869734847714419
7.508006760535217 0.9407453065120667
7.642078309830488 0.9776323766754842
7.776149859125761 0.9969726361349491
7.910221408421032 0.9984189606750634
8.044292957716303 0.9819453912712213
8.178364507011576 0.9478476000092124
8.312436056306847 0.8967375832825409
8.44650760560212 0.8295326775153821
8.580579154897391 0.7474390945599713
8.714650704192662 0.6519302722795528
8.848722253487935 0.5447204288865076
8.982793802783206 0.42773379568955955
9.116865352078477 0.3030700804690286
9.250936901373748 0.17296678135285604
9.38500845066902 0.03975902759414048
9.519079999964292 -0.09416233196120566
9.653151549259563 -0.22639364047713512
9.787223098554836 -0.35456157461144056
9.921294647850107 -0.476365741565939
10.055366197145378 -0.5896199671595242
10.189437746440651 -0.6922915338745236
10.323509295735922 -0.7825376646212959
10.457580845031195 -0.8587385974005911
10.591652394326466 -0.9195266572306418
10.725723943621738 -0.9638108035482
10.859795492917009 -0.9907962125000883
10.993867042212283 -0.999998542657008
11.127938591507554 -0.9912526281047039
11.262010140802825 -0.9647154428865321
11.396081690098097 -0.9208632835908099
11.530153239393368 -0.8604832206506364
11.66422478868864 -0.7846589717905673
11.798296337983912 -0.6947514511673571
11.932367887279183 -0.5923743433140415
12.066439436574456 -0.47936514029284905
12.200510985869727 -0.357752161889959
12.334582535165 -0.22971815078256558
12.46865408446027 -0.09756109608208932
12.602725633755542 0.0363470115968531
12.736797183050813 0.1696027532664852
12.870868732346088 0.2998144187808727
13.004940281641359 0.42464493389744223
13.13901183093663 0.5418538067185414
13.2730833802319 0.6493373406468776
13.407154929527172 0.745166392101869
13.541226478822445 0.8276209953111694
13.675298028117718 0.8952212327222276
13.809369577412989 0.9467537969633829
13.94344112670826 0.9812937676132157
14.077512676003531 0.998221211922799
14.211584225298804 0.9972323115365949
14.345655774594075 0.9783448155065944
14.479727323889346 0.9418977217275247
14.613798873184617 0.8885451925108117
14.747870422479888 0.8192448135022234
14.881941971775163 0.735240406675321
15.016013521070434 0.6380397058777764
15.150085070365705 0.5293872956158681
15.284156619660976 0.4112332987792215
15.418228168956247 0.2856983753069626
15.552299718251522 0.15503566000871186
15.686371267546793 0.021590322690737466
15.820442816842064 -0.11224252358697484
15.954514366137335 -0.24406081064866358
16.088585915432606 -0.3714986281730521
16.22265746472788 -0.4922686876926426
16.356729014023152 -0.6042033754666669
16.490800563318423 -0.7052936573996578
16.624872112613694 -0.7937251377295608
16.758943661908965 -0.8679106242943323
16.89301521120424 -0.9265186158867825
17.02708676049951 -0.9684972003988942
17.161158309794782 -0.993092934825274
17.295229859090053 -0.9998643682622889
17.429301408385324 -0.9886899651884601
17.563372957680595 -0.9597702868169227
17.69744450697587 -0.9136243913684454
17.83151605627114 -0.8510805178738946
17.965587605566412 -0.773261220715759
18.099659154861683 -0.6815632217180353
18.233730704156955 -0.5776323414046057
18.367802253452226 -0.46333395936667876
18.501873802747497 -0.3407195339246176
18.635945352042768 -0.2119897819983367
18.77001690133804 -0.0794551800439232
18.904088450633314 0.05450550500362977
19.038159999928585 0.18748791048368538
19.172231549223856 0.31710523216227754
19.306303098519127 0.4410310632409921
19.440374647814398 0.557041149336333
19.574446197109673 0.6630533099998743
19.708517746404944 0.7571648102569304
19.842589295700215 0.8376865114092839
19.976660844995486 0.9031731881540604
20.110732394290757 0.95244946787893
20.24480394358603 0.9846309265681219
20.378875492881303 0.9991399626842176
20.512947042176574 0.9957161641170016
20.647018591471845 0.9744209821305491
20.781090140767116 0.9356366284192938
20.91516169006239 0.880059215069007
21.04923323935766 0.8086862605485345
21.183304788652933 0.7227987859781162
21.317376337948204 0.6239383230153392
21.451447887243475 0.5138792460273989
21.58551943653875 0.3945969251393344
21.719590985834017 0.2682322717559809
21.853662535129292 0.13705331290413908
21.987734084424567 0.0034144840692095666
22.121805633719834 -0.13028562885065476
22.25587718301511 -0.26164734001396606
22.389948732310376 -0.3883129338473288
22.52402028160565 -0.5080089819632311
22.658091830900922 -0.6185871472684881
22.792163380196193 -0.7180627429003377
22.926234929491464 -0.8046503539238218
23.060306478786735 -0.8767958824426502
23.19437802808201 -0.9332044409691969
23.32844957737728 -0.972863593415863
23.462521126672552 -0.9950615265722215
23.596592675967823 -0.999399825921316
23.730664225263094 -0.9858006264913314
23.864735774558365 -0.9545080103971979
23.99880732385364 -0.9060836259886775
24.13287887314891 -0.841396607233657
24.266950422444182 -0.7616079742662646
24.401021971739453 -0.6681497950830281
24.535093521034725 -0.5626994823985721
24.66916507033 -0.44714968698785984
24.803236619625267 -0.32357432787744406
24.93730816892054 -0.19419136908499007
25.07137971821581 -0.06132301100036424
25.205451267511084 0.07264598909602249
25.339522816806358 0.2053111193027845
25.473594366101626 0.33429126992848957
25.6076659153969 0.45727147029338217
25.741737464692175 0.5720444384501501
25.875809013987443 0.6765501980782141
26.009880563282717 0.7689130514967228
26.143952112577985 0.8474752451945534
26.27802366187326 0.9108267236393977
26.412095211168534 0.9578304373363604
26.5461667604638 0.9876427509002993
26.680238309759076 0.9997285848522293
26.814309859054344 0.9938710193707383
26.94838140834962 0.9701751876277028
27.08245295764489 0.9290663888296437
27.21652450694016 0.8712824548323641
27.350596056235435 0.7978605073349488
27.484667605530703 0.7101183433385979
27.618739154825978 0.6096307829690785
27.75281070412125 0.4982014041785747
27.88688225341652 0.3778301716400473
28.02095380271179 0.25067754083957317
28.155025352007062 0.1190256816360851
28.289096901302333 -0.01476248274141894
28.423168450597608 -0.1482856860800287
28.55723999989288 -0.2791474177593184
28.69131154918815 -0.4049989359731166
28.82538309848342 -0.5235814235836234
28.959454647778692 -0.63276652998324
29.093526197073967 -0.7305945713077747
29.227597746369234 -0.8153097033732359
29.36166929566451 -0.8853914360428722
29.495740844959776 -0.9395819233959618
29.62981239425505 -0.9769085398871364
29.763883943550326 -0.9967013372930974
29.897955492845593 -0.9986050691248066
30.032027042140868 -0.9825855666876927
30.166098591436135 -0.9489303523506374
30.30017014073141 -0.8982434790166121
30.434241690026685 -0.8314346884175685
30.568313239321952 -0.7497030828234136
30.702384788617227 -0.6545156032296564
30.836456337912495 -0.5475807003031088
30.97052788720777 -0.43081767064651555
31.104599436503044 -0.3063222087432947
31.23867098579831 -0.17632879286528136
31.372742535093586 -0.04317058005143845
31.506814084388854 0.09076247002660343
31.640885633684128 0.22306649070814671
31.774957182979403 0.35136685359332964
31.90902873227467 0.4733607890168751
32.04310028156994 0.5868587167818008
32.17717183086521 0.6898235453378476
32.311243380160484 0.7804072340524193
32.44531492945576 0.8569839623444281
32.579386478751026 0.918179310352445
32.713458028046304 0.9628949273946956
32.84752957734157 0.9903282454645552
32.981601126636846 0.9999868839385584
33.11567267593212 0.9916974869571739
33.24974422522739 0.9656088348627403
33.38381577452266 0.922189173849578
33.51788732381793 0.8622178117544612
33.6519588731132 0.7867711308284768
33.78603042240848 0.6972032685368208
33.920101971703744 0.5951218131328084
34.05417352099902 0.48235895022840597
34.188245070294286 0.3609385782306721
34.322316619589564 0.23303998286484845
34.456388168884835 0.10095872276396273
34.59045971818011 -0.032934571839377015
34.72453126747538 -0.16623674782648754
34.85860281677065 -0.29655526163572365
34.99267436606592 -0.4215511212823813
35.12674591536119 -0.5389808672203925
35.26081746465646 -0.646736838561935
35.39488901395174 -0.7428850019459456
35.528960563247004 -0.8256996640927244
35.66303211254228 -0.8936944450144014
35.79710366183755 -0.9456489559655074
35.931175211132825 -0.9806307033107846
36.065246760428096 -0.998011825173514
36.19931830972337 -0.9974803604705478
36.33338985901864 -0.9790458480743308
36.46746140831391 -0.9430391556066332
36.60153295760918 -0.8901065409368543
36.73560450690445 -0.8211980529707333
36.86967605619972 -0.7375504799152535
37.00374760549499 -0.6406651510688989
37.13781915479027 -0.5322809905567404
37.271890704085536 -0.41434330664925323
37.405962253380814 -0.28896887684249417
37.54003380267608 -0.15840795536233276
37.674105351971356 -0.02500388499198348
37.80817690126663 0.10884896187889748
37.9422484505619 0.24074815809849198
38.07631999985717 0.3683263411660417
38.21039154915244 0.48929370329525684
38.34446309844771 0.6014790895046955
38.47853464774299 0.7028689660954678
38.612606197038254 0.7916435600994361
38.74667774633353 0.8662095210574158
38.880749295628796 0.925228518904733
39.014820844924074 0.967641264681796
39.148892394219345 0.9926865229392189
39.282963943514616 0.9999147745978908
39.41703549280989 0.9891962850391544
39.55110704210516 0.9607234326168842
39.68517859140043 0.9150072557986831
39.81925014069571 0.852868280909039
39.95332168999097 0.7754217951006183
40.08739323928625 0.6840578288783149
40.221464788581514 0.5804162074552991
40.35553633787679 0.4663571187258418
40.48960788717206 0.3439277261092068
40.623679436467334 0.21532542550603279
40.757750985762605 0.08285840584153763
40.89182253505788 -0.05109577893452726
41.02589408435315 -0.18413288283016546
41.15996563364842 -0.31386511986942855
41.29403718294369 -0.4379640207218824
41.42810873223896 -0.554202224700853
41.56218028153423 -0.6604934570363473
41.6962518308295 -0.7549299738997258
41.83032338012478 -0.835816803106686
41.96439492942005 -0.90170216593712
42.09846647871532 -0.9514035340528466
42.232538028010595 -0.9840288538365134
42.366609577305866 -0.9989925572115529
42.50068112660114 -0.9960260715766314
42.63475267589641 -0.9751826402194445
42.76882422519168 -0.936836366691768
42.90289577448695 -0.8816755002975789
43.03696732378222 -0.8106900832081239
43.1710388730775 -0.7251541809168562
43.30511042237277 -0.6266030149668772
43.439181971668035 -0.5168054083788203
43.573253520963306 -0.39773203833615567
43.707325070258584 -0.27152006593733663
43.841396619553855 -0.14043477784952382
43.97546816884913 -0.006828928329852705
44.1095397181444 0.1268994886451931
44.24361126743967 0.2583502792252839
44.37768281673494 0.38516412901552993
44.51175436603022 0.5050649486903406
44.64582591532549 0.6159007258611228
44.77989746462075 0.7156821499775724
44.913969013916024 0.8026183170122617
45.0480405632113 0.8751488730911972
45.18211211250657 0.931972020147804
45.316183661801844 0.9720678809472554
45.45025521109711 0.9947168041193162
45.584326760392386 0.999512280656073
45.71839830968766 0.9863682400457103
45.85246985898293 0.9555205950893776
45.98654140827821 0.9075230076743265
46.12061295757347 0.8432369515004063
46.25468450686874 0.7638162501167252
46.38875605616402 0.6706863677840836
46.52282760545929 0.5655188248563174
46.65689915475456 0.4502011968802023
46.790970704049826 0.32680323587828614
46.925042253345104 0.1975397218789245
47.059113802640375 0.06473071144449033
47.19318535193565 -0.06924010333229909
47.327256901230925 -0.20196817797969682
47.46132845052619 -0.33107127306238665
47.59539999982146 -0.45423221126020485
47.72947154911673 -0.5692404666942582
47.86354309841201 -0.6740318400441943
47.99761464770728 -0.766725507356696
48.131686197002544 -0.8456577775832769
48.26575774629782 -0.9094119529578526
48.39982929559309 -0.9568437562719496
48.533900844888365 -0.9871018686720271
48.66797239418364 -0.9996432093608344
48.80204394347891 -0.9942426829586655
48.93611549277418 -0.9709972195762059
49.07018704206945 -0.93032403508665
49.20425859136473 -0.8729531428221957
49.33833014066 -0.7999142510970365
49.47240168995526 -0.7125182817236111
49.60647323925053 -0.6123338412328219
49.74054478854581 -0.5011590670991554
49.87461633784108 -0.38098935428224184
50.008687887136354 -0.25398154133760437
50.14275943643162 -0.1224151988940799
50.276830985726896 0.011348284697326022
50.41090253502217 0.14490808620111267
50.544974084317445 0.27586703812309343
50.679045633612716 0.40187465372182996
50.81311718290798 0.520669314181377
50.94718873220325 0.6301188607583834
51.08126028149853 0.7282588633447215
51.2153318307938 0.8133278785911704
51.34940338008907 0.8837990647697875
51.48347492938435 0.9384075859427925
51.617546478679614 0.9761733135805727
51.751618027974885 0.9964184181740405
51.885689577270156 0.9987795351022394
52.019761126565434 0.9832142863989942
52.153832675860706 0.9500020413641295
52.28790422515597 0.8997389023676018
52.42197577445124 0.8333270058426915
52.55604732374652 0.7519583304969507
52.69011887304179 0.6570933033555018
52.82419042233707 0.550434587621181
52.95826197163233 0.4338965228142264
53.0923335209276 0.30957076568797626
53.226405070222874 0.17968874860696013
53.36047661951815 0.04658162919436479
53.494548168813424 -0.08736154991638408
53.62861971810869 -0.21973674026595227
53.76269126740396 -0.3481680360820201
53.89676281669924 -0.4703503176796074
54.03083436599451 -0.5840906243735604
54.16490591528978 -0.6873475143309599
54.29897746458504 -0.778267704922064
54.43304901388032 -0.8552193359389676
54.56712056317559 -0.916821258664585
54.70119211247087 -0.9619678251039758
54.83526366176614 -0.9898487324540112
54.969335211061406 -0.9999635666375849
55.10340676035668 -0.9921307838710068
55.237478309651955 -0.9664909690610031
55.371549858947226 -0.9235043125487407
55.5056214082425 -0.863942350488925
55.63969295753776 -0.788874117109921
55.77376450683304 -0.6996469573978349
55.90783605612831 -0.597862344583797
56.04190760542358 -0.4853471364685811
56.17597915471886 -0.3641207864839781
56.310050704014124 -0.23635909799562924
56.444122253309395 -0.10435517239480233
56.578193802604666 0.02952174810643568
56.712265351899944 0.16286880427622827
56.846336901195215 0.2932926470312408
56.98040845049048 0.4184523939143211
57.11447999978576 0.5361016438869095
57.24855154908103 0.644128796343296
57.3826230983763 0.7405949506903159
57.51669464767158 0.8237687062603506
57.65076619696684 0.8921572379594738
57.78483774626211 0.9445330898966329
57.918909295557384 0.9799562060944177
58.05298084485266 0.9977908028683928
58.18705239414793 0.9977167800448707
58.3211239434432 0.9797354662055414
58.45519549273847 0.9441695948417177
58.58926704203375 0.8916575118462207
58.72333859132902 0.8231417183083973
58.85741014062429 0.7398519542492619
58.99148168991955 0.6432831269145192
59.12555323921483 0.5351684797743698
59.2596247885101 0.4174484838002847
59.39369633780538 0.29223600936634003
59.52776788710065 0.1617784038794929
59.661839436395915 0.028417155779552936
59.79591098569119 -0.10545413112956707
59.929982534986465 -0.23743269872924075
60.064054084281736 -0.3651497599396672
60.19812563357701 -0.4863130143520379
60.33219718287227 -0.5987477910571466
60.46626873216755 -0.7004360802279478
60.60034028146282 -0.7895527529064855
60.73441183075809 -0.8644983189128538
60.86848338005337 -0.9239276349281664
61.00255492934863 -0.9667740474911908
61.136626478643905 -0.9922685375836171
61.27069802793918 -0.9999535231916727
61.404769577234454 -0.9896910721120622
61.538841126529725 -0.9616653775965124
61.67291267582499 -0.9163794524013994
61.80698422512027 -0.8546461005785343
61.94105577441554 -0.7775733290479092
62.07512732371081 -0.6865444607893469
62.20919887300609 -0.5831933065869729
62.34327042230135 -0.46937484095074317
62.47734197159662 -0.34713190853143333
62.611413520891894 -0.21865855859156624
62.74548507018717 -0.08626066561491932
62.87955661948244 0.04768545715325958
63.01362816877771 0.18077570842007526
63.14769971807298 0.31062134830617966
63.281771267368256 0.4348918720961259
63.41584281666353 0.5513568387682578
63.549914365958806 0.6579259035543553
63.68398591525407 0.7526863360136842
63.81805746454934 0.8339373502371001
63.95212901384461 0.9002206310131778
64.08620056313988 0.9503465080646604
64.22027211243515 0.9834153085728315
64.35434366173043 0.9988335047489566
64.4884152110257 0.9963243666318011
64.62248676032097 0.9759329289119321
64.75655830961625 0.9380251826368882
64.89062985891152 0.8832815063047418
65.02470140820678 0.8126844542465088
65.15877295750205 0.7275011214748572
65.29284450679734 0.6292604015196376
65.42691605609261 0.519725545432699
65.56098760538788 0.40086251448034954
65.69505915468314 0.2748046945380905
65.82913070397842 0.14381460550298347
65.96320225327369 0.010243292973834209
66.09727380256896 -0.12351186895216933
66.23134535186423 -0.2550502063990522
66.3654169011595 -0.3820108336570531
66.49948845045478 -0.5021150269988268
66.63355999975005 -0.6132071238301315
66.76763154904532 -0.7132932131059662
66.90170309834059 -0.8005769225860881
