0.0 0.0
0.03513814564300979 0.03513091530743221
0.07027629128601957 0.07021845931314709
0.10541443692902938 0.10521931425999902
0.14055258257203915 0.1400902694138815
0.17569072821504894 0.17478827441006844
0.21082887385805876 0.20927049240156878
0.24596701950106853 0.24349435294388067
0.2811051651440783 0.2774176045508552
0.3162433107870881 0.31099836685678595
0.3513814564300979 0.34419518232032714
0.3865196020731077 0.37696706740640945
0.4216577477161175 0.4092735631829647
0.45679589335912724 0.4410747852699961
0.49193403900213706 0.4723314730793282
0.5270721846451468 0.5030050382842465
0.5622103302881566 0.5330576124591887
0.5973484759311665 0.5624520938306738
0.6324866215741762 0.5911521930817503
0.667624767217186 0.6191224781534169
0.7027629128601958 0.6463284179877055
0.7379010585032055 0.6727364251584206
0.7730392041462154 0.6983138973369091
0.8081773497892252 0.7230292575416626
0.843315495432235 0.7468519931220683
0.8784536410752447 0.7697526934281743
0.9135917867182545 0.7917030861199685
0.9487299323612643 0.8126760720713417
0.9838680780042741 0.8326457588256455
1.0190062236472839 0.8515874925615422
1.0541443692902936 0.8694778885296816
1.0892825149333034 0.8862948599226295
1.1244206605763132 0.9020176451424069
1.1595588062193232 0.9166268334319744
1.194696951862333 0.93010438883902
1.2298350975053425 0.9424336724824657
1.2649732431483525 0.9535994630942011
1.3001113887913622 0.9635879758106864
1.335249534434372 0.9723868791912252
1.3703876800773818 0.9799853104418946
1.4055258257203915 0.9863738888263414
1.4406639713634015 0.9915447272468842
1.475802117006411 0.9954914419816276
1.5109402626494208 0.9982091605655627
1.5460784082924308 0.9996945278059299
1.5812165539354406 0.9999457099244122
1.6163546995784503 0.9989623968210491
1.6514928452214601 0.9967458024570746
1.68663099086447 0.9932986633562055
1.7217691365074796 0.9886252352262339
1.7569072821504894 0.9827312877050897
1.7920454277934994 0.9756240972378644
1.827183573436509 0.9673124380935864
1.862321719079519 0.9578065715328392
1.8974598647225287 0.9471182331395978
1.9325980103655382 0.935260618332918
1.9677361560085482 0.9222483660763715
2.0028743016515578 0.9080975408053343
2.0380124472945678 0.8928256125944399
2.0731505929375778 0.8764514355896863
2.1082887385805873 0.8589952247318182
2.1434268842235973 0.8404785307997242
2.178565029866607 0.8209242138046602
2.213703175509617 0.8003564147681402
2.2488413211526264 0.7788005259183455
2.2839794667956363 0.7562831593418351
2.3191176124386463 0.7328321141292714
2.354255758081656 0.708476342055711
2.389393903724666 0.6832459118378352
2.4245320493676754 0.6571719720122503
2.459670195010685 0.6302867124806775
2.494808340653695 0.6026233247695165
2.529946486296705 0.5742159610528416
2.565084631939715 0.5450996919894147
2.6002227775827245 0.5153104634257758
2.635360923225734 0.4848850520188562
2.670499068868744 0.45386101983290733
2.7056372145117535 0.4222766679667956
2.7407753601547635 0.39017098926890853
2.7759135057977735 0.35758362019805956
2.811051651440783 0.324554791889811
2.8461897970837926 0.2911252804886321
2.881327942726803 0.2573363568072109
2.9164660883698126 0.22322973537507002
2.951604234012822 0.18884752293937845
2.986742379655832 0.15423216648155386
3.0218805252988417 0.11942640081382297
3.057018670941852 0.08447319582043222
3.0921568165848616 0.049415703408656204
3.127294962227871 0.014297204235076369
3.162433107870881 -0.020838945727080508
3.1975712535138907 -0.05594936871358911
3.2327093991569007 -0.09099071872177876
3.2678475447999107 -0.1259197350238687
3.3029856904429202 -0.16069329557503073
3.3381238360859298 -0.19526847025023863
3.37326198172894 -0.2296025738441792
3.4084001273719498 -0.2636532187687923
3.4435382730149593 -0.2973783673833919
3.4786764186579693 -0.33073638389274723
3.513814564300979 -0.3636860857490628
3.5489527099439893 -0.39618679449440036
3.584090855586999 -0.42819838598076265
3.6192290012300083 -0.4596813399058566
3.654367146873018 -0.49059678860336364
3.689505292516028 -0.5209065650274941
3.724643438159038 -0.5505732498725797
3.759781583802048 -0.5795602177695374
3.7949197294450574 -0.6078316825021657
3.830057875088067 -0.6353527411874578
3.8651960207310765 -0.6620894173653821
3.900334166374087 -0.6880087029449378
3.9354723120170965 -0.7130785989546953
3.9706104576601065 -0.7372681550475227
4.0057486033031156 -0.7605475077107119
4.040886748946126 -0.782887917134347
4.0760248945891355 -0.8042618026923852
4.111163040232146 -0.8246427769926602
4.1463011858751555 -0.8440056784537566
4.181439331518165 -0.8623266023685517
4.216577477161175 -0.8795829304160627
4.251715622804185 -0.8957533585851724
4.286853768447195 -0.9108179234757553
4.321991914090204 -0.9247580269447407
4.357130059733214 -0.9375564590666762
4.392268205376223 -0.9491974193804515
4.427406351019234 -0.9596665363959529
4.462544496662243 -0.96895088533656
4.497682642305253 -0.9770390040955894
4.532820787948263 -0.9839209073869776
4.567958933591273 -0.9895880990727377
4.603097079234283 -0.9940335826519723
4.638235224877293 -0.9972518698984874
4.673373370520302 -0.9992389876363508
4.708511516163312 -0.9999924826450244
4.743649661806321 -0.9995114246880177
4.778787807449332 -0.9977964076613227
4.813925953092341 -0.9948495488602123
4.849064098735351 -0.9906744863653076
4.88420224437836 -0.985276374551141
4.91934039002137 -0.9786618777227595
4.95447853566438 -0.9708391618882258
4.98961668130739 -0.9618178846771732
5.0247548269504 -0.9516091834178597
5.05989297259341 -0.9402256613874445
5.095031118236419 -0.9276813722524563
5.13016926387943 -0.9139918027186678
5.165307409522439 -0.8991738534117945
5.200445555165449 -0.8832458180126183
5.2355837008084585 -0.8662273606723009
5.270721846451468 -0.8481394917357656
5.3058599920944785 -0.8290045418031173
5.340998137737488 -0.808846134161129
5.3761362833804975 -0.7876891556188212
5.411274429023507 -0.7655597257831483
5.4464125746665175 -0.7424851648127176
5.481550720309527 -0.7184939596893548
5.5166888659525375 -0.6936157290491477
5.551827011595547 -0.6678811866164015
5.586965157238557 -0.6413221032856292
5.622103302881566 -0.6139712678984081
5.6572414485245766 -0.5858624467635118
5.692379594167585 -0.5570303419703043
5.727517739810596 -0.5275105485468424
5.762655885453606 -0.4973395105156075
5.797794031096615 -0.4665544759010868
5.832932176739625 -0.435193450744764
5.868070322382635 -0.40329515218430556
5.903208468025644 -0.37089896065483524
5.938346613668655 -0.3380448712713392
5.973484759311664 -0.30477344445220933
6.008622904954675 -0.271125755844876
6.043761050597683 -0.23714334561537262
6.078899196240694 -0.202868167164404
6.114037341883704 -0.16834253533327348
6.149175487526713 -0.13360907416357196
6.184313633169723 -0.09871066427514014
6.219451778812732 -0.06369038992728655
6.254589924455742 -0.028591485828573387
6.289728070098753 0.006542716239110022
6.324866215741762 0.04166884091633533
6.360004361384772 0.0767435228157173
6.395142507027781 0.11172346005918116
6.430280652670792 0.14656546773682824
6.465418798313801 0.1812265312213919
6.500556943956811 0.21566385927247758
6.535695089599821 0.24983493686501
6.57083323524283 0.28369757767667464
6.6059713808858405 0.3172099761695681
6.641109526528851 0.35033075920172563
6.6762476721718595 0.3830190371048453
6.71138581781487 0.41523445416513405
6.74652396345788 0.44693723844493793
6.781662109100889 0.4780882508836803
6.8168002547438995 0.5086490336174726
6.851938400386909 0.5385818574577315
6.887076546029919 0.5678497684702184
6.922214691672929 0.5964166335969695
6.957352837315939 0.6242471852648019
6.992490982958949 0.6513070649253339
7.027629128601958 0.6775628654727441
7.062767274244968 0.7029821724869326
7.0979054198879785 0.7275336042511307
7.133043565530987 0.7511868504945878
7.168181711173998 0.7739127098124912
7.203319856817006 0.7956831257169094
7.238458002460017 0.8164712212742823
7.273596148103027 0.8362513322866608
7.308734293746036 0.8549990389757599
7.343872439389046 0.8726911961306981
7.379010585032056 0.8893059616821943
7.414148730675066 0.9048228236679683
7.449286876318076 0.91922262555603
7.484425021961085 0.9324875898946142
7.519563167604096 0.9446013402595502
7.554701313247104 0.9555489214719752
7.589839458890115 0.9653168180614367
7.624977604533125 0.9738929709515789
7.660115750176134 0.9812667923478245
7.695253895819144 0.9874291788086674
7.730392041462153 0.9923725224844352
7.765530187105163 0.9960907205096556
7.800668332748174 0.9985791825374222
7.835806478391183 0.9998348364064638
7.870944624034193 0.9998561319339195
7.9060827696772025 0.9986430428291351
7.941220915320213 0.9961970667261207
7.976359060963223 0.9925212233346284
8.011497206606231 0.9876200507121333
8.046635352249242 0.9814995996613171
8.081773497892252 0.9741674262599778
8.116911643535262 0.9656325825325802
8.152049789178271 0.9559056052749692
8.187187934821281 0.9449985030460365
8.222326080464292 0.9329247413424114
8.2574642261073 0.919699225974465
8.292602371750311 0.9053382846641573
8.327740517393321 0.8898596468874526
8.36287866303633 0.873282421986175
8.39801680867934 0.8556270755763349
8.43315495432235 0.8369154042820575
8.46829309996536 0.8171705088262864
8.50343124560837 0.7964167655115097
8.538569391251379 0.7746797961256949
8.57370753689439 0.7519864363105931
8.608845682537398 0.7283647024314764
8.643983828180408 0.7038437569891824
8.679121973823419 0.6784538726171994
8.714260119466427 0.6522263947082129
8.749398265109438 0.6251937027162628
8.784536410752446 0.597389170182302
8.819674556395457 0.5688471235324702
8.854812702038467 0.5396027996999959
8.889950847681476 0.5096923026230034
8.925088993324486 0.4791525586719494
8.960227138967497 0.44802127106173
8.995365284610505 0.41633687330470975
9.030503430253516 0.38413848176215376
9.065641575896526 0.35146584735265435
9.100779721539537 0.31835930647714145
9.135917867182545 0.28485973122108793
9.171056012825556 0.2510084788953695
9.206194158468566 0.21684734097809985
9.241332304111575 0.18241849152044484
9.276470449754585 0.1477644350801258
9.311608595397594 0.1129279542469093
9.346746741040604 0.07795205682482334
9.381884886683615 0.04287992273635822
9.417023032326624 0.007754850714159315
9.452161177969634 -0.027379795153958934
9.487299323612643 -0.062480638960666274
9.522437469255653 -0.09750434652938841
9.557575614898663 -0.13240767891303296
9.592713760541672 -0.16714754577516647
9.627851906184683 -0.20168105858772217
9.662990051827691 -0.23596558357954528
9.698128197470702 -0.2699587943704512
9.733266343113712 -0.3036187242257646
9.76840448875672 -0.3369038178668703
9.803542634399731 -0.3697729827737972
9.83868078004274 -0.40218563991647976
9.87381892568575 -0.43410177385210974
9.90895707132876 -0.46548198212668007
9.944095216971771 -0.49628752391977315
9.97923336261478 -0.5264803678725123
10.01437150825779 -0.5560232390396472
10.0495096539008 -0.5848796649077856
10.084647799543811 -0.6130140204229868
10.11978594518682 -0.6403915719721057
10.15492409082983 -0.6669785202636058
10.190062236472839 -0.6927420420548788
10.22520038211585 -0.7176503306745914
10.26033852775886 -0.7416726352899919
10.295476673401868 -0.7647792988707314
10.330614819044879 -0.7869417948023167
10.365752964687887 -0.8081327621039845
10.400891110330898 -0.828326039207543
10.436029255973908 -0.8474966962554497
10.471167401616917 -0.8656210658782748
10.506305547259927 -0.8826767724135458
10.541443692902936 -0.8986427595298879
10.576581838545946 -0.9134993162223838
10.611719984188957 -0.9272281011470295
10.646858129831966 -0.9398121652642687
10.681996275474976 -0.9512359727636382
10.717134421117985 -0.961485420243689
10.752272566760995 -0.9705478541235173
10.787410712404006 -0.978412086264395
10.822548858047014 -0.9850684077822242
10.857687003690025 -0.9905086010337601
10.892825149333035 -0.9947259497618017
10.927963294976045 -0.9977152473868295
10.963101440619054 -0.9994728034348526
10.998239586262065 -0.9999964480935285
11.033377731905075 -0.999285534890931
11.068515877548084 -0.9973409414936606
11.103654023191094 -0.9941650686233097
11.138792168834105 -0.9897618370926234
11.173930314477113 -0.9841366829650116
11.209068460120124 -0.9772965508433892
11.244206605763132 -0.9692498852966344
11.279344751406143 -0.960006620434239
11.314482897049153 -0.9495781676420353
11.349621042692164 -0.9379774014941282
11.38475918833517 -0.9252186438584337
11.41989733397818 -0.911317646215436
11.455035479621191 -0.8962915702120128
11.490173625264202 -0.8801589664743082
11.525311770907212 -0.8629397517058319
11.560449916550219 -0.8446551840990499
11.59558806219323 -0.8253278370908166
11.63072620783624 -0.8049815714940715
11.66586435347925 -0.7836415060401739
11.70100249912226 -0.7613339863682674
11.73614064476527 -0.7380865524999493
11.77127879040828 -0.7139279048393948
11.806416936051289 -0.6888878687409304
11.841555081694299 -0.6629973576877674
11.87669322733731 -0.636288335127391
11.911831372980318 -0.608793775010692
11.946969518623328 -0.5805476210835671
11.982107664266339 -0.5515847449812596
12.01724580990935 -0.5219409031771506
12.05238395555236 -0.4916526928391673
12.087522101195367 -0.4607575066483049
12.122660246838377 -0.4292934866350215
12.157798392481387 -0.3972994770905461
12.192936538124398 -0.3648149766111708
12.228074683767408 -0.33188008933477814
12.263212829410415 -0.29853547542978986
12.298350975053426 -0.2648223008976445
12.333489120696436 -0.23078218675082654
12.368627266339447 -0.1964571576291221
12.403765411982457 -0.16188958991758884
12.438903557625464 -0.1271221594302741
12.474041703268474 -0.09219778872425222
12.509179848911485 -0.05715959410907689
12.544317994554495 -0.022050832416999344
12.579456140197506 0.013085152400280225
12.614594285840514 0.04820498278241725
12.649732431483525 0.08326530111272823
12.684870577126533 0.11822282324585495
12.720008722769544 0.15303439194475038
12.755146868412554 0.18765703016096183
12.790285014055563 0.22204799409247772
12.825423159698573 0.256164825953617
12.860561305341584 0.2899654063917981
12.895699450984594 0.3234080064865081
12.930837596627603 0.3564513392662496
12.965975742270611 0.3890546106798818
13.001113887913622 0.42117756995941236
13.036252033556632 0.45278055931207295
13.071390179199643 0.4838245628803378
13.106528324842653 0.5142712549094268
13.14166647048566 0.5440830470628326
13.17680461612867 0.5732231348274732
13.211942761771681 0.6016555429511369
13.247080907414691 0.6293451698561822
13.282219053057702 0.6562578309746171
13.317357198700709 0.6823603009510745
13.352495344343719 0.7076203546615907
13.38763348998673 0.7320068069975119
13.42277163562974 0.7554895513654626
13.45790978127275 0.7780395968558059
13.49304792691576 0.7996291040337267
13.528186072558768 0.8202314193087443
13.563324218201778 0.8398211078402376
13.598462363844789 0.858373984938326
13.633600509487799 0.8758671459213837
13.66873865513081 0.8922789943932922
13.703876800773818 0.9075892689055349
13.739014946416829 0.9217790679712198
13.774153092059837 0.9348308734001358
13.809291237702848 0.9467285719260556
13.844429383345858 0.9574574750995601
13.879567528988867 0.9670043374218465
13.914705674631877 0.9753573726971219
13.949843820274888 0.9825062685833925
13.984981965917898 0.9884421993236944
14.020120111560907 0.9931578366420384
14.055258257203915 0.9966473587906245
14.090396402846926 0.9989064577371504
14.125534548489936 0.9999323444833457
14.160672694132947 0.9997237525081645
14.195810839775957 0.9982809393313844
14.230948985418964 0.9956056861956822
14.266087131061974 0.991701295867578
14.301225276704985 0.9865725885599662
14.336363422347995 0.980225895981261
14.371501567991006 0.9726690535185092
14.406639713634013 0.9639113905641176
14.441777859277023 0.953963718998134
14.476916004920033 0.9428383198403134
14.512054150563044 0.9305489280884313
14.547192296206054 0.9171107157615749
14.582330441849063 0.9025402731693416
14.617468587492072 0.8868555884300676
14.652606733135082 0.8700760252633765
14.687744878778092 0.8522222990844643
14.722883024421103 0.8333164514296278
14.758021170064112 0.8133818227446176
14.793159315707122 0.7924430235694004
14.828297461350132 0.7705259041549224
14.863435606993143 0.7476575225493607
14.898573752636151 0.7238661111932815
14.93371189827916 0.6991810420649304
14.96885004392217 0.6736327904187
15.003988189565181 0.6472528971615333
15.039126335208191 0.6200739299137079
15.074264480851202 0.5921294428020818
15.109402626494209 0.563453935035439
15.14454077213722 0.5340828083130563
15.17967891778023 0.5040523231191202
15.21481706342324 0.4733995539568898
15.24995520906625 0.4421623435779181
15.285093354709257 0.4103792562628226
15.320231500352268 0.3780895302112677
15.355369645995278 0.345333029099984
15.390507791638289 0.312150192868565
15.425645937281299 0.2785819877938481
15.460784082924306 0.24466985591449866
15.495922228567316 0.2104556638682205
15.531060374210327 0.17598165120480583
15.566198519853337 0.14129037823876808
15.601336665496348 0.10642467350598804
15.636474811139356 0.07142758088922203
15.671612956782367 0.036342306477742246
15.706751102425377 0.0012121652267407393
15.741889248068386 -0.033919472517684235
15.777027393711396 -0.06900923456192547
15.812165539354405 -0.10401380041052712
15.847303684997415 -0.13888995474804713
15.882441830640426 -0.1735946407910417
15.917579976283436 -0.20808501344435162
15.952718121926447 -0.24231849219603754
15.987856267569454 -0.2762528136856689
16.022994413212462 -0.30984608388108514
16.058132558855473 -0.3430568297991725
16.093270704498483 -0.3758440507068465
16.128408850141494 -0.40816726873901277
16.163546995784504 -0.439986578871009
16.198685141427514 -0.4712626981838423
16.233823287070525 -0.5019570143613975
16.268961432713535 -0.5320316333597451
16.304099578356542 -0.5614494261896942
16.339237723999553 -0.5901740747548528
16.374375869642563 -0.6181701166885605
16.409514015285573 -0.6454029891343993
16.444652160928584 -0.6718390714161887
16.479790306571594 -0.6974457265448031
16.5149284522146 -0.7221913415105634
16.55006659785761 -0.7460453663114759
16.585204743500622 -0.768978351669096
16.620342889143632 -0.7909619853855058
16.655481034786643 -0.811969127296482
16.69061918042965 -0.831973842777716
16.72575732607266 -0.8509514347627304
16.76089547171567 -0.8688784742329324
16.79603361735868 -0.8857328291422036
16.83117176300169 -0.901493691740287
16.8663099086447 -0.916141604261248
16.90144805428771 -0.9296584829453038
16.93658619993072 -0.9420276403643415
16.97172434557373 -0.9532338060235925
17.00686249121674 -0.963263145214008
17.042000636859747 -0.972103276092067
17.077138782502757 -0.9797432849659368
17.112276928145768 -0.9861737397690992
17.14741507378878 -0.9913867017048273
17.18255321943179 -0.9953757350471241
17.217691365074796 -0.9981359150860254
17.252829510717806 -0.9996638342074627
17.287967656360816 -0.999957606100173
17.323105802003827 -0.9990168680844684
17.358243947646837 -0.996842781559987
17.393382093289844 -0.9934380305718723
17.428520238932855 -0.9888068184971518
17.463658384575865 -0.9829548628554079
17.498796530218875 -0.975889388250143
17.533934675861886 -0.9676191174495573
0.0 0.0
0.04395576223825574 0.04394160905138085
0.08791152447651147 0.08779833179173523
0.13186728671476722 0.1314854458932397
0.17582304895302295 0.17491855667769451
0.21977881119127868 0.21801376014999144
0.26373457342953444 0.26068780508368083
0.3076903356677902 0.30285825384552156
0.3516460979060459 0.3444436416483335
0.39560186014430165 0.3853636339245078
0.43955762238255736 0.42553918151616077
0.4835133846208131 0.4648926733821371
0.5274691468590689 0.5033480865268607
0.5714249090973246 0.5408311328614036
0.6153806713355804 0.5772694027130645
0.6593364335738361 0.6125925047062276
0.7032921958120918 0.6467322017442791
0.7472479580503476 0.6796225428298914
0.7912037202886033 0.7111999904690254
0.835159482526859 0.7414035434125328
0.8791152447651147 0.7701748544982453
0.9230710070033705 0.7974583433659034
0.9670267692416262 0.823201303827183
1.010982531479882 0.8473540056834041
1.0549382937181377 0.8698697907942264
1.0988940559563933 0.8907051632117503
1.1428498181946491 0.9098198732059005
1.186805580432905 0.9271769950187732
1.2307613426711608 0.9427429981977393
1.2747171049094166 0.9564878123695056
1.3186728671476722 0.96838488533
1.3626286293859278 0.9784112343378656
1.4065843916241836 0.986547490512474
1.4505401538624394 0.9927779362506891
1.4944959161006952 0.9970905355901012
1.5384516783389508 0.9994769574600744
1.5824074405772066 0.9999325917756922
1.6263632028154622 0.9984565583435101
1.670318965053718 0.9950517085619114
1.7142747272919738 0.9897246199127816
1.7582304895302294 0.9824855832551426
1.8021862517684855 0.9733485829452915
1.846142014006741 0.9623312698218505
1.8900977762449966 0.9494549271079116
1.9340535384832525 0.9347444292961503
1.978009300721508 0.9182281940963312
2.021965062959764 0.8999381275380334
2.0659208251980195 0.8799095623346485
2.1098765874362755 0.8581811896277152
2.153832349674531 0.8347949842434528
2.1977881119127867 0.809796123605875
2.2417438741510427 0.7832329004631355
2.2856996363892983 0.7551566295956955
2.3296553986275543 0.7256215486865333
2.37361116086581 0.6946847135449012
2.4175669231040655 0.6624058878860271
2.4615226853423215 0.6288474278796913
2.505478447580577 0.594074161690706
2.549434209818833 0.5581532642439959
2.5933899720570888 0.5211541274562175
2.6373457342953444 0.4831482261845929
2.6813014965336 0.4442089801519278
2.7252572587718555 0.4044116121145395
2.7692130210101116 0.3638330025470891
2.813168783248367 0.32255154112503825
2.8571245454866228 0.280646975291631
2.901080307724879 0.23820025620194663
2.9450360699631344 0.1952933823416237
2.9889918322013904 0.15200924112234948
3.032947594439646 0.10843144876013003
3.0769033566779016 0.06464418874565091
3.1208591189161576 0.020732049218782505
3.1648148811544132 -0.023220140438615363
3.208770643392669 -0.06712747347592346
3.2527264056309244 -0.11090512979644962
3.29668216786918 -0.15446853981271946
3.340637930107436 -0.1977335478178341
3.3845936923456916 -0.24061657455729166
3.4285494545839477 -0.2830347786872245
3.4725052168222033 -0.3249062168071353
3.516460979060459 -0.36615000175799445
3.5604167412987144 -0.4066864588798878
3.604372503536971 -0.44643727992736404
3.6483282657752265 -0.4853256743451405
3.692284028013482 -0.5232765176119469
3.7362397902517377 -0.5602164963659195
3.7801955524899933 -0.5960742500312051
3.8241513147282493 -0.6307805086721767
3.868107076966505 -0.6642682268089536
3.9120628392047605 -0.6964727129357241
3.956018601443016 -0.7273317544916647
3.9999743636812717 -0.7567857380430377
4.043930125919528 -0.7847777644443029
4.087885888157784 -0.8112537587557692
4.131841650396039 -0.8361625747054546
4.175797412634295 -0.8594560934933512
4.219753174872551 -0.8810893167472227
4.263708937110807 -0.9010204534503705
4.307664699349062 -0.9192110006734338
4.351620461587318 -0.9356258179542712
4.395576223825573 -0.9502331951822328
4.43953198606383 -0.9630049138556889
4.483487748302085 -0.9739163015944716
4.527443510540341 -0.9829462798019323
4.571399272778597 -0.9900774043845284
4.615355035016853 -0.9952958994502901
4.659310797255109 -0.998591683921059
4.703266559493364 -0.9999583910070954
4.74722232173162 -0.999393380506429
4.791178083969875 -0.9968977439051965
4.835133846208131 -0.9924763022691099
4.879089608446387 -0.9861375969301326
4.923045370684643 -0.977893872986351
4.967001132922898 -0.9677610556469193
5.010956895161154 -0.9557587194677721
5.054912657399409 -0.9419100505375386
5.098868419637666 -0.926241801686701
5.1428241818759215 -0.9087842408065352
5.1867799441141775 -0.8895710923776549
5.230735706352433 -0.8686394723211329
5.274691468590689 -0.8460298162980371
5.318647230828945 -0.8217858015959048
5.3626029930672 -0.7959542627530469
5.406558755305456 -0.7685851010836802
5.450514517543711 -0.7397311882786736
5.494470279781967 -0.7094482642681188
5.538426042020223 -0.6777948295430509
5.582381804258479 -0.6448320321443165
5.626337566496734 -0.6106235495369132
5.67029332873499 -0.5752354655979905
5.7142490909732455 -0.5387361429561547
5.7582048532115016 -0.5011960909286756
5.802160615449758 -0.4626878293117369
5.846116377688013 -0.4232857482868389
5.890072139926269 -0.38306596471399423
5.934027902164524 -0.3421061750893386
5.977983664402781 -0.30048550545118985
6.021939426641036 -0.25828435852453807
6.065895188879292 -0.2155842583992133
6.109850951117547 -0.17246769304182447
6.153806713355803 -0.12901795494566567
6.197762475594059 -0.08531898022645307
6.241718237832315 -0.04145518647470352
6.28567400007057 0.0024886903219932172
6.3296297623088265 0.046427759471786643
6.373585524547082 0.09027713957022523
6.417541286785338 0.13395212247398805
6.461497049023594 0.17736833693989762
6.505452811261849 0.22044191161311857
6.549408573500105 0.26308963704967314
6.59336433573836 0.30522912646026956
6.637320097976617 0.346778974864942
6.681275860214872 0.38765891635101524
6.725231622453128 0.42778997913064315
6.769187384691383 0.46709463809833807
6.813143146929639 0.5054969645938192
6.857098909167895 0.5429227730808388
6.901054671406151 0.579299764458653
6.9450104336444065 0.6145576657292767
6.9889661958826625 0.6486283657507206
7.032921958120918 0.6814460468139518
7.076877720359174 0.7129473117894166
7.120833482597429 0.7430713065974802
7.164789244835685 0.7717598377662195
7.208745007073942 0.7989574848494501
7.252700769312196 0.8246117074878309
7.296656531550453 0.8486729469062304
7.340612293788707 0.8710947216512571
7.384568056026964 0.8918337173840475
7.42852381826522 0.9108498705548083
7.472479580503475 0.9281064457975066
7.516435342741731 0.9435701068951741
7.560391104979987 0.9572109811787414
7.604346867218243 0.9690027172350016
7.648302629456499 0.9789225358122152
7.692258391694754 0.9869512738250227
7.73621415393301 0.993073421373655
7.780169916171265 0.9972771517059241
7.824125678409521 0.9995543440641215
7.868081440647778 0.9999005993726789
7.912037202886032 0.9983152487362957
7.955992965124289 0.9948013547321076
7.999948727362543 0.9893657054934082
8.0439044896008 0.9820188015963448
8.087860251839055 0.9727748357749291
8.13181601407731 0.9616516655035406
8.175771776315568 0.9486707784998941
8.219727538553823 0.9338572512151125
8.263683300792078 0.9172397003910864
8.307639063030335 0.8988502277787108
8.35159482526859 0.878724358123792
8.395550587506847 0.8569009705404091
8.439506349745102 0.8334222234043278
8.483462111983357 0.8083334729115291
8.527417874221614 0.7816831854592056
8.57137363645987 0.753522844018476
8.615329398698124 0.723906848679681
8.659285160936381 0.6928924115624018
8.703240923174636 0.6605394462932074
8.747196685412892 0.626910452264626
8.791152447651147 0.59207039389895
8.835108209889404 0.5560865751500942
8.87906397212766 0.5190285094859594
8.923019734365914 0.48096778560245473
8.96697549660417 0.44197792912858996
9.010931258842426 0.4021342605898345
9.054887021080683 0.36151374990406093
9.098842783318938 0.32019486769122857
9.142798545557193 0.2782574336839879
9.18675430779545 0.2357824625320882
9.230710070033705 0.19285200729844695
9.27466583227196 0.14954900094919968
9.318621594510217 0.10595709614396945
9.362577356748472 0.062160503635834544
9.406533118986728 0.018243829593156288
9.450488881224983 -0.02570808784243796
9.49444464346324 -0.06961034244620783
9.538400405701497 -0.11337812393196695
9.58235616793975 -0.15692688178842315
9.626311930178007 -0.20017248861369666
9.670267692416262 -0.24303140263244108
9.714223454654519 -0.28542082908169614
9.758179216892774 -0.3272588801536269
9.80213497913103 -0.3684647331862366
9.846090741369286 -0.4089587867964153
9.890046503607541 -0.4486628146537251
9.934002265845796 -0.48750011659787645
9.977958028084053 -0.5253956668079364
10.021913790322309 -0.5622762587370527
10.065869552560564 -0.598070646532721
10.109825314798819 -0.6327096826693726
10.153781077037076 -0.6661264515274254
10.197736839275333 -0.6982563986607389
10.241692601513586 -0.7290374555027626
10.285648363751843 -0.7584101592704758
10.329604125990098 -0.7863177678344554
10.373559888228355 -0.8127063693332192
10.41751565046661 -0.8375249863200412
10.461471412704865 -0.8607256742410869
10.505427174943122 -0.8822636140546012
10.549382937181377 -0.90209719881224
10.593338699419633 -0.9201881140352938
10.63729446165789 -0.9365014117305164
10.681250223896145 -0.9510055779025858
10.7252059861344 -0.9636725934327804
10.769161748372655 -0.9744779882062529
10.813117510610912 -0.9834008883833486
10.857073272849169 -0.9904240567236466
10.901029035087422 -0.9955339258848257
10.944984797325679 -0.9987206246320302
10.988940559563934 -0.9999779969070985
11.03289632180219 -0.9993036137208265
11.076852084040446 -0.9966987778452822
11.120807846278701 -0.992168521297114
11.164763608516958 -0.9857215956167108
11.208719370755212 -0.9773704549619954
11.252675132993469 -0.9671312320495044
11.296630895231726 -0.9550237069892429
11.34058665746998 -0.9410712690735069
11.384542419708236 -0.9253008715934944
11.428498181946491 -0.907742979770994
11.472453944184748 -0.8884315119057303
11.516409706423003 -0.8674037738520641
11.560365468661258 -0.8447003869516146
11.604321230899515 -0.8203652095610362
11.64827699313777 -0.7944452523265375
11.692232755376025 -0.7669905873688043
11.736188517614282 -0.7380542515537821
11.780144279852538 -0.7076921440361692
11.824100042090794 -0.6759629182735357
11.868055804329048 -0.6429278687197042
11.912011566567305 -0.6086508124162328
11.955967328805562 -0.5731979657108014
11.999923091043817 -0.536637816340597
12.043878853282072 -0.4990409911278401
12.087834615520327 -0.4604801195430373
12.131790377758584 -0.42102969339951535
12.17574613999684 -0.38076592295029366
12.219701902235094 -0.339766589665263
12.263657664473351 -0.2981108959731048
12.307613426711606 -0.2558793122582054
12.351569188949862 -0.2131534214081214
12.395524951188118 -0.17001576121192793
12.439480713426374 -0.12654966491389105
12.48343647566463 -0.0828391002304636
12.527392237902884 -0.03896850714163709
12.57134800014114 0.00497736523006116
12.615303762379398 0.04891362233772761
12.659259524617653 0.09275538820920798
12.703215286855908 0.13641796941032952
12.747171049094163 0.1798170186554996
12.79112681133242 0.22286869774962395
12.835082573570675 0.26548983954655475
12.87903833580893 0.3075981086112248
12.922994098047187 0.34911216027506803
12.966949860285442 0.38995179777748046
13.010905622523698 0.4300381271897688
13.054861384761955 0.46929370982227675
13.09881714700021 0.5076427118202832
13.142772909238467 0.5450110506597001
13.18672867147672 0.5813265382595277
13.230684433714977 0.6165190204346606
13.274640195953234 0.6505205124195805
13.318595958191489 0.6832653302011994
13.362551720429744 0.7146902174071025
13.406507482668 0.7447344675040762
13.450463244906256 0.7733400410708684
13.494419007144511 0.8004516779186189
13.538374769382767 0.8260170038423883
13.582330531621023 0.8499866317975353
13.626286293859279 0.8723142573055077
13.670242056097534 0.8929567479047452
13.71419781833579 0.9118742264738776
13.758153580574046 0.9290301482662654
13.802109342812303 0.9443913715070715
13.846065105050556 0.957928221416469
13.890020867288813 0.9696145475353273
13.93397662952707 0.9794277742426086
13.977932391765325 0.987348944366911
14.02188815400358 0.9933627558078937
14.065843916241835 0.9974575910968417
14.109799678480092 0.9996255398392694
14.153755440718347 0.9998624139962035
14.197711202956604 0.9981677559746294
14.241666965194858 0.9945448395114679
14.285622727433115 0.9890006633493763
14.32957848967137 0.9815459377165928
14.373534251909627 0.9721950636369381
14.417490014147884 0.9609661051099477
14.461445776386137 0.9478807542148755
14.505401538624392 0.9329642892059747
14.549357300862649 0.9162455256800223
14.593313063100906 0.8977567609104068
14.637268825339161 0.877533711455321
14.681224587577415 0.8556154441605864
14.725180349815671 0.8320443006903976
14.769136112053928 0.8068658157317886
14.813091874292184 0.7801286290308126
14.85704763653044 0.7518843914303762
14.901003398768694 0.7221876650912553
14.94495916100695 0.6910958180890097
14.988914923245206 0.6586689135904681
15.032870685483463 0.6249695938238103
15.07682644772172 0.5900629590664477
15.120782209959973 0.5540164418844377
15.164737972198228 0.516899676866381
15.208693734436485 0.4787843661034764
15.252649496674742 0.43974414067556356
15.296605258912997 0.399854418410752
15.34056102115125 0.35919225819341194
15.384516783389508 0.3178362111019749
15.428472545627764 0.2758661686641332
15.47242830786602 0.23336320852253947
15.516384070104277 0.19040943780917774
15.56033983234253 0.14708783453098678
15.604295594580787 0.10348208727309394
15.648251356819042 0.059676433529401184
15.692207119057299 0.015755496972744462
15.736162881295556 -0.02819587602093124
15.78011864353381 -0.07209278027863203
15.824074405772064 -0.11585041584996628
15.868030168010321 -0.15938425182350222
15.911985930248578 -0.20261018962341432
15.955941692486833 -0.24544472547094287
15.999897454725087 -0.2878051116968259
16.043853216963342 -0.32960951659307974
16.0878089792016 -0.37077718249532116
16.131764741439856 -0.4112285817902528
16.17572050367811 -0.450885570546963
16.219676265916366 -0.48967153947519926
16.26363202815462 -0.527511561919043
16.30758779039288 -0.5643325386000737
16.351543552631135 -0.600063338830395
16.39549931486939 -0.63463493792277
16.439455077107645 -0.6679805505323609
16.4834108393459 -0.7000357596725243
16.527366601584156 -0.7307386411554158
16.571322363822414 -0.7600298832170116
16.61527812606067 -0.7878529010954455
16.659233888298925 -0.8141539463413503
16.70318965053718 -0.8388822106489932
16.747145412775435 -0.8619899240076604
16.791101175013694 -0.8834324469836684
16.83505693725195 -0.9031683569547242
16.879012699490204 -0.921159528130073
16.92296846172846 -0.9373712052018166
16.966924223966714 -0.9517720704851484
17.01087998620497 -0.9643343044177929
17.054835748443228 -0.9750336393017803
17.098791510681483 -0.9838494061837332
17.14274727291974 -0.9907645747831135
17.186703035157993 -0.9957657863912805
17.23065879739625 -0.9988433796778177
17.274614559634507 -0.999991409354271
17.318570321872762 -0.9992076576592456
17.362526084111014 -0.9964936386426729
17.406481846349273 -0.9918545952409703
17.450437608587528 -0.9852994891487502
17.494393370825783 -0.976840983506634
17.53834913306404 -0.966495418438623
17.582304895302293 -0.9542827794862843
17.626260657540552 -0.9402266590007123
17.670216419778807 -0.9243542105668864
17.714172182017062 -0.9066960965484191
17.75812794425532 -0.8872864288540684
17.802083706493573 -0.866162703040429
17.846039468731828 -0.8433657258780752
17.889995230970086 -0.8189395365211399
17.93395099320834 -0.7929313214325651
17.977906755446597 -0.7653913232293789
18.021862517684852 -0.7363727436241176
18.065818279923107 -0.7059316406498646
18.109774042161366 -0.6741268203674519
18.15372980439962 -0.641019723264043
18.197685566637876 -0.6066743055625087
18.24164132887613 -0.5711569156709361
18.285597091114386 -0.5345361660109063
18.32955285335264 -0.49688280047215794
18.3735086155909 -0.4582695577496813
18.417464377829155 -0.4187710308272683
18.46142014006741 -0.3784635228789188
18.505375902305666 -0.3374248998665373
18.54933166454392 -0.295734440118622
18.59328742678218 -0.25347268118054855
18.637243189020435 -0.21072126423231669
18.681198951258686 -0.16756277637426795
18.725154713496945 -0.1240805910854892
18.7691104757352 -0.08035870716312693
18.813066237973455 -0.03648158645364658
18.857022000211714 0.007466009310376688
18.900977762449966 0.05139918225278644
18.944933524688224 0.09523306235942854
18.98888928692648 0.13888297142982228
19.032845049164735 0.18226458665837497
19.076800811402993 0.22529410352899196
19.120756573641245 0.2678883977084568
19.1647123358795 0.3099651856258837
19.20866809811776 0.3514431834279212
19.252623860356014 0.39224226400273876
19.29657962259427 0.4322836117694351
19.340535384832524 0.4714898749338038
19.38449114707078 0.5097853149163754
19.428446909309038 0.547095952664054
19.472402671547293 0.58334971156269
19.51635843378555 0.6184765566745547
19.560314196023803 0.6524086300316784
19.60426995826206 0.685080381723738
19.648225720500314 0.716428696527241
19.692181482738572 0.7463930158313872
19.736137244976828 0.7749154546250614
19.780093007215083 0.8019409133189944
19.824048769453338 0.8274171841870276
19.868004531691593 0.8512950522208944
19.91196029392985 0.8735283902036757
19.955916056168107 0.894074247818256
19.99987181840636 0.912892934618668
20.043827580644617 0.9299480967040163
20.087783342882872 0.9452067869468552
20.131739105121127 0.9586395286403979
20.175694867359386 0.9702203724415521
20.219650629597638 0.9799269464998057
20.263606391835896 0.9877404996751308
20.30756215407415 0.993645937761387
20.351517916312407 0.9976318526452865
20.395473678550665 0.9996905443445607
20.439429440788917 0.9998180358827703
20.483385203027172 0.998014080972021
20.52734096526543 0.9942821644887414
20.571296727503686 0.9886294957416071
20.61525248974194 0.9810669945446109
20.659208251980196 0.9716092701221896
20.70316401421845 0.9602745928871537
20.74711977645671 0.9470848591459398
20.791075538694965 0.9320655487993749
20.83503130093322 0.9152456761206492
20.878987063171476 0.8966577337056068
20.92294282540973 0.876337629703613
20.966898587647986 0.8543246184502655
21.010854349886245 0.8306612246359465
21.0548101121245 0.8053931611567194
21.098765874362755 0.7785692408062382
21.14272163660101 0.7502412819792997
21.186677398839265 0.7204640085691713
21.230633161077524 0.6892949442520828
21.27458892331578 0.6567943013631166
21.31854468555403 0.6230248645781277
21.36250044779229 0.5880518696264314
21.406456210030544 0.5519428772685792
21.4504119722688 0.5147676427825907
21.49436773450706 0.47659798121086105
21.53832349674531 0.4375076286280199
21.582279258983565 0.39757209969770163
21.626235021221824 0.3568685417934996
21.67019078346008 0.3154755859658241
21.714146545698338 0.27347319504257905
21.75810230793659 0.23094250915716402
21.802058070174844 0.18796568900209176
21.846013832413103 0.14462575711116035
21.889969594651358 0.10100643747668797
21.933925356889613 0.05719199381165728
