0.0 0.0
0.12425113804487505 0.12393167941128894
0.2485022760897501 0.245952519010752
0.3727534141346252 0.3641811412580649
0.4970045521795002 0.4767946388920602
0.6212556902243752 0.5820566814147557
0.7455068282692504 0.6783442866921086
0.8697579663141254 0.7641728448937395
0.9940091043590004 0.8382190089401744
1.1182602424038754 0.8993410985213826
1.2425113804487504 0.9465967030873853
1.3667625184936256 0.9792572123993352
1.4910136565385008 0.9968190506018558
1.6152647945833756 0.9990114406041691
1.7395159326282508 0.9858005790549498
1.8637670706731257 0.9573901575390832
1.9880182087180007 0.914218221960257
2.112269346762876 0.856950418532978
2.236520484807751 0.7864697305206422
2.360771622852626 0.7038628639636948
2.485022760897501 0.6104034923094506
2.609273898942376 0.5075326182861337
2.7335250369872512 0.396836355811468
2.8577761750321264 0.2800214745053093
2.9820273130770016 0.15888908387310346
3.106278451121876 0.03530686291041712
3.230529589166751 -0.0888197366937957
3.3547807272116263 -0.2115768697519517
3.4790318652565015 -0.3310718061877104
3.6032830033013767 -0.4454621140826333
3.7275341413462515 -0.5529840672010153
3.8517852793911262 -0.6519798389916484
3.9760364174360014 -0.7409230637759706
4.100287555480877 -0.8184423710075857
4.224538693525752 -0.8833425297403219
4.348789831570627 -0.934622877288985
4.473040969615502 -0.971492747940614
4.597292107660377 -0.9933836638287531
4.721543245705252 -0.9999581000058252
4.845794383750127 -0.9911146885693932
4.970045521795002 -0.9669897816025194
5.094296659839878 -0.9279553488300372
5.218547797884752 -0.8746132424057155
5.342798935929626 -0.807785917258644
5.4670500739745025 -0.7285037500771343
5.591301212019377 -0.6379891524523001
5.715552350064253 -0.5376377231326956
5.839803488109127 -0.4289967299938857
5.964054626154003 -0.3137412534985228
6.088305764198878 -0.1936483594788854
6.212556902243752 -0.07056969945861949
6.336808040288628 0.05359703902451319
6.461059178333502 0.17693739190187707
6.585310316378378 0.29754963672605717
6.709561454423253 0.4135741143663214
6.833812592468127 0.5232219021511281
6.958063730513003 0.6248023963609686
7.082314868557877 0.7167493787910746
7.2065660066027535 0.79764516547687
7.330817144647628 0.8662424652451635
7.455068282692503 0.9214836110651888
7.579319420737378 0.9625168676809946
7.7035705587822525 0.988709564086081
7.827821696827129 0.9996578483572948
7.952072834872003 0.9951929144431401
8.076323972916878 0.9753836048988125
8.200575110961754 0.9405353494376981
8.324826249006628 0.8911854556652792
8.449077387051505 0.8280948246052288
8.573328525096379 0.7522362187518149
8.697579663141253 0.6647792635375566
8.82183080118613 0.5670724134709226
8.946081939231004 0.4606221609990637
9.07033307727588 0.3470698086635738
9.194584215320754 0.2281661626876901
9.318835353365628 0.10574453818164976
9.443086491410504 -0.018307507814688335
9.567337629455379 -0.14207727961806774
9.691588767500255 -0.26365643378809017
9.815839905545129 -0.38117040290841636
9.940091043590003 -0.4928072985925799
10.064342181634878 -0.5968458480735589
10.188593319679756 -0.6916819336370053
10.31284445772463 -0.7758533257000242
10.437095595769504 -0.8480622281887263
10.561346733814378 -0.9071952885987393
10.685597871859253 -0.9523407642137267
10.80984900990413 -0.9828025798046702
10.934100147949005 -0.9981110600613635
11.05835128599388 -0.9980301712782047
11.182602424038754 -0.9825611606383831
11.306853562083628 -0.9519425369841944
11.431104700128506 -0.9066463933699687
11.55535583817338 -0.8473711280983169
11.679606976218254 -0.7750306764703302
11.803858114263129 -0.6907404192799496
11.928109252308007 -0.5957999853222756
12.05236039035288 -0.49167321307525663
12.176611528397755 -0.3799655805153986
12.30086266644263 -0.262399451065792
12.425113804487504 -0.1407875173466106
12.549364942532382 -0.017004852185457327
12.673616080577256 0.10704000218110415
12.79786721862213 0.22943446095392248
12.922118356667005 0.3482913859478221
13.046369494711879 0.4617781824197283
13.170620632756757 0.5681450549190763
13.294871770801631 0.6657519864978394
13.419122908846505 0.753094025301444
13.54337404689138 0.8288244886593669
13.667625184936254 0.8917757269033416
13.791876322981132 0.9409771267663521
13.916127461026006 0.9756700767771203
14.04037859907088 0.995319663906266
14.164629737115755 0.9996229211194471
14.288880875160629 0.9885134986726547
14.413132013205507 0.9621626871253203
14.537383151250381 0.9209767762979154
14.661634289295256 0.8655907908949311
14.78588542734013 0.7968586993805081
14.910136565385006 0.7158402470710945
15.034387703429882 0.623784616459019
15.158638841474756 0.5221111667001652
15.28288997951963 0.4123875492338396
15.407141117564505 0.2963055369590148
15.531392255609381 0.17565493964463016
15.655643393654257 0.05229600775904258
15.779894531699131 -0.0718692497900074
15.904145669744006 -0.19492639176766222
16.02839680778888 -0.3149780624119617
16.152647945833756 -0.4301732458016107
16.276899083878632 -0.5387358057331997
16.40115022192351 -0.6389918710659804
16.52540135996838 -0.7293956442934136
16.649652498013257 -0.808553235412215
16.77390363605813 -0.8752441536065003
16.89815477410301 -0.9284401253776968
17.02240591214788 -0.9673209489729294
17.146657050192758 -0.9912871406605582
17.27090818823763 -0.9999691778662723
17.395159326282506 -0.9932331966545614
17.519410464327382 -0.9711830557089531
17.64366160237226 -0.9341587349875614
17.76791274041713 -0.8827310937442631
17.892163878462007 -0.817693068738912
18.01641501650688 -0.7400474483469549
18.14066615455176 -0.650991411073216
18.264917292596632 -0.5518980668627532
18.389168430641508 -0.4442952858138563
18.51341956868638 -0.3298421407226728
18.637670706731257 -0.21030332667981247
18.761921844776133 -0.08752195213032343
18.88617298282101 0.03660887908217369
19.01042412086588 0.16017525652506748
19.134675258910757 0.2812719727926185
19.25892639695563 0.3980318989342189
19.38317753500051 0.5086547727702884
19.507428673045382 0.6114349562232164
19.631679811090258 0.7047877336872722
19.75593094913513 0.78727374595607
19.880182087180007 0.8576211829733745
20.004433225224883 0.914745393228358
20.128684363269755 0.9577656074480387
20.25293550131463 0.9860185187327246
20.37718663935951 0.9990685097492256
20.501437777404384 0.9967143692939429
20.62568891544926 0.9789923946665339
20.749940053494132 0.9461758320202276
20.87419119153901 0.8987706633177432
20.998442329583884 0.8375078048516174
21.122693467628757 0.7633318376159888
21.246944605673633 0.6773864432905321
21.371195743718506 0.5809967703917599
21.49544688176338 0.4756490024790178
21.61969801980826 0.3629674434427302
21.743949157853134 0.2446894731851883
21.86820029589801 0.1226387598395318
21.992451433942882 -0.0013028584457421694
22.11670257198776 -0.12522438861634935
22.240953710032635 -0.24721514734646333
22.365204848077507 -0.3653942208974494
22.489455986122383 -0.47793946597440656
22.613707124167256 -0.5831156044309634
22.737958262212132 -0.6793009786443809
22.86220940025701 -0.7650125550332894
22.986460538301884 -0.8389287902015439
23.11071167634676 -0.8999100071467037
23.234962814391633 -0.9470159673626306
23.35921395243651 -0.9795203679009412
23.483465090481385 -0.9969220398683922
23.607716228526257 -0.9989526756962839
23.731967366571133 -0.985580966039002
23.856218504616013 -0.957013082516963
23.980469642660886 -0.9136894988607996
24.10472078070576 -0.8562781994699332
24.228971918750634 -0.7856643800993653
24.35322305679551 -0.7029367994745392
24.477474194840386 -0.6093709922718598
24.60172533288526 -0.5064096022953823
24.725976470930135 -0.3956401390824735
24.850227608975008 -0.278770500898113
24.974478747019884 -0.15760264151631873
25.098729885064763 -0.034004786807346504
25.222981023109636 0.09011737049101949
25.347232161154512 0.2128500536848719
25.471483299199384 0.3323009096779408
25.59573443724426 0.44662818620582
25.719985575289137 0.5540691288815338
25.84423671333401 0.6529671602128667
25.968487851378885 0.741797421531913
26.092738989423758 0.8191902840187434
26.216990127468637 0.883952466314687
26.341241265513514 0.9350854331233579
26.465492403558386 0.9718007911207991
26.589743541603262 0.9935324447929342
26.713994679648135 0.999945324775651
26.83824581769301 0.9909405541196692
26.962496955737887 0.966656972824152
27.08674809378276 0.9274689971330635
27.210999231827635 0.8739808466006843
27.335250369872508 0.8070172279362601
27.459501507917388 0.7276106192688291
27.583752645962264 0.6369853508897693
27.708003784007136 0.5365387279239594
27.832254922052012 0.42781948598958514
27.956506060096885 0.3125039120278655
28.08075719814176 0.19236999848347264
28.205008336186637 0.06927002933933918
28.32925947423151 -0.05489797931217678
28.453510612276386 -0.17821954381836708
28.577761750321258 -0.2987932314201878
28.702012888366138 -0.4147599774812086
28.826264026411014 -0.5243317494638635
28.950515164455886 -0.625819115697806
29.074766302500763 -0.7176572938713811
29.199017440545635 -0.7984302776177432
29.32326857859051 -0.8668926692000494
29.447519716635387 -0.9219888816685382
29.57177085468026 -0.962869414421218
29.69602199272514 -0.9889039512235053
29.820273130770012 -0.9996910787350747
29.944524268814888 -0.9950644756989073
30.068775406859764 -0.975095477364529
30.193026544904637 -0.9400919756059223
30.317277682949513 -0.8905936716926187
30.441528820994385 -0.8273637549091096
30.56577995903926 -0.7513771353257006
30.690031097084137 -0.6638054121537955
30.81428223512901 -0.565998809450894
30.93853337317389 -0.45946535769952357
31.062784511218762 -0.3458476422488561
31.18703564926364 -0.2268974771228926
31.311286787308514 -0.10444889468709483
31.435537925353387 0.019610132368004164
31.559789063398263 0.14336680072174832
31.684040201443135 0.2649129689691839
31.80829133948801 0.38237457828721977
31.93254247753289 0.49394054759866646
32.05679361557776 0.5978906977143171
32.181044753622636 0.6926222739048891
32.30529589166751 0.7766746579645883
32.42954702971239 0.8487518887436665
32.553798167757265 0.907742643917169
32.67804930580213 0.9527373749011429
32.80230044384702 0.9830423307217113
32.926551581891886 0.998190254610036
33.05080271993676 0.9979475883978637
33.17505385798164 0.9823180736326443
33.299304996026514 0.9515426938885112
33.42355613407139 0.9060959591625734
33.54780727211626 0.8466785896455423
33.672058410161135 0.7742067116719082
33.79630954820602 0.6897977324318857
33.92056068625089 0.5947531112357617
34.04481182429576 0.4905382929717382
34.16906296234064 0.37876011315328284
34.293314100385516 0.2611420229359448
34.41756523843039 0.1394975160966651
34.54181637647526 0.015702167691502678
34.66606751452014 -0.10833528448648273
34.79031865256501 -0.2307023697687267
34.91456979060989 -0.3495123720280442
35.038820928654765 -0.4629334199992456
35.16307206669964 -0.5692167319746035
35.28732320474452 -0.6667235793835058
35.411574342789386 -0.7539505535185081
35.53582548083426 -0.8295527458329596
35.66007661887914 -0.892364484404857
35.784327756924014 -0.9414173068419911
35.90857889496889 -0.9759548925131837
36.03283003301376 -0.9954447238731353
36.15708117105864 -0.9995862970808183
36.28133230910352 -0.9883157553160338
36.40558344714839 -0.9618068733553977
36.529834585193264 -0.9204683782270406
36.65408572323814 -0.8649376472555305
36.778336861283016 -0.7960708806636366
36.90258799932789 -0.7149299002546352
37.02683913737276 -0.6227657777195846
37.15109027541764 -0.5209995449963821
37.27534141346251 -0.41120028409788645
37.39959255150739 -0.29506093423084906
37.523843689552265 -0.17437218922351233
37.64809482759714 -0.05099488772419299
37.77234596564202 0.07316867812759752
37.89659710368689 0.19620409318041632
38.02084824173176 0.3162143366687698
38.14509937977664 0.431349031415695
38.269350517821515 0.5398329738615375
38.39360165586639 0.639993505028754
38.51785279391126 0.7302863004037276
38.64210393195614 0.8093191810944964
38.76635507000102 0.875873579132109
38.89060620804589 0.928923325953158
39.014857346090764 0.9676504743732455
39.13910848413564 0.9914579101004362
39.263359622180516 0.999978558338188
39.38761076022539 0.993081043525768
39.51186189827026 0.970871714951502
39.636113036315145 0.9336930070069404
39.760364174360014 0.8821181593643865
39.88461531240489 0.8169423784846218
40.008866450449766 0.739170576731166
40.13311758849464 0.6500018781353718
40.25736872653951 0.5508111297101712
40.38161986458439 0.4431277033801168
40.50587100262926 0.3286119153701111
40.63012214067414 0.2090294266302161
40.75437327871902 0.0862240190035086
40.878624416763884 -0.03791083311251411
41.00287555480877 -0.161461157289011
41.12712669285364 -0.2825219936373932
41.25137783089852 -0.3992267664213727
41.375628968943396 -0.5097760638430536
41.499880106988265 -0.6124653822623102
41.62413124503314 -0.7057114070753587
41.74838238307802 -0.7880764250408842
41.87263352112289 -0.858290491652543
41.99688465916777 -0.9152710117702622
42.12113579721264 -0.9581394316065279
42.245386935257514 -0.986234784702387
42.36963807330239 -0.9991238830345813
42.493889211347266 -0.9966079961223439
42.61814034939214 -0.9787259151520505
42.74239148743701 -0.9457533548755626
42.86664262548189 -0.8981987025040674
42.99089376352676 -0.8367951791431034
43.11514490157165 -0.7624895346275901
43.23939603961652 -0.6764274500655312
43.363647177661385 -0.5799358731611138
43.48789831570627 -0.4745025586799247
43.612149453751144 -0.3617531295116336
43.73640059179602 -0.24342601201371528
43.860651729840896 -0.1213456320957329
43.984902867885765 0.0026057146799591912
44.10915400593064 0.1265168852604161
44.23340514397552 0.2484773560490828
44.35765628202039 0.36660668030176075
44.48190742006527 0.4790834817827822
44.60615855811014 0.5841735376429253
44.730409696155014 0.6802565175234233
44.85466083419989 0.7658509666092728
44.97891197224477 0.839637147430914
45.10316311028964 0.9004773882280163
45.22741424833451 0.9474336241342862
45.35166538637939 0.9797818607246604
45.475916524424264 0.9970233369187336
45.60016766246915 0.9988922151253194
45.72441880051402 0.9853596800576604
45.84866993855889 0.9566343830217451
45.97292107660377 0.9131592248274638
46.097172214648644 0.8556045269252952
46.22142335269352 0.7848576960592737
46.345674490738396 0.702009541791744
46.469925628783265 0.6083374578630592
46.59417676682814 0.5052857267042856
46.71842790487302 0.3944432507777462
46.842679042917894 0.27751905409447597
46.96693018096277 0.15631593163836827
47.09118131900764 0.032702652983173645
47.215432457052515 -0.09141485131933158
47.33968359509739 -0.21412287631740953
47.46393473314227 -0.33352944910703214
47.58818587118714 -0.4477935002040775
47.712437009232026 -0.5551532500624828
47.83668814727689 -0.6539533730609506
47.96093928532177 -0.7426705201306112
48.08519042336665 -0.8199368065028542
48.20944156141152 -0.8845609024320269
48.3336926994564 -0.9355464017055182
48.45794383750127 -0.9721071847266229
48.582194975546145 -0.9936795392945574
48.70644611359102 -0.9999308521974347
48.8306972516359 -0.9907647376069683
48.95494838968077 -0.9663225232027508
49.07919952772564 -0.9269810711123266
49.20345066577052 -0.8733469672648624
49.327701803815394 -0.8062471687498641
49.45195294186027 -0.7267162533845376
49.576204079905146 -0.6359804680822864
49.700455217950015 -0.5354388219724725
49.82470635599489 -0.4266415157870182
49.94895749403977 -0.31126604010030134
50.07320863208465 -0.19109131095136006
50.19745977012953 -0.06797024163827696
50.321710908174396 0.05619882641377213
50.44596204621927 0.17950139321772574
50.57021318426415 0.30003631893049115
50.694464322309024 0.4159451365655679
50.8187154603539 0.5254407067544679
50.94296659839877 0.6268347727437111
51.067217736443645 0.7185639907708788
51.19146887448852 0.7992140344704499
51.3157200125334 0.8675414016559074
51.43997115057827 0.9224925872502974
51.56422228862314 0.9632203267475643
51.68847342666802 0.9890966597549649
51.812724564712894 0.9997226121963801
51.93697570275777 0.9949343478915854
52.06122684080265 0.9748056946633503
52.185477978847516 0.9396470060236256
52.30972911689239 0.8900003759898815
52.433980254937275 0.8266312808119501
52.55823139298215 0.7505167764813382
52.68248253102703 0.6628304339996074
52.806733669071896 0.5649242446813606
52.93098480711677 0.4583077744847192
53.05523594516165 0.34462488877821934
53.179487083206524 0.22562840641304696
53.3037382212514 0.10315307389671932
53.42798935929627 -0.020912723634280237
53.552240497341145 -0.14465607846876308
53.67649163538602 -0.26616905447618755
53.8007427734309 -0.38357810460779734
53.924993911475774 -0.49507295816988545
54.04924504952064 -0.5989345324709812
54.17349618756552 -0.6935614384874327
54.297747325610395 -0.7774946718698611
54.42199846365527 -0.8494401085924781
54.546249601700154 -0.908288458396155
54.670500739745016 -0.9531323683732201
54.79475187778989 -0.983280412982541
54.919003015834775 -0.9982677547897947
55.04325415387965 -0.9978633115605197
55.16750529192453 -0.9820733192000787
55.291756429969396 -0.9511412356053901
55.41600756801427 -0.9055439869108838
55.54025870605915 -0.8459846140059373
55.664509844104025 -0.773381432703382
55.7887609821489 -0.6888538746929777
55.91301212019377 -0.5937052275910196
56.037263258238646 -0.4894025402084828
56.16151439628352 -0.37755400286828034
56.2857655343284 -0.2598841515329637
56.410016672373274 -0.13820727805794258
56.53426781041814 -0.014399456544043602
56.65851894846302 0.1096303828991257
56.782770086507895 0.23196988697990434
56.90702122455277 0.3507327648316868
57.031272362597655 0.46408787177666805
57.155523500642516 0.5702874428183901
57.2797746386874 0.6676940405453303
57.404025776732276 0.7548058019491098
57.52827691477715 0.8302795948898383
57.65252805282203 0.8929517271704459
57.7767791908669 0.9418558889174365
57.90103032891177 0.9762380516235444
58.02528146695665 0.9955680941314675
58.149532605001525 0.999547976303576
58.2737837430464 0.9881163343518783
58.39803488109127 0.9614494269751981
58.522286019136146 0.9199584177155397
58.64653715718102 0.8642830354356356
58.7707882952259 0.795281710663535
58.895039433270775 0.7140183398869608
59.01929057131564 0.6217458818720766
59.14354170936052 0.519887038926687
59.267792847405396 0.41001232097377366
59.39204398545028 0.2938158306541953
59.516295123495155 0.17308914281591217
59.640546261540024 0.04969368112853961
59.7647973995849 -0.0744679822656809
59.889048537629776 -0.19748146154833643
60.01329967567465 -0.31745007417045223
60.13755081371953 -0.43252408484031907
60.2618019517644 -0.5409292256553334
60.38605308980927 -0.6409940526404083
60.51030422785415 -0.7311757168962502
60.634555365899026 -0.8100837530053371
60.7588065039439 -0.8765015179141215
60.88305764198877 -0.9294049497362205
61.00730878003365 -0.9679783572441178
61.13155991807852 -0.9916269965991565
61.2558110561234 -0.9999862414056498
61.380062194168275 -0.9929272047006443
61.504313332213144 -0.970558726196741
61.62856447025802 -0.9332256941376716
61.7528156083029 -0.8815037276411085
61.87706674634778 -0.8161903015189621
62.001317884392655 -0.7382924504170428
0.0 0.0
0.09389111488442103 0.09375322550769033
0.18778222976884207 0.18668057255078813
0.28167334465326316 0.2779634378836023
0.37556445953768414 0.366797704610352
0.46945557442210517 0.4524008257049463
0.5633466893065263 0.534018717520331
0.6572378041909474 0.6109324025620171
0.7511289190753683 0.682464343009152
0.8450200339597893 0.7479844091907205
0.9389111488442103 0.8069154304401664
1.0328022637286314 0.8587382794305868
1.1266933786130526 0.9029964452022439
1.2205844934974734 0.9393000545982915
1.3144756083818947 0.9673293066836173
1.4083667232663155 0.9868372898927731
1.5022578381507365 0.9976521570905504
1.5961489530351578 0.9996786393849435
1.6900400679195786 0.9928988853572224
1.7839311828039999 0.9773726183162802
1.8778222976884207 0.9532366101919915
1.9717134125728417 0.9207034767020889
2.0656045274572628 0.8800598044060163
2.159495642341684 0.8316636261446654
2.2533867572261053 0.7759412671050172
2.347277872110526 0.7133835892929171
2.441168986994947 0.6445416674966735
2.535060101879368 0.5700219348322116
2.6289512167637894 0.49048084063299735
2.72284233164821 0.4066190677437387
2.816733446532631 0.3191753601581139
2.9106245614170523 0.22892001537328066
3.004515676301473 0.13664809878745454
3.0984067911858943 0.04317243991537656
3.1922979060703156 -0.05068352788150849
3.286189020954736 -0.14409302107487643
3.3800801358391572 -0.23623318916119543
3.4739712507235785 -0.32629236320710947
3.5678623656079997 -0.41347720589562764
3.6617534804924206 -0.4970197000878681
3.7556445953768414 -0.5761839143376534
3.849535710261263 -0.6502724857610805
3.9434268251456834 -0.7186327631530329
4.037317940030104 -0.780662556235515
4.1312090549145255 -0.8358154403922794
4.225100169798947 -0.8836055701599985
4.318991284683368 -0.9236119590736039
4.412882399567788 -0.9554821881643513
4.5067735144522105 -0.9789355104422027
4.600664629336631 -0.9937653240149288
4.694555744221052 -0.9998409920580655
4.788446859105473 -0.997108993603479
4.882337973989894 -0.9855933950091715
4.976229088874316 -0.9653956379571162
5.070120203758736 -0.9366936458466638
5.164011318643157 -0.8997402564553578
5.257902433527579 -0.8548609946739594
5.351793548411999 -0.8024512049358096
5.44568466329642 -0.7429725686011391
5.539575778180842 -0.6769490369749426
5.633466893065262 -0.6049622157847158
5.727358007949683 -0.5276462417765109
5.821249122834105 -0.4456821965617248
5.915140237718526 -0.3597921069234066
6.009031352602946 -0.2707325844337998
6.102922467487367 -0.1792881604121483
6.196813582371789 -0.0862643749355817
6.290704697256209 0.0075193192175658854
6.384595812140631 0.10123677518235899
6.478486927025052 0.19406242959050898
6.572378041909472 0.28517857501358246
6.666269156793894 0.37378256320269043
6.7601602716783145 0.45909387567085336
6.854051386562737 0.5403609993328229
6.947942501447157 0.6168680466343455
7.041833616331577 0.6879410618537528
7.1357247312159995 0.7529539580232061
7.22961584610042 0.81133403217087
7.323506960984841 0.8625670102998916
7.417398075869262 0.9062015776625956
7.511289190753683 0.9418533544224317
7.605180305638103 0.9692082816817894
7.699071420522526 0.9880253880479343
7.7929625354069465 0.9981389123661998
7.886853650291367 0.9994597639211436
7.980744765175788 0.9919763072426442
8.074635880060208 0.9757544646035413
8.168526994944632 0.9509371353059015
8.262418109829051 0.9177429368714668
8.356309224713472 0.8764642792252056
8.450200339597894 0.8274647888366369
8.544091454482313 0.7711761055098196
8.637982569366736 0.7080940800393034
8.731873684251157 0.6387744062271646
8.825764799135577 0.5638277257389464
8.919655914019998 0.4839142489201857
9.013547028904421 0.39973793895911336
9.10743814378884 0.3120403106276181
9.201329258673262 0.22159389822776968
9.295220373557683 0.12919545028524634
9.389111488442104 0.035658910938015376
9.483002603326526 -0.058191750152281535
9.576893718210947 -0.15152979620445609
9.670784833095368 -0.24353300609764333
9.764675947979788 -0.3333909173724147
9.858567062864209 -0.4203119656490604
9.952458177748632 -0.5035304575714025
10.046349292633051 -0.5823133158510297
10.140240407517473 -0.6559665369944153
10.234131522401894 -0.723841304826319
10.328022637286313 -0.785339705955088
10.421913752170736 -0.8399199968319133
10.515804867055158 -0.8871013760061508
10.609695981939577 -0.9264682195376243
10.703587096823998 -0.9576737422558457
10.79747821170842 -0.9804430526138858
10.89136932659284 -0.9945755742264896
10.985260441477262 -0.9999468127609338
11.079151556361683 -0.9965094526159709
11.173042671246103 -0.9842937737281412
11.266933786130524 -0.9634073848337749
11.360824901014947 -0.9340342755364033
11.454716015899367 -0.8964331955299769
11.548607130783788 -0.8509353752554153
11.64249824566821 -0.7979416080693978
11.736389360552629 -0.7379187196287448
11.830280475437052 -0.671395455591827
11.924171590321473 -0.598957823862536
12.018062705205892 -0.5212439324072631
12.111953820090314 -0.43893836811893644
12.205844934974735 -0.3527661662450786
12.299736049859156 -0.2634864235035758
12.393627164743577 -0.17188561114867335
12.487518279627999 -0.07877064689283846
12.581409394512418 0.015038213285599282
12.67530050939684 0.1087146008324971
12.769191624281262 0.20143331415402327
12.863082739165682 0.2923775878729569
12.956973854050103 0.38074628776980574
13.050864968934524 0.46576096802797196
13.144756083818944 0.5466727286152767
13.238647198703367 0.6227688123946824
13.332538313587788 0.693378883849802
13.42642942847221 0.7578809341155301
13.520320543356629 0.8157067602959329
13.61421165824105 0.866346970801752
13.708102773125473 0.9093554726151445
13.801993888009893 0.9443534009530596
13.895885002894314 0.9710324567125823
13.989776117778735 0.9891576222984434
14.083667232663155 0.9985692319088162
14.177558347547578 0.9991843780420948
14.271449462431999 0.9909976418346471
14.365340577316418 0.9740811407959507
14.45923169220084 0.948583893520602
14.553122807085261 0.9147305069735038
14.647013921969682 0.8728191979120143
14.740905036854103 0.8232191658744888
14.834796151738525 0.766367340876733
14.928687266622944 0.7027645344661285
15.022578381507365 0.6329710280390487
15.116469496391788 0.5576016372843869
15.210360611276206 0.47732029623083644
15.30425172616063 0.39283420860738716
15.398142841045052 0.3048876180381754
15.49203395592947 0.2142552519503654
15.585925070813893 0.12173549694815891
15.679816185698312 0.028143365771573454
15.773707300582734 -0.06569668220559347
15.867598415467157 -0.1589580036937804
15.961489530351576 -0.25081905344395794
16.055380645236 -0.3404706212949603
16.149271760120417 -0.4271229605601543
16.24316287500484 -0.5100127449591119
16.337053989889263 -0.5884097928100918
16.43094510477368 -0.66162349924955
16.524836219658102 -0.7290089198168229
16.618727334542523 -0.7899724518131986
16.712618449426945 -0.8439770633880005
16.806509564311366 -0.8905470242882503
16.900400679195787 -0.9292720965984397
16.99429179408021 -0.9598111485539007
17.088182908964626 -0.9818951595934464
17.18207402384905 -0.9953295901795791
17.275965138733472 -0.9999960955103439
17.36985625361789 -0.99585356802665
17.463747368502315 -0.9829384995315171
17.557638483386732 -0.9613646597313344
17.651529598271154 -0.9313220940308641
17.74542071315558 -0.8930754494105023
17.839311828039996 -0.8469616431332478
17.933202942924417 -0.7933868948178718
18.027094057808842 -0.7328231480230089
18.12098517269326 -0.6658039128646335
18.21487628757768 -0.5929195662895691
18.308767402462102 -0.514812151405309
18.402658517346524 -0.4321697216791188
18.496549632230945 -0.34572027982880227
18.590440747115366 -0.25622536479783137
18.684331861999787 -0.16447334330761085
18.77822297688421 -0.07127246508204368
18.87211409176863 0.022556257078608727
18.96600520665305 0.11618627965466384
19.059896321537472 0.20879280948443427
19.153787436421894 0.299560069422623
19.24767855130631 0.38768848457602084
19.341569666190736 0.4724017258124959
19.435460781075157 0.5529535484964627
19.529351895959575 0.6286343662080616
19.623243010844 0.6987775015376188
19.717134125728418 0.7627650588917301
19.81102524061284 0.820033367577107
19.904916355497264 0.8700779472135723
19.99880747038168 0.9124579517356386
20.092698585266103 0.9468000528351427
20.186589700150524 0.9728017286353862
20.280480815034945 0.9902339286266887
20.374371929919366 0.9989430913877195
20.468263044803788 0.9988524973183793
20.56215415968821 0.9899629444679139
20.656045274572627 0.9723527415048449
20.74993638945705 0.9461770178906422
20.843827504341473 0.9116663573338798
20.93771861922589 0.8691247665628428
21.031609734110315 0.8189269973098217
21.125500848994733 0.7615152450979342
21.219391963879154 0.6973952539110166
21.31328307876358 0.6271318610608981
21.407174193647997 0.5513440214975618
21.501065308532418 0.47069935539336605
21.59495642341684 0.3859082670321027
21.68884753830126 0.2977176868099018
21.78273865318568 0.20690449147517403
21.876629768070103 0.11426866056912084
21.970520882954524 0.020626229352189482
22.064411997838942 -0.07319789970537766
22.158303112723367 -0.1663772235448624
22.252194227607788 -0.2580909192400284
22.346085342492206 -0.3475310746814774
22.43997645737663 -0.43390980552871916
22.533867572261048 -0.516466195736247
22.62775868714547 -0.5944730005141695
22.721649802029894 -0.667243052676409
22.815540916914312 -0.7341353159426313
22.909432031798733 -0.7945605318699448
23.003323146683154 -0.8479864106701027
23.097214261567576 -0.8939423201860347
23.191105376451997 -0.9320234317221471
23.28499649133642 -0.9618942862075108
23.37888760622084 -0.983291749277363
23.472778721105257 -0.9960273292414108
23.566669835989682 -0.9999888375198017
23.660560950874103 -0.9951413769198599
23.75445206575852 -0.9815276490478062
23.848343180642946 -0.9592675781474332
23.942234295527363 -0.9285572546793913
24.036125410411785 -0.889667207947129
24.13001652529621 -0.8429400229860853
24.223907640180627 -0.7887873227090925
24.31779875506505 -0.7276861418924538
24.41168986994947 -0.6601747249445569
24.50558098483389 -0.5868477844746955
24.599472099718312 -0.5083512624297264
24.693363214602734 -0.42537663994804525
24.787254329487155 -0.33865484605576557
24.881145444371572 -0.24894981886380496
24.975036559255997 -0.15705177598570563
25.06892767414042 -0.06377025345760061
25.162818789024836 0.03007302551916747
25.25670990390926 0.12365138919295515
25.35060101879368 0.216140499468803
25.4444921336781 0.30672561355816674
25.538383248562525 0.39460876110286447
25.632274363446943 0.47901577354959396
25.726165478331364 0.5592031038527797
25.820056593215785 0.6344643764304376
25.913947708100206 0.7041366096741684
26.007838822984628 0.7676060561987009
26.10172993786905 0.8243136093838592
26.19562105275347 0.8737597285823561
26.289512167637888 0.9155088396069281
26.383403282522313 0.9491931717326326
26.477294397406734 0.9745159974138672
26.571185512291155 0.9912542461772761
26.665076627175576 0.9992604696645353
26.758967742059994 0.9984641405148524
26.85285885694442 0.9888722736452275
26.94674997182884 0.9705693644555785
27.040641086713258 0.9437166445030855
27.134532201597683 0.9085506612025606
27.2284233164821 0.8653811940643872
27.32231443136652 0.8145885258259736
27.416205546250946 0.7566200925155746
27.510096661135364 0.6919865419582502
27.603987776019785 0.6212572354448332
27.697878890904207 0.5450552321900749
27.791770005788628 0.46405180076213504
27.88566112067305 0.3789605058326521
27.97955223555747 0.2905309223375922
28.07344335044189 0.19954203242125998
28.16733446532631 0.10679536333023801
28.261225580210734 0.013107926705983772
28.355116695095155 -0.08069497852559544
28.449007809979573 -0.17378703626788047
28.542898924863998 -0.2653481923275714
28.636790039748416 -0.35457187832715686
28.730681154632837 -0.44067211682000906
28.82457226951726 -0.5228904450185011
28.91846338440168 -0.6005025961436815
29.0123544992861 -0.6728248795400336
29.106245614170522 -0.7392202033523808
29.200136729054943 -0.7991036867108723
29.294027843939364 -0.8519478119858718
29.387918958823786 -0.8972870717262114
29.481810073708207 -0.9347220693456154
29.575701188592625 -0.9639230374340709
29.66959230347705 -0.9846327427011108
29.76348341836147 -0.9966687519611488
29.85737453324589 -0.9999250391996813
29.951265648130313 -0.9943729195635713
30.04515676301473 -0.9800613020478482
30.139047877899152 -0.9571162586530821
30.232938992783577 -0.9257399138086582
30.326830107668 -0.8862086638450978
30.420721222552412 -0.8388707422002032
30.514612337436837 -0.7841431518072868
30.60850345232126 -0.7225079916883342
30.70239456720568 -0.6545082101112918
30.796285682090105 -0.5807428217222911
30.89017679697452 -0.5018616307853879
30.98406791185894 -0.4185595070130862
31.077959026743365 -0.3315702644123818
31.171850141627786 -0.2416601970678431
31.265741256512207 -0.14962132880550405
31.359632371396625 -0.056264436201765494
31.453523486281046 0.03758809360197528
31.547414601165467 0.13110950736290414
31.641305716049892 0.22347596866168914
31.735196830934314 0.3138738151328506
31.829087945818728 0.40150672607123866
31.922979060703152 0.4856027372746607
32.01687017558758 0.5654210413283756
32.110761290472 0.6402585134274332
32.20465240535642 0.7094559052503369
32.298543520240834 0.772403652321801
32.392434635125255 0.8285472437072039
32.48632575000968 0.8773921067366512
32.580216864894105 0.9185079637288869
32.674107979778526 0.9515326223362891
32.76799909466294 0.9761751661216207
32.86189020954736 0.9922185172604706
32.95578132443178 0.9995213487943908
33.049672439316204 0.9980193295895805
33.14356355420063 0.9877256910341633
33.23745466908505 0.9687311104820063
33.33134578396947 0.9412029124698039
33.42523689885389 0.9053835947439997
33.51912801373831 0.8615886920818338
33.61301912862273 0.8102039967242853
33.70691024350715 0.7516821599062918
33.800801358391574 0.6865387044215989
33.894692473275995 0.6153474833478219
33.98858358816042 0.5387356249361167
34.08247470304484 0.45737800819626706
34.17636581792925 0.37199131784213496
34.27025693281368 0.28332773096781605
34.3641480476981 0.19216829106912967
34.45803916258252 0.09931602777890544
34.551930277466944 0.005588882925009113
34.64582139235136 -0.08818749477419185
34.73971250723578 -0.18118702290490804
34.83360362212021 -0.27259046237339596
34.92749473700463 -0.3615926341381962
35.02138585188905 -0.4474095120864597
35.115276966773465 -0.5292851295726357
35.209168081657886 -0.6064982387794924
35.30305919654231 -0.6783686642385756
35.396950311426735 -0.7442632945416547
35.49084142631116 -0.8036016594616437
35.58473254119557 -0.8558610433538696
35.67862365607999 -0.9005810897933133
35.77251477096441 -0.9373678568852795
35.866405885848835 -0.9658972875260394
35.96029700073326 -0.9859180640436348
36.054188115617684 -0.9972538220721354
36.1480792305021 -0.9998047041572009
36.24197034538652 -0.9935482394071011
36.33586146027094 -0.9785395414403123
36.42975257515536 -0.9549108228859491
36.52364369003979 -0.9228702307138252
36.617534804924205 -0.8827000126538214
36.711425919808626 -0.8347540308566349
36.80531703469305 -0.7794546446983392
36.89920814957747 -0.7172889901882398
36.99309926446189 -0.6488046887550305
37.08699037934631 -0.5746050232128234
37.18088149423073 -0.49534362340229243
37.27477260911515 -0.4117187083214775
37.368663723999575 -0.3244669354677034
37.462554838883996 -0.23435691157217572
37.55644595376842 -0.14218242189162825
37.65033706865284 -0.048755437700646304
37.74422818353726 0.04510103641786291
37.83811929842168 0.1385602124753549
37.9320104133061 0.2307988023086068
38.025901528190516 0.3210042699804732
38.119792643074945 0.40838198946360005
38.213683757959366 0.4921622445544388
38.30757487284379 0.5716070093550828
38.40146598772821 0.6460164495929704
38.49535710261262 0.7147350875080296
38.589248217497044 0.7771575760003406
38.68313933238147 0.8327340311733968
38.77703044726589 0.8809748762983121
38.870921562150315 0.9214551545281484
38.96481267703473 0.9538182723713231
39.05870379191915 0.9777791409476557
39.15259490680357 0.9931266873554597
39.246486021688 0.99972571402693
39.34037713657242 0.9975180896926001
39.434268251456835 0.9865232614636062
39.52815936634126 0.9668380835207714
39.62205048122568 0.9386359639196229
39.7159415961101 0.902165337027174
39.80983271099453 0.8577474750468846
39.90372382587894 0.8057736579102465
39.99761494076336 0.7467017264655328
40.091506055647784 0.6810520493270311
40.185397170532205 0.6094029389129281
40.27928828541663 0.5323855570523529
40.37317940030105 0.4506783550384054
40.46707051518547 0.36500109710511597
40.56096163006989 0.2761085199759335
40.65485274495431 0.1847836843372032
40.74874385983873 0.09183107680395132
40.84263497472315 -0.001930476856768349
40.936526089607575 -0.09567502481712475
41.030417204492 -0.1885767650536018
41.12430831937642 -0.27981731989259595
41.21819943426084 -0.3685929451543103
41.31209054914525 -0.454121610389254
41.405981664029675 -0.5356498878370578
41.4998727789141 -0.6124595894222188
41.593763893798524 -0.6838740933211297
41.687655008682945 -0.7492643043692275
41.78154612356736 -0.8080541958025501
41.87543723845178 -0.8597258835162389
41.9693283533362 -0.9038241881403974
42.06321946822063 -0.9399606447457748
42.15711058310505 -0.9678169248574202
42.251001697989466 -0.987147640631629
42.34489281287389 -0.9977825064939438
42.43878392775831 -0.9996278391962192
42.53267504264273 -0.9926673830786571
42.62656615752716 -0.9769624532670035
42.72045727241157 -0.9526513955434922
42.81434838729599 -0.919948367649536
42.908239502180415 -0.8791414527558041
43.002130617064836 -0.8305901217182027
43.09602173194926 -0.7747220664749462
43.18991284683368 -0.7120294324795293
43.2838039617181 -0.6430644833583503
43.37769507660252 -0.5684347359833083
43.47158619148694 -0.4887976088148484
43.56547730637136 -0.40485463065855887
43.65936842125578 -0.31734526085077985
43.753259536140206 -0.2270403753115777
43.84715065102463 -0.1347354758470218
43.94104176590905 -0.04124368252024296
44.03493288079347 0.05261142917781865
44.128823995677884 0.1460030832602648
44.222715110562305 0.238108586369503
44.31660622544673 0.3281165749382907
44.410497340331155 0.41523416254593165
44.504388455215576 0.4986939245080787
44.59827957009999 0.5777606581723235
44.69217068498441 0.6517378593678042
44.78606179986883 0.7199738579572225
44.87995291475326 0.7818675584429101
44.97384402963768 0.8368737350574427
45.067735144522096 0.8845078346940939
45.16162625940652 0.9243502453677138
45.25551737429094 0.9560499926048912
45.34940848917536 0.9793278312016938
45.44329960405979 0.9939787051134341
45.5371907189442 0.9998735538071456
45.631081833828624 0.9969604491644982
45.724972948713045 0.9852650529200765
45.818864063597466 0.9648903906054377
45.91275517848189 0.9360159439902795
46.00664629336631 0.8988960700154686
46.10053740825073 0.8538577601456522
46.19442852313515 0.8012977598794699
46.28831963801957 0.7416790737917913
46.382210752903994 0.675526886895297
46.476101867788415 0.6034239382504051
46.56999298267284 0.5260053875777222
46.66388409755726 0.4439532200933761
46.75777521244168 0.357990238855411
46.8516663273261 0.2688736975430698
