0.0 0.0
0.13987046723860172 0.13941484806154644
0.27974093447720344 0.27610666296353925
0.4196114017158052 0.40740559748530525
0.5594818689544069 0.5307471374629082
0.6993523361930085 0.6437221915550793
0.8392228034316104 0.7441241453102534
0.979093270670212 0.8299919604806347
1.1189637379088138 0.8996484777729453
1.2588342051474153 0.9517331749113781
1.398704672386017 0.9852287401864184
1.5385751396246188 0.9994809424583406
1.6784456068632208 0.9942114095169913
1.8183160741018223 0.9695230652125499
1.958186541340424 0.9258981191599189
2.0980570085790253 0.864188648281584
2.2379274758176275 0.7855999541490533
2.3777979430562293 0.6916670211851801
2.5176684102948306 0.5842245355427759
2.6575388775334328 0.4653710502469803
2.797409344772034 0.337427996523299
2.937279812010636 0.2028943418968421
3.0771502792492376 0.06439778067504891
3.2170207464878398 -0.0753565898448075
3.3568912137264415 -0.2136391049935074
3.496761680965043 -0.3477488481945743
3.6366321482036446 -0.47506640492485497
3.7765026154422463 -0.593105024787312
3.916373082680848 -0.6995591924049066
4.05624354991945 -0.792349658455017
4.196114017158051 -0.8696640513039317
4.335984484396653 -0.9299922760201178
4.475854951635255 -0.9721560093572102
4.615725418873857 -0.9953317146144645
4.7555958861124585 -0.9990667268513164
4.895466353351059 -0.9832880942816851
5.035336820589661 -0.9483040031590214
5.175207287828263 -0.8947977583214285
5.3150777550668655 -0.8238144369680835
5.454948222305467 -0.7367404763437141
5.594818689544068 -0.6352765940218827
5.734689156782671 -0.5214045697046853
5.874559624021272 -0.3973485373525498
6.014430091259873 -0.2655315436813332
6.154300558498475 -0.12852822152068244
6.294171025737077 0.010985497588396441
6.4340414929756795 0.15028464934956937
6.57391196021428 0.28664846036876945
6.713782427452883 0.4174134899556336
6.853652894691484 0.5400256521098076
6.993523361930086 0.6520901016053178
7.133393829168687 0.7514180098042791
7.273264296407289 0.8360693165807034
7.413134763645891 0.9043906233292287
7.553005230884493 0.9550474869373239
7.6928756981230935 0.9870504839591956
7.832746165361696 0.9997745359092498
7.972616632600297 0.9929711182159243
8.1124870998389 0.9667731143721525
8.252357567077501 0.9216922204718058
8.392228034316101 0.8586089508263787
8.532098501554705 0.778755439870945
8.671968968793307 0.6836913762703937
8.811839436031908 0.5752735392779058
8.95170990327051 0.45561953235769287
9.09158037050911 0.3270664224222661
9.231450837747714 0.19212509253741392
9.371321304986314 0.053431199672108985
9.511191772224917 -0.0863063046197073
9.651062239463519 -0.22435808509784128
9.790932706702119 -0.3580277318661863
9.930803173940722 -0.4847044263093919
10.070673641179322 -0.6019139352714595
10.210544108417926 -0.7073669374644803
10.350414575656526 -0.7990037382021318
10.490285042895128 -0.8750344990955118
10.630155510133731 -0.9339741969499068
10.770025977372331 -0.9746716290497998
10.909896444610935 -0.9963318983045488
11.049766911849535 -0.9985319390777042
11.189637379088136 -0.9812287804514557
11.329507846326738 -0.9447603855291552
11.469378313565342 -0.8898390503827764
11.609248780803942 -0.8175374915762313
11.749119248042543 -0.7292678940012637
11.888989715281145 -0.6267543282609639
12.028860182519747 -0.5119990763410476
12.16873064975835 -0.38724352329164
12.30860111699695 -0.25492437877829055
12.448471584235552 -0.1176260835773065
12.588342051474154 0.021969669394230337
12.728212518712754 0.1611363135649689
12.868082985951359 0.29715566366233004
13.007953453189959 0.4273710069630464
13.14782392042856 0.5492389938697134
13.287694387667162 0.6603793142930597
13.427564854905766 0.7586211895672259
13.567435322144366 0.8420457718237937
13.707305789382968 0.9090236226853974
13.84717625662157 0.9582465392497794
13.987046723860171 0.9887531057432368
14.126917191098775 0.9999474717717776
14.266787658337375 0.991610990395569
14.406658125575976 0.9639064887132813
14.546528592814578 0.9173750875438138
14.686399060053178 0.852925632322978
14.826269527291782 0.771816941649519
14.966139994530383 0.6756332201996468
15.106010461768985 0.5662531162418838
15.245880929007587 0.4458130281169643
15.385751396246187 0.316665376375956
15.52562186348479 0.18133265659991268
15.665492330723392 0.04245817033560196
15.805362797961994 -0.09724560353562695
15.945233265200594 -0.2350499885918879
16.085103732439197 -0.36826340703313387
16.2249741996778 -0.49428395123792146
16.3648446669164 -0.6106502038936349
16.504715134155003 -0.7150893140877613
16.644585601393604 -0.8055613903441265
16.784456068632203 -0.8802993435249135
16.924326535870808 -0.9378434013919605
17.06419700310941 -0.9770696206932638
17.20406747034801 -0.9972118398802772
17.343937937586613 -0.9978766436782588
17.48380840482521 -0.9790510472236049
17.623678872063817 -0.9411027496825586
17.76354933930242 -0.8847729523976593
17.90341980654102 -0.8111618818369651
18.043290273779622 -0.7217073001099935
18.18316074101822 -0.6181564227802502
18.323031208256825 -0.5025317924720627
18.462901675495427 -0.37709177482416467
18.60277214273403 -0.2442864483779683
18.742642609972627 -0.10670974995374101
18.88251307721123 0.03295118979493917
19.022383544449834 0.17196853107684582
19.162254011688436 0.3076270047845056
19.302124478927038 0.43727694678661444
19.441994946165636 0.5583860508323308
19.581865413404238 0.6685888292363413
19.721735880642843 0.7657328152847939
19.861606347881445 0.8479206049426099
20.001476815120043 0.9135469167088573
20.141347282358645 0.9613299457717607
20.281217749597246 0.9903364000579746
20.42108821683585 0.9999997291751941
20.560958684074453 0.990131190202677
20.70082915131305 0.9609235341940764
20.840699618551653 0.9129472413882612
20.980570085790255 0.8471393786615307
21.12044055302886 0.7647852968560334
21.260311020267462 0.6674935254698793
21.40018148750606 0.5571643550626467
21.540051954744662 0.4359527210207839
21.679922421983264 0.3062261136325157
21.81979288922187 0.17051833656729198
21.959663356460467 0.03148001694336814
22.09953382369907 -0.10817316638548005
22.23940429093767 -0.24571352512543268
22.379274758176273 -0.3784546384050166
22.519145225414878 -0.5038038236074106
22.659015692653476 -0.6193127763190148
22.798886159892078 -0.7227253903012825
22.938756627130683 -0.8120218234720725
23.07862709436928 -0.8854579492054505
23.218497561607883 -0.9415994223921205
23.358368028846485 -0.9793496948864626
23.498238496085087 -0.9979714331460776
23.638108963323692 -0.9971009197371732
23.77797943056229 -0.9767551574174277
23.91784989780089 -0.9373315370402783
24.057720365039494 -0.8796000757670912
24.197590832278095 -0.8046883771894651
24.3374612995167 -0.7140596071186552
24.4773317667553 -0.6094839152162277
24.6172022339939 -0.4930038606549817
24.757072701232502 -0.36689451711184173
24.896943168471104 -0.2336190363168581
25.03681363570971 -0.09578053808550052
25.176684102948307 0.0439287334879518
25.31655457018691 0.1827799946012013
25.456425037425507 0.3180612200035999
25.596295504664113 0.44713011392998087
25.736165971902718 0.5674657190869411
25.876036439141316 0.6767176556715099
26.015906906379918 0.7727520286918662
26.155777373618516 0.8536931069340966
26.29564784085712 0.9179599595067831
26.435518308095723 0.9642973343829745
26.575388775334325 0.9918001758238547
26.715259242572927 0.9999313018128253
26.855129709811532 0.9885318962266368
26.99500017705013 0.9578246108118015
27.134870644288732 0.9084092163788666
27.274741111527334 0.8412508881548928
27.414611578765935 0.7576613541031261
27.55448204600454 0.6592732744185106
27.69435251324314 0.5480083526155013
27.83422298048174 0.4260398010583215
27.974093447720342 0.29574989405226365
28.113963914958944 0.15968343756359074
28.25383438219755 0.020498064391626585
28.393704849436148 -0.11908767437855163
28.53357531667475 -0.2563474077717181
28.673445783913348 -0.38860019605513346
28.813316251151953 -0.5132628945139762
28.95318671839056 -0.6279006071068006
29.093057185629156 -0.7302742445467285
29.232927652867758 -0.8183842579098977
29.372798120106356 -0.8905096935718324
29.51266858734496 -0.945241806655751
29.652539054583563 -0.9815115764591035
29.792409521822165 -0.9986105864305905
29.932279989060767 -0.9962048608725352
30.072150456299365 -0.974341388111924
30.21202092353797 -0.9334472027303498
30.351891390776572 -0.8743210447786436
30.491761858015174 -0.7981177588873308
30.631632325253776 -0.7063257379875391
30.771502792492374 -0.6007378522087296
30.91137325973098 -0.4834164307663296
31.05124372696958 -0.3566529808086581
31.19111419420818 -0.22292342998943127
31.330984661446784 -0.08483976696233092
31.470855128685383 0.05490097565061287
31.610725595923988 0.19356939935874753
31.75059606316259 0.3284570500684671
31.890466530401188 0.4569293192656579
32.03033699763979 0.5764769028555989
32.170207464878395 0.6847648125727828
32.310077932117 0.779677982676091
32.4499483993556 0.8593625811450234
32.5898188665942 0.9222622184919923
32.7296893338328 0.9671483469647232
32.869559801071404 0.993144256385393
33.009430268310005 0.9997421979428135
33.14930073554861 0.9868133014779201
33.28917120278721 0.9546100925594012
33.42904167002581 0.9037615601862652
33.568912137264405 0.8352608714543592
33.708782604503014 0.7504459731423884
33.848653071741616 0.6509734591048848
33.98852353898022 0.5387862138907608
34.12839400621882 0.4160754645683282
34.268264473457414 0.2852379819556573
34.40813494069602 0.14882926719640463
34.548005407934625 0.009513638035122004
34.687875875173226 -0.12998781029964057
34.82774634241183 -0.2669503531827584
34.96761680965042 -0.39869885556890405
35.10748727688903 -0.5226600223915585
35.24735774412763 -0.636412659836353
35.387228211366235 -0.7377349657921438
35.52709867860484 -0.8246479258084881
35.66696914584343 -0.8954539669553103
35.80683961308204 -0.9487701146024399
35.94671008032064 -0.9835550045049435
36.086580547559244 -0.9991292225977303
36.226451014797846 -0.995188575225028
36.36632148203644 -0.9718100306123552
36.50619194927505 -0.9294502155328773
36.64606241651365 -0.8689364965311087
36.785932883752245 -0.7914508199043144
36.925803350990854 -0.6985066260770771
37.06567381822945 -0.5919192892746044
37.20554428546806 -0.47377065986315353
37.34541475270666 -0.34636840191236196
37.485285219945254 -0.212200920192782
37.62515568718386 -0.07388875696897972
37.76502615442246 0.06586659210009174
37.90489662166107 0.20433544323234223
38.04476708889967 0.33881324036043736
38.18463755613826 0.4666733801785244
38.32450802337687 0.5854185146254162
38.464378490615466 0.6927293287706461
38.604248957854075 0.7865098413801053
38.74411942509268 0.8649283433560303
38.88398989233127 0.9264531744472237
39.02386035956988 0.969882639443128
39.163730826808475 0.9943684795324973
39.303601294047084 0.9994324403871212
39.443471761285686 0.9849756133647867
39.58334222852428 0.9512803673803654
39.72321269576289 0.899004833711908
39.863083163001484 0.8291700514638807
40.002953630240086 0.7431400247606241
40.142824097478695 0.642595081190535
40.28269456471729 0.5294990518603845
40.4225650319559 0.4060609140947453
40.56243549919449 0.2746916459706759
40.702305966433094 0.1379571353991076
40.8421764336717 -0.0014719364728751128
40.9820469009103 -0.14087225866803293
41.12191736814891 -0.2775210817442233
41.2617878353875 -0.40874939819164346
41.4016583026261 -0.5319940731496642
41.54152876986471 -0.6448479072323122
41.68139923710331 -0.7451066536418834
41.821269704341915 -0.8308120712383438
41.96114017158051 -0.9002901726572489
42.10101063881911 -0.9521839204190516
42.24088110605772 -0.9854797324132807
42.380751573296315 -0.9995272790559951
42.520622040534924 -0.9940521854448803
42.66049250777352 -0.9691613904150902
42.80036297501212 -0.9253410578234583
42.94023344225073 -0.8634470808576071
43.080103909489324 -0.7846883648385948
43.219974376727926 -0.6906032150352225
43.35984484396653 -0.5830292906803398
43.49971531120513 -0.46406771204337716
43.63958577844374 -0.3360420216152847
43.77945624568233 -0.20145280097084067
43.919326712920935 -0.0629288297258916
44.059197180159536 0.07682425945318067
44.19906764739814 0.21507682692414323
44.33893811463675 0.34912854104477586
44.47880858187534 0.47636112070855596
44.61867904911394 0.5942894752797694
44.758549516352545 0.7006102430690776
44.89841998359115 0.7932467803024136
45.038290450829756 0.8703897218642285
45.17816091806836 0.9305323215878106
45.31803138530695 0.9724998818306507
45.457901852545554 0.9954726975200452
45.597772319784156 0.9990020665287769
45.737642787022764 0.9830190536682565
45.877513254261366 0.9478358371218994
46.01738372149996 0.8941396110203739
46.15725418873856 0.8229791632528439
46.297124655977164 0.7357443906747321
46.436995123215766 0.6341391518183195
46.576865590454375 0.5201479873436324
46.71673605769297 0.3959973582415849
46.85660652493157 0.2641121588797592
46.99647699217017 0.12706835427272037
47.136347459408775 -0.012457333340508536
47.276217926647384 -0.15173970589629204
47.41608839388598 -0.28805831772986
47.55595886112458 -0.4187506109756374
47.69582932836318 -0.5412639203102707
47.83569979560178 -0.653205331288538
47.97557026284039 -0.7523884184452994
48.11544073007899 -0.8368759502808119
48.25531119731759 -0.9050177270211358
48.39518166455619 -0.9554828121111236
48.53505213179479 -0.9872855278987145
48.6749225990334 -0.9998047077660225
48.814793066271996 -0.9927958286770645
48.9546635335106 -0.9663957871707382
49.0945340007492 -0.9211202255149574
49.2344044679878 -0.8578534602471664
49.37427493522641 -0.7778312098156985
49.514145402465005 -0.6826164586835336
49.654015869703606 -0.5740689293136275
49.79388633694221 -0.4543087583052903
49.93375680418081 -0.3256750861545581
50.07362727141942 -0.19068036945820602
50.213497738658006 -0.05196130792967009
50.353368205896615 0.08777265528599988
50.49323867313522 0.22579225411243833
50.63310914037382 0.3594017072214916
50.77297960761243 0.48599137169274215
50.912850074851015 0.6030887142285659
51.052720542089624 0.7084066043615185
51.192591009328225 0.7998879863969086
51.33246147656683 0.8757460575642497
51.472331943805436 0.9344991676226944
51.612202411044024 0.9749997582659228
51.75207287828263 0.9964567770857107
51.891943345521234 0.9984511283073623
52.031813812759836 0.9809438585153437
52.171684279998445 0.9442769174864502
52.31155474723703 0.8891664792700801
52.45142521447564 0.8166889539673451
52.59129568171424 0.7282599634253262
52.731166148952845 0.6256066914903595
52.87103661619145 0.5107341488718654
53.01090708343004 0.38588601152705054
53.15077755066865 0.25350079746617465
53.29064801790725 0.11616423792760587
53.43051848514585 -0.023441226797385393
53.570388952384455 -0.1625888404487111
53.710259419623064 -0.2985607894554875
53.85012988686166 -0.4287012869265367
53.99000035410026 -0.5504684451437355
54.12987082133886 -0.6614839233910031
54.269741288577464 -0.7595793814040548
54.40961175581607 -0.8428388311178838
54.54948222305467 -0.9096360595030256
54.68935269029327 -0.9586663915525746
54.82922315753187 -0.9889721730291828
54.96909362477047 -0.9999614752463837
55.10896409200908 -0.9914196565447413
55.248834559247676 -0.9635135546455693
55.38870502648628 -0.9167882279976737
55.52857549372488 -0.8521563097647554
55.66844596096348 -0.770880182390011
55.80831642820209 -0.674547320902091
55.948186895440685 -0.5650392865538733
56.08805736267929 -0.4444949764062642
56.22792782991789 -0.3152688466616856
56.36779829715649 -0.17988492572362508
56.5076687643951 -0.04098751519345156
56.64753923163369 0.09871045829359767
56.787409698872295 0.23648043160804982
56.9272801661109 0.3696314990756083
57.0671506333495 0.49556297090616513
57.20702110058811 0.6118151695374433
57.346891567826695 0.7161174717456723
57.486762035065304 0.806432658170967
57.626632502303906 0.8809967040278067
57.76650296954251 0.9383532338138608
57.90637343678112 0.9773819670518651
58.046243904019704 0.9973205994660492
58.18611437125831 0.997779692212746
58.325984838496915 0.9787502783505545
58.465855305735516 0.9406040379815168
58.605725772974125 0.8840860386424196
58.74559624021271 0.8103001827400284
58.88546670745132 0.7206876462690006
59.02533717468992 0.6169987299449157
59.165207641928525 0.5012586725522641
59.30507810916713 0.3757280942369696
59.44494857640572 0.24285884235994282
59.58481904364433 0.10524610232484767
59.72468951088293 -0.03442229125453032
59.864559978121534 -0.17341835299969421
60.004430445360136 -0.309027229432395
60.14430091259873 -0.4386002251490131
60.28417137983734 -0.5596065368038342
60.42404184707594 -0.6696826844394829
60.56391231431454 -0.7666786746782482
60.703782781553144 -0.848699994120472
60.84365324879174 -0.9141446127403905
60.98352371603035 -0.9617342745337613
61.12339418326895 -0.9905394642522568
61.26326465050755 -0.9999975625776272
61.40313511774615 -0.9899238351309709
61.54300558498475 -0.9605150406812372
61.68287605222336 -0.9123455880778545
61.82274651946196 -0.8463563169698357
61.96261698670056 -0.7638361214448629
62.10248745393916 -0.6663967755131774
62.24235792117776 -0.5559414521416995
62.38222838841636 -0.43462755072059606
62.52209885565497 -0.3048245590115899
62.66196932289357 -0.16906777261302847
62.80183979013217 -0.03000877588724343
62.941710257370765 0.10963634844943652
63.08158072460937 0.24714006951042372
63.221451191847976 0.379816682026751
63.36132165908658 0.5050747632023214
63.50119212632518 0.6204677880558673
63.641062593563774 0.7237419146370727
63.780933060802376 0.8128800057821903
63.920803528040985 0.8861410275816853
64.06067399527959 0.9420940550341135
64.2005444625182 0.9796462206920825
64.34041492975679 0.9980640604108323
64.48028539699538 0.9969878392770583
64.620155864234 0.9764385779056702
64.76002633147259 0.9368176418678198
64.8998967987112 0.8788989022693655
65.03976726594979 0.8038136205984534
65.1796377331884 0.7130283530693253
65.319508200427 0.608316306032098
65.4593786676656 0.49172270193078454
65.59924913490421 0.3655248322775562
65.73911960214281 0.23218757788325037
65.8789900693814 0.09431526511744774
66.01886053662001 -0.04539920146439232
66.1587310038586 -0.1842269365916876
66.29860147109721 -0.31945637452040354
66.43847193833581 -0.44844623099171493
66.57834240557442 -0.5686770924618163
66.71821287281301 -0.6778006249681471
66.85808334005162 -0.773685441491097
66.99795380729023 -0.8544587319353161
67.13782427452881 -0.9185428426193946
67.27769474176742 -0.9646860908078424
67.41756520900603 -0.991987212419711
67.55743567624462 -0.9999129654045608
67.69730614348323 -0.9883085449586563
67.83717661072183 -0.9574006071527912
67.97704707796044 -0.9077928419146034
68.11691754519903 -0.8404541818333727
68.25678801243764 -0.7566998770913342
68.39665847967625 -0.6581658061636996
68.53652894691483 -0.5467765240474132
68.67639941415344 -0.4247076720965534
68.81626988139205 -0.2943434836710212
68.95614034863064 -0.1582302155923733
69.09601081586925 -0.019026414977957918
69.23588128310784 0.12054900716465779
69.37575175034645 0.25776988136332873
69.51562221758505 0.3899560268781612
69.65549268482366 0.5145256006524683
69.79536315206227 0.629045525544344
0.0 0.0
0.08642686329638138 0.08631930775220566
0.17285372659276277 0.17199424581887
0.2592805898891442 0.25638525470469137
0.34570745318552554 0.3388623593869971
0.4321343164819069 0.4188098720504835
0.5185611797782884 0.4956309881686051
0.6049880430746698 0.5687522416220775
0.6914149063710511 0.637627785597237
0.7778417696674325 0.7017434673075463
0.8642686329638138 0.7606206661206374
0.9506954962601953 0.8138198664394476
1.0371223595565768 0.8609439386660555
1.123549222852958 0.9016411037559712
1.2099760861493396 0.9356075592326193
1.2964029494457208 0.962589747058935
1.3828298127421021 0.9823862464365173
1.4692566760384838 0.9948492774026798
1.555683539334865 0.9998858040011145
1.6421104026312465 0.9974582287910522
1.7285372659276277 0.9875846735104387
1.814964129224009 0.9703388437979891
1.9013909925203907 0.9458494789839657
1.987817855816772 0.9142993910569635
2.0742447191131537 0.8759240999807738
2.1606715824095346 0.831010075548625
2.247098445705916 0.7798925988992718
2.3335253090022974 0.7229532596586271
2.419952172298679 0.6606171073906509
2.5063790355950606 0.5933494786217914
2.5928058988914415 0.5216525231250906
2.679232762187823 0.4460614553950881
2.7656596254842043 0.3671405592960937
2.852086488780586 0.2854789757089389
2.9385133520769675 0.20168630462124174
3.0249402153733485 0.11638805449136994
3.11136707866973 0.030220972856399613
3.197793941966111 -0.05617170695913227
3.284220805262493 -0.14214506755058692
3.3706476685588744 -0.2270573217121592
3.4570745318552554 -0.3102746033490263
3.543501395151637 -0.3911756992587634
3.629928258448018 -0.4691566864594913
3.7163551217443995 -0.5436354404473289
3.8027819850407814 -0.614055980729193
3.8892088483371623 -0.6798926211917586
3.975635711633544 -0.7406538943242618
4.062062574929925 -0.7958862200009907
4.148489438226307 -0.8451772914361906
4.234916301522688 -0.8881591530353606
4.321343164819069 -0.9245109471669496
4.4077700281154515 -0.9539613093498996
4.494196891411832 -0.9762903939770906
4.580623754708214 -0.9913315154527473
4.667050618004595 -0.9989723924927877
4.753477481300976 -0.9991559862994763
4.839904344597358 -0.9918809263534408
4.926331207893739 -0.9772015206445366
5.012758071190121 -0.9552273502651849
5.099184934486502 -0.9261224513925306
5.185611797782883 -0.8901040907658766
5.272038661079265 -0.8474411438004119
5.358465524375646 -0.7984520874445318
5.444892387672028 -0.7435026227639754
5.531319250968409 -0.6830029450000981
5.61774611426479 -0.6174046814811431
5.704172977561172 -0.5471975202448909
5.790599840857553 -0.4729055545398486
5.877026704153935 -0.3950833704931058
5.9634535674503155 -0.3143119071502648
6.049880430746697 -0.23119411979201587
6.136307294043079 -0.14635047890054445
6.22273415733946 -0.06041433837575193
6.309161020635842 0.02597279242265675
6.395587883932222 0.11216603751319791
6.482014747228604 0.19752196826233817
6.568441610524986 0.28140340654981494
6.654868473821367 0.36318418127417046
6.741295337117749 0.4422538026914015
6.827722200414129 0.5180220196929725
6.914149063710511 0.5899232260033641
7.000575927006892 0.6574206824050499
7.087002790303274 0.7200105234722183
7.173429653599656 0.7772255189031338
7.259856516896036 0.8286385613729802
7.346283380192418 0.8738658548705099
7.432710243488799 0.9125697797177178
7.519137106785181 0.9444614128853022
7.605563970081563 0.9693026847898665
7.691990833377943 0.9869081564724755
7.778417696674325 0.9971464038920045
7.864844559970706 0.9999409989995958
7.951271423267088 0.99527108027055
8.037698286563469 0.9831715084346544
8.12412514985985 0.9637326062424276
8.210552013156232 0.9370994842099184
8.296978876452615 0.9034709573753367
8.383405739748996 0.8630980611538868
8.469832603045376 0.8162821773698684
8.556259466341757 0.763372784455137
8.642686329638138 0.7047648486085943
8.729113192934522 0.6408958753915681
8.815540056230903 0.5722426437688071
8.901966919527283 0.49931764697530306
8.988393782823664 0.42266526677772376
9.074820646120045 0.3428577096894233
9.161247509416429 0.26049073547497587
9.24767437271281 0.17617920983078172
9.33410123600919 0.09055251444074901
9.420528099305571 0.004249848670800659
9.506954962601952 -0.08208454202515687
9.593381825898335 -0.16780617536809853
9.679808689194717 -0.2522751432846168
9.766235552491096 -0.33486088879143966
9.852662415787478 -0.414946913074479
9.93908927908386 -0.49193537762428113
10.025516142380242 -0.5652515670731723
10.111943005676624 -0.6343481794191932
10.198369868973003 -0.6987094116105264
10.284796732269385 -0.757854809991693
10.371223595565766 -0.8113428568681164
10.45765045886215 -0.8587742664155305
10.54407732215853 -0.8997949653303965
10.63050418545491 -0.9340987359709292
10.716931048751292 -0.9614295022577898
10.803357912047673 -0.981583241270307
10.889784775344056 -0.9944095062682541
10.976211638640438 -0.9998125497698837
11.062638501936817 -0.997752038302503
11.149065365233199 -0.9882433534900021
11.23549222852958 -0.9713574772297351
11.321919091825963 -0.9472204618159012
11.408345955122345 -0.9160124889649347
11.494772818418724 -0.8779665247672279
11.581199681715105 -0.833366580605917
11.667626545011487 -0.7825455930248969
11.75405340830787 -0.7258829383727409
11.840480271604251 -0.6638016007756093
11.926907134900631 -0.5967650145800835
12.013333998197012 -0.5252736048369563
12.099760861493394 -0.4498610516511178
12.186187724789777 -0.3710903062839655
12.272614588086158 -0.2895493887479871
12.359041451382538 -0.20584699826424505
12.44546831467892 -0.12060796935052304
12.5318951779753 -0.034468607460229034
12.618322041271684 0.05192806100872877
12.704748904568065 0.13793708887659215
12.791175767864445 0.22291642268296932
12.877602631160826 0.30623169558655966
12.964029494457208 0.38726096288460965
13.05045635775359 0.46539934480169015
13.136883221049972 0.5400635418895545
13.223310084346352 0.6106961893308576
13.309736947642733 0.6767700176420309
13.396163810939115 0.7377917887158634
13.482590674235498 0.7933059778214243
13.56901753753188 0.8428981740753465
13.655444400828259 0.8861981740001283
13.74187126412464 0.9228827450761646
13.828298127421021 0.9526780386577222
13.914724990717405 0.9753616342405629
14.001151854013784 0.9907641998208353
14.087578717310166 0.9987707559507443
14.174005580606549 0.9993215340548683
14.260432443902928 0.9924124225998437
14.346859307199312 0.9780949977867724
14.433286170495691 0.956476138537241
14.519713033792073 0.9277172286470541
14.606139897088456 0.892032952063581
14.692566760384835 0.8496896902799063
14.778993623681218 0.8010035338091557
14.865420486977598 0.7463379225832811
14.95184735027398 0.6861009328905726
15.038274213570363 0.6207422311048344
15.124701076866742 0.5507497169464662
15.211127940163125 0.4766458813333455
15.297554803459505 0.39898390601003675
15.383981666755886 0.3183435340713391
15.47040853005227 0.23532674220660732
15.55683539334865 0.15055324697129077
15.643262256645032 0.06465587863116543
15.729689119941412 -0.02172414288663899
15.816115983237793 -0.10794199467110228
15.902542846534176 -0.19335406440084335
15.988969709830556 -0.27732275488067115
16.075396573126937 -0.35922124367550917
16.16182343642332 -0.4384381623111954
16.2482502997197 -0.5143821601121966
16.334677163016085 -0.5864863186073636
16.421104026312463 -0.6542123835503824
16.507530889608844 -0.7170547829631411
16.59395775290523 -0.7745444012074032
16.680384616201607 -0.8262520809116003
16.766811479497992 -0.87179182661101
16.85323834279437 -0.9108236861862195
16.93966520609075 -0.9430562885901819
17.026092069387136 -0.9682490189197412
17.112518932683514 -0.9862138145948869
17.1989457959799 -0.9968165692373216
17.285372659276277 -0.9999781337684343
17.37179952257266 -0.9956749072535587
17.458226385869043 -0.9839390130818687
17.54465324916542 -0.9648580591667506
17.631080112461806 -0.9385744839567278
17.717506975758184 -0.9052844931389681
17.803933839054565 -0.8652365949727842
17.89036070235095 -0.8187297451868522
17.976787565647328 -0.7661111152883698
18.063214428943713 -0.707773500943608
18.14964129224009 -0.6441523897762544
18.236068155536472 -0.5757227104721802
18.322495018832857 -0.5029952874585388
18.408921882129235 -0.4265130276227773
18.49534874542562 -0.34684686753751337
18.581775608721998 -0.2645915114451734
18.66820247201838 -0.18036099181796647
18.754629335314764 -0.09478408563358741
18.841056198611142 -0.00849962058382959
18.927483061907527 0.0778482937449604
19.013909925203905 0.16361507412044088
19.100336788500286 0.24816047544868486
19.18676365179667 0.33085337017449623
19.27319051509305 0.41107645961975314
19.359617378389434 0.48823088208984766
19.44604424168581 0.5617406833488053
19.532471104982193 0.6310571160913696
19.618897968278578 0.6956627363165129
19.705324831574956 0.755075266023248
19.79175169487134 0.8088511933938782
19.87817855816772 0.8565890835894016
19.9646054214641 0.8979325754422626
20.051032284760485 0.9325730416761517
20.137459148056863 0.960251892794516
20.223886011353247 0.9807625074393377
20.310312874649625 0.9939517748101088
20.396739737946007 0.9997212376289694
20.48316660124239 0.9980278271197762
20.56959346453877 0.9888841845145524
20.656020327835154 0.9723585666872641
20.742447191131532 0.9485743366193843
20.828874054427914 0.9177090425008665
20.9153009177243 0.8799930923410327
21.001727781020676 0.8357080339833223
21.08815464431706 0.7851844533634963
21.17458150761344 0.7287995067007704
21.26100837090982 0.666974105043853
21.347435234206205 0.6001697721892327
21.433862097502583 0.5288851994271437
21.52028896079897 0.45365252283385665
21.606715824095346 0.3750333509002443
21.693142687391727 0.29361457215003073
21.779569550688112 0.21000397404382684
21.86599641398449 0.1248257058735289
21.952423277280875 0.038715619516357776
22.038850140577253 -0.04768347717027867
22.125277003873634 -0.13372661888010243
22.21170386717002 -0.21877149749445113
22.298130730466397 -0.3021832568830157
22.384557593762782 -0.38333923207585957
22.47098445705916 -0.46163359742889754
22.55741132035554 -0.5364818890846786
22.643838183651926 -0.6073253679683249
22.730265046948304 -0.6736351907491799
22.81669191024469 -0.7349163576321185
22.903118773541067 -0.7907114075083449
22.98954563683745 -0.8406038328816903
23.075972500133833 -0.884221189078003
23.16239936343021 -0.9212378745276145
23.248826226726596 -0.9513775613661857
23.335253090022974 -0.9744152582095563
23.421679953319355 -0.9901789897041602
23.50810681661574 -0.9985510803151636
23.594533679912118 -0.9994690327689569
23.680960543208503 -0.9929259945924448
23.76738740650488 -0.9789708092664448
23.853814269801262 -0.957707651611333
23.940241133097647 -0.9292952501267758
24.026667996394025 -0.8939457020907426
24.11309485969041 -0.8519228902630082
24.199521722986788 -0.8035405130124393
24.28594858628317 -0.74915974257299
24.372375449579554 -0.6891865289095057
24.45880231287593 -0.6240685693198013
24.545229176172317 -0.5542919663947762
24.631656039468695 -0.4803775992848401
24.718082902765076 -0.4028772353608295
24.80450976606146 -0.32236941129584157
24.89093662935784 -0.23945511431542457
24.977363492654224 -0.15475329585538422
25.0637903559506 -0.06889625111766709
25.150217219246983 0.017475100984462796
25.236644082543368 0.1037160022567716
25.323070945839746 0.18918266831449482
25.40949780913613 0.2732370944033686
25.49592467243251 0.355251818075896
25.58235153572889 0.43461460316987977
25.668778399025275 0.5107330101233446
25.755205262321653 0.5830388185087807
25.841632125618037 0.6509922687726841
25.928058988914415 0.7140860915158994
26.014485852210797 0.7718492942365329
26.10091271550718 0.8238506772674155
26.18733957880356 0.8697020526619057
26.273766442099944 0.9090611419991809
26.360193305396322 0.9416341314769706
26.446620168692704 0.9671778652181818
26.53304703198909 0.9855016604183868
26.619473895285466 0.9964687307842439
26.70590075858185 0.9999972076369278
26.79232762187823 0.9960607510580671
26.87875448517461 0.9846887465160341
26.965181348470995 0.9659660855047653
27.051608211767373 0.9400325318326451
27.13803507506376 0.9070816782920567
27.224461938360136 0.8673595014980542
27.310888801656517 0.8211625256841599
27.397315664952902 0.768835609162532
27.48374252824928 0.7107693699724367
27.570169391545665 0.6473972699344214
27.656596254842043 0.5791923788776802
27.743023118138424 0.5066638431953708
27.82944998143481 0.4303530850900962
27.91587684473119 0.35082976088191614
28.00230370802757 0.2686875085499532
28.08873057132395 0.18453951625201975
28.17515743462033 0.09901394490307465
28.261584297916716 0.01274923898269786
28.348011161213098 -0.07361063942374023
28.434438024509475 -0.1594210177726195
28.520864887805857 -0.2440413255131314
28.607291751102238 -0.326839875917134
28.693718614398623 -0.40719858159171174
28.780145477695005 -0.4845175684732862
28.866572340991382 -0.5582196538600886
28.952999204287764 -0.6277546550546368
29.039426067584145 -0.6926034964524002
29.12585293088053 -0.7522820844174691
29.21227979417691 -0.8063449210193987
29.29870665747329 -0.8543884296549035
29.38513352076967 -0.8960539677287451
29.471560384066052 -0.9310305039042984
29.557987247362437 -0.9590569399382669
29.64441411065882 -0.9799240597671238
29.730840973955196 -0.9934760912954673
29.817267837251578 -0.9996118692275873
29.90369470054796 -0.9982855902617693
29.990121563844344 -0.9895071550098505
30.076548427140725 -0.9733420940896057
30.162975290437103 -0.9499110789416806
30.249402153733485 -0.9193890210228024
30.335829017029866 -0.8820037660997582
30.42225588032625 -0.8380343933911584
30.508682743622632 -0.7878091322538385
30.59510960691901 -0.7317029119657102
30.68153647021539 -0.6701345628958417
30.767963333511773 -0.6035636899549157
30.854390196808158 -0.5324872416655735
30.94081706010454 -0.4574358004644305
31.027243923400917 -0.37896962192843203
31.1136707866973 -0.2976744524925874
31.20009764999368 -0.214157156879631
31.286524513290065 -0.12904118788259925
31.372951376586446 -0.04296193231825413
31.459378239882824 0.043438032106469314
31.545805103179205 0.1295137336076644
31.632231966475587 0.2146226210093115
31.71865882977197 0.2981293603584448
31.805085693068353 0.37941057766404435
31.89151255636473 0.45785951235539335
31.977939419661112 0.5328905467219945
32.064366282957494 0.6039435775229864
32.150793146253875 0.6704881971322394
32.23722000955026 0.7320276530070343
32.32364687284664 0.7881025559230564
32.41007373614302 0.8382943092939982
32.4965005994394 0.8822282339758878
32.58292746273578 0.919576365229792
32.66935432603217 0.9500599009635933
32.755781189328545 0.9734512829768489
32.842208052624926 0.9895758956723747
32.92863491592131 0.9983133695536714
33.01506177921769 0.999598479777724
33.10148864251408 0.9934216330554689
33.18791550581046 0.9798289392652613
33.27434236910683 0.9589218672447398
33.360769232403214 0.9308564873305879
33.447196095699596 0.8958423063006162
33.533622958995984 0.8541407034152355
33.620049822292366 0.8060629792332449
33.70647668558874 0.7519680317673783
33.79290354888512 0.6922596773270441
33.8793304121815 0.627383636048063
33.96575727547789 0.5578242046122113
34.05218413877427 0.48410064099466155
34.13861100207065 0.4067632882269139
34.22503786536703 0.32638946611122494
34.31146472866341 0.2435791615547148
34.3978915919598 0.1589505496945061
34.48431845525618 0.07313537924862497
34.570745318552554 -0.013225743459327722
34.657172181848935 -0.09948813659709212
34.74359904514532 -0.18500785534411426
34.830025908441705 -0.2691464989102233
34.916452771738086 -0.35127597616830547
35.00287963503446 -0.43078319432588447
35.08930649833084 -0.5070746356347828
35.17573336162722 -0.5795807879739416
35.26216022492361 -0.6477603962313963
35.34858708821999 -0.7111045027489103
35.43501395151637 -0.7691402466676521
35.52144081481275 -0.8214343938128802
35.60786767810913 -0.8675965707672268
35.69429454140552 -0.9072821789904315
35.7807214047019 -0.94019496723167
35.867148267998274 -0.9660892430316139
35.953575131294656 -0.9847717068054005
36.04000199459104 -0.9961028948151852
36.126428857887426 -0.9999982202605778
36.21285572118381 -0.996428604715236
36.29928258448018 -0.9854206951959918
36.38570944777656 -0.9670566652440837
36.472136311072944 -0.9414736015034336
36.55856317436933 -0.908862480375113
36.644990037665714 -0.8694667423872525
36.73141690096209 -0.8235804749226185
36.81784376425847 -0.7715462168697419
36.90427062755485 -0.7137524015857978
36.99069749085124 -0.6506304572593344
37.07712435414762 -0.5826515863185971
37.163551217443995 -0.5103232479269215
37.24997808074038 -0.4341853698232781
37.33640494403676 -0.3548063177864189
37.42283180733315 -0.2727786528102969
37.50925867062953 -0.18871470766337267
37.5956855339259 -0.1032420158524629
37.682112397222284 -0.016998627113803406
37.768539260518665 0.06937165559902232
37.85496612381505 0.1552240820747297
37.941392987111435 0.23991776787514488
38.02781985040781 0.32282047850826767
38.11424671370419 0.4033133490298453
38.20067357700057 0.4807955038418504
38.28710044029696 0.5546885422013799
38.37352730359334 0.6244408559557229
38.459954166889716 0.6895317472720306
38.5463810301861 0.749475315622827
38.63280789348248 0.8038240850112032
38.71923475677887 0.8521723443586996
38.80566162007525 0.8941591761199353
38.89208848337162 0.9294711505156033
38.978515346668004 0.9578446652714357
39.064942209964386 0.9790679133971164
39.151369073260774 0.992982464315791
39.237795936557156 0.9994844465410726
39.32422279985353 0.9985253230729454
39.41064966314991 0.990112253724244
39.49707652644629 0.9743080416729808
39.58350338974268 0.9512306646394907
39.66993025303906 0.921052394188152
39.75635711633544 0.8839985097280266
39.84278397963182 0.8403456168123667
39.9292108429282 0.7904195822908232
40.01563770622459 0.7345931017282971
40.10206456952097 0.6732829172496093
40.188491432817344 0.6069467065785729
40.274918296113725 0.5360796664947062
40.36134515941011 0.4612108162119449
40.447772022706495 0.38289904827437043
40.534198886002876 0.30172895644895426
40.62062574929925 0.2183064717597855
40.70705261259563 0.1332543392406794
40.79347947589201 0.047207469172008756
40.8799063391884 -0.039191802495542924
40.96633320248478 -0.1252985091494483
41.05276006578116 -0.2104698681616441
41.13918692907754 -0.29407007923145884
41.22561379237392 -0.37547507060575125
41.31204065567031 -0.45407715774604734
41.39846751896669 -0.5292895796658016
41.484894382263064 -0.6005508790743662
41.571321245559446 -0.6673290936299906
41.65774810885583 -0.7291257270143509
41.744174972152216 -0.7854794701848011
41.8306018354486 -0.8359696450252605
41.91702869874497 -0.8802193446891385
42.00345556204135 -0.917898247191707
42.089882425337734 -0.948725081248595
42.17630928863412 -0.9724697259530832
42.262736151930504 -0.9889549286181392
42.34916301522688 -0.9980576279596327
42.43558987852326 -0.9997098727431891
42.52201674181964 -0.9938993290370449
42.60844360511603 -0.9806693722842859
42.69487046841241 -0.9601187635071525
42.781297331708785 -0.9324009120605202
42.86772419500517 -0.8977227304380737
42.95415105830155 -0.8563430896800156
43.04057792159794 -0.8085708869125747
43.12700478489432 -0.7547627394451011
