0.0 0.0
0.10423244170532896 0.10404380701496165
0.20846488341065791 0.2069582633272354
0.3126973251159869 0.3076262768494827
0.41692976682131583 0.4049551396630745
0.5211622085266447 0.4978883888918059
0.6253946502319738 0.5854172741512892
0.7296270919373027 0.6665917070998019
0.8338595336426317 0.7405305742379363
0.9380919753479605 0.8064313010160472
1.0423244170532895 0.8635785634352368
1.1465568587586186 0.9113520525811981
1.2507893004639477 0.949233207810249
1.3550217421692763 0.9768108455017205
1.4592541838746054 0.9937856222790211
1.5634866255799342 0.99997328425303
1.6677190672852633 0.9953066670186873
1.7719515089905924 0.9798364246956757
1.876183950695921 0.9537304800997735
1.9804163924012501 0.9172722020130308
2.084648834106579 0.8708573293377175
2.188881275811908 0.8149896755210242
2.293113717517237 0.7502756598771372
2.397346159222566 0.6774177251668327
2.5015786009278953 0.5972067128839207
2.6058110426332237 0.5105132790115305
2.7100434843385526 0.41827844342649173
2.814275926043882 0.3215033755339692
2.9185083677492107 0.22123852700487728
3.02274080945454 0.11857222957552839
3.1269732511598685 0.014618881675496123
3.2312056928651973 -0.08949314788725543
3.3354381345705266 -0.19263376788367267
3.4396705762758555 -0.2936834313170568
3.543903017981185 -0.3915452876234107
3.648135459686513 -0.48515708851177974
3.752367901391842 -0.5735027182118344
3.8566003430971714 -0.6556232229728068
3.9608327848025002 -0.7306272200933353
4.065065226507829 -0.797700573496678
4.169297668213158 -0.8561152308270922
4.273530109918488 -0.9052371261445085
4.377762551623816 -0.9445330624371506
4.4819949933291445 -0.9735764992453989
4.586227435034474 -0.9920521825747202
4.690459876739803 -0.9997595668419677
4.794692318445132 -0.9966149917112902
4.898924760150461 -0.9826525901910369
5.003157201855791 -0.958023918134655
5.107389643561119 -0.9229963091671939
5.211622085266447 -0.87794997289397
5.315854526971777 -0.8233738678890997
5.420086968677105 -0.759860394260823
5.524319410382435 -0.6880989634035315
5.628551852087764 -0.6088685147340915
5.732784293793092 -0.5230290606400374
5.8370167354984215 -0.43151235141560135
5.94124917720375 -0.33531176151367775
6.04548161890908 -0.235471506894078
6.149714060614408 -0.13307531050914687
6.253946502319737 -0.029234638957977437
6.358178944025067 0.07492336200469037
6.462411385730395 0.1782681021500589
6.566643827435724 0.2796778188451526
6.670876269141053 0.37805175330292723
6.775108710846382 0.47232209884470183
6.879341152551711 0.5614655914816364
6.98357359425704 0.6445146170045059
7.08780603596237 0.7205677140190893
7.1920384776676975 0.7887993589212489
7.296270919373026 0.8484689266000206
7.400503361078356 0.8989287296041228
7.504735802783684 0.9396310485102163
7.608968244489014 0.970134077181287
7.713200686194343 0.990106718381928
7.817433127899671 0.9993321776961948
7.9216655696050005 0.9977103167375934
8.025898011310328 0.9852587401081258
8.130130453015658 0.9621126043079187
8.234362894720988 0.928523150669642
8.338595336426316 0.8848549782420785
8.442827778131644 0.8315820862245173
8.547060219836975 0.7692827289096468
8.651292661542303 0.6986331389823286
8.755525103247631 0.6204001873051157
8.859757544952961 0.5354330588654155
8.963989986658289 0.4446540352382886
9.068222428363619 0.3490484836172629
9.172454870068949 0.2496541610779584
9.276687311774277 0.14754995017209674
9.380919753479606 0.04384414812218327
9.485152195184934 -0.06033756326737243
9.589384636890264 -0.16386433640130954
9.693617078595594 -0.26561243275697677
9.797849520300922 -0.3644774205818906
9.90208196200625 -0.4593861630246182
10.006314403711581 -0.5493084665729866
10.11054684541691 -0.6332682633608353
10.214779287122237 -0.7103542059642286
10.319011728827567 -0.7797295596851188
10.423244170532895 -0.8406412849460243
10.527476612238225 -0.8924282112102379
10.631709053943554 -0.9345282137031612
10.735941495648882 -0.966484315034571
10.84017393735421 -0.987949645491323
10.94440637905954 -0.9986912081586538
11.04863882076487 -0.9985924080013139
11.152871262470198 -0.9876543174524481
11.257103704175528 -0.9659956647727942
11.361336145880855 -0.9338515453065619
11.465568587586183 -0.8915708696227508
11.569801029291515 -0.8396125762412339
11.674033470996843 -0.778540650052845
11.778265912702173 -0.7090180005063429
11.8824983544075 -0.6317992660119408
11.986730796112829 -0.5477226226664561
12.09096323781816 -0.45770068621286963
12.195195679523488 -0.3627106059896057
12.299428121228816 -0.26378345839540457
12.403660562934146 -0.16199305499921587
12.507893004639474 -0.058444286778223845
12.612125446344804 0.04573886899773116
12.716357888050133 0.1494255490551909
12.820590329755461 0.2514902791507378
12.92482277146079 0.3508251906090524
13.029055213166119 0.44635204576010606
13.133287654871449 0.5370339417445573
13.237520096576777 0.621886565647592
13.341752538282106 0.6999888787915721
13.445984979987434 0.7704931142140843
13.550217421692764 0.8326339788131069
13.654449863398094 0.885736960273932
13.758682305103422 0.9292256486097641
13.862914746808752 0.9626279928438078
13.96714718851408 0.9855814249192559
14.071379630219408 0.9978367952193541
14.17561207192474 0.9992610769791539
14.279844513630067 0.9898388102337383
14.384076955335395 0.9696722696294816
14.488309397040725 0.9389803542768215
14.592541838746053 0.8980962116947206
14.696774280451383 0.8474636216378656
14.801006722156712 0.7876321790586157
14.90523916386204 0.7192513284905618
15.009471605567368 0.6430633146078939
15.113704047272698 0.5598951254792268
15.217936488978028 0.47064951596838794
15.322168930683356 0.376295208719278
15.426401372388685 0.27785637908889604
15.530633814094013 0.1764015381650687
15.634866255799341 0.07303193453889918
15.739098697504673 -0.031130399274264222
15.843331139210001 -0.1349548260143939
15.94756358091533 -0.23731437625718074
16.051796022620657 -0.3370979811816096
16.15602846432599 -0.4332225327433828
16.260260906031316 -0.5246446403461039
16.364493347736644 -0.610371956396733
16.468725789441976 -0.6894739478111903
16.572958231147304 -0.7610919965500991
16.677190672852632 -0.8244487195477231
16.781423114557963 -0.8788564068702374
16.885655556263288 -0.9237244865107851
16.98988799796862 -0.9585659347942102
17.09412043967395 -0.9830025628092182
17.198352881379275 -0.996769121486096
17.302585323084607 -0.9997161807610928
17.406817764789935 -0.9918117515753817
17.511050206495263 -0.9731416331025163
17.615282648200594 -0.943908481435362
17.719515089905922 -0.9044296098415169
17.82374753161125 -0.8551335444644865
17.927979973316578 -0.79655537285701
18.03221241502191 -0.7293309358361896
18.136444856727238 -0.654189925705353
18.240677298432566 -0.5719479657584412
18.344909740137897 -0.4834977570405323
18.44914218184322 -0.3897993884625891
18.553374623548553 -0.29186991544990637
18.657607065253885 -0.19077232024366125
18.761839506959213 -0.0876039736866007
18.86607194866454 0.016515276264709767
18.97030439036987 0.12045526000700933
19.0745368320752 0.22308775379451093
19.178769273780528 0.32329872612160476
19.283001715485856 0.4200004300549439
19.387234157191187 0.5121432102577892
19.491466598896512 0.5987268965464826
19.595699040601843 0.6788116603069465
19.699931482307175 0.7515282159293695
19.8041639240125 0.8160872565290289
19.90839636571783 0.8717880215324995
20.012628807423162 0.9180259031317606
20.116861249128487 0.9542990090415019
20.22109369083382 0.9802136103236672
20.325326132539146 0.995488415145442
20.429558574244474 0.99995762208093
20.533791015949806 0.9935727198141969
20.638023457655134 0.976403013708709
20.74225589936046 0.9486348735274678
20.84648834106579 0.9105697104695226
20.95072078277112 0.8626207054812517
21.05495322447645 0.805308324355196
21.159185666181777 0.73925466829809
21.26341810788711 0.66517672129027
21.367650549592433 0.5838785675334582
21.471882991297765 0.4962426634631267
21.576115433003096 0.40322025906409015
21.68034787470842 0.30582107246170875
21.784580316413752 0.20510232986660584
21.88881275811908 0.10215728983965187
21.993045199824408 -0.0018966235587705629
22.09727764152974 -0.10592994992553857
22.201510083235068 -0.20881345232087828
22.305742524940396 -0.3094303746488878
22.409974966645724 -0.40668856356384153
22.514207408351055 -0.4995323233242607
22.618439850056387 -0.58695387491538
22.72267229176171 -0.6680042950562025
22.826904733467043 -0.7418038163529335
22.931137175172367 -0.8075513767949954
23.0353696168777 -0.8645333149380928
23.13960205858303 -0.9121311163917084
23.243834500288358 -0.9498281275263725
23.348066941993686 -0.9772151635262325
23.452299383699014 -0.9939949499139474
23.556531825404345 -0.999985349337073
23.660764267109673 -0.9951213385905571
23.764996708815 -0.9794557144156195
23.869229150520333 -0.9531585204138692
23.973461592225657 -0.9165152012972688
24.07769403393099 -0.8699235045087461
24.18192647563632 -0.8138891628450661
24.286158917341645 -0.7490204049451896
24.390391359046976 -0.6760213532304085
24.494623800752304 -0.5956843809588304
24.598856242457632 -0.5088815113549942
24.703088684162964 -0.41655495217344657
24.80732112586829 -0.31970686843948415
24.91155356757362 -0.21938850437952076
25.015786009278948 -0.11668877261790246
25.12001845098428 -0.01272243449947112
25.224250892689607 0.09138200016457627
25.328483334394935 0.19449452258454322
25.432715776100267 0.29549589075082305
25.53694821780559 0.39328977832372625
25.641180659510923 0.48681467478363316
25.745413101216254 0.5750554076703384
25.84964554292158 0.6570541618427878
25.95387798462691 0.731920876149819
26.058110426332238 0.7988429046604807
26.162342868037566 0.8570938375855515
26.266575309742898 0.90604138614285
26.370807751448226 0.9451542457795697
26.475040193153554 0.9740078632543215
26.57927263485888 0.9922890449796627
26.683505076564213 0.9997993566035661
26.787737518269545 0.9964572769288236
26.89196995997487 0.9822990827905254
26.9962024016802 0.957478455286638
27.10043484338553 0.9222648116358995
27.204667285090856 0.877040380769969
27.308899726796188 0.8222960544030411
27.413132168501516 0.7586260586137727
27.517364610206844 0.6867215037771833
27.621597051912172 0.6073628828592741
27.725829493617503 0.5214115995021164
27.83006193532283 0.4298006178584251
27.93429437702816 0.33352433566758755
28.03852681873349 0.23362779049660085
28.142759260438815 0.1311953163075027
28.246991702144147 0.027338773479310508
28.35122414384948 -0.07681451995735418
28.455456585554803 -0.18013402487185604
28.559689027260134 -0.2814982525487897
28.663921468965462 -0.3798069379647983
28.76815391067079 -0.47399298269144247
28.87238635237612 -0.5630340377889163
28.97661879408145 -0.6459636009633488
29.080851235786778 -0.7218815075328493
29.185083677492106 -0.7899637013273227
29.289316119197437 -0.8494711794631946
29.393548560902765 -0.8997580139013394
29.497781002608093 -0.9402783627176885
29.602013444313425 -0.9705923949821587
29.70624588601875 -0.9903710649339144
29.81047832772408 -0.9993996836313569
29.914710769429412 -0.9975802493080861
30.018943211134737 -0.9849325111398635
30.123175652840068 -0.9615937548758104
30.227408094545396 -0.9278173126607522
30.331640536250724 -0.8839698132239152
30.435872977956056 -0.8305272022820186
30.540105419661383 -0.7680695763535643
30.64433786136671 -0.6972748860610262
30.74857030307204 -0.6189115772689135
30.85280274477737 -0.5338302499349564
30.957035186482702 -0.4429544252140148
31.061267628188027 -0.3472705210337975
31.16550006989336 -0.2478171449531856
31.269732511598683 -0.14567382052466274
31.373964953304014 -0.041949269531162084
31.478197395009346 0.0622306227111978
31.582429836714674 0.1657350283532081
31.686662278420002 0.2674404516617119
31.79089472012533 0.36624292408177034
31.89512716183066 0.46106998733974014
31.99935960353599 0.5508923345158014
32.103592045241314 0.6347349827271606
32.20782448694665 0.7116878561472189
32.31205692865198 0.7809156644865726
32.416289370357305 0.8416669697093014
32.52052181206263 0.893282342569101
32.62475425376796 0.9352015204296732
32.72898669547329 0.9669694886742793
32.83321913717862 0.9882414196933834
32.93745157888395 0.9987864158398003
33.04168402058928 0.998490015723183
33.14591646229461 0.9873554366391081
33.250148903999936 0.9655035396467151
33.354381345705264 0.933171517673978
33.45861378741059 0.890710320890655
33.56284622911593 0.8385808472953838
33.667078670821255 0.7773489398664768
33.771311112526575 0.7076792445801426
33.87554355423191 0.6303279959647352
33.97977599593724 0.546134808500784
34.08400843764257 0.4560135629674663
34.1882408793479 0.36094248666047146
34.29247332105322 0.26195353515615794
34.39670576275855 0.16012119087827623
34.500938204463885 0.056550800054209156
34.60517064616921 -0.047633425342144056
34.70940308787454 -0.15130061042706533
34.81363552957987 -0.2533254925666673
34.9178679712852 -0.3526006356180238
35.022100412990525 -0.4480484506714137
35.12633285469586 -0.5386328928137127
35.23056529640119 -0.6233707069495688
35.33479773810651 -0.7013421006119045
35.439030179811844 -0.7717007279128971
35.54326262151717 -0.833682876263938
35.6474950632225 -0.8866157561468219
35.751727504927835 -0.9299248039541045
35.855959946633156 -0.9631399186295291
35.960192388338484 -0.9859005644124968
36.06442483004382 -0.9979596842984024
36.16865727174915 -0.9991863817359966
36.272889713454475 -0.9895673414530611
36.3771221551598 -0.9692069739879491
36.48135459686513 -0.9383262823581718
36.58558703857046 -0.8972604631678539
36.689819480275794 -0.8464552681929944
36.79405192198112 -0.7864621659379852
36.89828436368644 -0.7179323556825544
37.00251680539178 -0.6416096989941124
37.106749247097106 -0.558322645430942
37.21098168880244 -0.46897524007908775
37.31521413050777 -0.3745373105324609
37.41944657221309 -0.27603393983207936
37.523679013918425 -0.17453433963125636
37.62791145562375 -0.07114024436378646
37.73214389732908 0.033026047608770114
37.836376339034416 0.13683385606228485
37.94060878073974 0.2391563919567643
38.044841222445065 0.3388829882460245
38.1490736641504 0.43493115568993396
38.25330610585573 0.5262583328087842
38.357538547561056 0.611873202439045
38.461770989266384 0.6908464520540845
38.56600343097171 0.7623208610513013
38.67023587267704 0.8255206055124724
38.774468314382375 0.8797596794381606
38.8787007560877 0.9244493410472899
38.982933197793024 0.9591045033155682
39.08716563949836 0.9833489993861521
39.19139808120369 0.9969196656988085
39.295630522909015 0.9996691985170095
39.39986296461435 0.9915677528465213
39.50409540631967 0.9727032663899668
39.608327848025 0.9432805050209384
39.712560289730334 0.9036188401386593
39.81679273143566 0.8541487820290393
39.92102517314099 0.7954073068609706
40.025257614846325 0.7280320280413514
40.129490056551646 0.6527542751962622
40.233722498256974 0.5703911559028856
40.33795493996231 0.4818366863388113
40.44218738166764 0.38805208712157413
40.546419823372965 0.2900553496729167
40.65065226507829 0.1889101863604846
40.75488470678362 0.08571448435832135
40.85911714848895 -0.018411611445432373
40.963349590194284 -0.12233785713874376
41.06758203189961 -0.22493617809641148
41.17181447360493 -0.32509291374417926
41.27604691531027 -0.4217209058645053
41.380279357015596 -0.5137712992306024
41.48451179872092 -0.6002449264781404
41.58874424042626 -0.6802031536365134
41.69297668213158 -0.7527780685962037
41.79720912383691 -0.817181901920883
41.90144156554224 -0.8727155777452215
42.00567400724757 -0.9187763019422527
42.1099064489529 -0.9548641051939536
42.214138890658226 -0.980587269942787
42.318371332363554 -0.9956665823170395
42.42260377406888 -0.9999383628771125
42.52683621577422 -0.9933562432853245
42.631068657479545 -0.9759916696142437
42.735301099184866 -0.9480331268303488
42.8395335408902 -0.909784092870908
42.94376598259553 -0.8616597445217313
43.04799842430086 -0.8041824508519985
43.15223086600619 -0.7379761031230573
43.25646330771151 -0.6637593427175785
43.36069574941684 -0.5823377605968928
43.464928191122176 -0.49459515295819767
43.569160632827504 -0.4014839280075811
43.67339307453283 -0.30401476797921373
43.77762551623816 -0.2032456586151263
43.88185795794349 -0.1002704051857584
43.986090399648816 0.0037932402950369053
44.09032284135415 0.1078157117865787
44.19455528305948 0.21066789017408027
44.2987877247648 0.31123335937024715
44.403020166470135 0.4084205245309538
44.50725260817546 0.5011744608469533
44.61148504988079 0.5884883642982834
44.715717491586126 0.6694144800781402
44.81994993329145 0.7430743900629894
44.924182374996775 0.8086685476629248
45.02841481670211 0.865484956555405
45.13264725840744 0.9129068990986149
45.23687970011277 0.9504196305358036
45.341112141818094 0.9776159663278384
45.44534458352342 0.9942007019659862
45.54957702522876 0.9999938172896584
45.653809466934085 0.9949324305277115
45.75804190863941 0.9790714808529829
45.862274350344734 0.9525831320412379
45.96650679205007 0.915754903707542
46.0707392337554 0.868986550404726
46.17497167546073 0.8127857224599051
46.27920411716606 0.7477624556489018
46.38343655887138 0.6746225495206858
46.487669000576716 0.5941599062473192
46.591901442282044 0.5072479131579438
46.69613388398737 0.41482996249552906
46.80036632569271 0.31790921130051153
46.90459876739803 0.21753769257331257
47.008831209103356 0.11480489590927173
47.11306365080869 0.01082594155850539
47.21729609251402 -0.09327052372401552
47.32152853421935 -0.19635457765280126
47.425760975924675 -0.29730728723144917
47.52999341763 -0.3950328542882864
47.63422585933533 -0.4884705098934491
47.738458301040666 -0.5766060285486392
47.842690742745994 -0.6584827371679522
47.946923184451315 -0.7332118993521181
48.05115562615665 -0.7999823622392432
48.15538806786198 -0.8580693612196377
48.259620509567306 -0.9068423869434696
48.36385295127264 -0.9457720292281103
48.46808539297796 -0.9744357235775879
48.57231783468329 -0.9925223379381721
48.676550276388625 -0.9998355499027572
48.78078271809395 -0.996295977706026
48.88501515979928 -0.9819420418793134
48.98924760150461 -0.9569295482122899
49.09348004320994 -0.9215299965482353
49.197712484915264 -0.8761276337702043
49.3019449266206 -0.8212152829666415
49.40617736832593 -0.7573889940490816
49.51040981003125 -0.6853415738871236
49.61464225173658 -0.6058550661883131
49.71887469344191 -0.5197922627506526
49.82310713514724 -0.4280873382292765
49.927339576852575 -0.33173571007303465
50.031572018557895 -0.23178323369694273
50.13580446026322 -0.12931485017214417
50.24003690196856 -0.025442809658038926
50.344269343673886 0.07870540159404012
50.448501785379214 0.18199929961839598
50.55273422708454 0.2833176736513703
50.65696666878987 0.381560756391168
50.7611991104952 0.4756621614981345
50.86543155220053 0.5646004587590754
50.96966399390586 0.6474102612721607
51.07389643561118 0.7231927043058836
51.17812887731652 0.7911252020884864
51.282361319021845 0.8504703766220973
51.38659376072717 0.9005840616032812
51.49082620243251 0.9409222945707317
51.59505864413783 0.971047221383441
51.69929108584316 0.9906318489387952
51.80352352754849 0.9994635945418089
51.90775596925382 0.9974465933987093
52.01198841095915 0.9846027391879741
