0.0 0.0
0.05537835755332036 0.055350056515056686
0.11075671510664072 0.11053041092955423
0.16613507265996108 0.16537188144597834
0.22151343021328143 0.21970632527766612
0.2768917877666018 0.2733671541710276
0.33227014531992216 0.3261898451616017
0.38764850287324254 0.37801244499797937
0.44302686042656286 0.42867606668704117
0.49840521797988324 0.4780253766381118
0.5537835755332036 0.5259090709124579
0.609161933086524 0.5721803391179586
0.6645402906398443 0.6166973145266573
0.7199186481931646 0.6593235090351436
0.7752970057464851 0.6999282316341867
0.8306753632998054 0.7383869891046009
0.8860537208531257 0.7745818677108174
0.9414320784064462 0.8084018947218999
0.9968104359597665 0.8397433786515863
1.052188793513087 0.8685102271741882
1.1075671510664071 0.894614241741626
1.1629455086197276 0.9179753879983085
1.218323866173048 0.9385220411647714
1.2737022237263684 0.9561912056377336
1.3290805812796886 0.9709287081332821
1.3844589388330089 0.982689363781013
1.4398372963863293 0.9914371146598864
1.4952156539396497 0.9971451403510485
1.5505940114929702 0.9997959401686676
1.6059723690462906 0.999381386816666
1.6613507265996108 0.9959027513068379
1.716729084152931 0.9893706990619535
1.7721074417062515 0.9798052572157994
1.8274857992595719 0.9672357532104102
1.8828641568128923 0.9517007248787535
1.9382425143662125 0.9332478022885491
1.993620871919533 0.9119335617094918
2.0489992294728534 0.8878233521516068
2.104377587026174 0.860991095006569
2.1597559445794943 0.8315190574062833
2.2151343021328143 0.7994975999936006
2.2705126596861347 0.7650248998785008
2.325891017239455 0.7282066496291549
2.381269374792775 0.68915573322075
2.436647732346096 0.6479918799356114
2.492026089899416 0.6048412972757632
2.547404447452737 0.5598362840133966
2.602782805006057 0.5131148245656426
2.6581611625593773 0.4648201659372672
2.7135395201126977 0.4151003785283938
2.7689178776660177 0.3641079021537924
2.8242962352193386 0.3119990786656355
2.8796745927726586 0.25893367261269606
2.9350529503259795 0.20507438140562037
2.9904313078792994 0.15058633649012013
3.0458096654326194 0.09563659705745305
3.1011880229859403 0.040393637844484374
3.1565663805392603 -0.014973167406284094
3.211944738092581 -0.07029406524302617
3.267323095645901 -0.12539944296507088
3.3227014531992216 -0.18012034865185572
3.378079810752542 -0.23428900916593065
3.433458168305862 -0.2877393445418445
3.488836525859183 -0.3403074771838023
3.544214883412503 -0.39183223431089664
3.5995932409658233 -0.44215564210944563
3.6549715985191438 -0.4911234100773536
3.7103499560724638 -0.5385854040755234
3.7657283136257846 -0.5843961066359473
3.8211066711791046 -0.628415063115177
3.876485028732425 -0.6705073123252893
3.9318633862857455 -0.7105438003220249
3.987241743839066 -0.7484017760814494
4.042620101392386 -0.7839651678519912
4.097998458945707 -0.8171249390279727
4.153376816499026 -0.8477794224535323
4.208755174052348 -0.8758346321319735
4.264133531605667 -0.9012045513848332
4.3195118891589885 -0.9238113965772029
4.374890246712308 -0.9435858556006985
4.4302686042656285 -0.9604673003829215
4.485646961818949 -0.9744039727718409
4.541025319372269 -0.9853531432251921
4.59640367692559 -0.993281241818348
4.65178203447891 -0.9981639611689967
4.707160392032231 -0.9999863309630608
4.76253874958555 -0.9987427638533625
4.817917107138872 -0.9944370725903122
4.873295464692192 -0.987082458332097
4.9286738222455115 -0.9767014701702084
4.984052179798832 -0.9633259359944056
5.039430537352152 -0.9469968649090812
5.094808894905474 -0.9277643215002139
5.150187252458793 -0.9056872723384116
5.205565610012114 -0.880833405188651
5.260943967565434 -0.8532789214810284
5.316322325118755 -0.8231083026787872
5.371700682672075 -0.7904140512599426
5.4270790402253954 -0.7552964071066429
5.482457397778716 -0.7178630401718157
5.537835755332035 -0.6782287203653731
5.593214112885357 -0.6365149656720972
5.648592470438677 -0.5928496695800793
5.703970827991997 -0.5473667089619899
5.759349185545317 -0.500205533611423
5.814727543098638 -0.45151073869278807
5.870105900651959 -0.40143162141559574
5.9254842582052785 -0.3501217232923809
5.980862615758599 -0.29773835938367077
6.036240973311919 -0.24444213597335038
6.091619330865239 -0.19039645815319564
6.14699768841856 -0.13576702882632072
6.202376045971881 -0.0807213406655965
6.257754403525201 -0.02542816258465559
6.313132761078521 0.029942977704015893
6.368511118631841 0.0852223134574574
6.423889476185162 0.14024035940346655
6.479267833738482 0.19482843137885184
6.534646191291802 0.2488191635115111
6.590024548845123 0.3020470213606404
6.645402906398443 0.3543488094418267
6.700781263951764 0.4055641715809447
6.756159621505084 0.45553608256278905
6.8115379790584045 0.5041113295670574
6.866916336611724 0.5511409819156101
6.9222946941650445 0.5964808476907776
6.977673051718366 0.6399919158247207
7.033051409271686 0.6815407823044195
7.088429766825006 0.7210000591855542
7.143808124378326 0.7582487651612423
7.199186481931647 0.7931726964881597
7.254564839484967 0.8256647771328006
7.3099431970382875 0.8556253870643266
7.365321554591608 0.8829626676874709
7.4206999121449275 0.9075928034790446
7.476078269698248 0.9294402789645566
7.531456627251569 0.9484381102470565
7.58683498480489 0.9645280503783433
7.642213342358209 0.9776607679428766
7.69759169991153 0.98779599830685
7.75297005746485 0.9949026670687053
7.8083484150181715 0.9989589853325895
7.863726772571491 0.9999525165126476
7.919105130124811 0.9978802144633319
7.974483487678132 0.9927484328188191
8.029861845231451 0.9845729055129031
8.085240202784773 0.9733786985390864
8.140618560338092 0.9592001330987767
8.195996917891414 0.9420806803732084
8.251375275444733 0.9220728282417247
8.306753632998053 0.8992379203550486
8.362131990551374 0.8736459680569508
8.417510348104695 0.8453754357309546
8.472888705658015 0.8145130002301973
8.528267063211334 0.7811532851280331
8.583645420764656 0.7453985706041628
8.639023778317977 0.7073584798557736
8.694402135871297 0.6671496429951357
8.749780493424616 0.6248953394641478
8.805158850977937 0.5807251200621814
8.860537208531257 0.5347744097460799
8.915915566084578 0.48718409242009986
8.971293923637898 0.4381000789888574
9.02667228119122 0.3876728599975737
9.082050638744539 0.3360570442312648
9.137428996297858 0.2834108846874709
9.19280735385118 0.22989579337592353
9.2481857114045 0.17567584643274928
9.30356406895782 0.12091728106650029
9.358942426511142 0.06578798587840727
9.414320784064461 0.010456986119479988
9.469699141617781 -0.044906074537334736
9.5250774991711 -0.10013145412105467
9.580455856724422 -0.15504983278795237
9.635834214277743 -0.20949283195260332
9.691212571831063 -0.2632935305330649
9.746590929384384 -0.3162869767273824
9.801969286937704 -0.36831069375230635
9.857347644491023 -0.41920517799368023
9.912726002044344 -0.46881438804113623
9.968104359597664 -0.5169862231077488
10.023482717150985 -0.5635729893678361
10.078861074704305 -0.6084318527830875
10.134239432257626 -0.6514252770287113
10.189617789810947 -0.6924214451768816
10.244996147364265 -0.7312946638446505
10.300374504917587 -0.7679257485672042
10.355752862470906 -0.8022023892148922
10.411131220024227 -0.8340194943337189
10.466509577577549 -0.8632795133535063
10.521887935130868 -0.8898927356758783
10.57726629268419 -0.9137775657250577
10.63264465023751 -0.9348607731181663
10.688023007790829 -0.9530777171880329
10.74340136534415 -0.9683725451701068
10.79877972289747 -0.9806983634458497
10.854158080450791 -0.9900173813175791
10.909536438004112 -0.9963010268739443
10.964914795557432 -0.9995300345908028
11.020293153110751 -0.9996945043989086
11.07567151066407 -0.9967939320373149
11.131049868217392 -0.9908372105994269
11.186428225770713 -0.9818426032669664
11.241806583324033 -0.9698376873154442
11.297184940877354 -0.9548592695628157
11.352563298430674 -0.9369532735205597
11.407941655983993 -0.9161745985931624
11.463320013537315 -0.8925869517577071
11.518698371090634 -0.8662626522396353
11.574076728643956 -0.8372824097835279
11.629455086197275 -0.8057350771987453
11.684833443750597 -0.7717173779385889
11.740211801303918 -0.7353336095482492
11.795590158857236 -0.6966953238907416
11.850968516410557 -0.6559209851312474
11.906346873963876 -0.6131356065285106
11.961725231517198 -0.5684703671468195
12.01710358907052 -0.5220622096637857
12.072481946623839 -0.4740534205069919
12.12786030417716 -0.4245911936068152
12.183238661730478 -0.37382717910296726
12.238617019283799 -0.32191701838836
12.29399537683712 -0.2690198669159136
12.34937373439044 -0.21529790623129855
12.404752091943761 -0.1609158467277493
12.46013044949708 -0.10604042264750041
12.515508807050402 -0.05083988087811853
12.570887164603722 0.004516534888876114
12.626265522157041 0.05985910305559447
12.681643879710363 0.11501814448059652
12.737022237263682 0.16982454271153863
12.792400594817003 0.22411026249264565
12.847778952370325 0.27770886495723257
12.903157309923644 0.33045601792574886
12.958535667476964 0.3821899997447624
13.013914025030283 0.43275219512211743
13.069292382583605 0.48198758143806286
13.124670740136926 0.5297452040413154
13.180049097690246 0.5758786390728251
13.235427455243567 0.6202464423982293
13.290805812796886 0.662712583272562
13.346184170350206 0.7031468614076447
13.401562527903527 0.7414253061634083
13.456940885456847 0.7774305566392443
13.512319243010168 0.8110522215000489
13.567697600563488 0.8421872174337075
13.623075958116809 0.8707400852023549
13.67845431567013 0.8966232823183684
13.733832673223448 0.9197574514477828
13.78921103077677 0.9400716637182001
13.844589388330089 0.9575036361851994
13.89996774588341 0.9719999227905339
13.955346103436732 0.9835160782266077
14.010724460990051 0.9920167942048492
14.066102818543373 0.9974760077101765
14.12148117609669 0.9998769809096478
14.176859533650012 0.9992123524703039
14.232237891203333 0.9954841601288578
14.287616248756652 0.9887038344440384
14.342994606309974 0.9788921637507385
14.398372963863293 0.966079230423422
14.453751321416615 0.9503043186441987
14.509129678969934 0.9316157939583575
14.564508036523254 0.910070954986626
14.619886394076575 0.8857358577488148
14.675264751629895 0.8586851131374624
14.730643109183216 0.8290016581624143
14.786021466736537 0.796776501667714
14.841399824289855 0.7621084453004134
14.896778181843176 0.7251037805868094
14.952156539396496 0.6858759630448896
15.007534896949817 0.6445452643321055
15.062913254503139 0.601238403495027
15.118291612056458 0.5560881584514286
15.17366996960978 0.509232958896001
15.229048327163097 0.46081646187785236
15.284426684716419 0.4109871113510214
15.33980504226974 0.3598976830484789
15.39518339982306 0.30770481607495725
15.45056175737638 0.25456853265477
15.5059401149297 0.20065174750707462
15.561318472483022 0.14611976835278156
15.616696830036343 0.0911397890845964
15.67207518758966 0.035880377154083785
15.727453545142982 -0.019489043252579902
15.782831902696302 -0.07479871066554883
15.838210260249623 -0.1298790468163987
15.893588617802944 -0.1845611765614906
15.948966975356264 -0.23867744564958884
16.004345332909583 -0.2920619347462466
16.059723690462903 -0.34455096813896446
16.115102048016226 -0.39598361556346257
16.170480405569545 -0.44620218561244757
16.225858763122865 -0.49505270921414657
16.281237120676185 -0.5423854116982055
16.336615478229504 -0.5880551720016586
16.391993835782827 -0.6319219676070351
16.447372193336147 -0.6738513038484206
16.502750550889466 -0.7137146262692698
16.55812890844279 -0.7513897147676372
16.613507265996105 -0.7867610583204115
16.66888562354943 -0.8197202091376911
16.724263981102748 -0.8501661151613775
16.779642338656068 -0.8780054298886698
16.83502069620939 -0.9031527985704543
16.89039905376271 -0.9255311199071533
16.94577741131603 -0.9450717824396856
17.00115576886935 -0.9617148749107394
17.05653412642267 -0.9754093699514201
17.111912483975992 -0.9861132805300823
17.16729084152931 -0.9937937886836771
17.22266919908263 -0.9984273461369351
17.278047556635954 -0.9999997465008772
17.333425914189274 -0.998506168829302
17.388804271742593 -0.9939511923997062
17.444182629295913 -0.9863487826733152
17.499560986849232 -0.9757222484772761
17.554939344402555 -0.9621041705402856
17.610317701955875 -0.9455363016007708
17.665696059509195 -0.9260694383938715
17.721074417062514 -0.9037632659097307
17.776452774615834 -0.878686174400578
17.831831132169157 -0.8509150496976636
17.887209489722476 -0.8205350374809366
17.942587847275796 -0.7876392822241821
17.997966204829115 -0.7523286416160466
18.05334456238244 -0.7147113773324965
18.108722919935758 -0.674902823108823
18.164101277489078 -0.6330250311288396
18.219479635042397 -0.5892063978154811
18.274857992595717 -0.5435812701700896
18.33023635014904 -0.4962895338673512
18.38561470770236 -0.4474761843687939
18.440993065255682 -0.39729088236975296
18.496371422809 -0.34588749494287807
18.551749780362318 -0.29342362378491343
18.60712813791564 -0.24006012201326338
18.66250649546896 -0.18596060099374032
18.717884853022284 -0.13129092871156253
18.7732632105756 -0.07621872122365718
18.828641568128923 -0.0209128287513389
18.884019925682242 0.03445718201084191
18.939398283235562 0.08972154778303074
18.994776640788885 0.1447108291906741
19.0501549983422 0.1992564302620378
19.105533355895524 0.25319111533992283
19.160911713448844 0.3063495218225982
19.216290071002167 0.3585686671620758
19.271668428555486 0.4096884485651187
19.327046786108802 0.4595521338650335
19.382425143662125 0.508006842059175
19.437803501215445 0.554904012038833
19.493181858768768 0.6000998580744784
19.548560216322088 0.6434558106597362
19.603938573875407 0.684838941362577
19.659316931428727 0.7241223703810608
19.714695288982046 0.7611856555541252
19.77007364653537 0.7959151616347013
19.82545200408869 0.8282044086929647
19.88083036164201 0.8579543985815576
19.936208719195328 0.8850739184618025
19.99158707674865 0.9094798204603363
20.04696543430197 0.9310972765987224
20.10234379185529 0.949860008214457
20.15772214940861 0.9657104891699373
20.21310050696193 0.9786001222263817
20.268478864515252 0.9884893880419359
20.323857222068572 0.9953479663371345
20.379235579621895 0.9991548288562399
20.43461393717521 0.9998983038394249
20.48999229472853 0.9975761118081439
20.545370652281854 0.9921953725539631
20.600749009835173 0.9837725833094336
20.656127367388496 0.972333568167922
20.711505724941812 0.9579133989074935
20.766884082495135 0.9405562874615729
20.822262440048455 0.9203154503661068
20.877640797601774 0.897252945598781
20.933019155155097 0.8714394823105792
20.988397512708413 0.8429542040330315
21.043775870261737 0.8118844460258047
21.099154227815056 0.7783254675086716
21.15453258536838 0.7423801595987386
21.2099109429217 0.7041587298484797
21.26528930047502 0.6637783643516995
21.320667658028338 0.6213628684534618
21.376046015581657 0.5770422871655224
21.43142437313498 0.5309525064510756
21.4868027306883 0.4832348366012815
21.542181088241623 0.4340355789808869
21.59755944579494 0.38350557747136793
21.65293780334826 0.331799755986751
21.708316160901582 0.279076643480203
21.7636945184549 0.22549788789761743
21.819072876008224 0.1712277605684167
21.87445123356154 0.11643265255316729
21.929829591114864 0.0612805644920717
21.985207948668183 0.005940591518614207
22.040586306221503 -0.0494175951825745
22.095964663774826 -0.1046242685839604
22.15134302132814 -0.15951016619456243
22.206721378881465 -0.2139070090152023
22.262099736434784 -0.26764801747830147
22.317478093988107 -0.3205684227905437
22.372856451541427 -0.37250597211047326
22.428234809094743 -0.42330142601228976
22.483613166648066 -0.47279904671055645
22.538991524201386 -0.5208470755489217
22.59436988175471 -0.5672981982889793
22.64974823930803 -0.6120099967725744
22.705126596861348 -0.6548453855728797
22.760504954414667 -0.6956730322953981
22.815883311967987 -0.7343677602403043
22.87126166952131 -0.7708109321915567
22.92664002707463 -0.804890814156079
22.98201838462795 -0.8365029179378298
23.03739674218127 -0.8655503214963881
23.09277509973459 -0.8919439661078798
23.14815345728791 -0.915602929417132
23.20353181484123 -0.9364546735439083
23.25891017239455 -0.954435267482508
23.31428852994787 -0.9694895831128744
23.369666887501193 -0.9815714642222454
23.425045245054513 -0.99064386801912
23.480423602607836 -0.9966789787056776
23.53580196016115 -0.9996582927604196
23.59118031771447 -0.9995726756695789
23.646558675267794 -0.996422389933341
23.701937032821114 -0.990217094261028
23.757315390374437 -0.9809758139576972
23.812693747927753 -0.968726882592963
23.868072105481076 -0.9535078551308656
23.923450463034396 -0.9353653927871567
23.978828820587715 -0.9143551199669921
24.03420717814104 -0.8905414537216869
24.089585535694354 -0.8639974062474077
24.144963893247677 -0.8348043610313081
24.200342250800997 -0.8030518233315054
24.25572060835432 -0.7688371457558338
24.31109896590764 -0.7322652297808295
24.366477323460956 -0.6934482041260137
24.42185568101428 -0.6525050809696099
24.477234038567598 -0.6095613910597506
24.53261239612092 -0.5647487988398349
24.58799075367424 -0.5182046987681588
24.64336911122756 -0.47007179406939725
24.69874746878088 -0.42049765920955223
24.7541258263342 -0.36963428743576404
24.809504183887523 -0.3176376247682322
24.864882541440842 -0.2646670918730353
24.92026089899416 -0.21088509528172608
24.97563925654748 -0.1564565294563605
25.031017614100804 -0.10154827122656332
25.086395971654124 -0.04632866814871867
25.141774329207443 0.00903297764409241
25.197152686760763 0.06436692851883075
25.252531044314082 0.11950353175448922
25.307909401867406 0.17427373969374432
25.363287759420725 0.2285096280394779
25.418666116974048 0.28204491070713883
25.474044474527364 0.3347154496543237
25.529422832080684 0.3863597581245751
25.584801189634007 0.43681949576232443
25.640179547187326 0.4859399540810715
25.69555790474065 0.5335705307963452
25.750936262293965 0.5795651915690888
25.80631461984729 0.623782917743886
25.861692977400608 0.6660881387091282
25.917071334953928 0.706351147553671
25.97244969250725 0.7444484987454622
26.027828050060567 0.7802633866129188
26.08320640761389 0.813686003468668
26.13858476516721 0.8446138762775571
26.193963122720533 0.8729521808368348
26.249341480273852 0.8986140325051297
26.304719837827168 0.9215207525889317
26.36009819538049 0.9416021095697987
26.41547655293381 0.9587965344326921
26.470854910487134 0.9730513094352872
26.526233268040453 0.9843227297394438
26.581611625593773 0.992576237409321
26.636989983147092 0.9977865273652721
26.692368340700412 0.999937624968684
26.747746698253735 0.9990229349998802
26.803125055807055 0.9950452618789255
26.858503413360374 0.9880168010673328
26.913881770913694 0.9779591016770365
26.969260128467017 0.9649030004012714
27.024638486020336 0.9488885269699275
27.080016843573656 0.9299647814192418
27.135395201126975 0.9081897835521304
27.190773558680295 0.8836302950507013
27.246151916233618 0.8563616147863499
27.301530273786938 0.8264673479550214
27.35690863134026 0.7940391497454393
27.412286988893577 0.7591764443262559
27.467665346446896 0.7219861200136349
27.52304370400022 0.6825822015539571
27.57842206155354 0.641085500526364
27.633800419106862 0.5976232449369996
0.0 0.0
0.08619341257046922 0.08608672602573504
0.17238682514093845 0.1715342834234558
0.2585802377114077 0.2557082492042715
0.3447736502818769 0.33798365642256295
0.4309670628523461 0.4177496343717905
0.5171604754228154 0.4944139441198711
0.6033538879932846 0.5674073757091079
0.6895473005637538 0.636187974372758
0.775740713134223 0.7002450643898199
0.8619341257046922 0.7591030407021044
0.9481275382751615 0.8123249001419459
1.0343209508456308 0.8595154860522266
1.1205143634161 0.900324422208365
1.2067077759865692 0.93444871425876
1.2929011885570383 0.9616349993687594
1.3790946011275076 0.9816814273652091
1.465288013697977 0.9944391594146372
1.551481426268446 0.9998134731078286
1.6376748388389153 0.9977644657458613
1.7238682514093844 0.9883073506059126
1.8100616639798537 0.9715123439871501
1.896255076550323 0.9475041438753563
1.9824484891207923 0.9164610040970496
2.0686419016912616 0.8786134108372364
2.1548353142617307 0.8342423713472588
2.2410287268322 0.7836773275485795
2.327222139402669 0.7272937100233844
2.4134155519731384 0.6655101505528987
2.4996089645436075 0.5987853738995075
2.5858023771140766 0.5276147919102743
2.6719957896845457 0.4525268252296485
2.758189202255015 0.3740789799315542
2.8443826148254843 0.2928537082007214
2.930576027395954 0.20945408379647368
3.0167694399664224 0.12449932440739586
3.102962852536892 0.03862019414206394
3.189156265107361 -0.047545679708986543
3.2753496776778306 -0.13335854086841165
3.3615430902482997 -0.218181254074302
3.4477365028187688 -0.3013840356221639
3.5339299153892383 -0.38234912932374393
3.6201233279597074 -0.4604753931650816
3.7063167405301765 -0.5351827626092079
3.792510153100646 -0.6059165574047696
3.878703565671115 -0.6721515999237978
3.9648969782415846 -0.7333961144511768
4.051090390812053 -0.7891953784747245
4.137283803382523 -0.8391350988661442
4.223477215952992 -0.8828444878856797
4.309670628523461 -0.9199990161720613
4.3958640410939305 -0.9503228222775877
4.4820574536644 -0.973590760858262
4.5682508662348695 -0.9896300743117695
4.654444278805338 -0.9983216754518774
4.740637691375807 -0.9996010316957776
4.826831103946277 -0.9934586441995377
4.913024516516746 -0.9799401183842249
4.999217929087215 -0.9591458253290642
5.085411341657684 -0.931230156545688
5.171604754228153 -0.8964003776665591
5.257798166798623 -0.854915089558593
5.343991579369091 -0.8070823082877617
5.430184991939561 -0.7532571781903672
5.51637840451003 -0.693839335030777
5.6025718170804995 -0.6292699388233755
5.6887652296509685 -0.560028398349178
5.774958642221438 -0.4866288116865951
5.861152054791908 -0.40961614918436395
5.947345467362377 -0.3295622072169533
6.033538879932845 -0.24706136276460933
6.119732292503315 -0.162726160339045
6.205925705073784 -0.07718276402055957
6.292119117644254 0.008933691626151444
6.378312530214722 0.09498381723937697
6.464505942785191 0.1803287159384064
6.550699355355661 0.2643347269450011
6.63689276792613 0.34637813032835396
6.723086180496599 0.42584977794218265
6.809279593067068 0.5021596161706001
6.8954730056375375 0.5747410669027154
6.981666418208007 0.6430552342085119
7.067859830778477 0.7065949054826723
7.154053243348946 0.7648883173490317
7.240246655919415 0.8175026583649329
7.326440068489884 0.8640472825189227
7.412633481060353 0.9041766096625234
7.498826893630823 0.9375926913412216
7.585020306201292 0.9640474229741336
7.671213718771761 0.983344385957569
7.75740713134223 0.995340306015407
7.843600543912698 0.9999461169684684
7.929793956483169 0.9971276220247078
8.015987369053638 0.9869057476803398
8.102180781624106 0.9693563883467567
8.188374194194576 0.9446098428568399
8.274567606765046 0.9128498470344395
8.360761019335515 0.8743122095099077
8.446954431905985 0.8292830609103513
8.533147844476453 0.7780967294238652
8.619341257046923 0.7211332585110327
8.705534669617393 0.6588155851939853
8.791728082187861 0.5916063998733699
8.877921494758331 0.5200047109881677
8.9641149073288 0.44454214002477166
9.050308319899267 0.36577897438375684
9.136501732469739 0.2843000074106792
9.222695145040207 0.20071019647744756
9.308888557610675 0.11563017135169788
9.395081970181145 0.029691626203268075
9.481275382751614 -0.05646737053926731
9.567468795322085 -0.14220711365907734
9.653662207892554 -0.2268910107741912
9.739855620463022 -0.30989030884877516
9.826049033033492 -0.3905887624995343
9.91224244560396 -0.468387209436481
9.99843585817443 -0.5427080190667734
10.0846292707449 -0.612999381232011
10.170822683315368 -0.6787394032364128
10.257016095885838 -0.7394399847466315
10.343209508456306 -0.7946504417931992
10.429402921026776 -0.8439608529664928
10.515596333597246 -0.8870051029626602
10.601789746167714 -0.9234636008821031
10.687983158738183 -0.9530656530979369
10.774176571308653 -0.9755914730765731
10.860369983879123 -0.9908738132281059
10.946563396449593 -0.9987992066704912
11.03275680902006 -0.9993088096877824
11.118950221590529 -0.9923988386274188
11.205143634160999 -0.9781205979927325
11.291337046731469 -0.9565800995220979
11.377530459301937 -0.9279372750829453
11.463723871872407 -0.8924047892246695
11.549917284442875 -0.8502464602068859
11.636110697013345 -0.8017753012264196
11.722304109583815 -0.7473511963863623
11.808497522154283 -0.6873782286624244
11.894690934724753 -0.6223016797056513
11.980884347295222 -0.5526047237571032
12.06707775986569 -0.47880484022117714
12.153271172436162 -0.40144997153319
12.23946458500663 -0.3211144548479232
12.3256579975771 -0.2383947577551045
12.411851410147568 -0.15390504968295746
12.498044822718036 -0.06827264187077249
12.584238235288508 0.017866670232588706
12.670431647858976 0.10387332756294065
12.756625060429444 0.18910875597879268
12.842818472999914 0.2729401074865721
12.929011885570382 0.3547449589508924
13.015205298140854 0.4339159334033309
13.101398710711322 0.5098652096378082
13.18759212328179 0.582028886610223
13.27378553585226 0.6498711702378844
13.359978948422729 0.7128883515130306
13.446172360993199 0.7706125463941116
13.532365773563669 0.8226151697072126
13.618559186134137 0.8685101172649549
13.704752598704607 0.9079566325765605
13.790946011275075 0.9406618368645941
13.877139423845545 0.9663829036037757
13.963332836416013 0.984928861436524
14.049526248986483 0.9961620120791391
14.135719661556953 0.9999989526910666
14.221913074127421 0.9964111951164679
14.308106486697891 0.9854253774003986
14.39429989926836 0.9671230660091585
14.48049331183883 0.9416401502232609
14.5666867244093 0.909165833199483
14.652880136979768 0.8699412271930599
14.739073549550238 0.8242575633700822
14.825266962120706 0.7724540295017263
14.911460374691176 0.7149152515947805
14.997653787261646 0.6520684381566457
15.083847199832114 0.5843802082977808
15.170040612402584 0.5123531272220064
15.25623402497305 0.4365219748276509
15.342427437543522 0.35744977512403103
15.428620850113992 0.2757236159437596
15.51481426268446 0.19195028998819363
15.60100767525493 0.10675178957004942
15.687201087825397 0.020760688503381818
15.773394500395868 -0.06538455457100749
15.859587912966338 -0.15104433655321708
15.945781325536805 -0.23558265874921658
16.031974738107277 -0.31837184897414733
16.118168150677743 -0.3987972218337066
16.204361563248213 -0.47626164258249704
16.290554975818683 -0.5501899606739012
16.376748388389153 -0.6200332800837891
16.462941800959623 -0.6852730347020982
16.549135213530093 -0.7454248385337229
16.63532862610056 -0.8000420821220977
16.72152203867103 -0.8487192484931022
16.8077154512415 -0.8910949239993421
16.89390886381197 -0.9268544817102217
16.98010227638244 -0.9557324174243893
17.066295688952906 -0.9775143209603627
17.152489101523376 -0.9920384680890858
17.238682514093846 -0.9991970212887711
17.324875926664316 -0.9989368304067939
17.411069339234786 -0.991259827283947
17.497262751805252 -0.9762230114110916
17.583456164375722 -0.9539380267246943
17.66964957694619 -0.9245703326834319
17.755842989516662 -0.8883379757803532
17.842036402087132 -0.8455099706117956
17.9282298146576 -0.7964043025230959
18.014423227228068 -0.7413855666609006
18.100616639798535 -0.6808622609614184
18.186810052369008 -0.6152837531733383
18.273003464939478 -0.5451369444344529
18.359196877509945 -0.4709426541738561
18.445390290080415 -0.39325175318082195
18.53158370265088 -0.3126410735511909
18.61777711522135 -0.2297091258786426
18.703970527791824 -0.14507165548954182
18.79016394036229 -0.05935707071494691
18.87635735293276 0.026798222856504555
18.962550765503227 0.11275454750292574
19.048744178073697 0.19787370278820793
19.13493759064417 0.2815237040125824
19.221131003214637 0.3630834745131864
19.307324415785107 0.44194745697569504
19.393517828355574 0.517530109519287
19.479711240926044 0.5892702531729677
19.565904653496514 0.6566352384643983
19.652098066066984 0.719124900185623
19.738291478637453 0.7762752709726665
19.82448489120792 0.8276620261267855
19.91067830377839 0.8729036341005989
19.99687171634886 0.9116641892576285
20.08306512891933 0.9436559058728907
20.1692585414898 0.968641254857282
20.255451954060266 0.9864347273412226
20.341645366630736 0.9969042120234689
20.427838779201206 0.9999719760586758
20.514032191771676 0.9956152422009195
20.600225604342146 0.9838663579180505
20.686419016912613 0.9648125552212576
20.772612429483083 0.9385953029930301
20.858805842053552 0.9054092566223074
20.944999254624022 0.8655008127454499
21.031192667194492 0.8191662798236634
21.11738607976496 0.7667496781398038
21.20357949233543 0.7086401855489223
21.2897729049059 0.6452692479471374
21.375966317476365 0.5771073759127126
21.46215973004684 0.5046606513033473
21.548353142617305 0.42846696974722337
21.634546555187775 0.3490920469260853
21.720739967758245 0.26712521830267816
21.80693338032871 0.18317506347821183
21.893126792899185 0.09786488766775285
21.97932020546965 0.011828093842316006
22.06551361804012 -0.07429652010200029
22.15170703061059 -0.15986950423052318
22.237900443181058 -0.24425550429776235
22.324093855751528 -0.3268279790658751
22.410287268321998 -0.40697385218910964
22.496480680892468 -0.4840980641254193
22.582674093462938 -0.5576279902785882
22.668867506033404 -0.6270176925674832
22.755060918603874 -0.69175197285579
22.841254331174344 -0.7513501981466723
22.927447743744814 -0.8053698691414586
23.013641156315284 -0.8534099056668226
23.09983456888575 -0.8951136245771348
23.18602798145622 -0.9301713880219472
23.27222139402669 -0.9583229024159778
23.35841480659716 -0.9793591510424523
23.44460821916763 -0.9931239459407653
23.530801631738097 -0.9995150875561626
23.616995044308567 -0.9984851235413859
23.703188456879037 -0.9900417010763966
23.789381869449507 -0.974247510090314
23.875575282019977 -0.9512198178071254
23.961768694590443 -0.9211295980710293
24.047962107160913 -0.8842002619159106
24.13415551973138 -0.8407059988041138
24.220348932301853 -0.7909697408502933
24.306542344872323 -0.7353607651454362
24.39273575744279 -0.6742919519830273
24.47892917001326 -0.6082167193442702
24.565122582583726 -0.5376256564029162
24.6513159951542 -0.46304288104487523
24.73750940772467 -0.38502214844705607
24.823702820295136 -0.3041427396079756
24.909896232865606 -0.22100516035667733
24.996089645436072 -0.13622668277354186
25.082283058006546 -0.05043676212656076
25.168476470577016 0.03572763664890646
25.254669883147482 0.12162676822751743
25.340863295717952 0.20662285681487502
25.42705670828842 0.2900848314452496
25.51325012085889 0.371393011497969
25.599443533429362 0.4499437076437964
25.68563694599983 0.5251537040606908
25.7718303585703 0.5964645886398268
25.858023771140765 0.6633468990312732
25.944217183711235 0.7253040537462875
26.03041059628171 0.7818760391288376
26.116604008852175 0.8326428248217373
26.202797421422645 0.877227482368563
26.28899083399311 0.9152989837965875
26.37518424656358 0.9465746594021603
26.46137765913405 0.9708222964901306
26.54757107170452 0.9878618634848347
26.63376448427499 0.9975668466116091
26.719957896845457 0.9998651892243665
26.806151309415927 0.9947398268050064
26.892344721986397 0.9822288136624434
26.978538134556867 0.9624250403905539
27.064731547127337 0.9354755441828294
27.150924959697804 0.901580417124451
27.237118372268274 0.8609913205673856
27.323311784838744 0.8140096166188535
27.409505197409214 0.7609841306162893
27.495698609979684 0.7023085612017801
27.58189202255015 0.6384185572254127
27.66808543512062 0.5697884831806487
27.75427884769109 0.49692789718745656
27.84047226026156 0.4203777676730904
27.926665672832026 0.340706456840588
28.012859085402496 0.2585055007465201
28.099052497972966 0.17438521731972376
28.185245910543436 0.08897017493012395
28.271439323113906 0.0028945551522369145
28.357632735684373 -0.08320255584654415
28.443826148254843 -0.16868191233284072
28.530019560825313 -0.2529088552188759
28.616212973395783 -0.3352580242196016
28.702406385966253 -0.41511800096893225
28.78859979853672 -0.4918958486213299
28.87479321110719 -0.5650215142335492
28.96098662367766 -0.633952061240105
29.04718003624813 -0.6981757005976401
29.1333734488186 -0.7572155906680841
29.219566861389065 -0.8106333776276042
29.305760273959535 -0.8580324501148637
29.391953686530005 -0.8990608839537476
29.478147099100475 -0.9334140550869009
29.564340511670945 -0.960836901319781
29.65053392424141 -0.9811258160824533
29.73672733681188 -0.9941301601485089
29.82292074938235 -0.9997533800870213
29.90911416195282 -0.9979537251433845
29.99530757452329 -0.9887445572263892
30.081500987093754 -0.9721942516999798
30.167694399664228 -0.9484256897162752
30.253887812234698 -0.9176153458591588
30.340081224805168 -0.8799919778723719
30.426274637375638 -0.835834928200535
30.5124680499461 -0.7854720499536366
30.598661462516574 -0.7292772726940739
30.684854875087044 -0.6676678261196352
30.771048287657514 -0.6011011422556449
30.857241700227984 -0.5300714591566911
30.943435112798447 -0.4551061513343986
31.02962852536892 -0.3767618141567195
31.11582193793939 -0.2956201312910366
31.20201535050986 -0.21228355587392583
31.28820876308033 -0.12737083747377986
31.374402175650793 -0.04151242805720243
31.460595588221263 0.044654198931495706
31.546789000791737 0.13048928162314058
31.632982413362207 0.21535551976747389
31.719175825932677 0.298622806500135
31.80536923850314 0.3796729067008333
31.89156265107361 0.4579040472073618
31.977756063644083 0.5327353848043456
32.06394947621455 0.6036113188133414
32.15014288878502 0.6700056162645163
32.236336301355486 0.7314253190217123
32.32252971392596 0.7874144038516583
32.408723126496426 0.8375571682623741
32.4949165390669 0.881481316971972
32.581109951637366 0.9188607260916235
32.66730336420783 0.9494178644995674
32.753496776778306 0.9729258544280717
32.83969018934877 0.989210155964144
32.925883601919246 0.9981498629570772
33.01207701448971 0.9996786007110565
33.098270427060186 0.9937850187977652
33.18446383963065 0.9805128753299761
33.27065725220112 0.9599607120704295
33.35685066477159 0.932281122788218
33.44304407734206 0.8976796202949288
33.52923748991253 0.8564131105724292
33.615430902483 0.8087879853215137
33.701624315053465 0.7551578470935939
33.78781772762394 0.6959208838957345
33.874011140194405 0.6315169127618
33.96020455276488 0.5624241142402658
34.046397965335345 0.489155482044291
34.13259137790581 0.41225501422419886
34.218784790476285 0.3322936741419245
34.30497820304675 0.2498651512359584
34.391171615617225 0.165581453051786
34.47736502818769 0.08006836126586968
34.56355844075816 -0.006039214559343921
34.64975185332863 -0.09210195099221709
34.7359452658991 -0.17748085752039458
34.82213867846957 -0.26154202086752
34.90833209104003 -0.34366131161285574
34.994525503610504 -0.4232290181687968
35.08071891618098 -0.49965437371004207
35.166912328751444 -0.5723699424436133
35.25310574132192 -0.6408358326527807
35.33929915389238 -0.7045437052342648
35.42549256646285 -0.7630205479666736
35.511685979033324 -0.8158321874870933
35.59787939160379 -0.8625865129006843
35.684072804174264 -0.902936387088784
35.77026621674472 -0.9365822240999132
35.8564596293152 -0.9632742134874135
35.94265304188567 -0.9828141750785228
36.028846454456136 -0.9950570304039081
36.11503986702661 -0.9999118798626392
36.20123327959707 -0.9973426776249925
36.28742669216754 -0.98736849926214
36.373620104738016 -0.9700634001156428
36.45981351730848 -0.945555865458318
36.546006929878956 -0.9140278565288577
36.632200342449416 -0.875713459523154
36.71839375501989 -0.8308971475730921
36.804587167590356 -0.7799116686172344
36.89078058016083 -0.7231355748451762
36.9769739927313 -0.660990412058878
37.06316740530176 -0.5939375898190301
37.149360817872235 -0.5224749556146964
37.2355542304427 -0.447133098492166
37.321747643013175 -0.3684714095872289
37.40794105558365 -0.28707392881052324
37.49413446815411 -0.20354500852291704
37.58032788072458 -0.11850482639688249
37.66652129329505 -0.03258478077972248
37.75271470586552 0.05357719725358615
37.838908118435995 0.1393413803509927
37.925101531006455 0.22407099467087205
38.01129494357693 0.307136947740612
38.097488356147394 0.3879224992831553
38.18368176871787 0.4658278403322945
38.26987518128834 0.5402745466378255
38.3560685938588 0.6107098732955429
38.442262006429274 0.6766108587156645
38.52845541899974 0.737488207458791
38.614648831570214 0.7928899231107388
38.70084224414068 0.8424046642229657
38.78703565671115 0.8856647984019097
38.87322906928162 0.922349131871397
38.95942248185209 0.952185294241981
39.04561589442256 0.9749517607810158
39.13180930699303 0.9904794971686406
39.21800271956349 0.9986532145279164
39.30419613213397 0.99941222541083
39.39038954470443 0.9927508943847531
39.47658295727491 0.9787186798738721
39.56277636984537 0.9574197669449352
39.64896978241584 0.9290122937637595
39.73516319498631 0.8937071774658493
39.82135660755678 0.8517665481586937
39.90755002012725 0.8035018026827733
39.99374343269772 0.7492712925816087
40.079936845268186 0.6894776634468933
40.16613025783866 0.6245648653933769
40.252323670409126 0.5550148568598194
40.3385170829796 0.48134402620926
40.424710495550066 0.40409935769730304
40.51090390812053 0.3238543702748139
40.597097320691006 0.241204859378361
40.68329073326147 0.1567644733243075
40.769484145831946 0.07116015715044986
40.85567755840241 -0.014972502266487235
40.94187097097288 -0.10099399525657299
41.02806438354335 -0.1862656375279089
41.11425779611382 -0.27015431220967784
41.20045120868429 -0.3520371705587987
41.28664462125476 -0.43130625642864784
41.372838033825225 -0.5073730201647333
41.4590314463957 -0.5796726884128025
41.545224858966165 -0.6476684573949163
41.63141827153664 -0.7108554785197004
41.717611684107105 -0.7687646067346474
41.80380509667757 -0.8209658837902228
41.889998509248045 -0.8670717305534263
41.97619192181851 -0.9067398246688819
42.062385334388985 -0.9396756422016966
42.14857874695945 -0.9656346443910497
42.23477215952992 -0.9844240932786088
42.32096557210039 -0.995904482731187
42.40715898467086 -0.9999905742327625
42.49335239724133 -0.9966520297554008
42.5795458098118 -0.9859136370101894
42.665739222382264 -0.9678551254057715
42.75193263495273 -0.9426105740809299
42.838126047523204 -0.9103674164064035
42.92431946009368 -0.8713650483472296
43.010512872664144 -0.8258930510180924
