0.0 0.0
0.08273384601708533 0.08263949431165225
0.16546769203417067 0.1647136530168822
0.248201538051256 0.2456610079621187
0.33093538406834133 0.3249277994423027
0.4136692300854266 0.40197176446316174
0.496403076102512 0.47626584635464925
0.5791369221195973 0.5473018003581352
0.6618707681366827 0.6145936705215796
0.7446046141537679 0.6776811141172947
0.8273384601708532 0.7361325508400054
0.9100723061879387 0.7895481152415851
0.992806152205024 0.8375623922049049
1.0755399982221092 0.8798469167434583
1.1582738442391947 0.9161124210256667
1.2410076902562799 0.9461108132520053
1.3237415362733653 0.9696368748474791
1.4064753822904505 0.9865296643589775
1.4892092283075358 0.9966736184534698
1.5719430743246212 0.9999993424851236
1.6546769203417064 0.996484085223091
1.7374107663587919 0.9861518944923559
1.8201446123758773 0.9690734526629048
1.9028784583929625 0.9453655931126379
1.985612304410048 0.915190500971891
2.068346150427133 0.8787546036172637
2.1510799964442184 0.8363071585048676
2.233813842461304 0.7881385480036123
2.3165476884783893 0.7345782928935446
2.3992815344954748 0.6759927981188742
2.4820153805125598 0.612782846216957
2.564749226529645 0.5453808555706495
2.6474830725467307 0.47424792224029816
2.7302169185638157 0.3998706656121409
2.812950764580901 0.32275789944199845
2.895684610597986 0.24343715106760305
2.9784184566150715 0.162451052601573
3.061152302632157 0.08035362879284297
3.1438861486492424 -0.0022934930487733384
3.226619994666328 -0.08492492513702954
3.309353840683413 -0.16697538701905862
3.3920876867004988 -0.24788357265092154
3.4748215327175838 -0.3270959902842738
3.5575553787346688 -0.40407074889555744
3.6402892247517546 -0.47828126525479114
3.7230230707688396 -0.5492198662739624
3.805756916785925 -0.6164012619914145
3.88849076280301 -0.6793658654335747
3.971224608820096 -0.7376829366429138
4.053958454837181 -0.7909535293638719
4.136692300854266 -0.838813220228528
4.219426146871352 -0.8809346017716807
4.302159992888437 -0.9170295222206641
4.384893838905523 -0.9468510567375334
4.467627684922608 -0.9701951966283706
4.550361530939693 -0.9869022449638624
4.633095376956779 -0.9968579090637237
4.715829222973864 -0.9999940823713002
4.7985630689909495 -0.9962893103695543
4.8812969150080345 -0.9857689373511114
4.9640307610251195 -0.9685049330383146
5.046764607042205 -0.9446154002393762
5.12949845305929 -0.914263766908745
5.212232299076375 -0.8776576681387919
5.294966145093461 -0.8350475257310924
5.377699991110546 -0.7867248350644426
5.460433837127631 -0.7330201709791108
5.543167683144716 -0.6743009263190548
5.625901529161802 -0.6109687986026949
5.708635375178887 -0.5434570420159005
5.791369221195972 -0.4722275035262563
5.874103067213058 -0.3977674633945211
5.956836913230143 -0.3205863016972898
6.039570759247229 -0.2412120136651212
6.122304605264314 -0.16018759767467428
6.205038451281399 -0.07806734060452254
6.287772297298485 0.004586974033504255
6.37050614331557 0.0872099092473399
6.453239989332656 0.16923624271111676
6.535973835349741 0.25010483344305917
6.618707681366826 0.32926246056297304
6.701441527383911 0.40616760786842354
6.7841753734009975 0.48029416833938415
6.8669092194180825 0.5511350432288797
6.9496430654351675 0.6182056111183185
7.0323769114522525 0.6810470432057253
7.1151107574693375 0.7392294421470578
7.197844603486424 0.7923547829778301
7.280578449503509 0.8400596359962358
7.363312295520594 0.8820176529805801
7.446046141537679 0.9179417997328236
7.528779987554764 0.9475863196754543
7.61151383357185 0.9707484150687415
7.694247679588935 0.987269634347193
7.77698152560602 0.9970369560844625
7.859715371623105 0.9999835621713223
7.942449217640192 0.9960892949173982
8.025183063657277 0.9853807949496435
8.107916909674362 0.9679313189641886
8.190650755691447 0.9438602385783232
8.273384601708532 0.9133322237109587
8.356118447725619 0.8765561160780518
8.438852293742704 0.8337835005093963
8.521586139759789 0.7853069838603718
8.604319985776874 0.7314581932926072
8.687053831793959 0.6726055076172789
8.769787677811046 0.6091515372208959
8.85252152382813 0.5415303698133717
8.935255369845216 0.4702046008401606
9.0179892158623 0.39566216887339295
9.100723061879386 0.31841301763103486
9.183456907896472 0.23898560745915726
9.266190753913557 0.1579233001422238
9.348924599930642 0.07578064177283332
9.431658445947727 -0.006880430890213785
9.514392291964812 -0.08949443462329991
9.597126137981899 -0.17149620820069034
9.679859983998984 -0.2523247786544414
9.762593830016069 -0.3314271988825145
9.845327676033154 -0.4082623303520373
9.928061522050239 -0.4823045450203207
10.010795368067326 -0.5530473211488318
10.09352921408441 -0.6200067084112044
10.176263060101496 -0.6827246385905548
10.25899690611858 -0.7407720592176389
10.341730752135666 -0.7937518687127
10.42446459815275 -0.8413016329517334
10.507198444169838 -0.8830960646731804
10.589932290186923 -0.918849248763459
10.672666136204008 -0.9483165981981992
10.755399982221093 -0.9712965272585979
10.838133828238178 -0.9876318305764579
10.920867674255263 -0.9972107585738778
11.003601520272348 -0.9999677819405273
11.086335366289433 -0.9958840399187276
11.169069212306518 -0.9849874693296271
11.251803058323604 -0.9673526134578039
11.33453690434069 -0.9431001121017173
11.417270750357774 -0.912395876278558
11.50000459637486 -0.8754499532293383
11.582738442391944 -0.8325150894887006
11.665472288409031 -0.7838850018494635
11.748206134426116 -0.7298923680502202
11.830939980443201 -0.6709065509316485
11.913673826460286 -0.6073310716305707
11.996407672477371 -0.5396008490975882
12.079141518494458 -0.4681792248227187
12.161875364511543 -0.3935547931228524
12.244609210528628 -0.316238058674963
12.327343056545713 -0.23675794416087195
12.410076902562798 -0.15565817191469566
12.492810748579885 -0.07349354432608154
12.57554459459697 0.009173851555049883
12.658278440614055 0.09177848924803772
12.74101228663114 0.17375527160009271
12.823746132648225 0.2545433966078922
12.906479978665311 0.3335901938561185
12.989213824682396 0.4103549053279108
13.071947670699481 0.48431238472278565
13.154681516716566 0.55495668997501
13.237415362733651 0.6218045443960863
13.320149208750738 0.6843986427637133
13.402883054767821 0.7423107797403076
13.485616900784908 0.7951447792196482
13.568350746801995 0.8425392045619736
13.651084592819078 0.884169831176908
13.733818438836165 0.9197518645392809
13.816552284853248 0.9490418884644164
13.899286130870335 0.9718395303148053
13.982019976887422 0.9879888317464628
14.064753822904505 0.9973793156177482
14.147487668921592 0.999946741761921
14.230221514938675 0.9956735464532078
14.312955360955762 0.9845889625600002
14.395689206972849 0.9667688195632189
14.478423052989932 0.9423350248079131
14.561156899007019 0.9114547295368397
14.643890745024102 0.8743391854111954
14.726624591041189 0.8312422993409931
14.809358437058274 0.7824588965115099
14.892092283075359 0.7283227034883738
14.974826129092444 0.6692040651988749
15.057559975109529 0.6055074114075782
15.140293821126614 0.5376684900180514
15.2230276671437 0.46615138612764523
15.305761513160785 0.3914453472279432
15.38849535917787 0.3140614362696135
15.471229205194955 0.2345290354880312
15.55396305121204 0.15339222490692558
15.636696897229127 0.07120606029466715
15.71943074324621 -0.011467223964349097
15.802164589263297 -0.09406206110715812
15.884898435280384 -0.17601342102639161
15.967632281297467 -0.2567606756332252
16.050366127314554 -0.3357514341061787
16.13309997333164 -0.41244532178885507
16.215833819348724 -0.4863176768853058
16.298567665365812 -0.5568631396639169
16.381301511382894 -0.6235991096161396
16.464035357399982 -0.6860690469197446
16.546769203417064 -0.7438455956212163
16.629503049434152 -0.7965335071718025
16.712236895451237 -0.8437723443171822
16.794970741468322 -0.8852389468436281
16.877704587485407 -0.9206496423124252
16.960438433502492 -0.9497621866589958
17.043172279519577 -0.9723774213811041
17.125906125536662 -0.988340635979339
17.208639971553747 -0.9975426263294437
17.291373817570832 -0.9999204417461774
17.374107663587917 -0.995457815628059
17.456841509605002 -0.9841852767369562
17.53957535562209 -0.966179940351259
17.622309201639172 -0.94156498072136
17.70504304765626 -0.9105087884363475
17.787776893673342 -0.8732238184663939
17.87051073969043 -0.8299651367613025
17.953244585707516 -0.7810286753479924
18.0359784317246 -0.726749207863688
18.118712277741686 -0.6674980593742328
18.20144612375877 -0.6036805661445868
18.284179969775856 -0.5357333027391984
18.366913815792945 -0.46412109542160807
18.449647661810026 -0.3893338422845997
18.532381507827115 -0.31188316186427384
18.615115353844196 -0.23229889316495944
18.697849199861285 -0.15112547103806062
18.78058304587837 -0.06891820171102442
18.863316891895455 0.013760536054708913
18.94605073791254 0.0963451381888053
19.028784583929625 0.1782706446014492
19.11151842994671 0.25897660406729095
19.194252275963798 0.3379109082643196
19.27698612198088 0.4145335687390327
19.359719967997968 0.48832041095981077
19.44245381401505 0.5587666601873919
19.525187660032138 0.6253903946317408
19.607921506049223 0.6877358422721229
19.690655352066308 0.7453764987870536
19.773389198083393 0.797918045264288
19.856123044100478 0.8450010457308995
19.938856890117563 0.8863034060496635
20.02159073613465 0.9215425773604758
20.104324582151733 0.9504774889930824
20.18705842816882 0.9729101976281244
20.269792274185903 0.9886872414245553
20.35252612020299 0.9977006898499311
20.435259966220077 0.9998888820316376
20.51799381223716 0.9952368485780506
20.600727658254247 0.9837764139839288
20.68346150427133 0.9655859789194977
20.766195350288417 0.9407899838925786
20.8489291963055 0.9095580579528426
20.931663042322587 0.8721038582618921
21.014396888339675 0.8286836084676515
21.097130734356757 0.779594345882043
21.179864580373845 0.7251718894529332
21.26259842639093 0.6657885424315115
21.345332272408015 0.601850545451015
21.4280661184251 0.5337952974403395
21.510799964442185 0.462088363384179
21.59353381045927 0.3872202893995807
21.676267656476355 0.30970324691692785
21.75900150249344 0.23006752892246174
21.841735348510525 0.1488579222314972
21.92446919452761 0.06662998060955959
22.007203040544695 -0.016053775763031665
22.089936886561784 -0.09862770848372784
22.172670732578865 -0.1805269304520083
22.255404578595954 -0.26119117025404776
22.338138424613035 -0.3400686049714455
22.420872270630124 -0.4166196351940246
22.50360611664721 -0.4903205764116798
22.586339962664294 -0.5606672415327068
22.66907380868138 -0.6271783900205166
22.751807654698464 -0.6893990200533119
22.83454150071555 -0.7469034811850858
22.917275346732637 -0.7992983862142762
23.00000919274972 -0.8462253023400128
23.082743038766807 -0.8873632031958374
23.16547688478389 -0.9224306649864865
23.248210730800977 -0.9511877917041041
23.330944576818062 -0.9734378562533994
23.413678422835147 -0.9890286462589272
23.496412268852232 -0.9978535053477774
23.579146114869317 -0.9998520627843093
23.661879960886402 -0.9950106464654956
23.74461380690349 -0.9833623764515845
23.827347652920572 -0.9649869383922415
23.91008149893766 -0.9400100383981441
23.992815344954742 -0.9086025430872782
24.07554919097183 -0.8709793106888136
24.158283036988916 -0.8273977212010323
24.241016883006 -0.7781559156583997
24.323750729023086 -0.7235907565529925
24.40648457504017 -0.6640755233629747
24.489218421057256 -0.6000173589529909
24.571952267074344 -0.5318544843156116
24.654686113091426 -0.46005320070776395
24.737419959108514 -0.3851046996904255
24.820153805125596 -0.30752170289418046
24.902887651142684 -0.22783495449777913
24.98562149715977 -0.14658959041480096
25.068355343176854 -0.06434140902657873
25.15108918919394 0.018346931026614638
25.233823035211024 0.10090975998533297
25.31655688122811 0.18278226670974412
25.399290727245194 0.2634043625446126
25.48202457326228 0.34222451287783195
25.564758419279364 0.41870351018087026
25.64749226529645 0.49231816271981116
25.730226111313538 0.562564873702575
25.812959957330623 0.6289630863774067
25.895693803347708 0.6910585715148039
25.978427649364793 0.7484265347832108
26.061161495381878 0.8006745227610074
26.143895341398963 0.8474451077047906
26.226629187416048 0.8884183327074892
26.309363033433133 0.9233139005190177
26.392096879450218 0.951893091055783
26.474830725467303 0.9739603944813839
26.557564571484388 0.9893648486866239
26.640298417501477 0.9980010720191556
26.72303226351856 0.9998099841978662
26.805766109535643 0.9947792104802434
26.888499955552728 0.9829431663178108
26.971233801569817 0.9643828219205127
27.0539676475869 0.9392251483406627
27.13670149360399 0.9076422488657714
27.219435339621068 0.8698501816624145
27.302169185638157 0.8261074817253607
27.38490303165524 0.7767133922433787
27.46763687767233 0.7220058174808058
27.550370723689415 0.6623590111792983
27.633104569706497 0.5981810162932875
27.71583841572358 0.5299108735739252
27.79857226174067 0.4580156180975541
27.881306107757755 0.38298708428538736
27.964039953774844 0.30533854127120236
28.04677379979192 0.22560118163452184
28.12950764580901 0.14432048751967036
28.212241491826095 0.06205249900024383
28.294975337843184 -0.020639989783188647
28.37770918386027 -0.1031912806897692
28.46044302987735 -0.1850366415113165
28.543176875894435 -0.2656161692973378
28.625910721911524 -0.34437862064314395
28.70864456792861 -0.42078518273814924
28.791378413945697 -0.49431315937667275
28.874112259962775 -0.5644595467152231
28.956846105979864 -0.6307444743146937
29.03957995199695 -0.6927144879271584
29.122313798014037 -0.7499456515699859
29.205047644031122 -0.8020464476658463
29.287781490048204 -0.8486604554089101
29.37051533606529 -0.8894687890345153
29.453249182082377 -0.924192279312144
29.535983028099462 -0.9525933833381643
29.618716874116547 -0.9744778095634663
29.70145072013363 -0.9896958469391818
29.784184566150717 -0.998143389087847
29.866918412167802 -0.9997626464936464
29.949652258184887 -0.9945425418396742
30.032386104201976 -0.9825187857876987
30.115119950219057 -0.963773632682037
30.197853796236142 -0.9384353178487468
30.280587642253227 -0.9066771803395899
30.363321488270316 -0.8687164771220366
30.4460553342874 -0.8248128968274457
30.528789180304482 -0.7752667832248199
30.61152302632157 -0.7204170805733434
30.694256872338656 -0.6606390149095429
30.77699071835574 -0.5963415271312795
30.85972456437283 -0.5279644754388858
30.94245841038991 -0.4559756262714792
31.025192256406996 -0.3808674543233683
31.10792610242408 -0.3031537735316966
31.19065994844117 -0.2233662220825798
31.273393794458254 -0.1420506254818457
31.356127640475336 -0.05976326257048655
31.43886148649242 0.022932939970988594
31.52159533250951 0.105472258595963
31.604329178526594 0.18729004299845653
31.687063024543683 0.26782657887786737
31.769796870560768 0.34653091693652194
31.85253071657785 0.4228646419160132
31.935264562594934 0.4963055558883327
32.01799840861202 0.5663512506044633
32.10073225462911 0.6325225444620737
32.18346610064619 0.6943667605800661
32.26619994666328 0.7514608235546765
32.34893379268036 0.8034141537123027
32.43166763869745 0.8498713390595034
32.51440148471453 0.8905145666513942
32.597135330731625 0.9250657967454914
32.6798691767487 0.9532886648676261
32.76260302276579 0.9749900987779808
32.84533686878287 0.9900216392755119
32.928070714799965 0.9982804558052483
33.01080456081705 0.9997100499206518
33.09353840683413 0.9943006417886932
33.17627225285121 0.9820892370935436
33.259006098868305 0.9631593738812182
33.34173994488539 0.9376405510769951
33.424473790902475 0.9057073425850984
33.50720763691955 0.8675782030311097
33.589941482936645 0.8235139733169579
33.67267532895373 0.773816096212052
33.755409174970815 0.7188245541875428
33.8381430209879 0.6589155436010854
33.920876867004985 0.5944989011428988
34.00361071302207 0.5260153001487909
34.086344559039155 0.45393323596012924
34.16907840505624 0.37874582095386744
34.251812251073325 0.3009674111677808
34.33454609709041 0.22113008759811972
34.417279943107495 0.13978001624107453
34.50001378912458 0.05747371177895546
34.582747635141665 -0.025225769528841775
34.66548148115876 -0.10775268170571366
34.748215327175835 -0.18954245931800118
34.83094917319292 -0.2700355796591706
34.913683019210005 -0.3486813904366284
34.9964168652271 -0.42494187677627276
35.07915071124418 -0.49829534177457024
35.16188455726126 -0.5682399754196937
35.244618403278345 -0.6342972874666808
35.32735224929544 -0.6960153807823763
35.41008609531252 -0.7529720427673045
35.49281994132961 -0.8047776337060868
35.575553787346685 -0.851077752287175
35.65828763336378 -0.8915556600572112
35.74102147938086 -0.9259344482242503
35.82375532539795 -0.9539789319869081
35.90648917141503 -0.9754972594302278
35.98922301743212 -0.9903422239819077
36.0719568634492 -0.9984122714503709
36.15469070946629 -0.999652194755547
36.23742455548337 -0.9940535115997224
36.320158401500464 -0.9816545224948173
36.40289224751754 -0.9625400487491343
36.48562609353463 -0.93684085220598
36.56835993955171 -0.9047327407037664
36.651093785568804 -0.8664353653770763
36.73382763158589 -0.8222107180263869
36.81656147760297 -0.7723613388358702
36.89929532362005 -0.7172282467002868
36.982029169637144 -0.6571886063195896
37.06476301565423 -0.5926531480205741
37.147496861671314 -0.524063357956522
37.23023070768839 -0.45188845790672627
37.312964553705484 -0.3766221953369283
37.39569839972257 -0.2987794656799842
37.478432245739654 -0.21889278994346084
37.56116609175674 -0.13750867174102072
37.643899937773824 -0.05518385866895978
37.72663378379091 0.027518466396188705
37.809367629807994 0.11003253802371049
37.89210147582508 0.19179387862198338
37.974835321842164 0.2722431600216613
38.05756916785925 0.3508300298317337
38.140303013876334 0.4270168763924128
38.22303685989342 0.5002825065688598
38.305770705910504 0.5701257112260151
38.388504551927596 0.6360686939931751
38.471238397944674 0.6976603398621486
38.55397224396176 0.7544793012586729
38.636706089978844 0.8061368804751274
38.719439935995936 0.8522796887460609
38.80217378201302 0.8925920637756928
38.8849076280301 0.9267982291792161
38.96764147404719 0.9546641810651234
39.050375320064276 0.975999288852482
39.13310916608136 0.990657599372056
39.215843012098446 0.9985388353298503
39.29857685811553 0.9995890813026563
39.381310704132616 0.9938011525726962
39.4640445501497 0.9812146442781751
39.546778396166786 0.9619156605435035
39.62951224218387 0.9360362254422052
39.712246088200956 0.9037533798221065
39.79497993421804 0.865287970171411
39.877713780235126 0.8209031378110127
39.96044762625221 0.7709025187484575
40.0431814722693 0.7156281665083254
40.12591531828638 0.6554582121489536
40.208649164303466 0.590804277473189
40.29138301032055 0.5221086591295333
40.37411685633764 0.4498413028670236
40.45685070235473 0.3744965886430706
40.539584548371806 0.2965899485771635
40.62231839438889 0.2166543408870616
40.70505224040598 0.1352366039292263
40.78778608642307 0.05289371528539542
40.87051993244015 -0.029811018513174973
40.95325377845723 -0.11231181555765249
41.03598762447432 -0.19404428906767007
41.11872147049141 -0.27444930835320114
41.20145531650849 -0.3529768238197361
41.28418916252558 -0.42908962984970805
0.0 0.0
0.110429086933149 0.11020478429189594
0.220858173866298 0.2190670323063257
0.33128726079944704 0.32526056280583254
0.441716347732596 0.42749170539267584
0.552145434665745 0.5245150602551186
0.6625745215988941 0.6151486698719767
0.773003608532043 0.6982884178507522
0.883432695465192 0.7729214794898857
0.9938617823983409 0.8381386602077376
1.10429086933149 0.893145471529145
1.214719956264639 0.9372718096997086
1.3251490431977881 0.9699801190210406
1.435578130130937 0.9908719404596187
1.546007217064086 0.9996927657528131
1.6564363039972347 0.9963351378784137
1.766865390930384 0.9808399601171316
1.877294477863533 0.9533959977608186
1.9877235647966818 0.9143375785366921
2.098152651729831 0.8641405197614479
2.20858173866298 0.8034163318414711
2.319010825596129 0.732904768733235
2.429439912529278 0.6534648161156456
2.5398689994624273 0.5660642270581773
2.6502980863955763 0.47176773266334615
2.760727173328725 0.37172407130377705
2.871156260261874 0.267151994466247
2.981585347195023 0.15932541968225383
3.092014434128172 0.04955791141501558
3.202443521061321 -0.06081332104022061
3.3128726079944695 -0.1704437137018459
3.423301694927619 -0.27799772764379055
3.533730781860768 -0.382165118792423
3.644159868793917 -0.4816768995766084
3.754588955727066 -0.5753207979829634
3.8650180426602145 -0.6619560256910741
3.9754471295933635 -0.7405271753803606
4.085876216526513 -0.8100770779088668
4.196305303459662 -0.8697584627353113
4.306734390392811 -0.9188442795348495
4.41716347732596 -0.956736555268598
4.527592564259109 -0.9829736788083729
4.638021651192258 -0.9972360243739065
4.748450738125406 -0.9993498452767358
4.858879825058556 -0.989289390536408
4.969308911991704 -0.9671772185839703
5.079737998924855 -0.9332827042311461
5.190167085858003 -0.8880187570935956
5.300596172791153 -0.831936791445062
5.411025259724301 -0.765720008780641
5.52145434665745 -0.6901750749222856
5.631883433590599 -0.6062222930576954
5.742312520523748 -0.5148843924265467
5.852741607456897 -0.41727406923248156
5.963170694390046 -0.31458043155992105
6.073599781323194 -0.20805451342636416
6.184028868256344 -0.09899403444084164
6.294457955189492 0.011272409270653691
6.404887042122642 0.12140153028352536
6.51531612905579 0.23005171406519714
6.625745215988939 0.3358993627862517
6.736174302922089 0.43765501964855275
6.846603389855238 0.5340790773006302
6.957032476788387 0.6239968789773545
7.067461563721536 0.7063130283988195
7.1778906506546845 0.7800247341024802
7.288319737587834 0.8442340256452483
7.3987488245209825 0.8981586928553918
7.509177911454132 0.9411418148701278
7.6196069983872805 0.9726597628742975
7.730036085320429 0.9923285790492022
7.8404651722535785 0.9999086540219888
7.950894259186727 0.995307645833982
8.061323346119877 0.9785816048685203
8.171752433053026 0.9499342910342035
8.282181519986175 0.9097146915217567
8.392610606919323 0.8584127693736882
8.503039693852472 0.7966534946584942
8.613468780785622 0.7251892309628174
8.72389786771877 0.6448905699508088
8.83432695465192 0.5567357256458717
8.944756041585068 0.4617986176357464
9.055185128518218 0.3612357883736493
9.165614215451367 0.2562723139514836
9.276043302384515 0.1481868799828178
9.386472389317664 0.038296204404182424
9.496901476250812 -0.07206100304085264
9.607330563183963 -0.18154034922610332
9.717759650117111 -0.2888081353032686
9.82818873705026 -0.3925576040826566
9.938617823983408 -0.4915248592053285
10.049046910916557 -0.5845042621762121
10.15947599784971 -0.6703631196885028
10.269905084782858 -0.748055482315474
10.380334171716006 -0.8166348864713691
10.490763258649155 -0.8752658844162563
10.601192345582305 -0.9232342218441114
10.711621432515454 -0.9599555390687321
10.822050519448602 -0.9849824898079486
10.93247960638175 -0.9980101908436897
11.0429086933149 -0.9988799361690897
11.15333778024805 -0.9875811303761629
11.263766867181198 -0.9642514177311412
11.374195954114347 -0.9291750053650493
11.484625041047495 -0.8827792010067431
11.595054127980644 -0.8256292074364238
11.705483214913794 -0.7584212370746136
11.815912301846943 -0.6819740305860268
11.926341388780092 -0.5972188828203491
12.03677047571324 -0.5051882975958903
12.147199562646389 -0.4070034095357451
12.257628649579539 -0.3038603261861189
12.368057736512688 -0.19701555679982416
12.478486823445836 -0.08777070529433229
12.588915910378985 0.02254338614219857
12.699344997312133 0.13258284963124697
12.809774084245284 0.2410071628657643
12.920203171178432 0.3464954796155948
13.03063225811158 0.4477627205350888
13.14106134504473 0.5435752282515026
13.251490431977878 0.6327657960208569
13.36191951891103 0.7142478868692148
13.472348605844179 0.7870288699990008
13.582777692777327 0.8502221132119042
13.693206779710476 0.9030577840360483
13.803635866643624 0.9448922279760186
13.914064953576775 0.9752158096380535
14.024494040509923 0.9936591212082759
14.134923127443072 0.9999974826510714
14.24535221437622 0.9941536788053076
14.355781301309369 0.9761989000345586
14.46621038824252 0.9463518749721449
14.576639475175668 0.9049762059260634
14.687068562108816 0.8525759394044188
14.797497649041965 0.7897894257220928
14.907926735975114 0.7173815424921196
15.018355822908264 0.636234376736721
15.128784909841412 0.5473364791303569
15.239213996774561 0.45177082128168966
15.34964308370771 0.35070160276123824
15.460072170640858 0.24536006859407752
15.570501257574008 0.13702950999167232
15.680930344507157 0.02702963104687823
15.791359431440306 -0.08329952815993101
15.901788518373454 -0.19261391619170387
16.012217605306603 -0.2995818437526929
16.122646692239755 -0.40290020658841075
16.233075779172903 -0.5013103601569951
16.343504866106052 -0.5936134526836764
16.4539339530392 -0.6786850298080052
16.56436303997235 -0.7554887329072183
16.674792126905498 -0.823088924220061
16.785221213838646 -0.8806620849693378
16.895650300771795 -0.9275068476290297
17.006079387704943 -0.963052540120932
17.116508474638092 -0.9868661378537381
17.226937561571244 -0.9986575389134642
17.337366648504393 -0.9982830981418112
17.44779573543754 -0.9857473770496338
17.55822482237069 -0.9612030882477189
17.66865390930384 -0.9249492350718375
17.77908299623699 -0.8774274690655145
17.889512083170136 -0.8192167096943906
17.999941170103288 -0.7510260918358299
18.110370257036436 -0.6736863269589112
18.220799343969585 -0.5881395832345071
18.331228430902733 -0.4954280078580148
18.441657517835882 -0.39668103140800404
18.55208660476903 -0.2931016089015919
18.662515691702183 -0.18595156516069494
18.772944778635328 -0.07653622301480455
18.88337386556848 0.033811498397545235
18.993802952501625 0.14374732151086347
19.104232039434777 0.2519319865854799
19.214661126367925 0.35704756683207595
19.325090213301074 0.4578135236541259
19.435519300234223 0.5530023064199905
19.54594838716737 0.6414543067252602
19.65637747410052 0.7220919849695693
19.766806561033672 0.7939329971551596
19.877235647966817 0.8561021619939457
19.98766473489997 0.9078421225374861
20.098093821833114 0.9485225724477081
20.208522908766266 0.9776479345122571
20.31895199569942 0.9948633978631877
20.429381082632563 0.999959240352496
20.539810169565715 0.99287338342842
20.65023925649886 0.9736921483885217
20.760668343432013 0.9426492047967212
20.87109743036516 0.9001227238748886
20.98152651729831 0.8466307715469061
21.091955604231458 0.7828249972580703
21.20238469116461 0.7094826954538509
21.312813778097755 0.6274973364266543
21.423242865030907 0.537867681885613
21.533671951964052 0.4416856178457718
21.644101038897205 0.3401228530586465
21.754530125830353 0.23441664502665513
21.8649592127635 0.1258547274897423
21.97538829969665 0.015759623000636342
22.0858173866298 -0.09452746830404657
22.196246473562947 -0.20366300746668198
22.3066755604961 -0.3103174839634961
22.417104647429245 -0.41319161206227445
22.527533734362397 -0.5110321589757901
22.63796282129554 -0.6026472119891471
22.748391908228694 -0.686920698574084
22.858820995161842 -0.7628259826031704
22.96925008209499 -0.8294383710323165
23.07967916902814 -0.8859463786926216
23.190108255961288 -0.9316616139617186
23.300537342894437 -0.9660271648854125
23.41096642982759 -0.988624383588236
23.521395516760737 -0.9991779863239031
23.631824603693886 -0.9975594070358531
23.742253690627035 -0.9837883635741427
23.852682777560183 -0.9580326174887326
23.963111864493335 -0.9206059303254113
24.07354095142648 -0.8719642413211679
24.183970038359632 -0.8127001130630473
24.294399125292777 -0.7435355127746235
24.40482821222593 -0.6653130171697778
24.515257299159078 -0.5789855480180957
24.625686386092227 -0.48560476346511405
24.736115473025375 -0.38630824652672624
24.846544559958524 -0.28230564682996395
24.956973646891672 -0.1748639444242039
25.067402733824824 -0.06529201518193095
25.17783182075797 0.045075314183603984
25.28826090769112 0.1548935272390102
25.398689994624267 0.2628247969933612
25.50911908155742 0.36755428356880837
25.619548168490567 0.46780615183757135
25.729977255423716 0.5623591138955087
25.840406342356864 0.6500613070306676
25.950835429290013 0.7298443259405571
26.06126451622316 0.8007362382549041
26.171693603156314 0.8618734248062441
26.28212269008946 0.9125111004078416
26.39255177702261 0.9520323869727986
26.502980863955756 0.9799558284437663
26.613409950888908 0.9959412559849998
26.72383903782206 0.999793931985759
26.834268124755205 0.9914669223920509
26.944697211688357 0.9710616684664674
27.055126298621502 0.938826751010852
27.165555385554654 0.8951548621062512
27.275984472487803 0.8405780212610467
27.38641355942095 0.7757610942450404
27.4968426463541 0.7014936935643674
27.60727173328725 0.6186805592472182
27.717700820220397 0.5283305371235245
27.82812990715355 0.43154428886736873
27.938558994086694 0.3295008835208045
28.048988081019846 0.22344343384370663
28.15941716795299 0.11466395247058483
28.269846254886144 0.004487612359438994
28.380275341819292 -0.10574339672483786
28.49070442875244 -0.21468621902922344
28.60113351568559 -0.3210136917444717
28.711562602618738 -0.42343051276252336
28.821991689551886 -0.5206890203006077
28.93242077648504 -0.611604392161569
29.042849863418184 -0.6950690794700309
29.153278950351336 -0.7700662990498566
29.26370803728448 -0.8356824200760049
29.374137124217633 -0.8911180941043108
29.484566211150785 -0.935697992890837
29.59499529808393 -0.9688790353728929
29.705424385017082 -0.9902570035889617
29.815853471950227 -0.9995714669411045
29.92628255888338 -0.9967089548115472
30.036711645816528 -0.9817043388839763
30.147140732749676 -0.9547404083298573
30.257569819682825 -0.9161456430349281
30.367998906615973 -0.866390211992864
30.478427993549122 -0.8060802456144649
30.588857080482274 -0.7359504517282133
30.69928616741542 -0.6568551652255502
30.80971525434857 -0.5697579403857894
30.920144341281716 -0.47571981266911134
31.03057342821487 -0.37588637297462707
31.141002515148017 -0.2714738118276055
31.251431602081166 -0.16375410350814146
31.361860689014314 -0.054039510611240835
31.472289775947463 0.056333402193259684
31.58271886288061 0.1660200504534077
31.693147949813763 0.27368420992641085
31.80357703674691 0.3780142947241856
31.91400612368006 0.4777393353096956
32.024435210613206 0.5716444616968555
32.13486429754636 0.6585857032348126
32.24529338447951 0.7375039246825397
32.355722471412655 0.8074377288019048
32.46615155834581 0.8675351682872284
32.57658064527895 0.9170641243542751
32.687009732212104 0.9554212255547762
32.797438819145256 0.9821391981656225
32.9078679060784 0.9968925586089372
33.01829699301155 0.9995015785568012
33.1287260799447 0.9899344744169578
33.23915516687785 0.9683077945267629
33.349584253810995 0.9348849993385062
33.46001334074415 0.890073251892544
33.57044242767729 0.8344184576773725
33.680871514610445 0.7685986143019712
33.79130060154359 0.6934155519961009
33.90172968847674 0.6097851655572893
34.01215877540989 0.5187262567409701
34.12258786234304 0.42134812301781666
34.233016949276184 0.3188370438946278
34.343446036209336 0.21244182942486833
34.45387512314249 0.1034586069599319
34.56430421007563 -0.006784968528255792
34.674733297008785 -0.11694588820028815
34.78516238394193 -0.22568215014607962
34.89559147087508 -0.331669107915163
35.006020557808235 -0.4336156076192719
35.11644964474138 -0.5302797170220379
35.22687873167453 -0.6204838550008749
35.33730781860768 -0.7031291370709254
35.44773690554083 -0.7772087622112336
35.55816599247398 -0.8418202779120323
35.668595079407126 -0.8961765740280759
35.77902416634027 -0.9396154715086739
35.88945325327342 -0.9716077891926326
35.999882340206575 -0.9917637903968556
36.11031142713972 -0.9998379307649959
36.22074051407287 -0.9957318495369184
36.33116960100602 -0.9794955677987527
36.44159868793917 -0.9513268791162182
36.552027774872315 -0.9115689399746557
36.66245686180547 -0.8607060893794654
36.77288594873862 -0.7993579485434501
36.883315035671764 -0.7282718725397787
36.99374412260491 -0.648313845876024
37.10417320953806 -0.5604579329012053
37.21460229647121 -0.4657744115630267
37.325031383404365 -0.3654167350721772
37.4354604703375 -0.2606074803093104
37.545889557270655 -0.15262345415385986
37.65631864420381 -0.04278013917251732
37.76674773113696 0.06758433184722402
37.87717681807011 0.17712547729288786
37.98760590500325 0.2845088454654627
38.0980349919364 0.38842627113154726
38.208464078869554 0.48761181184848273
38.318893165802706 0.5808571699233134
38.42932225273585 0.6670264121320352
38.539751339668996 0.7450698078807394
38.65018042660215 0.8140366172293951
38.7606095135353 0.8730866729920931
38.871038600468445 0.9215006158183522
38.9814676874016 0.9586886575696958
39.09189677433474 0.9841977662343065
39.202325861267894 0.9977171848517883
39.31275494820104 0.9990822172153377
39.42318403513419 0.988276234233217
39.533613122067344 0.9654308765076045
39.64404220900049 0.9308244506629874
39.754471295933634 0.8848785389603195
39.864900382866786 0.8281528634993083
39.97532946979994 0.7613384675741246
40.08575855673309 0.6852492972485705
40.19618764366623 0.600812285705647
40.30661673059938 0.5090560611658365
40.41704581753253 0.41109841593662055
40.527474904465684 0.30813268924751114
40.63790399139884 0.20141322975772477
40.748333078331974 0.09224011483503439
40.85876216526513 -0.01805668724153872
40.96919125219828 -0.12813351921583008
41.07962033913143 -0.23664940355057942
41.190049426064576 -0.3422823784785409
41.30047851299772 -0.44374560239979766
41.41090759993087 -0.5398030304382807
41.521336686864025 -0.6292844721826469
41.63176577379717 -0.71109984717519
41.74219486073032 -0.7842524644855969
41.85262394766347 -0.8478511645951328
41.96305303459662 -0.9011211756765628
42.073482121529764 -0.94341355201634
42.183911208462916 -0.9742130795984792
42.29434029539607 -0.9931445525426381
42.40476938232922 -0.9999773439356866
42.51519846926236 -0.9946282153739537
42.62562755619551 -0.9771623309897676
42.73605664312866 -0.9477924636092308
42.846485730061815 -0.9068764027119569
42.95691481699496 -0.8549125957695234
43.067343903928105 -0.7925340760606889
43.17777299086126 -0.7205007509359492
43.28820207779441 -0.6396901444772964
43.398631164727554 -0.5510867073278903
43.509060251660706 -0.45576982392139537
43.61948933859385 -0.3549006632093394
43.729918425527 -0.24970803307336026
43.840347512460156 -0.14147341074684444
43.9507765993933 -0.0315153316081392
44.06120568632645 0.07882667347582278
44.1716347732596 0.18820839657698316
44.28206386019275 0.29529732811059856
44.392492947125895 0.3987888897280587
44.50292203405905 0.49742232694602284
44.6133511209922 0.5899960679045405
44.723780207925344 0.6753823611509255
44.83420929485849 0.7525410141289518
44.94463838179164 0.8205320650083905
45.05506746872479 0.8785272334842096
45.165496555657946 0.9258200110495705
45.27592564259108 0.961834267820893
45.386354729524236 0.98613127106501
45.49678381645739 0.9984150299272674
45.60721290339054 0.9985359012501364
45.717641990323685 0.9864924125554775
45.82807107725683 0.9624312799825561
45.93850016418998 0.9266456209632815
46.048929251123134 0.8795713834082209
46.15935833805628 0.8217820349037249
46.26978742498943 0.7539815766174027
46.380216511922576 0.6769959670179727
46.49064559885573 0.591763059887311
46.60107468578887 0.4993211792019423
46.711503772722025 0.4007964700668495
46.82193285965518 0.2973891797951705
46.93236194658832 0.19035903626021863
47.042791033521475 0.08100990164365733
47.15322012045462 -0.02932611146904742
47.26364920738777 -0.13930486814523346
47.374078294320924 -0.24758658562013341
47.48450738125407 -0.35285215479307436
47.594936468187214 -0.4538192098730422
47.705365555120366 -0.5492577504100195
47.81579464205352 -0.6380051254014808
47.92622372898667 -0.718980196934753
48.03665281591981 -0.7911965108209069
48.14708190285296 -0.8537743137730232
48.25751098978611 -0.9059512707330711
48.367940076719265 -0.947091751787007
48.47836916365241 -0.976694575532931
48.588798250585555 -0.9943991145711402
48.69922733751871 -0.9999896887377709
48.80965642445186 -0.9933981925628209
48.920085511385004 -0.974704924944334
49.030514598318156 -0.944137610931483
49.1409436852513 -0.9020686275334064
49.25137277218445 -0.8490104673494988
49.3618018591176 -0.7856094952841599
49.47223094605075 -0.7126380744028444
49.5826600329839 -0.630985156853876
49.69308911991705 -0.5416454544791721
49.80351820685019 -0.4457073210396533
49.913947293783345 -0.344339493676468
50.0243763807165 -0.23877685512613342
50.13480546764965 -0.13030539013703862
50.245234554582794 -0.02024651935125697
50.35566364151594 0.09005899850067643
50.46609272844909 0.1992673999853348
50.57652181538224 0.3060482869558492
50.686950902315395 0.40910083372285355
50.79737998924853 0.5071696339679171
50.907809076181685 0.5990599943493692
51.01823816311484 0.6836524884906175
51.12866725004799 0.7599165940516779
51.239096336981135 0.826923246754238
51.34952542391428 0.8838561584247655
51.45995451084743 0.9300217611769812
51.570383597780584 0.9648576565917547
51.68081268471373 0.9879394669648602
51.79124177164688 0.9989860051593303
51.901670858580026 0.9978627000822499
52.01209994551318 0.9845832360561851
52.12252903244632 0.9593093861140862
52.232958119379475 0.9223490412484918
52.34338720631263 0.8741524596231348
52.45381629324577 0.8153067814397599
52.56424538017892 0.7465288762811222
52.67467446711207 0.6686566100652608
52.78510355404522 0.5826386379987123
52.895532640978374 0.48952284787287736
53.00596172791151 0.3904435944896236
53.116390814844664 0.286607880728755
53.226819901777816 0.17928065360248732
53.33724898871097 0.06976939442302235
53.44767807564412 -0.04059180919099333
53.55810716257726 -0.15045851543124616
53.66853624951041 -0.25849230655337146
53.77896533644356 -0.3633770937441008
53.889394423376714 -0.4638351499731366
53.99982351030986 -0.5586426755141922
54.110252597243004 -0.6466447065130871
54.22068168417616 -0.7267691849837248
54.33111077110931 -0.7980400188285457
54.441539858042454 -0.8595889727837444
54.551968944975606 -0.9106662454313964
54.66239803190875 -0.9506496034272345
54.7728271188419 -0.9790519616692036
54.88325620577505 -0.9955273170636011
54.9936852927082 -0.9998749636025797
55.10411437964135 -0.9920419374040552
