0.0 0.0
0.12542512606927494 0.12509653120036723
0.2508502521385499 0.24822768958618363
0.37627537820782486 0.3674589800200259
0.5017005042770998 0.4809171776041775
0.6271256303463747 0.586819757635674
0.7525507564156497 0.6835029005842094
0.8779758824849246 0.7694476321109027
1.0034010085541996 0.8433036874460148
1.1288261346234745 0.9039107251959614
1.2542512606927494 0.9503165572926863
1.3796763867620245 0.9817921086773981
1.5051015128312994 0.9978428716893254
1.6305266389005744 0.9982166752013095
1.7559517649698493 0.9829076464425119
1.8813768910391242 0.9521563032646347
2.006802017108399 0.9064457754020745
2.132227143177674 0.8464942140932209
2.257652269246949 0.7732435093142045
2.383077395316224 0.6878444918869349
2.508502521385499 0.5916388529488912
2.6339276474547737 0.4861380648451576
2.759352773524049 0.37299963461340413
2.884777899593324 0.2540010631397457
3.010203025662599 0.13101191910926477
3.1356281517318734 0.005964466493176433
3.2610532778011487 -0.1191766929602368
3.3864784038704236 -0.24244548528864143
3.5119035299396986 -0.36190525300841264
3.6373286560089735 -0.47567918164950773
3.7627537820782484 -0.5819797861057433
3.8881789081475233 -0.6791369935448522
4.013604034216798 -0.7656243816719376
4.139029160286073 -0.8400831601209081
4.264454286355348 -0.9013435182058556
4.389879412424623 -0.9484430036410568
4.515304538493898 -0.9806416434842933
4.640729664563173 -0.9974335697406161
4.766154790632448 -0.9985549669784424
4.891579916701723 -0.9839882170941815
5.017005042770998 -0.953962176107614
5.142430168840273 -0.9089485786393349
5.267855294909547 -0.8496546265589766
5.393280420978822 -0.7770118782428398
5.518705547048098 -0.6921616130001493
5.644130673117372 -0.5964369006052264
5.769555799186648 -0.49134165763845966
5.894980925255922 -0.37852701967878094
6.020406051325198 -0.259765400560542
6.145831177394473 -0.13692264624595793
6.271256303463747 -0.011928720799401979
6.3966814295330225 0.1132526149881664
6.5221065556022975 0.23665465595006024
6.647531681671572 0.3563386511533858
6.772956807740847 0.47042426332378107
6.898381933810121 0.577119110541942
7.023807059879397 0.6747469260867789
7.149232185948672 0.76177389401012
7.274657312017947 0.8368327466887304
7.400082438087222 0.8987442457606
7.525507564156497 0.9465357089617492
7.650932690225772 0.9794562917912005
7.776357816295047 0.9969887839161709
7.901782942364322 0.9988577349859341
8.027208068433596 0.9850337821909145
8.15263319450287 0.9557341115773781
8.278058320572146 0.9114190458700756
8.40348344664142 0.8527848124110492
8.528908572710696 0.7807526048364168
8.654333698779972 0.696454110341506
8.779758824849246 0.6012137299132848
8.905183950918522 0.4965277708653505
9.030609076987796 0.38404093857845284
9.156034203057072 0.2655204967812487
9.281459329126346 0.1428285023352838
9.40688445519562 0.017892550739274784
9.532309581264895 -0.10732450803427727
9.657734707334171 -0.23085540758021844
9.783159833403445 -0.35075937248779054
9.908584959472721 -0.4651526095716467
10.034010085541995 -0.5722379038636647
10.15943521161127 -0.6703328543874145
10.284860337680547 -0.7578963061072302
10.41028546374982 -0.8335525627835147
10.535710589819095 -0.8961130003297715
10.66113571588837 -0.9445947411071091
10.786560841957645 -0.9782360957672157
10.91198596802692 -0.9965085300393242
11.037411094096196 -0.9991249684527593
11.16283622016547 -0.9860443045365479
11.288261346234744 -0.9574720466370086
11.413686472304018 -0.9138570892069873
11.539111598373296 -0.8558846602925216
11.66453672444257 -0.7844655560179253
11.789961850511844 -0.7007218312046534
11.91538697658112 -0.6059691709365188
12.040812102650396 -0.5016962200289339
12.16623722871967 -0.38954119515378005
12.291662354788945 -0.2712661470632996
12.41708748085822 -0.14872927727536517
12.542512606927493 -0.02385574414848813
12.667937732996771 0.10139258299202678
12.793362859066045 0.2250479464884029
12.91878798513532 0.34516761549545416
13.044213111204595 0.4598644079331198
13.169638237273869 0.567336339720702
13.295063363343145 0.6658949354781449
13.42048848941242 0.7539917559091431
13.545913615481695 0.8302427250983837
13.671338741550969 0.8934498755203926
13.796763867620243 0.9426201691274108
13.92218899368952 0.9769810988210291
14.047614119758794 0.9959928251951925
14.173039245828068 0.9993566578720403
14.298464371897344 0.9870197481815702
14.423889497966618 0.9591759194591587
14.549314624035894 0.9162626219162452
14.67473975010517 0.8589540599257592
14.800164876174444 0.7881505996984699
14.925590002243718 0.7049646237646642
15.051015128312994 0.6107030544992726
15.17644025438227 0.5068468212607163
15.301865380451543 0.3950275937321618
15.42729050652082 0.27700214700416903
15.552715632590093 0.15462476114509036
15.678140758659367 0.029818088885382198
15.803565884728645 -0.09545705089069352
15.928991010797919 -0.21923247927606956
16.054416136867193 -0.3395635791041203
16.179841262936467 -0.45455984653690756
16.30526638900574 -0.5624145924870639
16.43069151507502 -0.6614333272387166
16.556116641144293 -0.7500603823209221
16.681541767213567 -0.8269033513813978
16.80696689328284 -0.8907549660735984
16.93239201935212 -0.9406120632684035
17.057817145421392 -0.9756913455993778
17.183242271490666 -0.995441687730067
17.308667397559944 -0.9995527950013846
17.434092523629218 -0.9879600784244013
17.559517649698492 -0.9608456694282512
17.68494277576777 -0.918635558420599
17.810367901837044 -0.8619929021163261
17.935793027906318 -0.7918076047819699
18.06121815397559 -0.7091823370834434
18.186643280044866 -0.6154152121928023
18.312068406114143 -0.5119793913271478
18.437493532183417 -0.4004999391339977
18.56291865825269 -0.282728292544646
18.688343784321965 -0.16051474421157924
18.81376891039124 -0.03577937283848974
18.939194036460517 0.08951812288788225
19.06461916252979 0.21340921282949182
19.190044288599065 0.3339474626783736
19.315469414668343 0.4492391140937252
19.440894540737617 0.5574728372547839
19.56631966680689 0.6569481883916322
19.691744792876168 0.7461023252018818
19.817169918945442 0.8235345604313709
19.942595045014716 0.8880283678612717
20.06802017108399 0.9385704949688063
20.193445297153268 0.9743668819854623
20.31887042322254 0.9948551372507605
20.444295549291816 0.9997133728631794
20.569720675361093 0.988865261812626
20.695145801430364 0.962481237142636
20.82057092749964 0.9209758143024139
20.945996053568916 0.8650010787568744
21.07142117963819 0.7954364411698231
21.196846305707467 0.7133748211150923
21.32227143177674 0.6201054763812598
21.447696557846015 0.5170937476361411
21.57312168391529 0.4059580366796334
21.698546809984567 0.2884443799760844
21.82397193605384 0.16639901693763678
21.949397062123115 0.04173938393407396
22.074822188192393 -0.08357601026201286
22.200247314261663 -0.20757835431240568
22.32567244033094 -0.3283194660125546
22.451097566400218 -0.4439023998895677
22.57652269246949 -0.5525112498276726
22.701947818538766 -0.6524396784965035
22.827372944608037 -0.7421177253605975
22.952798070677314 -0.8201364720936328
23.078223196746592 -0.885270177882625
23.203648322815862 -0.9364955368577736
23.32907344888514 -0.9730077550973085
23.454498574954414 -0.9942331946239105
23.579923701023688 -0.9998383857448389
23.705348827092966 -0.989735266144186
23.83077395316224 -0.9640825644167008
23.956199079231514 -0.9232833063066717
24.08162420530079 -0.8679784828309851
24.207049331370065 -0.7990369797655299
24.33247445743934 -0.7175419267112534
24.457899583508613 -0.6247736802076723
24.58332470957789 -0.5221897082435615
24.708749835647165 -0.4114016921962782
24.83417496171644 -0.29415020594766944
24.959600087785716 -0.17227736998922302
25.085025213854987 -0.047697910143692644
25.210450339924265 0.07763092440478638
25.335875465993542 0.20174011115864154
25.461300592062813 0.32267978932363384
25.58672571813209 0.4385498937789839
25.712150844201364 0.5475300067150868
25.83757597027064 0.6479079579443628
25.963001096339916 0.7381067245499254
26.08842622240919 0.8167092072557819
26.213851348478464 0.8824804942607528
26.339276474547738 0.934387262752309
26.464701600617015 0.9716140132860976
26.59012672668629 0.9935758819752356
26.715551852755564 0.9999278291990074
26.84097697882484 0.9905700604685224
26.96640210489411 0.9656495942829463
27.09182723096339 0.9255579523439345
27.217252357032667 0.8709250084169834
27.342677483101937 0.8026090924792969
27.468102609171215 0.7216835056264027
27.593527735240485 0.6294196575998598
27.718952861309763 0.5272670918597143
27.84437798737904 0.416830712024927
27.96980311344831 0.29984556747362895
28.09522823951759 0.17814959424289153
28.220653365586863 0.05365473949171444
28.346078491656137 -0.07168307681368767
28.471503617725414 -0.19589469106471877
28.596928743794688 -0.3170286332441142
28.722353869863962 -0.43318178617832903
28.847778995933236 -0.5425292851256255
28.973204122002514 -0.6433531879519759
29.098629248071788 -0.7340694654619173
29.224054374141062 -0.8132528878433669
29.34947950021034 -0.8796594162391471
29.47490462627961 -0.9322457476546341
29.600329752348888 -0.9701857061344396
29.725754878418165 -0.9928832226887497
29.851180004487436 -0.9999817000437184
29.976605130556713 -0.99136961508768
30.102030256625987 -0.967182270994006
30.22745538269526 -0.9277996714932696
30.35288050876454 -0.873840550691702
30.478305634833813 -0.8061526522325778
30.603730760903087 -0.7257994105231423
30.72915588697236 -0.634043243276352
30.85458101304164 -0.5323257178557732
30.980006139110912 -0.422244903027242
31.105431265180187 -0.30553026194046556
31.230856391249464 -0.1840154807932184
31.356281517318735 -0.05960966006288834
31.481706643388012 0.0657326790844508
31.60713176945729 0.19004230198250197
31.73255689552656 0.3113661988148664
31.857982021595838 0.42779826805898413
31.98340714766511 0.5375092629608472
32.108832273734386 0.6387755305560858
32.23425739980366 0.7300060917227844
32.359682525872934 0.8097676368155646
32.485107651942215 0.8768070441781561
32.61053277801148 0.9300710677495287
32.73595790408076 0.9687228844546156
32.86138303015004 0.992155241405929
32.98680815621931 0.9999999963625071
33.112233282288585 0.9921339015573614
33.23765840835786 0.9686805400246363
33.36308353442713 0.9300083840051204
33.488508660496414 0.8767250059342048
33.61393378656568 0.809667532962614
33.73935891263496 0.7298894949774225
33.86478403870424 0.6386442727522728
33.99020916477351 0.5373654062702292
34.115634290842785 0.42764407259241705
34.24105941691206 0.3112040871141746
34.36648454298133 0.18987482096026212
34.49190966905061 0.06556246000985778
34.61733479511989 -0.05977994290352432
34.74275992118916 -0.1841831521117613
34.868185047258436 -0.305692687478004
34.99361017332771 -0.4223995309405523
35.119035299396984 -0.5324701188089317
35.24446042546626 -0.634175148607667
35.36988555153554 -0.7259167478877713
35.495310677604806 -0.8062535781607971
35.62073580367409 -0.8739234795514188
35.74616092974336 -0.9278633004016179
35.871586055812635 -0.9672256002867642
35.99701118188191 -0.9913919640248369
36.12243630795118 -0.9999827175044788
36.24786143402046 -0.9928628926879403
36.37328656008973 -0.9701443480736507
36.49871168615901 -0.932184011304146
36.624136812228286 -0.8795782715294898
36.74956193829756 -0.8131536096268908
36.874987064366834 -0.73395361348377
37.00041219043611 -0.6432225823451873
37.12583731650538 -0.5423859778152722
37.251262442574664 -0.43302802864403306
37.37668756864393 -0.3168668411474179
37.50211269471321 -0.19572740629694202
37.62753782078248 -0.07151292756071131
37.75296294685176 0.05382508004054765
37.878388072921034 0.17831744989279372
38.00381319899031 0.3000083010696899
38.12923832505958 0.4169857668840652
38.254663451128856 0.5274120319383178
38.38008857719813 0.6295522057661214
38.50551370326741 0.7218015794359987
38.630938829336685 0.8027108368923269
38.75636395540596 0.8710088249422587
38.88178908147523 0.9256225241526105
39.00721420754451 0.9656939068970354
39.13263933361378 0.9905934176992012
39.258064459683055 0.9999298640843317
39.383489585752336 0.9935565625454273
39.5089147118216 0.9715736430658186
39.634339837890884 0.9343264759920251
39.75976496396016 0.8824002459721267
39.88519009002943 0.8166107582076245
40.01061521609871 0.7379916214604471
40.13604034216798 0.6477780091809188
40.261465468237255 0.5473872538831811
40.386890594306536 0.43839657964691364
40.51231572037581 0.3225183225867123
40.63774084644508 0.20157302859652357
40.76316597251436 0.07746085102650584
40.88859109858363 -0.04786830234082438
41.014016224652906 -0.17244540399899355
41.13944135072219 -0.2943132418129866
41.264866476791454 -0.411557168485137
41.39029160286073 -0.522335182291344
41.51571672893001 -0.624906866493464
41.64114185499928 -0.7176607327653174
41.76656698106856 -0.7991395390437932
41.89199210713783 -0.8680631840400292
42.017417233207105 -0.9233488187185207
42.14284235927638 -0.9641278587756925
42.26826748534566 -0.9897596308374498
42.393692611414934 -0.9998414379823357
42.5191177374842 -0.994214886452397
42.64454286355348 -0.9729683741537163
42.76996798962276 -0.9364357018501952
42.89539311569203 -0.8851908288698757
43.02081824176131 -0.8200388557161346
43.14624336783058 -0.7420033752546058
43.27166849389985 -0.6523103911993516
43.397093619969134 -0.5523690565526689
43.52251874603841 -0.44374953461390054
43.64794387210768 -0.3281583303796189
43.77336899817695 -0.20741147989993816
43.89879412424623 -0.08340601880882574
44.024219250315504 0.0419098217177752
44.149644376384785 0.1665672233294395
44.27506950245406 0.2886077123106213
44.400494628523326 0.4061139288671163
44.5259197545926 0.5172397504778348
44.65134488066188 0.6202392960484506
44.776770006731155 0.7134943551870804
44.902195132800436 0.7955398116647573
45.0276202588697 0.8650866616364269
45.15304538493898 0.9210422649868215
45.27847051100826 0.9625275116351765
45.40389563707753 0.9888906331016958
45.529320763146806 0.9997174423442651
45.65474588921607 0.9948378409888575
45.780171015285354 0.9743284917195416
45.90559614135463 0.9385116138425728
46.03102126742391 0.8879499209472528
46.156446393493184 0.8234377801972536
46.28187151956245 0.7459887321473948
46.407296645631725 0.6568195671601935
46.532721771701006 0.557331208595236
46.65814689777028 0.4490867031126736
46.78357202383956 0.333786663881849
46.90899714990883 0.21324255250324764
47.0344222759781 0.08934821940726813
47.159847402047376 -0.03594985014540261
47.28527252811666 -0.16068311700143498
47.41069765418593 -0.2828919155378225
47.5361227802552 -0.4006562416742157
47.66154790632448 -0.5121259177686845
47.78697303239375 -0.6155496604807311
47.91239815846303 -0.7093025949209072
48.03782328453231 -0.791911782816149
48.16324841060158 -0.8620793636217662
48.28867353667085 -0.9187029450135702
48.41409866274013 -0.9608929224081162
48.539523788809404 -0.9879864554066884
48.66494891487868 -0.9995578815812864
48.79037404094796 -0.9954254039930903
48.91579916701723 -0.9756539473768701
49.0412242930865 -0.9405541381182215
49.16664941915578 -0.8906774240490758
49.292074545225056 -0.8268074107336376
49.41749967129433 -0.7499475503590328
49.542924797363604 -0.6613053766487064
49.66834992343288 -0.5622735334814395
49.79377504950215 -0.4544078952725191
49.91920017557143 -0.33940312286445584
50.04462530164071 -0.2190660389650193
50.170050427709974 -0.09528724142699523
50.295475553779255 0.029988599650757005
50.42090067984853 0.15479329434311084
50.5463258059178 0.2771660548350716
50.671750931987084 0.39518430106463587
50.79717605805635 0.5069938660893848
50.922601184125625 0.6108381266249205
51.048026310194906 0.7050856010894161
51.17345143626418 0.7882555815657412
51.298876562333454 0.8590413969811992
51.42430168840273 0.9163309420204916
51.549726814472 0.9592241492453146
51.67515194054128 0.9870471299187091
51.80057706661056 0.9993627613698024
51.92600219267983 0.9959775545624404
52.0514273187491 0.9769446939723819
52.17685244481838 0.9425632020139766
52.302277570887654 0.893373241143936
52.42770269695693 0.8301476274500841
52.55312782302621 0.7538796890538664
52.678552949095476 0.6657676600814346
52.80397807516475 0.567195855387197
52.92940320123403 0.4597129217910781
53.054828327303305 0.34500750752091064
53.18025345337258 0.22488173211369875
53.305678579441846 0.10122287358624782
53.43110370551113 -0.024026282306365342
53.5565288315804 -0.1488979648859503
53.68195395764968 -0.2714303339008833
53.807379083718956 -0.38969830170360614
53.93280420978822 -0.501843778013588
54.0582293358575 -0.6061048620946696
54.18365446192678 -0.7008435237128988
54.30907958799605 -0.78457133798354
54.43450471406533 -0.8559728697909339
54.5599298401346 -0.9139263403920063
54.685354966203874 -0.9575212515136722
54.81078009227315 -0.9860726900544284
54.93620521834243 -0.9991320886512487
55.061630344411704 -0.9964942730540521
55.18705547048097 -0.9782006855875388
55.31248059655025 -0.944538734057039
55.437905722619526 -0.8960372763276632
55.56333084868881 -0.8334583115177884
55.68875597475808 -0.75778500834537
55.81418110082735 -0.6702062587118501
55.93960622689662 -0.5720979992000357
56.0650313529659 -0.4650015939411061
56.19045647903518 -0.35059961847423743
56.31588160510446 -0.2306894250549593
56.441306731173725 -0.10715490472385447
56.566731857243 0.018063110222729262
56.69215698331227 0.14299733835734196
56.817582109381554 0.2656849567845309
56.94300723545083 0.38419843875653753
57.068432361520095 0.49667583675658894
57.193857487589376 0.6013500352767072
57.31928261365865 0.6965765137040136
57.444707739727924 0.7808591831371627
57.570132865797206 0.8528738912143606
57.69555799186647 0.9114892256722453
57.82098311793575 0.9557842897940771
57.94640824400503 0.9850631704797181
58.0718333700743 0.9988658716318483
58.197258496143576 0.9969755410855738
58.32268362221285 0.9794218775402153
58.448108748282124 0.9464806639675046
58.5735338743514 0.8986694348267343
58.69895900042068 0.8367393451585867
58.82438412648995 0.7616633693011143
58.94980925255922 0.6746210146360213
59.0752343786285 0.5769797905253163
59.200659504697775 0.47027372357714914
59.32608463076705 0.3561792567840996
59.45150975683633 0.23648891117911072
59.5769348829056 0.11308312380677196
59.70236000897487 -0.012099295540750803
59.82778513504415 -0.13709162467312572
59.953210261113426 -0.2599301278788289
60.0786353871827 -0.3786849078820276
60.204060513251974 -0.4914902261688183
60.32948563932125 -0.5965738153248273
60.45491076539052 -0.6922847228623965
60.580335891459804 -0.7771192490871797
60.70576101752908 -0.8497445714981944
60.831186143598345 -0.9090196845619962
60.956611269667626 -0.954013325879252
61.0820363957369 -0.9840186071084133
61.207461521806174 -0.9985641197823187
61.332886647875455 -0.9974213415358095
61.45831177394472 -0.9806082263862943
61.583736900013996 -0.948388922660873
61.70916202608328 -0.9012696230016419
61.83458715215255 -0.8399906116491229
61.960012278221825 -0.7655146339477221
62.08543740429109 -0.6790117707982251
62.21086253036037 -0.5818410556924604
62.33628765642965 -0.47552912314226264
62.46171278249893 -0.3617462239538704
62.5871379085682 -0.24227998416840105
0.0 0.0
0.07575433133687022 0.07568189665759296
0.15150866267374044 0.1509296838606054
0.22726299401061067 0.22531174219536335
0.3030173253474809 0.2984014180471936
0.3787716566843511 0.3697794708748205
0.45452598802122135 0.4390364779635596
0.5302803193580916 0.5057751828637055
0.6060346506949618 0.5696127740435295
0.681788982031832 0.6301830806865921
0.7575433133687022 0.6871386730383306
0.8332976447055724 0.7401528552543877
0.9090519760424427 0.7889215393197525
0.9848063073793129 0.8331649892899626
1.0605606387161832 0.8726294258494414
1.1363149700530533 0.9070884819832644
1.2120693013899235 0.9363445014126618
1.2878236327267938 0.9602296723464576
1.363577964063664 0.9786069900452815
1.4393322954005343 0.9913710426773055
1.5150866267374044 0.9984486159578586
1.5908409580742746 0.9997991131047214
1.6665952894111449 0.9954147877002465
1.7423496207480151 0.9853207881246161
1.8181039520848854 0.9695750133053656
1.8938582834217554 0.9482677806105921
1.9696126147586257 0.9215213077908048
2.045366946095496 0.8894890119409831
2.1211212774323664 0.8523546295039814
2.1968756087692367 0.8103311623629164
2.2726299401061065 0.7636596560677265
2.348384271442977 0.7126078172039624
2.424138602779847 0.6574684778345515
2.4998929341167173 0.5985579158224534
2.5756472654535876 0.5362140406687975
2.651401596790458 0.47079445527248903
2.727155928127328 0.40267440472898
2.8029102594641984 0.33224462393384546
2.8786645908010686 0.2599090963372564
2.954418922137939 0.18608273670507564
3.0301732534748087 0.11118901117820373
3.1059275848116794 0.03565750828144955
3.1816819161485492 -0.04007852518543194
3.257436247485419 -0.11558466924048547
3.3331905788222898 -0.19042782254163648
3.4089449101591596 -0.2641786866450871
3.4846992414960303 -0.3364142284503917
3.5604535728329005 -0.4067201067076687
3.636207904169771 -0.4746930486685867
3.711962235506641 -0.539943163248698
3.787716566843511 -0.6020961774328868
3.8634708981803816 -0.6607955830959668
3.9392252295172514 -0.7157046819243109
4.014979560854122 -0.76650851670891
4.090733892190992 -0.8129156779319934
4.166488223527862 -0.8546599752846898
4.242242554864733 -0.8915019645279428
4.317996886201603 -0.9232303209386356
4.393751217538473 -0.9496630514628882
4.469505548875343 -0.970648538623632
4.545259880212213 -0.9860664101946444
4.621014211549084 -0.9958282296526075
4.696768542885954 -0.9998780034467812
4.772522874222824 -0.9981925021766007
4.848277205559694 -0.9907813938349337
4.924031536896564 -0.9776871883527163
4.999785868233435 -0.9589849937630592
5.0755401995703044 -0.9347820853834606
5.151294530907175 -0.9052172904872832
5.227048862244045 -0.8704601919940099
5.302803193580916 -0.8307101557458835
5.3785575249177855 -0.7861951869504553
5.454311856254656 -0.7371706223484495
5.530066187591526 -0.6839176656086483
5.605820518928397 -0.62674177435072
5.6815748502652665 -0.5659709080480053
5.757329181602137 -0.5019536468602259
5.833083512939007 -0.43505719218646677
5.908837844275878 -0.3656652604071863
5.984592175612748 -0.29417588189672095
6.060346506949617 -0.22099911793106952
6.136100838286487 -0.14655470858673683
6.211855169623359 -0.07126966512221598
6.287609500960229 0.0044241793478370485
6.3633638322970985 0.08009264683649193
6.439118163633968 0.15530170491854325
6.514872494970838 0.2296199563295801
6.59062682630771 0.3026211134498398
6.6663811576445795 0.3738864434792597
6.742135488981449 0.44300717027829084
6.817889820318319 0.5095868190975398
6.89364415165519 0.573243490746956
6.9693984829920606 0.6336120521599723
7.04515281432893 0.6903462307875876
7.120907145665801 0.7431206008089952
7.196661477002671 0.7916324497658966
7.272415808339542 0.8356035149135489
7.348170139676412 0.8747815793288618
7.423924471013282 0.9089419186203229
7.499678802350152 0.9378885899414526
7.575433133687022 0.9614555559140391
7.651187465023893 0.9795076370143615
7.726941796360763 0.991941286959535
7.802696127697633 0.9986851866463861
7.878450459034503 0.9997006532360309
7.954204790371373 0.9949818620376671
8.029959121708243 0.9845558799188532
8.105713453045114 0.9684825100506371
8.181467784381985 0.9468539488780727
8.257222115718854 0.9197942572837317
8.332976447055724 0.8874586489776005
8.408730778392595 0.85003260019515
8.484485109729466 0.8077307858103143
8.560239441066335 0.7607958479658179
8.635993772403205 0.709497004283947
8.711748103740074 0.6541285036410517
8.787502435076947 0.5950079383633848
8.863256766413816 0.5324744225255279
8.939011097750686 0.46688664680057346
9.014765429087555 0.39862082101946916
9.090519760424426 0.32806851624088124
9.166274091761297 0.2556344187094675
9.242028423098168 0.18173400858575647
9.317782754435036 0.10679117676240583
9.393537085771907 0.031235793436703005
9.469291417108778 -0.044498757614057576
9.545045748445649 -0.11997806491102131
9.62080007978252 -0.1947691810470818
9.696554411119388 -0.26844310606231053
9.772308742456259 -0.3405772481769374
9.848063073793128 -0.4107578477671526
9.92381740513 -0.47858235067991045
9.99957173646687 -0.5436617172734016
10.07532606780374 -0.6056226539386694
10.151080399140609 -0.6641097543023382
10.22683473047748 -0.7187875378286395
10.30258906181435 -0.7693423741273127
10.378343393151221 -0.8154842819296361
10.45409772448809 -0.8569485924136846
10.52985205582496 -0.8934974673380346
10.605606387161831 -0.9249212632759256
10.681360718498702 -0.9510397341246847
10.757115049835571 -0.9717030649928329
10.832869381172442 -0.9867927315345351
10.908623712509312 -0.9962221798022611
10.984378043846181 -0.9999373227180537
11.060132375183052 -0.997916850315645
11.135886706519923 -0.9901723519738869
11.211641037856793 -0.9767482499403658
11.287395369193662 -0.957721544526509
11.363149700530533 -0.9332013724357344
11.438904031867404 -0.9033283807580683
11.514658363204274 -0.8682739202219756
11.590412694541143 -0.8282390623308946
11.666167025878014 -0.7834534460221502
11.741921357214883 -0.7341739604637945
11.817675688551756 -0.6806832715447952
11.893430019888624 -0.6232882005106242
11.969184351225495 -0.5623179640442971
12.044938682562364 -0.49812228588778096
12.120693013899235 -0.4310693908353989
12.196447345236106 -0.36154389260568714
12.272201676572974 -0.2899445877067804
12.347956007909845 -0.21668216794967246
12.423710339246718 -0.14217686473033236
12.499464670583587 -0.06685603859299474
12.575219001920457 0.008848272099182432
12.650973333257326 0.08450182932527685
12.726727664594197 0.15967068618497743
12.802481995931068 0.23392367600707117
12.878236327267937 0.3068348855106237
12.953990658604809 0.37798609783284676
13.029744989941676 0.44696919141047786
13.105499321278549 0.5133884809548274
13.18125365261542 0.5768629870926029
13.257007983952288 0.6370286216540285
13.332762315289159 0.6935402760734204
13.408516646626028 0.7460738009232261
13.484270977962899 0.7943278652269937
13.560025309299771 0.838025684886262
13.635779640636638 0.8769166103071819
13.71153397197351 0.910777564120293
13.78728830331038 0.9394143207466799
13.86304263464725 0.9626626204710226
13.938796965984121 0.9803891116311795
14.01455129732099 0.9924921155199692
14.09030562865786 0.9989022096116763
14.16605995999473 0.9995826257679101
14.241814291331602 0.9945294611387219
14.317568622668473 0.9837717005492544
14.393322954005342 0.9673710502435142
14.469077285342212 0.9454215839389076
14.544831616679083 0.9180492032217671
14.620585948015952 0.8854109153790204
14.696340279352825 0.84769393280834
14.772094610689692 0.805114599172552
14.847848942026564 0.757917148457813
14.923603273363435 0.7063723040536328
14.999357604700304 0.6507757258903115
15.075111936037175 0.5914463145410208
15.150866267374044 0.52872438201615
15.226620598710914 0.4629696997421684
15.302374930047787 0.39455943492178475
15.378129261384654 0.3238859871123695
15.453883592721526 0.25135473743194503
15.529637924058395 0.17738172330333005
15.605392255395266 0.10239125207392022
15.681146586732137 0.026813467199442456
15.756900918069006 -0.04891811904808877
15.832655249405876 -0.12436911219585912
15.908409580742745 -0.1991067272460059
15.984163912079618 -0.27270227111948986
16.059918243416487 -0.3447336016287871
16.135672574753357 -0.41478754887487684
16.211426906090228 -0.4824622851793657
16.287181237427095 -0.5473696299579434
16.36293556876397 -0.6091372763144587
16.43868990010084 -0.6674109265838765
16.514444231437707 -0.7218563245747949
16.590198562774578 -0.7721611728545424
16.66595289411145 -0.8180369240793802
16.74170722544832 -0.8592204360948141
16.81746155678519 -0.8954754813123676
16.893215888122057 -0.926594101705084
16.96897021945893 -0.9523978016495407
17.0447245507958 -0.9727385717722401
17.12047888213267 -0.9874997379276673
17.19623321346954 -0.9965966304382404
17.27198754480641 -0.9999770697574555
17.34774187614328 -0.9976216657704515
17.42349620748015 -0.989543929015221
17.499250538817023 -0.9757901931865024
17.575004870153894 -0.9564393493668774
17.65075920149076 -0.9316023935095032
17.72651353282763 -0.9014217897681169
17.802267864164502 -0.8660706533262401
17.878022195501373 -0.8257517574128396
17.953776526838244 -0.7806963702001896
18.02953085817511 -0.7311629282554584
18.105285189511985 -0.6774355541550512
18.181039520848852 -0.6198224267646888
18.256793852185723 -0.5586540135331542
18.332548183522594 -0.49428117493935236
18.408302514859464 -0.427073151965419
18.484056846196335 -0.35741544813974274
18.559811177533202 -0.2857076182984314
18.635565508870073 -0.21236097674881393
18.711319840206947 -0.13779623798094146
18.787074171543814 -0.062441103459864485
18.862828502880685 0.013272191659238586
18.938582834217556 0.0889093578209987
19.014337165554426 0.16403654214383373
19.090091496891297 0.23822281698915518
19.165845828228164 0.3110426517514548
19.24160015956504 0.3820783536911656
19.317354490901906 0.45092246380966705
19.393108822238776 0.5171800940238938
19.468863153575647 0.5804711922344054
19.544617484912518 0.640432722294681
19.62037181624939 0.6967207463773157
19.696126147586256 0.7490123977927413
19.771880478923126 0.7970077329444408
19.84763481026 0.8404314517978574
19.923389141596868 0.8790344769944646
19.99914347293374 0.9125953825532429
20.07489780427061 0.9409216639645154
20.15065213560748 0.9638508423909798
20.22640646694435 0.981251396642229
20.302160798281218 0.9930235175769883
20.37791512961809 0.9990996806058395
20.45366946095496 0.9994450330105646
20.52942379229183 0.9940575938584612
20.6051781236287 0.9829682653649228
20.68093245496557 0.966240655639109
20.756686786302442 0.9439707138294318
20.83244111763931 0.9162861797616568
20.90819544897618 0.8833458512264717
20.983949780313054 0.8453386731193613
21.05970411164992 0.8024826536574464
21.135458442986792 0.7550236138898195
21.211212774323663 0.7032337776742124
21.286967105660533 0.6474102102077894
21.362721436997404 0.5878731140686551
21.43847576833427 0.5249639925419267
21.514230099671142 0.4590436907654744
21.589984431008013 0.3904903259313082
21.665738762344883 0.3196971184148697
21.741493093681754 0.24707013627285668
21.817247425018625 0.17302596604706988
21.893001756355496 0.09798932323449275
21.968756087692363 0.022390616129893112
22.044510419029233 -0.05333652298533798
22.120264750366104 -0.12875772514701808
22.196019081702975 -0.20344037623763445
22.271773413039845 -0.2769560984500313
22.347527744376713 -0.3488832074517273
22.423282075713587 -0.4188091311556515
22.499036407050458 -0.48633277622321797
22.574790738387325 -0.5510668287256524
22.650545069724195 -0.6126399757669356
22.726299401061066 -0.6706990353252155
22.802053732397937 -0.7249109820960082
22.877808063734808 -0.7749648577169608
22.953562395071675 -0.8205735544171897
23.02931672640855 -0.861475461860239
23.105071057745416 -0.8974359677343652
23.180825389082287 -0.9282488034828791
23.256579720419158 -0.9537372274553764
23.33233405175603 -0.9737550386934049
23.4080883830929 -0.9881874155354812
23.483842714429766 -0.996951574231251
23.55959704576664 -0.9999972437869996
23.63535137710351 -0.9973069543188029
23.71110570844038 -0.9888961372593463
23.78686003977725 -0.9748130368436113
23.86261437111412 -0.9551384333811606
23.93836870245099 -0.9299851799023142
24.01412303378786 -0.8994975548360078
24.089877365124728 -0.8638504344323571
24.165631696461602 -0.8232482896768791
24.24138602779847 -0.7779240134500859
24.31714035913534 -0.7281375846597552
24.39289469047221 -0.6741745770084809
24.46864902180908 -0.6163445209500915
24.54440335314595 -0.5549791282307616
24.62015768448282 -0.49043038919877197
24.69591201581969 -0.4230685537967481
24.771666347156565 -0.35328000781729185
24.847420678493435 -0.28146505660381543
24.9231750098303 -0.20803562890915311
24.998929341167173 -0.1334129140825834
25.074683672504044 -0.05802494613837382
25.150438003840915 0.01769585143660146
25.226192335177785 0.09331514605307879
25.301946666514652 0.16839918734020656
25.377700997851523 0.24251729512677034
25.453455329188394 0.31524432981179523
25.529209660525265 0.3861631309546119
25.604963991862135 0.4548669100966422
25.680718323199002 0.5209615840897571
25.756472654535873 0.5840680355473091
25.832226985872744 0.6438242874519022
25.907981317209618 0.6998875794464692
25.98373564854649 0.7519363338990398
26.059489979883352 0.799672000463957
26.135244311220227 0.8428207685591543
26.210998642557097 0.8811351379367318
26.286752973893968 0.9143953383381799
26.36250730523084 0.9424105900910383
26.438261636567706 0.9650201984162972
26.514015967904577 0.9820944751696092
26.589770299241447 0.993535482729216
26.665524630578318 0.9992775957636855
26.74127896191519 0.9992878776571607
26.817033293252056 0.9935662694329599
26.892787624588927 0.9821455900918638
26.968541955925797 0.9650913483631547
27.04429628726267 0.9425013669481919
27.120050618599542 0.9145052214118633
27.195804949936406 0.881263496940403
27.271559281273277 0.8429668672287958
27.34731361261015 0.7998350007812765
27.42306794394702 0.7521153008983146
27.498822275283892 0.7000814865774997
27.57457660662076 0.6440320224682703
27.65033093795763 0.5842884068861838
27.7260852692945 0.5211933277066844
27.80183960063137 0.45510869671606446
27.877593931968242 0.3864135736945682
27.95334826330511 0.31550199213903524
28.02910259464198 0.24278069909666616
28.10485692597885 0.16866682207421588
28.18061125731572 0.0935854764050992
28.256365588652596 0.017967326798536982
28.33211991998946 -0.05775388294235653
28.40787425132633 -0.13314381786416213
28.483628582663204 -0.20777004319746445
28.559382914000075 -0.2812045047918246
28.635137245336946 -0.35302598442362837
28.710891576673813 -0.42282251589319864
28.786645908010684 -0.49019374805256605
28.862400239347554 -0.5547532412095584
28.938154570684425 -0.6161306837361628
29.013908902021296 -0.6739740161667012
29.089663233358166 -0.7279514506020655
29.165417564695034 -0.7777533738367545
29.241171896031904 -0.8230941232924383
29.316926227368775 -0.8637136255713039
29.39268055870565 -0.8993788882305316
29.46843489004252 -0.9298853362210739
29.544189221379384 -0.9550579853249971
29.619943552716258 -0.9747524458605534
29.69569788405313 -0.988855750897747
29.77145221539 -0.9972870042338162
29.84720654672687 -0.9999978444118104
29.922960878063737 -0.9969727221206911
29.998715209400608 -0.9882289893857882
30.07446954073748 -0.9738168000380201
30.15022387207435 -0.9538188220327815
30.22597820341122 -0.9283497632686315
30.301732534748087 -0.8975557136256761
30.377486866084958 -0.8616133069976865
30.45324119742183 -0.8207287081245379
30.5289955287587 -0.7751364300364451
30.604749860095573 -0.7250979888931214
30.680504191432437 -0.6709004039336832
30.756258522769308 -0.6128545511414825
30.832012854106182 -0.5512933800673272
30.907767185443053 -0.48657000403922607
30.983521516779923 -0.4190556747132134
31.05927584811679 -0.34913765258320817
31.13503017945366 -0.2772169856645505
31.210784510790532 -0.20370620909269851
31.286538842127403 -0.12902697883206043
31.362293173464273 -0.0536076530679974
31.43804750480114 0.02211916484494384
31.51380183613801 0.09771910778499969
31.589556167474882 0.1727585363820474
31.665310498811753 0.24680702636213311
31.741064830148627 0.3194398374502747
31.81681916148549 0.39024034966997
31.89257349282236 0.4588024530649436
31.968327824159235 0.5247328771355855
32.044082155496106 0.5876534466286576
32.11983648683297 0.6472032507410375
32.19559081816984 0.7030407132949992
32.271345149506715 0.7548455520105706
32.34709948084358 0.8023206156366152
32.422853812180456 0.8451935884029634
32.49860814351733 0.8832185520167851
32.57436247485419 0.9161773962437402
32.650116806191065 0.9438810699828136
32.72587113752794 0.9661706656586354
32.801625468864806 0.9829183307113587
32.87737980020168 0.994028000955724
32.95313413153855 0.9994359516027989
33.028888462875415 0.9991111627837722
33.10464279421229 0.9930554974791354
33.180397125549156 0.9813036908326769
33.25615145688603 0.9639231509115671
33.3319057882229 0.9410135720553896
33.407660119559765 0.9127063630319083
33.48341445089664 0.8791638932796857
33.559168782233506 0.8405785615610806
33.63492311357038 0.7971716923677665
33.71067744490725 0.7491922664090458
33.786431776244115 0.6969154924647406
33.86218610758099 0.6406412287945669
33.93794043891786 0.5806922631587161
34.01369477025473 0.517412461315377
34.0894491015916 0.4511647946153868
34.16520343292847 0.3823292580077092
34.24095776426534 0.3113006903979902
34.31671209560221 0.23848650986248623
34.39246642693908 0.1643043767082855
34.46822075827595 0.08917979778425003
34.54397508961282 0.01354368578445924
34.61972942094969 -0.062170112456137135
34.69548375228656 -0.1375273044962955
34.77123808362344 -0.2120956433789421
34.8469924149603 -0.2854474069888555
34.92274674629717 -0.357161851456003
34.998501077634046 -0.4268276245317076
35.07425540897091 -0.49404512509484366
35.15000974030779 -0.5584287952538219
35.225764071644655 -0.6196093318969091
35.30151840298152 -0.6772358050056261
35.377272734318396 -0.7309776705804818
35.45302706565526 -0.780526666633023
35.52878139699214 -0.8255985813688753
35.604535728329004 -0.8659348834194076
35.68029005966587 -0.9013042047711853
35.756044391002746 -0.9315036678870587
35.83179872233961 -0.9563600494066042
35.90755305367649 -0.9757307737509778
35.983307385013354 -0.9895047309328298
36.05906171635022 -0.9976029138804092
36.134816047687096 -0.9999788716201315
36.21057037902397 -0.9966189757181952
36.28632471036084 -0.9875424984529381
36.362079041697704 -0.9728015022695304
36.43783337303458 -0.9524805411510993
36.513587704371446 -0.9266961756192165
36.58934203570832 -0.895596304145666
36.66509636704519 -0.8593593148105516
36.740850698382054 -0.8181930620727391
36.81660502971893 -0.7723336745219181
36.892359361055796 -0.7220442004509691
36.96811369239267 -0.6676130990175441
37.04386802372954 -0.6093525856496359
37.119622355066404 -0.5475968411857054
37.19537668640328 -0.48270009502181643
37.271131017740146 -0.41503459326075404
37.34688534907702 -0.344988463517704
37.422639680413894 -0.27296348863006387
37.498394011750754 -0.19937280204118746
37.57414834308763 -0.12463851807730197
37.6499026744245 -0.04918931071043862
37.72565700576137 0.026542045304730606
37.801411337098244 0.102121156816009
