0.0 0.0
0.08588431072583777 0.08577876756862897
0.17176862145167554 0.17092520991646842
0.25765293217751334 0.2548116630599579
0.3435372429033511 0.33681975112930207
0.4294215536291888 0.4163449447769153
0.5153058643550267 0.49280101751509114
0.6011901750808644 0.565624367132639
0.6870744858067022 0.6342781703348116
0.7729587965325398 0.698256339980253
0.8588431072583776 0.7570872557438708
0.9447274179842154 0.8103372407047446
1.0306117287100534 0.8576137582311203
1.116496039435891 0.8985683055963863
1.2023803501617287 0.9328989829955086
1.2882646608875665 0.9603527190242036
1.3741489716134043 0.9807271362155543
1.4600332823392421 0.9938720428821051
1.5459175930650797 0.9996905402662055
1.6318019037909177 0.99813973683715
1.7176862145167553 0.9892310644696142
1.803570525242593 0.9730301941726532
1.889454835968431 0.9496565519904723
1.975339146694269 0.9192824386435459
2.0612234574201067 0.8821317593997252
2.1471077681459443 0.8384783735381905
2.232992078871782 0.7886440755733133
2.31887638959762 0.7329962231199982
2.4047607003234575 0.6719450288868961
2.4906450110492955 0.6059405367597738
2.576529321775133 0.5354693042660991
2.6624136325009706 0.46105081587631724
2.7482979432268086 0.3832336535814696
2.8341822539526467 0.3025914529760517
2.9200665646784842 0.21971867465617803
3.005950875404322 0.13522622210453847
3.0918351861301594 0.04973693836526995
3.1777194968559974 -0.036118985294630326
3.2636038075818354 -0.12170865489191716
3.349488118307673 -0.2064011391570064
3.4353724290335106 -0.28957212049557896
3.5212567397593486 -0.3706084971969338
3.607141050485186 -0.4489129029635341
3.6930253612110238 -0.5239081104456689
3.778909671936862 -0.5950412863202046
3.8647939826626994 -0.6617880665467695
3.950678293388538 -0.7236564217602891
4.036562604114375 -0.7801902843058035
4.122446914840213 -0.8309729101785973
4.2083312255660505 -0.8756299510868084
4.294215536291889 -0.9138322139905694
4.380099847017727 -0.9452980877754978
4.465984157743564 -0.969795619172127
4.551868468469402 -0.9871442226184556
4.63775277919524 -0.9972160114612296
4.723637089921077 -0.9999367406828968
4.809521400646915 -0.9952863542048428
4.895405711372753 -0.9832991327324198
4.981290022098591 -0.964063441051915
5.067174332824428 -0.9377210766422818
5.153058643550266 -0.9044662244033914
5.238942954276104 -0.864544025206118
5.324827265001941 -0.8182487688163023
5.41071157572778 -0.7659217245136017
5.496595886453617 -0.7079486253970108
5.582480197179454 -0.6447568249216757
5.668364507905293 -0.5768121466278517
5.7542488186311305 -0.5046154502844726
5.8401331293569685 -0.4286989397602741
5.9260174400828065 -0.3496222398393316
6.011901750808644 -0.26796827090106057
6.097786061534482 -0.1843389518748251
6.183670372260319 -0.09935076314518637
6.269554682986158 -0.013630202116175582
6.355438993711995 0.07219083506569517
6.441323304437832 0.15747971158571714
6.527207615163671 0.24160771349514867
6.613091925889508 0.323954684327651
6.698976236615346 0.4039135966335568
6.784860547341184 0.480895026732495
6.870744858067021 0.5543314996983993
6.956629168792858 0.623681672547472
7.042513479518697 0.6884343247923891
7.128397790244535 0.7481121269460501
7.214282100970372 0.8022751591950487
7.30016641169621 0.850524154304658
7.3860507224220475 0.8925034408499976
7.471935033147886 0.9279035650771178
7.557819343873724 0.9564635720667248
7.643703654599562 0.9779729293847763
7.729587965325399 0.9922730790395836
7.815472276051236 0.9992586063050544
7.901356586777076 0.9988780167939914
7.987240897502913 0.9911341160531918
8.07312520822875 0.9760839888821286
8.159009518954587 0.9538385785276697
8.244893829680427 0.9245618688568316
8.330778140406265 0.8884696755362583
8.416662451132101 0.8458280551293296
8.50254676185794 0.7969513438383802
8.588431072583777 0.7421998403496071
8.674315383309615 0.6819771498617492
8.760199694035453 0.6167272088772608
8.846084004761291 0.5469310126879724
8.931968315487127 0.47310306967884613
9.017852626212965 0.3957876085872101
9.103736936938803 0.3155545666759915
9.189621247664642 0.23299538839443054
9.27550555839048 0.14871866549681317
9.361389869116318 0.06334565075843748
9.447274179842154 -0.022494321640173717
9.533158490567994 -0.10816847530181194
9.61904280129383 -0.1930452561756765
9.704927112019668 -0.27649898810988544
9.790811422745506 -0.35791448507452833
9.876695733471342 -0.43669158605595093
9.962580044197182 -0.5122495791928996
10.04846435492302 -0.5840314825416211
10.134348665648856 -0.6515081499139592
10.220232976374694 -0.7141821715218803
10.306117287100532 -0.7715915406745164
10.39200159782637 -0.8233130594983868
10.477885908552208 -0.8689654585752326
10.563770219278046 -0.9082122075008048
10.649654530003883 -0.9407639956463417
10.73553884072972 -0.9663808648356008
10.82142315145556 -0.9848739782162326
10.907307462181397 -0.9961070122861279
10.993191772907235 -0.999997161813297
11.079076083633073 -0.9965157502414264
11.164960394358909 -0.985688441081467
11.250844705084749 -0.967595048730957
11.336729015810587 -0.9423689501156466
11.422613326536423 -0.910196101490548
11.508497637262261 -0.8713136676481478
11.594381947988099 -0.8260082736386906
11.680266258713937 -0.7746138918901094
11.766150569439775 -0.7175093803028808
11.852034880165613 -0.655115689467937
11.93791919089145 -0.5878927595948601
12.023803501617287 -0.5163361300248964
12.109687812343125 -0.4409732863220661
12.195572123068963 -0.36235977187005786
12.281456433794801 -0.28107509263861097
12.367340744520638 -0.19771844530772972
12.453225055246476 -0.11290430024020298
12.539109365972315 -0.027257871862934057
12.624993676698152 0.05858949015248593
12.71087798742399 0.14400495493568208
12.796762298149828 0.22835887538214433
12.882646608875664 0.31102942964850994
12.968530919601504 0.3914072049632906
13.054415230327342 0.46889968996308573
13.140299541053178 0.5429356424387111
13.226183851779016 0.6129693002939951
13.312068162504854 0.6784844046758279
13.397952473230692 0.7389980056186467
13.48383678395653 0.7940640221497175
13.569721094682368 0.8432765306116135
13.655605405408204 0.8862727569617497
13.741489716134042 0.9227357509909957
13.827374026859882 0.9523967227481346
13.913258337585717 0.975037023947035
13.999142648311556 0.9904897597504327
14.085026959037394 0.998641019048903
14.17091126976323 0.9994307141659533
14.25679558048907 0.9928530237992568
14.342679891214907 0.9789564359328604
14.428564201940745 0.9578433904040323
14.514448512666585 0.9296695237596003
14.60033282339242 0.8946425219683833
14.686217134118259 0.8530205894470321
14.772101444844095 0.8051105456850003
14.857985755569933 0.7512655634995061
14.943870066295773 0.6918825655931469
15.029754377021609 0.627399298605644
15.115638687747447 0.5582911062285719
15.201522998473283 0.4850674251703616
15.287407309199123 0.4082680298018062
15.373291619924961 0.3284590531650302
15.459175930650797 0.24622881367732113
15.545060241376637 0.16218347829366114
15.630944552102472 0.07694259409731913
15.716828862828311 -0.008865478742322444
15.802713173554151 -0.09460819897825985
15.888597484279986 -0.17965350711556788
15.974481795005826 -0.26337448468982455
16.06036610573166 -0.3451539756479555
16.1462504164575 -0.42438913576474174
16.23213472718334 -0.5004958765584281
16.318019037909174 -0.5729131709469057
16.403903348635016 -0.6411071889048625
16.489787659360854 -0.7045752326355733
16.575671970086688 -0.7628494422489676
16.66155628081253 -0.81550024462918
16.747440591538364 -0.8621395200679867
16.833324902264202 -0.9024234633210981
16.919209212990044 -0.9360551179966952
17.00509352371588 -0.9627865655938322
17.090977834441716 -0.9824207530540116
17.176862145167554 -0.9948129453539543
17.262746455893392 -0.9998717924317015
17.34863076661923 -0.9975600025810885
17.43451507734507 -0.9878946173506139
17.520399388070906 -0.9709468859202686
17.60628369879674 -0.9468417398823618
17.692168009522582 -0.9157568722980358
17.77805232024842 -0.8779214278183028
17.863936630974255 -0.8336143135254458
17.949820941700093 -0.783162142946583
18.03570525242593 -0.7269368283952741
18.12158956315177 -0.6653528393893886
18.207473873877607 -0.5988641473550618
18.293358184603445 -0.5279608791390913
18.379242495329283 -0.4531657039986857
18.46512680605512 -0.3750299807021651
18.55101111678096 -0.2941296931425772
18.636895427506797 -0.2110612044251873
18.722779738232635 -0.12643686072793328
18.808664048958473 -0.04088047734134986
18.894548359684308 0.044977259837008
18.980432670410146 0.13050344345540263
19.066316981135987 0.21506761023635074
19.15220129186182 0.29804638848838155
19.23808560258766 0.37882809334162104
19.323969913313498 0.4568172358329467
19.409854224039336 0.5314389126017388
19.495738534765174 0.6021430438371544
19.58162284549101 0.6684084282365703
19.66750715621685 0.7297465850837355
19.753391466942684 0.7857053551244338
19.839275777668526 0.8358722336955248
19.925160088394364 0.879877411536879
20.0110443991202 0.9173965008706926
20.09692870984604 0.9481529266525935
20.182813020571874 0.9719199653672539
20.268697331297712 0.9885224163393963
20.354581642023554 0.9978378932399297
20.44046595274939 0.9997977262668166
20.526350263475226 0.9943874683501529
20.612234574201064 0.9816470016499254
20.698118884926902 0.9616702435614001
20.78400319565274 0.9346044543953398
20.86988750637858 0.9006491518365443
20.955771817104416 0.8600546401828721
21.04165612783025 0.8131201652065819
21.127540438556093 0.7601917082395658
21.21342474928193 0.7016594357436057
21.299309060007765 0.6379548231662797
21.385193370733607 0.5695474742843073
21.47107768145944 0.4969416594808199
21.55696199218528 0.4206725984748319
21.64284630291112 0.34130251490521046
21.728730613636955 0.25941649185301
21.814614924362793 0.1756181588535205
21.90049923508863 0.09052524219167125
21.98638354581447 0.004765011282038306
22.072267856540307 -0.08103034529909102
22.158152167266145 -0.1662283800436609
22.244036477991983 -0.25020104865052667
22.329920788717818 -0.33232933970553
22.41580509944366 -0.41200783777492733
22.501689410169497 -0.4886491862748826
22.58757372089533 -0.5616884172187314
22.673458031621173 -0.6305871159248317
22.759342342347008 -0.6948373899845223
22.845226653072846 -0.7539656132327108
22.931110963798684 -0.8075359171219667
23.016995274524522 -0.855153403763282
23.10287958525036 -0.8964670569482481
23.188763895976198 -0.9311723296938265
23.274648206702036 -0.9590133892354128
23.360532517427874 -0.9797850029190458
23.446416828153712 -0.9933340510907488
23.53230113887955 -0.999560655830618
23.618185449605384 -0.9984189172111017
23.704069760331226 -0.9899172516520792
23.789954071057064 -0.9741183298785346
23.8758383817829 -0.9511386149381652
23.961722692508737 -0.9211475036844705
24.047607003234575 -0.8843660780539576
24.133491313960413 -0.8410654753425102
24.21937562468625 -0.7915648894945727
24.30525993541209 -0.7362292181388093
24.391144246137927 -0.6754663727153041
24.477028556863765 -0.6097242715229236
24.562912867589603 -0.5394875378528383
24.64879717831544 -0.4652739275481818
24.734681489041275 -0.3876305123243903
24.820565799767117 -0.30712964698516393
24.90645011049295 -0.22436475026212288
24.99233442121879 -0.1399459303799077
25.07821873194463 -0.05449548759339313
25.164103042670465 0.03135667314968162
25.249987353396303 0.11697768560473241
25.33587166412214 0.20173638745572517
25.42175597484798 0.2850079729799747
25.507640285573817 0.3661785988547731
25.593524596299655 0.4446499091537912
25.679408907025493 0.5198434461768671
25.765293217751328 0.5912049145983858
25.85117752847717 0.6582082675007501
25.937061839203007 0.7203595841723519
26.022946149928842 0.7772007110846361
26.108830460654683 0.8283126392084114
26.194714771380518 0.8733185927732551
26.280599082106356 0.9118868067010383
26.366483392832198 0.9437329722393893
26.452367703558032 0.9686223327669855
26.53825201428387 0.9863714143212516
26.624136325009708 0.9968493780917126
26.710020635735546 0.9999789849090217
26.795904946461384 0.9957371646198316
26.881789257187222 0.9841551861503226
26.96767356791306 0.9653184270047475
27.053557878638895 0.9393657438981584
27.139442189364736 0.9064884491627359
27.225326500090574 0.8669289004732533
27.31121081081641 0.8209787142875886
27.39709512154225 0.7689766161720816
27.482979432268085 0.711305943858262
27.568863742993923 0.6483918214372882
27.654748053719764 0.5806980255228632
27.740632364445602 0.5087235664838862
27.826516675171433 0.43299900994858126
27.912400985897275 0.3540825656964339
27.998285296623113 0.2725559727690645
28.08416960734895 0.1890202111331238
28.17005391807479 0.104091071507195
28.255938228800623 0.018394616010004215
28.34182253952646 -0.06743743690785202
28.427706850252303 -0.15277236922826182
28.51359116097814 -0.23698112749836464
28.59947547170398 -0.31944295994969235
28.685359782429813 -0.3995499924207275
28.77124409315565 -0.4767117093511603
28.85712840388149 -0.5503593068157562
28.943012714607327 -0.6199498855091579
29.02889702533317 -0.6849704527726429
29.114781336059 -0.7449417041615688
29.20066564678484 -0.7994215566774369
29.28654995751068 -0.8480084076189266
29.372434268236518 -0.8903440950291848
29.458318578962356 -0.9261165379160526
29.54420288968819 -0.9550620367826984
29.630087200414028 -0.9769672175100911
29.715971511139866 -0.9916706042618133
29.801855821865708 -0.9990638098164389
29.887740132591546 -0.9990923345528236
29.97362444331738 -0.9917559681985343
30.059508754043218 -0.9771087913798869
30.145393064769056 -0.9552587769621759
30.231277375494894 -0.9263669941188406
30.317161686220736 -0.8906464209968411
30.403045996946567 -0.8483603747307887
30.488930307672405 -0.7998205703790678
30.574814618398246 -0.7453848230907395
30.660698929124084 -0.6854544104418168
30.746583239849922 -0.6204711143846895
30.832467550575757 -0.5509139646162382
30.918351861301595 -0.47729570737112015
31.004236172027433 -0.4001590256708609
31.090120482753274 -0.3200725388914358
31.176004793479112 -0.23762661113891687
31.261889104204943 -0.1534289993320303
31.347773414930785 -0.0681003730721625
31.433657725656623 0.017730260673461604
31.51954203638246 0.10343019434827817
31.605426347108303 0.18836768386201547
31.691310657834133 0.27191660554405417
31.77719496855997 0.35346107166546925
31.863079279285813 0.432399970505887
31.94896359001165 0.5081513974978541
32.03484790073749 0.5801569447840973
32.12073221146332 0.6478858175668262
32.206616522189165 0.7108387469051514
32.292500832915 0.7685516701169793
32.37838514364084 0.8205991516551896
32.46426945436668 0.8665975192406387
32.55015376509251 0.9062076921338368
32.63603807581835 0.9391376806964437
32.721922386544186 0.9651447388168171
32.80780669727003 0.9840371533328999
32.89369100799587 0.9956756572615095
32.97957531872171 0.999974456416337
33.06545962944754 0.9969018618468212
33.151343940173376 0.9864805234358479
33.237228250899214 0.968787262934282
33.32311256162506 0.9439525076631267
33.4089968723509 0.9121593290578378
33.49488118307673 0.8736420931422135
33.580765493802566 0.8286847328800201
33.666649804528404 0.7776186551398795
33.75253411525424 0.720820297702342
33.83841842598009 0.6587083543179093
33.92430273670592 0.5917406882717374
34.01018704743176 0.5204109572068223
34.096071358157594 0.44524497408624764
34.18195566888343 0.3667968311197734
34.26783997960927 0.2856448152276694
34.35372429033511 0.202387145151251
34.43960860106095 0.11763756163436101
34.525492911786785 0.0320208031831369
34.61137722251262 -0.0538319992451289
34.69726153323846 -0.13928797467560666
34.78314584396429 -0.22371717737622204
34.86903015469014 -0.30649723055432343
34.954914465415975 -0.3870179142581878
35.04079877614181 -0.4646856636635148
35.12668308686765 -0.5389279445851793
35.21256739759348 -0.609197473959938
35.29845170831932 -0.6749762541884416
35.384336019045165 -0.7357793915969957
35.470220329771 -0.791158670871051
35.55610464049684 -0.8407058591111819
35.64198895122267 -0.8840557151553649
35.72787326194851 -0.9208886819841803
35.81375757267435 -0.9509332423615702
35.899641883400186 -0.9739679203464287
35.98552619412603 -0.9898229139206649
36.07141050485186 -0.9983813466987016
36.1572948155777 -0.9995801294913473
36.24317912630354 -0.99341042537292
36.329063437029376 -0.9799177148233735
36.414947747755214 -0.9592014604652092
36.50083205848105 -0.9314143738665953
36.58671636920689 -0.8967612898155172
36.67260067993273 -0.8554976563633369
36.758484990658566 -0.8079276517685301
36.844369301384404 -0.7544019422217053
36.93025361211024 -0.6953150968810172
37.01613792283608 -0.6311026792732549
37.10202223356192 -0.5622380365015784
37.187906544287756 -0.4892288099285238
37.273790855013594 -0.41261319305606153
37.359675165739425 -0.33295596418806056
37.44555947646527 -0.2508443231206642
37.53144378719111 -0.16688356255089687
37.617328097916946 -0.08169260611183463
37.703212408642784 0.004100554073687461
37.789096719368615 0.08986348668851687
37.87498103009445 0.17496398324053902
37.96086534082029 0.25877471843938865
38.046749651546136 0.34067787457631665
38.132633962271974 0.42006969581807013
38.218518272997805 0.4963649388425723
38.30440258372364 0.5690011870080713
38.39028689444948 0.6374429962535133
38.47617120517532 0.7011858421683823
38.562055515901164 0.7597598391357716
38.647939826626995 0.8127332041327266
38.73382413735283 0.8597154396542595
38.81970844807867 0.90036021229769
38.90559275880451 0.9343679057877541
38.99147706953035 0.9614878296225455
39.077361380256185 0.981520067059114
39.16324569098202 0.9943169488161322
39.24913000170786 0.9997841416301158
39.3350143124337 0.997881343640812
39.42089862315954 0.9886225814796683
39.50678293388537 0.97207610687137
39.592667244611214 0.9483638935106448
39.67855155533705 0.917660737923185
39.76443586606289 0.8801929709387044
39.85032017678873 0.8362367892746715
39.93620448751456 0.7861162195295556
40.0220887982404 0.730200729594162
40.10797310896624 0.6689025050887907
40.19385741969208 0.6026734109031326
40.27974173041792 0.5320016602371469
40.36562604114375 0.4574082156974394
40.45151035186959 0.3794429489786485
40.537394662595425 0.29868058743918435
40.62327897332127 0.215716477451335
40.70916328404711 0.13116219575668608
40.79504759477294 0.0456410411779739
40.88093190549878 -0.040216560079311056
40.966816216224615 -0.12577770166537028
41.05270052695045 -0.21041166260719463
41.13858483767629 -0.29349455671994223
41.22446914840213 -0.3744139316351218
41.31035345912797 -0.45257328354346077
41.396237769853805 -0.5273964543716613
41.48212208057964 -0.5983318789788944
41.56800639130548 -0.664856651064476
41.65389070203132 -0.7264803778145512
41.73977501275716 -0.7827487948729441
41.825659323482995 -0.833247114988119
41.91154363420883 -0.8776030856514258
41.99742794493467 -0.9154897331870002
42.0833122556605 -0.9466277730650323
42.16919656638635 -0.9707876686705957
42.255080877112185 -0.9877913233516095
42.34096518783802 -0.9975133932729383
42.42684949856386 -0.9998822113987437
42.51273380928969 -0.9948803157919193
42.59861812001553 -0.9825445783361901
42.68450243074137 -0.9629659329320004
42.77038674146721 -0.936288705169804
42.85627105219305 -0.9027095484221465
