0.0 0.0
0.11764062877831936 0.11736947214128532
0.23528125755663873 0.23311650330663305
0.35292188633495813 0.3456410801128381
0.47056251511327746 0.4533877343373744
0.5882031438915968 0.5548670447223562
0.7058437726699163 0.6486762257872433
0.8234844014482355 0.7335185190436303
0.9411250302265549 0.8082211185602959
1.0587656590048742 0.8717513830868898
1.1764062877831936 0.9232311106301714
1.294046916561513 0.9619486781601266
1.4116875453398325 0.9873688786343859
1.5293281741181517 0.9991403193601683
1.646968802896471 0.9971002794235011
1.7646094316747902 0.9812769590396995
1.8822500604531098 0.9518890897315153
1.9998906892314292 0.9093429107236057
2.1175313180097484 0.8542265533497212
2.2351719467880677 0.7873019110989977
2.352812575566387 0.7094941076846684
2.4704532043447065 0.621878708721914
2.588093833123026 0.525666853792492
2.7057344619013457 0.4221885144210295
2.823375090679665 0.31287410939407617
2.941015719457984 0.19923473156005586
3.0586563482363034 0.08284125944226903
3.1762969770146228 -0.034697357587268086
3.293937605792942 -0.1517563404012012
3.4115782345712615 -0.26671754003068876
3.5292188633495805 -0.3779918059281562
3.6468594921279003 -0.4840409533743099
3.7645001209062197 -0.583399026365932
3.882140749684539 -0.6746925620598251
3.9997813784628584 -0.7566595766501005
4.117422007241178 -0.8281670102301206
4.235062636019497 -0.8882263894924078
4.3527032647978166 -0.9360074917553167
4.4703438935761355 -0.9708498214336447
4.587984522354455 -0.9922717403097542
4.705625151132774 -0.999977125394134
4.823265779911094 -0.9938594623413737
4.940906408689413 -0.9740033178367683
5.058547037467732 -0.9406831706002154
5.176187666246052 -0.8943596171668664
5.293828295024371 -0.8356730048934079
5.411468923802691 -0.7654345802032422
5.52910955258101 -0.6846152744316122
5.64675018135933 -0.5943322822879963
5.764390810137649 -0.49583361846660634
5.882031438915968 -0.39048086588456127
5.999672067694288 -0.279730354025145
6.117312696472607 -0.16511302756476082
6.234953325250927 -0.04821328356687757
6.3525939540292455 0.06935293021583298
6.4702345828075645 0.18596045317604365
6.587875211585884 0.2999973770389572
6.705515840364203 0.40988732785767074
6.823156469142523 0.5141112568045877
6.940797097920842 0.611228438536807
7.058437726699161 0.6998963868674593
7.176078355477482 0.7788894124413887
7.293718984255801 0.8471155658856746
7.41135961303412 0.9036317322236629
7.529000241812439 0.9476566678968978
7.646640870590758 0.9785818001794728
7.764281499369078 0.9959796397005477
7.881922128147397 0.9996096897856737
7.999562756925717 0.9894217709299472
8.117203385704036 0.9655567144475893
8.234844014482356 0.9283444157093775
8.352484643260675 0.878299273878742
8.470125272038993 0.8161130811847132
8.587765900817313 0.7426454600258877
8.705406529595633 0.6589119800968226
8.823047158373951 0.5660701197981314
8.940687787152271 0.46540326599083015
9.05832841593059 0.35830297327217603
9.17596904470891 0.2462497280094629
9.293609673487229 0.13079248303756735
9.411250302265548 0.013527245919557954
9.528890931043868 -0.10392498324732984
9.646531559822188 -0.21994061950664176
9.764172188600508 -0.3329159364490949
9.881812817378826 -0.4412892351070351
9.999453446157146 -0.5435624318882645
10.117094074935464 -0.6383217671313389
10.234734703713785 -0.7242573480204723
10.352375332492104 -0.8001812557111602
10.470015961270423 -0.8650439663651942
10.587656590048741 -0.917948859101047
10.705297218827061 -0.9581646103110029
10.822937847605383 -0.985135303013833
10.9405784763837 -0.9984881114977721
11.05821910516202 -0.9980384550261697
11.175859733940339 -0.9837925493642614
11.29350036271866 -0.9559473208563805
11.411140991496978 -0.9148876842413556
11.528781620275298 -0.8611812218358298
11.646422249053616 -0.7955703376371107
11.764062877831936 -0.7189619948022204
11.881703506610256 -0.6324151783657382
11.999344135388576 -0.5371262565038324
12.116984764166894 -0.43441244270107704
12.234625392945214 -0.3256935874285338
12.352266021723532 -0.21247255103339116
12.469906650501853 -0.09631442915281664
12.587547279280173 0.021175082173245506
12.705187908058491 0.1383718826234713
12.822828536836811 0.25365591812562366
12.940469165615129 0.36543357545423466
13.05810979439345 0.47215971132685547
13.175750423171769 0.5723590114825894
13.293391051950088 0.6646463844886599
13.411031680728406 0.7477461083639138
13.528672309506726 0.8205094653485766
13.646312938285046 0.8819306210483631
13.763953567063366 0.9311605284497803
13.881594195841684 0.967518664606337
13.999234824620004 0.9905024377551769
14.116875453398322 0.9997941348261286
14.234516082176643 0.9952653133052328
14.352156710954963 0.976978576742409
14.469797339733281 0.9451867093597761
14.587437968511601 0.9003291817232489
14.70507859728992 0.8430260757807918
14.82271922606824 0.7740695132437241
14.940359854846559 0.694412705799713
15.058000483624879 0.6051567785203069
15.175641112403197 0.5075355486078987
15.293281741181517 0.40289846989099626
15.410922369959838 0.2926919788322965
15.528562998738156 0.17843949991046879
15.646203627516476 0.06172038676852418
15.763844256294794 -0.05585190976699674
15.881484885073114 -0.17265214500466114
15.999125513851434 -0.28706574673764484
16.116766142629753 -0.3975111340636095
16.23440677140807 -0.5024615801537471
16.35204740018639 -0.6004663167539893
16.46968802896471 -0.6901705886831547
16.58732865774303 -0.7703343811074037
16.70496928652135 -0.8398495607170922
16.82260991529967 -0.8977551938572306
16.940250544077987 -0.9432508298635202
17.057891172856305 -0.9757075659835135
17.175531801634627 -0.9946767409284999
17.293172430412948 -0.9998961368819623
17.410813059191266 -0.991293604231996
17.528453687969584 -0.9689880589216783
17.646094316747902 -0.9332878386306619
17.763734945526224 -0.8846864405110871
17.881375574304542 -0.8238556993966532
17.999016203082864 -0.7516365007849234
18.11665683186118 -0.669027156970738
18.2342974606395 -0.5771696070116219
18.35193808941782 -0.4773336312881423
18.46957871819614 -0.3708992988670851
18.587219346974457 -0.25933789030391086
18.70485997575278 -0.14419155959559674
18.822500604531097 -0.0270520164240774
18.94014123330942 0.0904614766266383
19.057781862087737 0.20672448772710195
19.175422490866055 0.3201298709154761
19.293063119644376 0.4291099822617033
19.410703748422694 0.532158349980699
19.528344377201016 0.6278504989407285
19.64598500597933 0.7148636417021217
19.763625634757652 0.7919949638900295
19.881266263535974 0.8581782511357284
19.99890689231429 0.9124986277463244
20.116547521092613 0.954205203364784
20.234188149870928 0.9827214528009083
20.35182877864925 0.997653185549102
20.46946940742757 0.99879399482734
20.58711003620589 0.986128110813326
20.704750664984207 0.9598306186364889
20.822391293762525 0.9202650381124474
20.940031922540847 0.867978298676153
21.05767255131917 0.8036931789770452
21.175313180097483 0.7282983156464443
21.292953808875804 0.6428359193496114
21.410594437654122 0.5484873679280327
21.528235066432444 0.44655687578306286
21.645875695210766 0.3384534652450974
21.76351632398908 0.2256714891445306
21.8811569527674 0.10976997382810205
21.99879758154572 -0.007648931830267462
22.11643821032404 -0.1249621035171301
22.23407883910236 -0.24054787851823528
22.351719467880677 -0.35280847255309206
22.469360096659 -0.46019206652920575
22.58700072543732 -0.5612142579027788
22.704641354215635 -0.6544785801159073
22.822281982993957 -0.73869580646262
22.939922611772275 -0.8127017715393172
23.057563240550596 -0.8754734639273294
23.175203869328918 -0.9261431676524642
23.292844498107232 -0.964010456939069
23.410485126885554 -0.9885518784507276
23.528125755663872 -0.999428187176432
23.645766384442194 -0.9964890359379805
23.76340701322051 -0.9797750536937962
23.88104764199883 -0.9495172839100321
23.99868827077715 -0.9061339907625583
24.11632889955547 -0.8502248773188739
24.233969528333787 -0.7825627956241005
24.35161015711211 -0.7040830632855832
24.469250785890427 -0.6158705342368381
24.58689141466875 -0.519144602406355
24.704532043447063 -0.4152423455910731
24.822172672225385 -0.3056000425428053
24.939813301003706 -0.19173331876379693
25.057453929782024 -0.07521619546318199
25.175094558560346 0.04234066871167926
25.29273518733866 0.15931224239648398
25.410375816116982 0.2740815849106433
25.528016444895304 0.3850621978173826
25.645657073673622 0.4907199556696845
25.76329770245194 0.5895943127852912
25.880938331230258 0.6803184929017962
25.99857896000858 0.7616383826228996
26.1162195887869 0.8324298674848013
26.233860217565216 0.8917143710000008
26.351500846343537 0.9386723818766305
26.469141475121855 0.9726547824216022
26.586782103900177 0.9931918215309979
26.7044227326785 0.9999996082307187
26.822063361456813 0.9929840360048582
26.939703990235135 0.9722420836643555
27.057344619013453 0.9380604747735612
27.174985247791774 0.8909117141659377
27.292625876570092 0.8314475563376006
27.41026650534841 0.7604899960074493
27.527907134126732 0.6790199053846843
27.64554776290505 0.5881634752148953
27.763188391683368 0.48917664703505354
27.88082902046169 0.3834277518360605
27.998469649240008 0.27237859512493234
28.11611027801833 0.157564249854658
28.233750906796644 0.04057183655150956
28.351391535574965 -0.07698141603028705
28.469032164353287 -0.19347052645079924
28.586672793131605 -0.30728522329490426
28.704313421909927 -0.4168522045407552
28.82195405068824 -0.520656885886821
28.939594679466563 -0.6172643374025504
29.057235308244884 -0.7053391190875649
29.174875937023202 -0.7836637411453627
29.292516565801524 -0.8511554937883611
29.41015719457984 -0.9068814139297471
29.52779782335816 -0.9500711818721673
29.64543845213648 -0.9801277697175401
29.7630790809148 -0.9966356943012268
29.880719709693118 -0.999366760567192
29.998360338471436 -0.9882832159914013
30.116000967249757 -0.9635382724487165
30.23364159602808 -0.9254739883093293
30.351282224806393 -0.8746165400412871
30.468922853584715 -0.8116689486814541
30.586563482363033 -0.7375013617196005
30.704204111141355 -0.6531390247325992
30.821844739919676 -0.5597481090412949
30.93948536869799 -0.4586195912994485
31.057125997476312 -0.3511514078530739
31.17476662625463 -0.23882913055704147
31.292407255032952 -0.12320543117403523
31.41004788381127 -0.0058786182271052005
31.527688512589588 0.11152945700140064
31.64532914136791 0.22739581991100888
31.762969770146228 0.34011880755232904
31.880610398924546 0.4481402089975756
31.998251027702867 0.5499668050579323
32.11589165648118 0.6441910095964286
32.23353228525951 0.7295103271039877
32.351172914037825 0.8047453575693508
32.46881354281614 0.8688560997551833
32.58645417159447 0.9209563275140714
32.70409480037278 0.960325840415439
32.821735429151104 0.9864204193385261
32.93937605792942 0.9988793494115441
33.05701668670774 0.9975304063047948
33.17465731548606 0.9823922369503183
33.29229794426438 0.9536741017785595
33.4099385730427 0.9117729820351931
33.52757920182102 0.8572680921647389
33.64521983059934 0.7909128731182483
33.762860459377656 0.713624577264538
33.880501088155974 0.6264715888765002
33.9981417169343 0.5306586554660371
34.11578234571261 0.4275102341202937
34.233422974490935 0.3184521830487221
34.35106360326925 0.20499205142563962
34.46870423204757 0.08869823998866064
34.586344860825896 -0.02882167953610754
34.70398548960421 -0.1459431864837101
34.82162611838253 -0.2610472675914538
34.93926674716085 -0.37254279720901196
35.05690737593917 -0.4788885320080785
35.17454800471749 -0.5786144161503985
35.292188633495805 -0.6703419024052295
35.40982926227413 -0.7528030083099776
35.52746989105245 -0.8248578439537373
35.645110519830766 -0.8855103690908683
35.762751148609084 -0.9339221617681897
35.8803917773874 -0.969424008137114
35.99803240616573 -0.9915251532405015
36.115673034944045 -0.9999200848972285
36.23331366372236 -0.9944927569083868
36.35095429250068 -0.975318193206165
36.468594921279 -0.9426614507707015
36.586235550057324 -0.8969739556508739
36.70387617883564 -0.8388872627375635
36.82151680761396 -0.7692043255502811
36.93915743639228 -0.6888883967181281
37.0567980651706 -0.5990497125877492
37.174438693948915 -0.5009301460218083
37.29207932272724 -0.3958860395379356
37.40971995150556 -0.28536945609196096
37.527360580283876 -0.17090810668259113
37.645001209062194 -0.054084232245691616
37.76264183784051 0.06348726823865151
37.88028246661884 0.18018116108311438
37.997923095397155 0.29438434409050673
38.11556372417547 0.4045181450532053
38.23320435295379 0.509060144314227
38.35084498173211 0.6065652197288344
38.468485610510434 0.6956855231144651
38.58612623928875 0.7751891120472149
38.70376686806706 0.843976979450839
38.82140749684539 0.901098245571978
38.93904812562371 0.9457633023374
39.05668875440203 0.9773547283941239
39.17432938318035 0.9954358239497071
39.29197001195866 0.9997566474326001
39.409610640736986 0.9902574705255445
39.527251269515304 0.9670696038118682
39.64489189829363 0.9305135816214457
39.76253252707195 0.8810947311678827
39.88017315585026 0.8194961872263219
39.99781378462858 0.7465694489125396
40.1154544134069 0.6633226091004714
40.23309504218523 0.5709064191870787
40.350735670963545 0.4705983818365668
40.468376299741855 0.36378509159557865
40.58601692852018 0.2519430674915728
40.7036575572985 0.1366183425724104
40.82129818607682 0.01940509252818545
40.93893881485514 -0.09807640118013741
41.05657944363345 -0.21420214906166435
41.17422007241178 -0.3273669025940682
41.291860701190096 -0.4360063441586733
41.409501329968414 -0.5386187111729199
41.52714195874674 -0.6337855555016678
41.64478258752505 -0.7201913511825466
41.76242321630337 -0.796641679420689
41.88006384508169 -0.8620797394748565
41.99770447386001 -0.9156009571991346
42.11534510263834 -0.9564654893009448
42.23298573141665 -0.984108450464407
42.350626360194966 -0.9981477219658964
42.46826698897329 -0.9983892338403614
42.58590761775161 -0.9848296475811682
42.703548246529934 -0.9576564022894916
42.821188875308245 -0.9172451236353357
42.93882950408656 -0.8641544314470228
43.05647013286489 -0.7991182177057934
43.174110761643206 -0.7230355016895694
43.29175139042153 -0.6369580025018985
43.40939201919984 -0.542075600775643
43.52703264797816 -0.4396998905194122
43.644673276756485 -0.33124604847576083
43.7623139055348 -0.21821327161746892
43.87995453431312 -0.10216405320153425
43.99759516309144 0.01529741614437392
44.11523579186976 0.13254742373344022
44.23287642064808 0.24796517999176515
44.3505170494264 0.3599552232231379
44.46815767820472 0.46696947425739693
44.58579830698304 0.5675286361128005
44.703438935761355 0.6602426428571804
44.82107956453967 0.7438298749957812
44.938720193318 0.817134875764487
45.056360822096316 0.8791443234296344
45.17400145087464 0.9290010388035624
45.29164207965295 0.966015834344796
45.40928270843127 0.9896770410485634
45.526923337209595 0.9996575814338448
45.64456396598791 0.9958194908545716
45.76220459476624 0.978215824635195
45.87984522354455 0.9470899246676099
45.99748585232287 0.9028720556075099
46.11512648110119 0.8461734571692999
46.23276710987951 0.7777778947368307
46.350407738657836 0.6986308250889159
46.46804836743615 0.6098263270058485
46.585688996214465 0.5125919774197485
46.70332962499279 0.4082718821714179
46.82097025377111 0.29830809594559055
46.93861088254943 0.18422068822358537
47.056251511327744 0.06758673080910192
47.17389214010606 -0.04998150260998999
47.29153276888439 -0.16685882350819287
47.409173397662705 -0.2814295940954991
47.52681402644102 -0.39211006086724115
47.64445465521934 -0.4973702474057845
47.76209528399766 -0.5957551038019895
47.879735912775985 -0.6859046203402446
47.9973765415543 -0.7665726274082523
48.11501717033262 -0.8366440217536425
48.23265779911094 -0.8951501809624864
48.35029842788926 -0.941282353079839
48.467939056667575 -0.9744028362826733
48.5855796854459 -0.9940537940645224
48.70322031422422 -0.9999635840763128
48.820860943002536 -0.9920505131375335
48.938501571780854 -0.9704239665108285
49.05614220055917 -0.9353828958296597
49.1737828293375 -0.8874116865809537
49.291423458115815 -0.8271734622680467
49.409064086894126 -0.755500917812882
49.52670471567245 -0.6733848089107068
49.64434534445077 -0.5819602564531675
49.761985973229095 -0.48249105533860037
49.87962660200741 -0.3763522045747472
49.997267230785724 -0.2650109001664689
50.11490785956405 -0.15000625353079955
50.23254848834237 -0.0329280157991298
50.35018911712069 0.08460539789196957
50.46782974589901 0.20096928034277312
50.58547037467732 0.3145550912100129
50.703111003455646 0.42379269244610623
50.820751632233964 0.5271720528893931
50.93839226101229 0.6232641219751229
51.05603288979061 0.7107405840220173
51.17367351856892 0.7883922200239288
51.291314147347244 0.8551456231247295
51.40895477612556 0.9100780367123323
51.52659540490388 0.9524301100195816
51.644236033682205 0.9816163949065492
51.761876662460516 0.997233438723474
51.87951729123884 0.9990653613837468
51.99715792001716 0.987086839552988
52.11479854879548 0.9614634567027335
52.2324391775738 0.9225494141897721
52.35007980635211 0.8708826350017558
52.46772043513043 0.807177327851726
52.585361063908756 0.7323141144108807
52.703001692687074 0.6473278561543708
52.8206423214654 0.5533933490940571
52.93828295024371 0.4518090841452585
53.05592357902203 0.34397929761367246
53.173564207800354 0.23139455992535254
53.29120483657867 0.11561117092863094
53.408845465357 -0.0017703534057512788
53.52648609413531 -0.11912740549997909
53.644126722913626 -0.23483771606497178
53.76176735169195 -0.34730177931976136
53.87940798047027 -0.45496496354267707
53.997048609248594 -0.5563390013120899
54.114689238026905 -0.650022562369162
54.23232986680522 -0.7347206247166428
54.34997049558355 -0.8092623761797118
54.467611124361866 -0.8726173989692585
54.585251753140184 -0.9239099135224258
54.7028923819185 -0.9624308847225715
54.82053301069682 -0.9876478231500213
54.938173639475146 -0.9992121458773242
55.055814268253464 -0.9969639950580607
55.17345489703178 -0.9809344477001004
55.2910955258101 -0.9513450860767962
55.40873615458842 -0.9086049347144892
55.526376783366736 -0.8533048062974563
55.64401741214506 -0.7862091346489143
55.76165804092338 -0.7082454076837832
55.8792986697017 -0.6204913464052924
55.996939298480015 -0.5241600071749101
56.11457992725833 -0.4205830131922888
56.23222055603666 -0.31119214698260483
56.349861184814976 -0.1974995583450818
56.46750181359329 -0.08107686135534543
56.58514244237161 0.036466590628556894
56.70278307114993 0.153505951643914
56.820423699928256 0.26842334396116907
56.938064328706574 0.3796302225971719
57.055704957484885 0.4855893343512956
57.17334558626321 0.5848359678165169
57.29098621504153 0.6759982006187948
57.40862684381985 0.7578158639999614
57.52626747259817 0.8291579625895474
57.64390810137648 0.8890383085658887
57.76154873015481 0.9366291540896898
57.879189358933125 0.9712726335639621
57.99682998771145 0.9924898575498916
58.11447061648977 0.9999875326300106
58.23211124526808 0.9936620157099775
58.349751874046405 0.9736007467148214
58.46739250282472 0.9400810398750109
58.58503313160305 0.8935662503107971
58.702673760381366 0.8346993689055837
0.0 0.0
0.08899009514881544 0.08887268603845205
0.17798019029763087 0.17704203255347842
0.26697028544644635 0.2638102662592374
0.35596038059526175 0.3484907022937829
0.44495047574407715 0.4304131786514537
0.5339405708928927 0.5089293598531769
0.6229306660417081 0.5834178678813718
0.7119207611905235 0.6532891997731758
0.8009108563393389 0.7179903929540963
0.8899009514881543 0.7770094013905828
0.9788910466369698 0.8298791479285953
1.0678811417857854 0.876181220747908
1.1568712369346006 0.9155491846783688
1.2458613320834162 0.9476714811723147
1.3348514272322314 0.972293893982724
1.423841522381047 0.9892215610337038
1.5128316175298624 0.9983205165613388
1.6018217126786778 0.9995187513203843
1.6908118078274932 0.9928067824663136
1.7798019029763086 0.9782377286026653
1.8687919981251242 0.9559268893997651
1.9577820932739396 0.926050833111727
2.046772188422755 0.8888459992131308
2.135762283571571 0.8446068272141322
2.224752378720386 0.7936834264625807
2.313742473869201 0.736478805374361
2.4027325690180166 0.6734456820198658
2.4917226641668324 0.605082901307653
2.580712759315648 0.5319314871197445
2.6697028544644628 0.45457036064201056
2.7586929496132786 0.3736117587748288
2.847683044762094 0.2896963888827762
2.9366731399109094 0.2034883582287118
3.025663235059725 0.11566991822078443
3.11465333020854 0.02693606506645014
3.2036434253573556 -0.062010960436006984
3.292633520506171 -0.15046723043973462
3.3816236156549864 -0.23773270094289498
3.470613710803802 -0.3231167519454509
3.559603805952617 -0.40594365302428437
3.648593901101433 -0.4855579110720276
3.7375839962502484 -0.5613294578775199
3.8265740913990633 -0.6326586364933349
3.915564186547879 -0.6989809469281908
4.004554281696694 -0.7597715136067765
4.09354437684551 -0.8145492392414748
4.182534471994325 -0.8628806122421703
4.271524567143142 -0.9043831375322765
4.360514662291957 -0.9387283636194418
4.449504757440772 -0.9656444819646786
4.538494852589587 -0.9849184780784596
4.627484947738402 -0.9963978173199914
4.716475042887218 -0.9999916520582274
4.805465138036033 -0.9956715406411286
4.894455233184849 -0.9834716724832463
4.983445328333665 -0.9634885974902768
5.07243542348248 -0.9358804619619292
5.161425518631296 -0.9008657570201746
5.250415613780111 -0.858721589467839
5.3394057089289255 -0.8097814887619773
5.428395804077741 -0.7544327674576743
5.517385899226557 -0.6931134560117521
5.606375994375373 -0.6263088362043802
5.695366089524188 -0.554547600613137
5.784356184673003 -0.47839766853348875
5.873346279821819 -0.3984616914585448
5.962336374970634 -0.3153722836877793
6.05132647011945 -0.22978701580972802
6.1403165652682645 -0.1423832106803213
6.22930666041708 -0.053852583081517594
6.318296755565896 0.035104234517928254
6.407286850714711 0.1237832367763878
6.496276945863527 0.21148261698623902
6.585267041012342 0.29750832118072107
6.674257136161157 0.3811795408855154
6.763247231309973 0.4618341010453292
6.852237326458789 0.5388337004853735
6.941227421607604 0.6115689634346639
7.030217516756419 0.6794642621333181
7.119207611905234 0.741982272357684
7.208197707054049 0.7986282258108102
7.297187802202866 0.8489538257247967
7.386177897351681 0.8925607946868909
7.475167992500497 0.929104026611805
7.564158087649312 0.9582943179154881
7.653148182798127 0.9799006562758272
7.742138277946943 0.9937520488669869
7.831128373095758 0.9997388755987213
7.920118468244573 0.9978137566511109
8.009108563393388 0.9879919274390339
8.098098658542204 0.9703511180389073
8.18708875369102 0.9450309380319133
8.276078848839836 0.9122317716320661
8.36506894398865 0.8722131918430953
8.454059039137466 0.8252919061945183
8.543049134286283 0.7718392503143846
8.632039229435097 0.7122782491745805
8.721029324583913 0.647080269266021
8.810019419732727 0.5767612881984925
8.899009514881543 0.5018778112475324
8.987999610030359 0.4230224671648865
9.076989705179175 0.34081931810731975
9.16597980032799 0.2559189208010824
9.254969895476805 0.16899317802802963
9.34395999062562 0.08073002117878755
9.432950085774436 -0.008172034044668918
9.521940180923252 -0.09700941569082507
9.610930276072066 -0.18507906363564555
9.699920371220882 -0.27168399360899514
9.788910466369698 -0.35613881313666
9.877900561518514 -0.43777514574477183
9.96689065666733 -0.5159469204993884
10.055880751816144 -0.5900354850197593
10.14487084696496 -0.6594545015008333
10.233860942113774 -0.7236545869978033
10.322851037262591 -0.7821276612494577
10.411841132411405 -0.8344109676315619
10.500831227560221 -0.8800907354184544
10.589821322709037 -0.9188054543696141
10.678811417857851 -0.9502487357261267
10.767801513006669 -0.9741717369750681
10.856791608155483 -0.9903851311921885
10.945781703304299 -0.9987606053775101
11.034771798453114 -0.9992318759259726
11.123761893601928 -0.9917952131966965
11.212751988750746 -0.9765094710294042
11.30174208389956 -0.9534956209744169
11.390732179048376 -0.9229357949223218
11.47972227419719 -0.8850718437099696
11.568712369346006 -0.8402034231099904
11.657702464494822 -0.7886856223513523
11.746692559643638 -0.7309261539388608
11.835682654792453 -0.6673821270114135
11.924672749941267 -0.5985564297746901
12.013662845090083 -0.5249937496377417
12.1026529402389 -0.4472762625501864
12.191643035387715 -0.3660190256546242
12.280633130536529 -0.2818651097168968
12.369623225685345 -0.1954805098561813
12.45861332083416 -0.10754887485148719
12.547603415982977 -0.018766096736858466
12.636593511131792 0.07016519649668712
12.725583606280606 0.15854120150766393
12.814573701429422 0.24566250951237123
12.903563796578236 0.3308396414145426
12.992553891727054 0.4133985043513555
13.08154398687587 0.49268572647256703
13.170534082024684 0.5680738277333373
13.2595241771735 0.6389661857789699
13.348514272322314 0.7048017576215101
13.437504367471131 0.7650595197408199
13.526494462619945 0.8192625914710695
13.615484557768761 0.8669820090401706
13.704474652917577 0.9078401203942991
13.793464748066391 0.9415135739408687
13.882454843215209 0.9677358775569888
13.971444938364023 0.9862995076113753
14.060435033512839 0.9970575513089123
14.149425128661653 0.9999248693603021
14.238415223810469 0.9948787697754449
14.327405318959284 0.9819591874481235
14.416395414108099 0.9612683681107677
14.505385509256916 0.9329700591604754
14.594375604405732 0.8972882137601156
14.683365699554546 0.8545052184702568
14.772355794703362 0.8049596584384743
14.861345889852176 0.7490436378323602
14.950335985000994 0.6871996767223401
15.03932608014981 0.6199172089724403
15.128316175298623 0.5477287088546962
15.21730627044744 0.47120547704125565
15.306296365596253 0.3909531193238875
15.39528646074507 0.30760675384233166
15.484276555893887 0.22182598475158893
15.573266651042701 0.13428968210657957
15.662256746191517 0.04569060927621637
15.75124684134033 -0.04327005959434418
15.840236936489147 -0.1318882886844714
15.929227031637964 -0.2194627522461383
16.018217126786777 -0.30530038490445927
16.107207221935592 -0.3887218665855592
16.19619731708441 -0.4690669986639123
16.285187412233224 -0.545699928782349
16.37417750738204 -0.618014182995377
16.463167602530856 -0.6854374654113986
16.55215769767967 -0.7474361873493901
16.641147792828484 -0.803519690166243
16.7301378879773 -0.8532441283352697
16.81912798312612 -0.8962159820451153
16.90811807827493 -0.932095171520354
16.997108173423747 -0.9605977484170024
17.086098268572567 -0.981498142993168
17.17508836372138 -0.9946309492707484
17.264078458870195 -0.999892234060368
17.353068554019007 -0.9972403594899032
17.442058649167826 -0.9866963125271123
17.531048744316642 -0.9683435388885191
17.620038839465455 -0.9423272826489905
17.709028934614274 -0.9088534367783483
17.798019029763086 -0.8681869137019036
17.887009124911902 -0.8206495487802666
17.975999220060718 -0.7666175533003852
18.064989315209534 -0.7065185371348143
18.15397941035835 -0.6408281246319616
18.242969505507162 -0.5700661905191832
18.33195960065598 -0.4947927456078237
18.420949695804797 -0.415603504860841
18.50993979095361 -0.33312517289728255
18.598929886102425 -0.248010484244273
18.68791998125124 -0.16093303758800623
18.776910076400057 -0.07258196490549758
18.865900171548873 0.016343522334300864
18.95489026669769 0.10513966673861067
19.043880361846504 0.1931037345354342
19.132870456995317 0.2795395770172108
19.221860552144133 0.3637631398702102
19.310850647292952 0.44510787678871305
19.399840742441764 0.5229300245306189
19.48883083759058 0.5966136976676397
19.577820932739396 0.6655757627100741
19.666811027888212 0.7292704530323876
19.755801123037028 0.7871936880769536
19.84479121818584 0.8388870626537446
19.93378131333466 0.8839414747646187
20.02277140848347 0.922000363241511
20.111761503632287 0.9527625295759009
20.200751598781103 0.9759845216074705
20.28974169392992 0.9914825602074848
20.378731789078735 0.999133993709061
20.467721884227547 0.9988782685739593
20.556711979376367 0.9907174086140237
20.645702074525182 0.9747159989747117
20.734692169673995 0.951000675007464
20.82368226482281 0.9197591200759814
20.912672359971626 0.8812385802277971
21.001662455120442 0.8357439074860309
21.090652550269258 0.7836351472467538
21.179642645418074 0.7253246888753231
21.26863274056689 0.6612740020519052
21.357622835715702 0.59198998469479
21.446612930864518 0.5180209513640596
21.535603026013337 0.43995229389347185
21.62459312116215 0.35840184859233937
21.713583216310965 0.2740150066813977
21.80257331145978 0.18745960665882894
21.891563406608597 0.09942064901820931
21.980553501757413 0.010594875146235028
22.06954359690623 -0.07831474669712703
22.158533692055045 -0.16660458467803974
22.247523787203857 -0.25357591193972434
22.336513882352673 -0.33854043633535813
22.425503977501492 -0.4208257475805181
22.514494072650304 -0.4997806387163878
22.60348416779912 -0.574780259769616
22.692474262947936 -0.6452310628226102
22.781464358096752 -0.7105754993590265
22.870454453245568 -0.7702964327095382
22.95944454839438 -0.8239212306777548
23.0484346435432 -0.8710255059572106
23.13742473869201 -0.9112364747376732
23.226414833840828 -0.9442359069207987
23.315404928989643 -0.9697626445970006
23.40439502413846 -0.987614668852346
23.493385119287275 -0.9976506985487076
23.582375214436087 -0.9997913084244175
23.671365309584907 -0.994019557666759
23.760355404733723 -0.9803811239817649
23.849345499882535 -0.9589839421002954
23.93833559503135 -0.9299973495812545
24.027325690180167 -0.8936507466720853
24.116315785328982 -0.8502317808324045
24.2053058804778 -0.8000840702884925
24.294295975626614 -0.7436044846344516
24.38328607077543 -0.6812400040013874
24.472276165924242 -0.6134841816511923
24.561266261073058 -0.5408732379899873
24.650256356221877 -0.4639818169132886
24.73924645137069 -0.38341843806720033
24.828236546519506 -0.2998206810164699
24.91722664166832 -0.2138501394320522
25.006216736817137 -0.12618718523069639
25.095206831965953 -0.03752558410328519
25.184196927114765 0.05143299495531783
25.273187022263585 0.13998453266328642
25.362177117412397 0.22742823106899307
25.451167212561213 0.3130720596746119
25.540157307710032 0.39623823217390036
25.629147402858845 0.4762685704613116
25.71813749800766 0.5525297134615942
25.807127593156473 0.6244181295570468
25.896117688305292 0.6913648929441465
25.985107783454108 0.7528401861192798
26.07409787860292 0.808357492860967
26.16308797375174 0.8574774485251809
26.252078068900552 0.8998113171824897
26.341068164049368 0.9350240680789809
26.430058259198184 0.9628370270737208
26.519048354347 0.9830300820693217
26.608038449495815 0.9954434249817682
26.697028544644628 0.9999788164635469
26.786018639793447 0.9966003633710441
26.875008734942263 0.9853348028233218
26.963998830091075 0.9662712906042326
27.05298892523989 0.939560695582453
27.141979020388707 0.9054144057334176
27.230969115537523 0.8641026552122949
27.31995921068634 0.815952385717582
27.408949305835154 0.7613446590705069
27.49793940098397 0.700711641487118
27.586929496132782 0.6345331834095722
27.6759195912816 0.5633330219638599
27.764909686430418 0.4876746360978027
27.85389978157923 0.4081567872017785
27.942889876728046 0.32540878050373256
28.03187997187686 0.24008548473994373
28.120870067025677 0.15286214951582675
28.209860162174493 0.06442906137230583
28.298850257323306 -0.024513919150302613
28.387840352472125 -0.11326289621717685
28.476830447620937 -0.20111550933919004
28.565820542769753 -0.28737649186245406
28.65481063791857 -0.37136317331707674
28.74380073306739 -0.45241088207962404
28.832790828216197 -0.5298782055924487
28.921780923365013 -0.6031520665105541
29.010771018513832 -0.6716525746031472
29.099761113662648 -0.7348376160120297
29.188751208811464 -0.7922071435473073
29.277741303960276 -0.8433071340669479
29.366731399109092 -0.8877331816214878
29.455721494257908 -0.9251336979276454
29.544711589406724 -0.9552126948423003
29.633701684555543 -0.9777321268162736
29.722691779704352 -0.9925137747897098
29.811681874853168 -0.9994406566199031
29.900671970001987 -0.9984579528793941
29.989662065150803 -0.9895734406975947
30.07865216029962 -0.97285743221249
30.167642255448428 -0.9484422181195205
30.256632350597247 -0.916521020721392
30.345622445746063 -0.8773464647644281
30.43461254089488 -0.8312285781632253
30.523602636043695 -0.7785323384359543
30.612592731192507 -0.7196747842678225
30.701582826341323 -0.6551217150618127
30.79057292149014 -0.5853840045965298
30.879563016638958 -0.5110135579648609
30.968553111787774 -0.43259894379033964
31.057543206936582 -0.35076073628785587
31.146533302085402 -0.2661466040317163
31.235523397234218 -0.17942618429868265
31.324513492383034 -0.0912857835503332
31.41350358753185 -0.0024229459953584707
31.50249368268066 0.08645906678383093
31.591483777829477 0.17465684145187624
31.680473872978293 0.26147237974218174
31.76946396812711 0.34621862242374113
31.85845406327593 0.4282248866962878
31.947444158424737 0.5068421739821536
32.03643425357355 0.5814483061089886
32.12542434872237 0.6514528492353693
32.214414443871185 0.7163017865514647
32.30340453902001 0.7754819027748378
32.39239463416882 0.8285248457424402
32.48138472931763 0.8750108329553995
32.57037482446645 0.9145719737428003
32.659364919615264 0.9468951807529725
32.74835501476408 0.9717246477306142
32.83734510991289 0.9888638739706211
32.92633520506171 0.9981772194270737
33.01532530021053 0.9995909781702076
33.10431539535934 0.9930939616960531
33.19330549050816 0.978737587472387
33.28229558565697 0.9566354720202674
33.371285680805784 0.9269625317514899
33.4602757759546 0.8899535986779774
33.54926587110342 0.8459015619483579
33.63825596625224 0.7951550499196787
33.72724606140105 0.7381156711083118
33.81623615654986 0.6752348358552424
33.90522625169868 0.6070101838591372
33.994216346847494 0.5339816458496701
34.08320644199631 0.4567271705691335
34.17219653714513 0.37585815087902136
34.26118663229394 0.29201458518948525
34.35017672744276 0.20586001250402872
34.439166822591574 0.11807626116379018
34.52815691774039 0.02935805284968575
34.617147012889205 -0.05959249545345727
34.706137108038014 -0.14807142801929185
34.79512720318684 -0.2353785214942077
34.88411729833565 -0.3208228264734392
34.97310739348447 -0.4037281356831686
35.062097488633285 -0.48343833549312054
35.15108758378209 -0.5593225984078509
35.24007767893091 -0.6307803754432794
35.329067774079725 -0.6972461488786524
35.41805786922855 -0.7581939077707258
35.507047964377364 -0.8131413108107723
35.59603805952617 -0.8616535035796198
35.68502815467499 -0.9033465599908334
35.774018249823804 -0.9378905206864377
35.86300834497262 -0.9650120043393245
35.951998440121436 -0.9844963711964119
36.04098853527025 -0.9961894217402733
36.12997863041907 -0.9999986170260033
36.21896872556788 -0.9958938110355585
36.3079588207167 -0.9839074892537121
36.396948915865515 -0.964134511577531
36.485939011014324 -0.9367313615939937
36.57492910616314 -0.9019149081669607
36.66391920131196 -0.8599606891343452
36.75290929646078 -0.8112007306983027
36.841899391609594 -0.7560209197657908
36.9308894867584 -0.6948579500348894
37.01987958190722 -0.6281958659955149
37.108869677056035 -0.55656223219544
37.19785977220485 -0.48052395808799653
37.286849867353666 -0.40068281150373836
37.37583996250248 -0.31767065625247565
37.4648300576513 -0.23214445154536253
37.553820152800114 -0.1447810528116709
37.64281024794893 -0.056271855056651485
37.731800343097746 0.032682678846987306
37.820790438246554 0.1213785616308074
37.90978053339538 0.2091138529945221
37.99877062854419 0.29519421477004065
38.08776072369301 0.3789384059222864
38.176750818841825 0.4596836738990387
38.26574091399063 0.5367909996627317
38.35473100913945 0.6096501548949517
38.443721104288265 0.677684531350769
38.53271119943709 0.740355704143466
38.621701294585904 0.7971676928456437
38.71069138973471 0.8476708866844125
38.79968148488353 0.8914656027665385
38.888671580032344 0.9282052491737262
38.97766167518116 0.9575990678953119
39.066651770329976 0.9794144358907101
39.15564186547879 0.9934787060709981
39.24463196062761 0.9996805736300893
39.333622055776424 0.9979709569123276
39.42261215092524 0.9883633858453108
39.511602246074055 0.9709338948638777
39.600592341222864 0.9458204211726644
39.68958243637168 0.9132217131093721
39.7785725315205 0.8733957572480023
39.86756262666932 0.8266577366899632
39.956552721818134 0.7733775367011357
40.04554281696694 0.7139768174353764
40.13453291211576 0.6489256769108841
40.223523007264575 0.5787389306487671
40.31251310241339 0.5039720374166995
40.40150319756221 0.4252167033214496
40.49049329271102 0.34309619903952004
40.57948338785984 0.25826042724539655
40.668473483008654 0.1713807792738399
40.75746357815747 0.08314482172065733
40.846453673306286 -0.005749144967739383
40.935443768455094 -0.09459761285259376
41.02443386360392 -0.1826974340732648
41.11342395875273 -0.2693513855679189
41.20241405390155 -0.3538736869054322
41.291404149050365 -0.4355954275600685
41.380394244199174 -0.5138698606775558
41.46938433934799 -0.588077521437619
41.558374434496805 -0.6576311295061013
41.64736452964562 -0.7219802367787306
41.736354624794444 -0.7806155836341422
41.82534471994325 -0.8330731292207239
41.91433481509207 -0.8789377238816304
42.003324910240885 -0.9178463946541976
42.0923150053897 -0.9494912178424265
42.181305100538516 -0.9736217559288727
42.27029519568733 -0.9900470395402194
42.35928529083615 -0.9986370787812324
42.448275385984964 -0.999323891976379
42.53726548113378 -0.9921020436776393
42.626255576282595 -0.9770286876807079
42.715245671431404 -0.954223114709159
42.80423576658022 -0.9238658083461937
42.893225861729036 -0.8861970166853682
42.98221595687786 -0.8415148510042346
43.071206052026675 -0.7901729265080633
43.16019614717548 -0.7325775638147706
43.2491862423243 -0.669184573328578
43.338176337473115 -0.600495647950926
43.42716643262193 -0.5270543926767043
43.51615652777075 -0.4494420224976821
43.60514662291956 -0.3682727626599607
43.69413671806838 -0.2841889876778692
43.783126813217194 -0.19785613757420775
43.87211690836601 -0.1099574515797747
43.961107003514826 -0.02118856096974398
44.050097098663635 0.06774801617074061
44.13908719381246 0.15614843468331233
44.22807728896127 0.2433130925754957
44.31706738411009 0.3285521676794956
44.406057479258905 0.4111910769132281
