0.0 0.0
0.099491439531963 0.09932738397450273
0.198982879063926 0.19767238196669212
0.298474318595889 0.29406232416898564
0.397965758127852 0.3875438770265619
0.497457197659815 0.4771924720724234
0.596948637191778 0.5621214502646917
0.6964400767237411 0.6414908313851251
0.795931516255704 0.7145156217661403
0.8954229557876671 0.7804735781797257
0.99491439531963 0.8387123511004035
1.094405834851593 0.8886559366926242
1.193897274383556 0.929810373709962
1.2933887139155191 0.9617686289615879
1.3928801534474822 0.9842146230268818
1.492371592979445 0.9969263564023179
1.591863032511408 0.9997781051618324
1.691354472043371 0.9927416644147464
1.7908459115753341 0.9758866272629692
1.8903373511072972 0.9493796964984872
1.98982879063926 0.9134830358487159
2.0893202301712233 0.8685516770765299
2.188811669703186 0.8150300085797495
2.2883031092351493 0.7534473802191816
2.387794548767112 0.6844128678451578
2.487285988299075 0.6086092493034074
2.5867774278310383 0.5267862514998877
2.686268867363001 0.4397531353136902
2.7857603068949643 0.34837069169608237
2.885251746426927 0.25354272811734435
2.98474318595889 0.15620712956370458
3.0842346254908533 0.05732658249455557
3.183726065022816 -0.04212094649642673
3.2832175045547793 -0.14115188314656538
3.382708944086742 -0.23878677345145896
3.482200383618705 -0.33405997084132766
3.5816918231506683 -0.42602918679652246
3.681183262682631 -0.5137848104429465
3.7806747022145943 -0.5964589049530129
3.880166141746557 -0.6732337917742687
3.97965758127852 -0.7433501377843775
4.079149020810483 -0.8061144653873825
4.1786404603424465 -0.8609060112735162
4.278131899874409 -0.9071828660067899
4.377623339406372 -0.9444873337174815
4.4771147789383345 -0.9724504588900998
4.576606218470299 -0.990795675475163
4.676097658002261 -0.9993415422336632
4.775589097534224 -0.9980035372606203
4.875080537066188 -0.9867948939391877
4.97457197659815 -0.9658264700574108
5.074063416130113 -0.9353056513821183
5.1735548556620765 -0.8955343005340253
5.27304629519404 -0.8469057714504598
5.372537734726002 -0.7899010189638223
5.472029174257965 -0.7250838419735423
5.571520613789929 -0.653095307258392
5.671012053321891 -0.5746474090797896
5.770503492853854 -0.4905160272850513
5.869994932385818 -0.4015332535576657
5.96948637191778 -0.3085791617109095
6.068977811449743 -0.21257310341976676
6.1684692509817065 -0.11446461547971645
6.26796069051367 -0.015224028523074478
6.367452130045632 0.0841671299236931
6.4669435695775945 0.18272584312424536
6.566435009109559 0.2794773275454959
6.665926448641521 0.3734646738411946
6.765417888173484 0.4637583110529522
6.864909327705448 0.5494652004240873
6.96440076723741 0.6297376678959783
7.063892206769373 0.7037817879301231
7.1633836463013365 0.7708652357366832
7.2628750858333 0.830324530247967
7.362366525365262 0.8815715962010525
7.461857964897225 0.9240995804280375
7.561349404429189 0.9574878648285661
7.660840843961151 0.9814062264444154
7.760332283493114 0.9956181034914023
7.859823723025078 0.9999829350462981
7.95931516255704 0.9944575512483543
8.058806602089003 0.9790966002658081
8.158298041620967 0.9540520078045065
8.25778948115293 0.9195714745043156
8.357280920684893 0.8759960260846434
8.456772360216855 0.8237566404690763
8.556263799748818 0.7633699852481588
8.655755239280783 0.6954333076384591
8.755246678812744 0.6206185274781786
8.854738118344708 0.5396655916818336
8.954229557876669 0.4533751558810488
9.053720997408632 0.36260066563279014
9.153212436940597 0.2682399155149799
9.252703876472559 0.17122616959325174
9.352195316004522 0.07251893108083017
9.451686755536485 -0.026905547516807408
9.551178195068449 -0.12606391991422772
9.650669634600412 -0.2239754717185375
9.750161074132375 -0.31967182007145273
9.849652513664337 -0.4122064913277522
9.9491439531963 -0.5006642820432058
10.048635392728265 -0.5841703106881883
10.148126832260226 -0.6618986705620763
10.24761827179219 -0.7330805983277878
10.347109711324153 -0.7970120773764773
10.446601150856115 -0.8530608008222389
10.54609259038808 -0.9006724252601007
10.645584029920043 -0.9393760534352311
10.745075469452004 -0.9687888915976846
10.844566908983968 -0.9886200354796294
10.94405834851593 -0.9986733474502999
11.043549788047894 -0.9988493963925095
11.143041227579857 -0.9891464411145936
11.242532667111819 -0.9696604475714647
11.342024106643782 -0.9405841397244535
11.441515546175745 -0.9022050934273012
11.541006985707709 -0.854902892190498
11.640498425239672 -0.7991453729545551
11.739989864771635 -0.7354839990029517
11.839481304303597 -0.6645484057784274
11.93897274383556 -0.5870401735465869
12.038464183367525 -0.5037258884975782
12.137955622899486 -0.4154295609142057
12.23744706243145 -0.32302447539369067
12.336938501963413 -0.2274245537275631
12.436429941495375 -0.12957531586407145
12.53592138102734 -0.03044452835268301
12.635412820559303 0.06898736723882277
12.734904260091264 0.1677369512680942
12.834395699623228 0.2648275524162311
12.933887139155189 0.3592989073422889
13.033378578687154 0.4502166580566035
13.132870018219117 0.5366815930802071
13.232361457751079 0.6178385409917869
13.331852897283042 0.6928848284015365
13.431344336815005 0.7610782186993077
13.530835776346969 0.8217442530598066
13.630327215878932 0.8742829210994556
13.729818655410895 0.9181745952095703
13.829310094942857 0.9529851698730138
13.92880153447482 0.9783703551345178
14.028292974006785 0.9940790817605887
14.127784413538746 0.999955984410673
14.22727585307071 0.9959429382600568
14.326767292602673 0.982079633876708
14.426258732134634 0.9585031846663145
14.5257501716666 0.925446770768029
14.625241611198563 0.8832373328133264
14.724733050730524 0.8322923383575661
14.824224490262488 0.7731156529655054
14.92371592979445 0.7062925567873187
15.023207369326414 0.6324839559130834
15.122698808858377 0.5524198457576754
15.222190248390339 0.4668920911257033
15.321681687922302 0.3767465943644031
15.421173127454265 0.2828749290644965
15.520664566986229 0.18620552205489002
15.620156006518192 0.08769447090470078
15.719647446050155 -0.011683912248969783
15.819138885582117 -0.11094673702233418
15.91863032511408 -0.20911225594838112
16.018121764646043 -0.30520957433643403
16.117613204178006 -0.3982882527936004
16.21710464370997 -0.4874277074354598
16.316596083241933 -0.5717463148143063
16.416087522773896 -0.6504101315137057
16.51557896230586 -0.7226411421692285
16.61507040183782 -0.7877249543392622
16.714561841369786 -0.8450178641206906
16.81405328090175 -0.8939532226277411
16.91354472043371 -0.9340470403671531
17.013036159965676 -0.9649027740801778
17.112527599497636 -0.9862152487077208
17.2120190390296 -0.9977736756889197
17.311510478561566 -0.99946373774097
17.411001918093525 -0.9912687195009708
17.51049335762549 -0.9732696728472824
17.609984797157452 -0.9456446152653156
17.709476236689415 -0.9086667691862191
17.80896767622138 -0.8627018597120811
17.908459115753338 -0.8082044974541859
18.007950555285305 -0.7457136822594266
18.107441994817265 -0.6758474722947971
18.206933434349228 -0.5992968712146725
18.306424873881195 -0.5168189938692536
18.405916313413154 -0.4292295781478702
18.505407752945118 -0.3373949170178765
18.60489919247708 -0.24222329055446362
18.704390632009044 -0.1446559827018017
18.803882071541008 -0.04565797161325779
18.90337351107297 0.05379161435321945
19.002864950604934 0.1527091805906744
19.102356390136897 0.2501163943716372
19.20184782966886 0.34504986093460693
19.301339269200824 0.4365706518283138
19.400830708732784 0.523773591274771
19.50032214826475 0.6057962087054412
19.599813587796714 0.6818272689264313
19.699305027328673 0.7511147955462095
19.79879646686064 0.8129735083109717
19.8982879063926 0.8667916007895679
19.997779345924563 0.9120367913741508
20.09727078545653 0.948261587749722
20.19676222498849 0.9751077127650282
20.296253664520453 0.9923096479312211
20.395745104052416 0.999697259501696
20.49523654358438 0.9971974811602045
20.594727983116343 0.9848350366747881
20.694219422648306 0.9627321953702157
20.79371086218027 0.9311075628373933
20.89320230171223 0.8902739188400987
20.992693741244196 0.840635123802961
21.09218518077616 0.7826821244767415
21.19167662030812 0.7169880982863662
21.291168059840086 0.6442027843860146
21.390659499372045 0.5650460574893239
21.49015093890401 0.48030080803190944
21.589642378435975 0.3908051990842484
21.689133817967935 0.29744437659695117
21.7886252574999 0.20114171496726696
21.88811669703186 0.10284968451163005
21.987608136563825 0.003540431168340049
22.087099576095788 -0.095803838399197
22.186591015627748 -0.19420057120366285
22.286082455159715 -0.29067658576031896
22.385573894691674 -0.3842776972256825
22.485065334223638 -0.47407815465220887
22.584556773755605 -0.5591897970207392
22.684048213287564 -0.6387708374941525
22.783539652819528 -0.7120341890125684
22.88303109235149 -0.7782552488866846
22.982522531883454 -0.8367790653967321
23.082013971415417 -0.8870268155165683
23.18150541094738 -0.9285015296957498
23.280996850479344 -0.9607930070792886
23.380488290011304 -0.9835818725516781
23.47997972954327 -0.9966427354794702
23.579471169075234 -0.999846418911215
23.678962608607193 -0.9931612371871367
23.77845404813916 -0.976653309322476
23.87794548767112 -0.9504859050650366
23.977436927203083 -0.914917830094654
24.07692836673505 -0.8703008663356127
24.17641980626701 -0.8170762926982886
24.275911245798973 -0.7557705206612004
24.375402685330936 -0.6869898878592923
24.4748941248629 -0.6114146611718025
24.574385564394863 -0.5297923086215173
24.673877003926826 -0.4429301066288991
24.77336844345879 -0.35168715573818765
24.87285988299075 -0.25696588378301344
24.972351322522716 -0.15970312052845428
25.07184276205468 -0.06086083206482706
25.17133420158664 0.03858339340649792
25.270825641118606 0.13764601429593185
25.370317080650565 0.23534726322976257
25.46980852018253 0.3307208373258897
25.569299959714495 0.42282345530048077
25.668791399246455 0.5107441868822142
25.76828283877842 0.5936134622626086
25.867774278310378 0.6706116724754232
25.967265717842345 0.740977275644201
26.066757157374308 0.8040143289239301
26.166248596906268 0.8590993716431388
26.265740036438235 0.9056875915694236
26.365231475970194 0.943318213311691
26.464722915502158 0.9716190555657962
26.564214355034125 0.9903102121305922
26.663705794566084 0.9992068202877844
26.763197234098048 0.9982208891652293
26.86268867363001 0.9873621700004563
26.962180113161974 0.9667380596971841
27.061671552693937 0.9365525386286884
27.1611629922259 0.8971041531935546
27.260654431757864 0.8487830630771153
27.360145871289824 0.7920671824222907
27.45963731082179 0.727517453075123
27.559128750353754 0.6557722966544655
27.658620189885713 0.577541300316914
27.75811162941768 0.4935981986672507
27.85760306894964 0.4047732212260164
27.957094508481603 0.3119448811405929
28.05658594801357 0.21603128635274085
28.15607738754553 0.11798105915838307
28.255568827077493 0.01876395396867032
28.355060266609456 -0.08063873393362374
28.45455170614142 -0.17924387378141332
28.554043145673383 -0.27607622286423517
28.653534585205346 -0.3701780720532769
28.75302602473731 -0.46061871791254744
28.85251746426927 -0.5465036677133688
28.952008903801236 -0.6269834863110803
29.0515003433332 -0.7012621973848853
29.15099178286516 -0.7686051559494504
29.250483222397126 -0.8283463142760081
29.349974661929085 -0.8798948093602222
29.44946610146105 -0.9227408067843004
29.548957540993015 -0.9564605431752077
29.648448980524975 -0.9807205173872127
29.74794042005694 -0.9952807889563343
29.8474318595889 -0.9999973512036898
29.946923299120865 -0.9948235555168714
30.046414738652828 -0.979810572722641
30.145906178184788 -0.9551068869877987
30.245397617716755 -0.9209568272537297
30.344889057248714 -0.8776981507293323
30.444380496780678 -0.8257587023424615
30.543871936312645 -0.7656521831892555
30.643363375844604 -0.697973069832971
30.742854815376568 -0.6233907347023936
30.84234625490853 -0.5426428257414126
30.941837694440494 -0.45652797078749086
31.041329133972457 -0.36589787883557556
31.14082057350442 -0.27164891630897037
31.240312013036384 -0.17471324165108582
31.339803452568344 -0.07604958592036587
31.43929489210031 0.023366229428176892
31.538786331632274 0.12255094379195998
31.638277771164233 0.22052358224592408
31.7377692106962 0.3163151577613652
31.83726065022816 0.4089782548598329
31.936752089760123 0.49759639991619237
32.036243529292086 0.5812931254347864
32.13573496882405 0.6592406386496662
32.23522640835601 0.7306680087130107
32.33471784788797 0.7948687914973764
32.43420928741994 0.8512080165994681
32.533700726951906 0.8991284674413339
32.633192166483866 0.9381561923563769
32.732683606015826 0.9679051921534015
32.83217504554779 0.9880812377968796
32.93166648507975 0.9984847804451341
33.03115792461172 0.9990129250650436
33.130649364143686 0.989660448103439
33.23014080367564 0.9705198491500578
33.329632243207605 0.9417804360810559
33.42912368273957 0.9037264527314098
33.52861512227153 0.856734267614196
33.6281065618035 0.801268651491409
33.72759800133546 0.7378781806126172
33.82708944086742 0.6671898110851032
33.926580880399385 0.5899026780371378
34.02607231993135 0.5067811809030149
34.12556375946331 0.4186474232190067
34.22505519899527 0.3263730817035801
34.32454663852724 0.23087078503982325
34.4240380780592 0.1330850876272222
34.523529517591165 0.03398312757576844
34.62302095712313 -0.06545493866140922
34.722512396655084 -0.16424563041188894
34.82200383618705 -0.2614118697856416
34.92149527571902 -0.3559926453506055
35.02098671525098 -0.44705251690495423
35.120478154782944 -0.5336908673400371
35.219969594314904 -0.6150508100894946
35.31946103384686 -0.6903276640666006
35.41895247337883 -0.758776912269294
35.5184439129108 -0.8197215653393122
35.61793535244276 -0.872558857247011
35.71742679197472 -0.9167662068789443
35.816918231506676 -0.9519063865658043
35.91640967103864 -0.9776318464320295
36.01590111057061 -0.993688151797573
36.11539255010257 -0.9999164996346324
36.21488398963453 -0.996255289190594
36.314375429166496 -0.9827407312431358
36.413866868698456 -0.9595064899617309
36.51335830823042 -0.9267823609176601
36.61284974776239 -0.8848919983175485
36.71234118729434 -0.834249713938939
36.81183262682631 -0.7753563794276328
36.911324066358276 -0.7087944724847554
37.010815505890235 -0.6352223159385213
37.1103069454222 -0.5553675666785665
37.20979838495416 -0.47002001884983075
37.30928982448612 -0.38002379248504076
37.40878126401809 -0.2862689848333487
37.508272703550055 -0.189682866956638
37.607764143082015 -0.0912207126625144
37.707255582613975 0.008143649520616757
37.80674702214594 0.10742746788176144
37.9062384616779 0.20564878731924327
38.00572990120987 0.30183616125390855
38.105221340741835 0.3950382596089085
38.204712780273795 0.4843332778296172
38.304204219805754 0.5688380538847839
38.40369565933772 0.6477168030782579
38.50318709886968 0.7201893842806694
38.60267853840165 0.7855390158249149
38.702169977933615 0.8431193647521456
38.80166141746557 0.8923609392930224
38.901152856997534 0.932776721360096
39.0006442965295 0.9639669833437289
39.10013573606146 0.9856232415717305
39.19962717559343 0.9975313073313719
39.29911861512539 0.9995734052780219
39.39861005465735 0.9917293382785546
39.498101494189314 0.9740766871687486
39.59759293372128 0.9467900434490247
39.69708437325324 0.9101392825074409
39.7965758127852 0.8644868944484302
39.89606725231717 0.8102843989264253
39.995558691849126 0.7480678794430483
40.09505013138109 0.6784526812753235
40.19454157091306 0.6021273254745445
40.29403301044501 0.5198466991285885
40.39352444997698 0.43242458923859756
40.493015889508946 0.34072563405300643
40.592507329040906 0.245656771463091
40.69199876857287 0.14815826903882418
40.79149020810483 0.04919442442146972
40.89098164763679 -0.05025597195055518
40.99047308716876 -0.14920931745507984
41.089964526700726 -0.24668692549393192
41.189455966232686 -0.34172470507935265
41.288947405764645 -0.43338269606421725
41.38843884529661 -0.5207543657089436
41.48793028482857 -0.6029755746384975
41.58742172436054 -0.6792331235127972
41.686913163892505 -0.7487727958805215
41.78640460342446 -0.8109068176695464
41.885896042956425 -0.8650206595367436
41.98538748248839 -0.91057911479919
42.08487892202035 -0.9471315928338869
42.18437036155232 -0.9743165755921079
42.28386180108428 -0.991865193151754
42.38335324061624 -0.999603882944181
42.482844680148204 -0.9974561063546644
42.58233611968017 -0.9854431057187031
42.68182755921213 -0.9636836942271637
42.78131899874409 -0.932393080818179
42.88081043827606 -0.8918807416780796
42.98030187780802 -0.8425473594030441
43.079793317339984 -0.7848808600942861
43.17928475687195 -0.7194515875815077
43.2787761964039 -0.6469066625033345
43.37826763593587 -0.5679635820355808
43.47775907546784 -0.48340312356862913
43.5772505149998 -0.3940616225190843
43.676741954531764 -0.3008227006512239
43.77623339406372 -0.20460852671836816
43.87572483359568 -0.10637069585962888
43.97521627312765 -0.007080817958465369
44.07470771265961 0.09227909195226755
44.174199152191576 0.1907263261962671
44.273690591723536 0.2872872038101341
44.373182031255496 0.3810067006221721
44.47267347078746 0.4709578948082787
44.57216491031943 0.5562511345048333
44.67165634985139 0.636042836807387
44.77114778938335 0.7095438311296446
44.870639228915316 0.7760271644036953
44.970130668447275 0.8348352909250876
45.06962210797924 0.8853865757324625
45.16911354751121 0.9271810472007154
45.26860498704316 0.9598053419524359
45.36809642657513 0.9829367931805105
45.467587866107095 0.9963466219467624
45.567079305639055 0.9999021998935518
45.66657074517102 0.9935683609891751
45.76606218470298 0.9774077493334264
45.86555362423494 0.9515801995833855
45.96504506376691 0.9163411561272602
46.064536503298875 0.8720391466412699
46.164027942830835 0.8191123350170453
46.263519382362794 0.7580841877524176
46.36301082189476 0.6895582966666803
46.46250226142672 0.614212409145654
46.56199370095869 0.5327917249596612
46.661485140490655 0.44610152595157976
46.76097658002261 0.3549992114900738
46.860468019554574 0.2603858184604365
46.95995945908654 0.16319710966375564
47.0594508986185 0.06439431876330982
47.15894233815047 -0.03504535668561691
47.25843377768243 -0.13413842009488033
47.35792521721439 -0.2319048030025745
47.457416656746354 -0.32737755832657367
47.55690809627832 -0.41961242384259634
47.65639953581028 -0.5076971613003392
47.75589097534224 -0.5907605788102042
47.85538241487421 -0.6679811472657251
47.954873854406166 -0.7385951255819911
48.05436529393813 -0.8019041143883906
48.1538567334701 -0.8572819634666279
48.25334817300205 -0.904180964616921
48.35283961253402 -0.9421372687025098
48.452331052065986 -0.9707754732957576
48.551822491597946 -0.9898123355523913
48.65131393112991 -0.9990595735920318
48.75080537066187 -0.9984257286783075
48.85029681019383 -0.9879170697808962
48.9497882497258 -0.9676375315730014
49.049279689257766 -0.9377876864775146
49.148771128789726 -0.8986627609287081
49.248262568321685 -0.8506497154693851
49.34775400785365 -0.7942234175624708
49.44724544738561 -0.7299419449694076
49.54673688691758 -0.6584410661466882
49.646228326449545 -0.5804279522516342
0.0 0.0
0.048450903138502255 0.04843194902814623
0.09690180627700451 0.0967502267790043
0.1453527094155068 0.14484142876527775
0.19380361255400902 0.19259268345348923
0.24225451569251127 0.23989191717694885
0.2907054188310136 0.2866281171761047
0.33915632196951584 0.33269159214891114
0.38760722510801804 0.37797422969969624
0.4360581282465203 0.42236975008228717
0.48450903138502255 0.46577395564185003
0.5329599345235249 0.5080849753699982
0.5814108376620272 0.5492035039991886
0.6298617408005294 0.5890330350752464
0.6783126439390317 0.6274800874609872
0.7267635470775338 0.6644544247393276
0.7752144502160361 0.6998692670009387
0.8236653533545384 0.7336414945193664
0.8721162564930406 0.7656918428355933
0.9205671596315429 0.7959450887941664
0.9690180627700451 0.8243302270942616
1.0174689659085474 0.8507806369413146
1.0659198690470497 0.8752342384080778
1.114370772185552 0.8976336381381246
1.1628216753240543 0.9179262640498249
1.2112725784625564 0.9360644887246419
1.2597234816010587 0.9520057411901516
1.308174384739561 0.9657126068354268
1.3566252878780634 0.9771529152242828
1.4050761910165657 0.9862998156002823
1.4535270941550675 0.9931318399062891
1.5019779972935698 0.9976329531706588
1.5504289004320722 0.9997925911418131
1.5988798035705745 0.9996056850828625
1.6473307067090768 0.9970726736680888
1.6957816098475789 0.9921995019533627
1.7442325129860812 0.9849976074229148
1.7926834161245835 0.9754838931452068
1.8411343192630858 0.9636806881009098
1.889585222401588 0.9496156947760975
1.9380361255400902 0.933321924143658
1.9864870286785927 0.9148376181855223
2.034937931817095 0.8942061601375549
2.083388834955597 0.8714759726677608
2.1318397380940994 0.8467004042267912
2.1802906412326015 0.8199376038374867
2.228741544371104 0.7912503846173263
2.277192447509606 0.7607060763541061
2.3256433506481087 0.7283763674808506
2.3740942537866108 0.6943371368208519
2.422545156925113 0.6586682754977309
2.4709960600636154 0.6214534994285086
2.5194469632021175 0.5827801528397688
2.56789786634062 0.542739003268064
2.616348769479122 0.5014240285257117
2.664799672617624 0.4589321961319695
2.7132505757561267 0.4153632357272797
2.761701478894629 0.3708194050047298
2.8101523820331313 0.3254052497080925
2.8586032851716334 0.2792273582597451
2.907054188310135 0.2323941115943545
2.9555050914486376 0.18501542878548205
3.0039559945871397 0.13720250906213358
3.052406897725642 0.08906757082073634
3.1008578008641443 0.04072358824510753
3.1493087040026464 -0.007715973847440752
3.197759607141149 -0.05613742631152396
3.246210510279651 -0.10442712250561244
3.2946614134181536 -0.15247172502420542
3.3431123165566556 -0.20015847170421172
3.3915632196951577 -0.24737544028122566
3.4400141228336603 -0.29401181107453017
3.4884650259721623 -0.33995812708430223
3.536915929110665 -0.38510655089056856
3.585366832249167 -0.4293511177509508
3.633817735387669 -0.4725879843031854
3.6822686385261716 -0.5147156722886944
3.7307195416646737 -0.5556353067251854
3.779170444803176 -0.5952508479692852
3.8276213479416783 -0.6334693171245407
3.8760722510801804 -0.6702010142657572
3.9245231542186825 -0.7053597289674864
3.9729740573571855 -0.7388629426425536
4.021424960495687 -0.7706320222157222
4.06987586363419 -0.8005924046779509
4.118326766772691 -0.8286737720880683
4.166777669911194 -0.8548102166111531
4.215228573049696 -0.878940395206251
4.263679476188199 -0.9010076736003845
4.3121303793267005 -0.9209602592109362
4.360581282465203 -0.9387513227044387
4.409032185603705 -0.9543391079064611
4.457483088742208 -0.9676870298046403
4.50593399188071 -0.9787637604148292
4.554384895019212 -0.9875433023088451
4.602835798157714 -0.9940050496312325
4.651286701296217 -0.998133836461842
4.699737604434719 -0.9999199724107115
4.7481885075732215 -0.9993592653617117
4.796639410711723 -0.9964530313115701
4.845090313850226 -0.9912080912811876
4.893541216988728 -0.9836367553064909
4.941992120127231 -0.9737567935463999
4.990443023265732 -0.9615913945757164
5.038893926404235 -0.9471691109608238
5.087344829542737 -0.9305237922459347
5.13579573268124 -0.9116945055071657
5.184246635819742 -0.8907254436609082
5.232697538958244 -0.8676658217416876
5.281148442096746 -0.842569761392964
5.329599345235248 -0.8154961638419634
5.378050248373751 -0.7865085716566842
5.426501151512253 -0.7556750196095305
5.474952054650755 -0.7230678749976045
5.523402957789258 -0.6887636677944273
5.571853860927759 -0.6528429110317363
5.620304764066263 -0.615389911832912
5.668755667204764 -0.5764925735415688
5.717206570343267 -0.5362421894096883
5.7656574734817685 -0.49473322832955097
5.81410837662027 -0.4520631131123288
5.862559279758774 -0.4083319918337449
5.911010182897275 -0.3636425027834591
5.959461086035778 -0.3180995335698274
6.007911989174279 -0.2718099749454619
6.056362892312782 -0.22488246993133199
6.104813795451284 -0.17742715882825125
6.153264698589787 -0.1295554207141927
6.201715601728289 -0.08137961203416158
6.250166504866791 -0.03301280289615164
6.298617408005293 0.015431488307877253
6.347068311143796 0.06383956133317234
6.395519214282298 0.11209780094015658
6.4439701174208 0.1600929435529105
6.492421020559302 0.20771234309226577
6.540871923697805 0.25484423535963296
6.589322826836307 0.30137800035101503
6.63777372997481 0.34720442188556977
6.686224633113311 0.3922159439393512
6.734675536251814 0.43630692308261665
6.7831264393903155 0.47937387642820695
6.831577342528819 0.5213157245090796
6.8800282456673205 0.5620340285149247
6.928479148805823 0.6014332213310972
6.976930051944325 0.6394208318375729
7.025380955082827 0.6759077019415227
7.07383185822133 0.710808195834101
7.122282761359832 0.7440404009803313
7.170733664498334 0.7755263203703489
7.2191845676368365 0.8051920555807905
7.267635470775338 0.8329679802166672
7.3160863739138415 0.8587889033266646
7.364537277052343 0.8825942224083095
7.412988180190846 0.9043280656439175
7.461439083329347 0.9239394230334664
7.50988998646785 0.9413822661166417
7.558340889606352 0.9566156560030495
7.606791792744855 0.9696038394570561
7.655242695883357 0.9803163328117326
7.703693599021859 0.9887279935149624
7.752144502160361 0.9948190791397847
7.800595405298863 0.99857529372048
7.849046308437365 0.9999878213056416
7.8974972115758675 0.9990533466494856
7.945948114714371 0.9957740629928357
7.994399017852872 0.9901576669155181
8.042849920991374 0.982217340272252
8.091300824129876 0.9719717192544308
8.13975172726838 0.9594448506504047
8.188202630406883 0.9446661354069298
8.236653533545383 0.9276702596242388
8.285104436683886 0.9084971131466906
8.333555339822388 0.8871916959400841
8.382006242960891 0.8638040124753428
8.430457146099393 0.8383889543664876
8.478908049237894 0.8110061715383207
8.527358952376398 0.7817199322262154
8.5758098555149 0.7505989721365901
8.624260758653401 0.7177163331220807
8.672711661791904 0.6831491917500631
8.721162564930406 0.646978678166875
8.76961346806891 0.609289685682853
8.81806437120741 0.5701706715251277
8.866515274345913 0.5297134492257687
8.914966177484416 0.4880129731326128
8.963417080622918 0.4451671155484732
9.01186798376142 0.40127643702182564
9.060318886899921 0.3564439503281062
9.108769790038425 0.31077487869554876
9.157220693176928 0.2643764088430297
9.205671596315428 0.21735743940953334
9.254122499453931 0.16982832536567702
9.302573402592435 0.12190061900721431
9.351024305730936 0.07368680813834606
9.399475208869438 0.025300052059374734
9.44792611200794 -0.023146084021656285
9.496377015146443 -0.07153789553001016
9.544827918284945 -0.11976180539239138
9.593278821423446 -0.16770463060584842
9.64172972456195 -0.21525384788176521
9.690180627700451 -0.26229785774148284
9.738631530838953 -0.3087262464437266
9.787082433977456 -0.35443004512905474
9.835533337115958 -0.39930198557312585
9.883984240254462 -0.4432367519485394
9.932435143392961 -0.4861312280043145
9.980886046531465 -0.5278847390829285
10.029336949669968 -0.5683992884068212
10.07778785280847 -0.6075797870798632
10.126238755946972 -0.645334277263928
10.174689659085473 -0.6815741480067683
10.223140562223977 -0.7162143432146547
10.27159146536248 -0.7491735612816457
10.32004236850098 -0.780374445906965
10.368493271639483 -0.8097437676526318
10.416944174777985 -0.8372125958151934
10.465395077916488 -0.8627164602082255
10.51384598105499 -0.8861955024758367
10.562296884193492 -0.9075946165820824
10.610747787331995 -0.9268635781465264
10.659198690470497 -0.9439571623224081
10.707649593608998 -0.9588352499407562
10.756100496747502 -0.9714629216713123
10.804551399886003 -0.981810539979275
10.853002303024507 -0.9898538186855099
10.901453206163007 -0.9955738799669581
10.94990410930151 -0.9989572986634712
10.998355012440014 -0.999996133787074
11.046805915578515 -0.9986879471597092
11.095256818717017 -0.9950358091357164
11.143707721855518 -0.9890482913956153
11.192158624994022 -0.9807394468281074
11.240609528132525 -0.9701287765475136
11.289060431271025 -0.9572411841240583
11.337511334409529 -0.9421069171344189
11.38596223754803 -0.9247614961697364
11.434413140686534 -0.905245631467688
11.482864043825035 -0.883605127364309
11.531314946963537 -0.8598907747897998
11.57976585010204 -0.8341582320606488
11.62821675324054 -0.8064678942478523
11.676667656379044 -0.7768847514278098
11.725118559517547 -0.745478236148625
11.773569462656049 -0.712322060469768
11.82202036579455 -0.677494042957598
11.870471268933052 -0.6410759260427927
11.918922172071555 -0.6031531841683415
11.967373075210059 -0.5638148231783969
12.015823978348559 -0.5231531714188138
12.064274881487062 -0.481263663039665
12.112725784625564 -0.43824461400836867
12.161176687764067 -0.39419699135906405
12.209627590902569 -0.3492241762198843
12.25807849404107 -0.3034317211742503
12.306529397179574 -0.25692710252570905
12.354980300318076 -0.209819468047741
12.403431203456577 -0.16221938081056123
12.45188210659508 -0.1142385596861906
12.500333009733582 -0.0659896171408245
12.548783912872086 -0.017585794929891346
12.597234816010586 0.030859301683822397
12.645685719149089 0.07923197056524706
12.694136622287592 0.12741867956942257
12.742587525426094 0.17530633300495482
12.791038428564596 0.22278253707309126
12.839489331703097 0.2697358636594257
12.8879402348416 0.31605611185912136
12.936391137980104 0.361634566621826
12.984842041118604 0.4063642539092485
13.033292944257107 0.45014019176653514
13.08174384739561 0.49285963671813293
13.130194750534113 0.5344223249099129
13.178645653672614 0.5747307074315123
13.227096556811116 0.6136901792666452
13.27554745994962 0.6512093013339866
13.323998363088121 0.6872000150975114
13.372449266226623 0.7215778492426012
13.420900169365126 0.7542621179328188
13.469351072503628 0.7851761101820504
13.51780197564213 0.8142472698975617
13.566252878780631 0.8414073661713795
13.614703781919134 0.8665926534203374
13.663154685057638 0.8897440209989225
13.711605588196138 0.9108071319337835
13.760056491334641 0.929732550454287
13.808507394473143 0.9464758580197855
13.856958297611646 0.9609977575713101
13.905409200750148 0.9732641657629735
13.95386010388865 0.9832462929566372
14.002311007027153 0.9909207107920781
14.050761910165654 0.9962694071740712
14.099212813304156 0.9992798285473342
14.14766371644266 0.9999449093601076
14.196114619581161 0.9982630886472226
14.244565522719665 0.9942383136937344
14.293016425858164 0.9878800307705234
14.341467328996668 0.9792031629636043
14.389918232135171 0.9682280751491854
14.438369135273673 0.9549805261966757
14.486820038412175 0.9394916085118233
14.535270941550676 0.9217976750618818
14.58372184468918 0.9019402540540745
14.632172747827683 0.879965951467614
14.680623650966183 0.8559263416680326
14.729074554104686 0.8298778463605494
14.777525457243188 0.8018816021666009
14.825976360381691 0.7720033171342949
14.874427263520193 0.7403131165196054
14.922878166658695 0.7068853782002271
14.971329069797198 0.6717985581084074
15.0197799729357 0.6351350060924585
15.068230876074201 0.596980772639118
15.116681779212705 0.5574254069104069
15.165132682351206 0.516561746568991
15.21358358548971 0.4744856998853147
15.26203448862821 0.43129602063794703
15.310485391766713 0.38709407633540094
15.358936294905217 0.3419836103034865
15.407387198043718 0.2960704981965164
15.45583810118222 0.24946249950387978
15.504289004320722 0.20226900463520397
15.552739907459225 0.15460077817768766
15.601190810597727 0.1065696989282074
15.64964171373623 0.058288497310320486
15.69809261687473 0.009870490792501697
15.746543520013233 -0.03857068207146939
15.794994423151735 -0.08692132835567228
15.843445326290238 -0.13506796760286854
15.891896229428742 -0.1828975981666188
15.940347132567242 -0.2302979624296339
15.988798035705743 -0.27715781027587333
16.037248938844247 -0.323367160197983
16.08569984198275 -0.368817557427285
16.134150745121254 -0.4134023284804746
16.18260164825975 -0.4570168315255507
16.231052551398257 -0.49955870197945845
16.27950345453676 -0.5409280927608762
16.32795435767526 -0.5810279086344278
16.376405260813765 -0.6197640340961806
16.424856163952263 -0.6570455542656229
16.473307067090765 -0.6927849682657194
16.52175797022927 -0.7268983945901408
16.570208873367772 -0.7593057679757493
16.618659776506277 -0.7899310273182536
16.667110679644775 -0.8187022941899438
16.715561582783277 -0.8455520415406017
16.764012485921782 -0.8704172521855492
16.812463389060284 -0.8932395667089267
16.860914292198785 -0.9139654204350497
16.909365195337287 -0.9325461691463468
16.95781609847579 -0.9489382032528394
17.006267001614294 -0.9631030501451945
17.054717904752795 -0.9750074644911211
17.103168807891297 -0.9846235062631957
17.1516197110298 -0.991928606314964
17.2000706141683 -0.9969056193514242
17.248521517306802 -0.9995428641695627
17.296972420445307 -0.9998341510744981
17.34542332358381 -0.9977787964068856
17.39387422672231 -0.9933816241474864
17.442325129860812 -0.9866529545951368
17.490776032999314 -0.9776085801446878
17.53922693613782 -0.9662697282217675
17.58767783927632 -0.9526630114613617
17.63612874241482 -0.9368203652471356
17.684579645553324 -0.9187789727581017
17.733030548691826 -0.8985811776985626
17.781481451830327 -0.8762743849161209
17.829932354968832 -0.8519109491410437
17.87838325810733 -0.825548052108106
17.926834161245836 -0.7972475683492748
17.975285064384337 -0.7670759199723032
18.02373596752284 -0.7351039207659735
18.072186870661344 -0.7014066099979602
18.120637773799842 -0.6660630762953661
18.169088676938344 -0.629156272021251
18.21753958007685 -0.5907728185829015
18.26599048321535 -0.5510028031287164
18.314441386353856 -0.509939567110875
18.362892289492354 -0.46767948721009817
18.411343192630856 -0.4243217491365747
18.45979409576936 -0.379968114838069
18.508244998907863 -0.33472268366149094
18.556695902046364 -0.28869164802850295
18.60514680518487 -0.24198304419864308
18.653597708323367 -0.19470649870490717
18.702048611461873 -0.14697297105685883
18.750499514600374 -0.09889449331528873
18.798950417738876 -0.05058390714947613
18.84740132087738 -0.002154598994326755
18.89585222401588 0.04627976607107091
18.94430312715438 0.09460551109892544
18.992754030292886 0.1427092140760111
19.041204933431388 0.19047797412863265
19.08965583656989 0.23779967650447392
19.13810673970839 0.28456325570936314
19.186557642846893 0.330658956181415
19.235008545985398 0.3759785898907208
19.2834594491239 0.4204157902599765
19.3319103522624 0.4638662618101381
19.380361255400903 0.5062280249451129
19.428812158539404 0.5474016553010178
19.477263061677906 0.5872905170982268
19.52571396481641 0.625800989948527
19.574164867954913 0.6628426885850442
19.622615771093415 0.698328674999268
19.671066674231916 0.7321756624872254
19.719517577370418 0.7643042111259457
19.767968480508923 0.7946389142214108
19.816419383647425 0.8231085752903811
19.864870286785923 0.8496463751607485
19.913321189924428 0.8741900287981926
19.96177209306293 0.8966819314910608
20.010222996201435 0.9170692940504209
20.058673899339936 0.9353042667079012
20.107124802478435 0.9513440514205803
20.15557570561694 0.965151002319313
20.20402660875544 0.9766927140647361
20.252477511893943 0.9859420979036102
20.30092841503245 0.9928774452469527
20.349379318170946 0.9974824786207646
20.39783022130945 0.9997463898697686
20.446281124447953 0.9996638655244771
20.494732027586455 0.9972350992720728
20.54318293072496 0.9924657915018162
20.591633833863458 0.9853671359260602
20.64008473700196 0.9759557933082562
20.688535640140465 0.9642538523596331
20.736986543278967 0.9502887778963127
20.785437446417472 0.9340933463785327
20.83388834955597 0.9157055689832948
20.88233925269447 0.8951686023909469
20.930790155832977 0.8725306474951343
20.97924105897148 0.847844836273818
21.02769196210998 0.821169107086875
21.07614286524848 0.7925660686929887
21.124593768386983 0.7621028533049611
21.173044671525485 0.7298509590283387
21.22149557466399 0.695886082053154
21.269946477802492 0.660287938992643
21.318397380940993 0.6231400797858823
21.366848284079495 0.584529691603516
21.415299187217997 0.5445473942167769
21.463750090356502 0.5032870273100863
21.512200993495004 0.4608454302364349
21.5606518966335 0.4173222147324207
21.609102799772007 0.3728195311264289
21.65755370291051 0.3274418285886916
21.706004606049014 0.2812956099858299
21.754455509187515 0.23448918191537285
21.802906412326013 0.1871324005068141
21.85135731546452 0.1393364135858861
21.89980821860302 0.09121339980721828
21.948259121741522 0.04287630536754179
21.996710024880027 -0.005561421082501772
22.045160928018525 -0.05398609470582631
22.09361183115703 -0.10228406130075722
22.142062734295532 -0.15034196405089648
22.190513637434034 -0.19804700957710394
22.23896454057254 -0.24528723266702082
22.287415443711037 -0.29195175906086074
22.33586634684954 -0.3379310656767494
22.384317249988044 -0.38311723766474315
22.432768153126545 -0.4274042216863116
22.48121905626505 -0.47068807482481256
22.52966995940355 -0.5128672085426919
22.57812086254205 -0.5538426271129476
22.626571765680556 -0.5935181599651242
22.675022668819057 -0.63180068740061
22.72347357195756 -0.6686003591474545
22.77192447509606 -0.7038308052417148
22.820375378234562 -0.737409338740426
22.868826281373067 -0.7692571497904077
22.91727718451157 -0.7992994905974092
22.96572808765007 -0.8274658508615013
23.014178990788572 -0.8536901232669133
23.062629893927074 -0.8779107586379444
23.111080797065576 -0.9000709103967756
23.15953170020408 -0.9201185679841415
23.207982603342582 -0.9380066789297109
23.25643350648108 -0.9536932592856925
23.304884409619586 -0.9671414921644537
23.353335312758087 -0.9783198141488819
23.401786215896593 -0.9872019893727085
23.450237119035094 -0.9937671710968881
23.498688022173592 -0.9979999506375421
23.547138925312098 -0.9998903935306136
23.5955898284506 -0.9994340628483588
23.6440407315891 -0.9966320296129556
23.692491634727606 -0.9914908702827799
23.740942537866104 -0.9840226513172577
23.78939344100461 -0.9742449008565076
23.83784434414311 -0.9621805675822627
23.886295247281613 -0.9478579668566011
23.934746150420118 -0.9313107142649202
23.983197053558616 -0.9125776467191271
24.031647956697118 -0.8917027313061963
24.080098859835623 -0.8687349620960725
24.128549762974124 -0.8437282451510789
24.17700066611263 -0.816741272006716
