0.0 0.0
0.10223864298361654 0.10206062372100615
0.20447728596723308 0.2030553632022173
0.30671592895084965 0.30192946591331876
0.40895457193446616 0.3976503264874089
0.5111932149180827 0.48921827087796765
0.6134318579016993 0.5756769965930261
0.7156705008853158 0.6561235599725064
0.8179091438689323 0.7297178062052225
0.9201477868525488 0.795691143601852
1.0223864298361653 0.8533545704885468
1.124625072819782 0.9021058708912097
1.2268637158033986 0.9414359038613126
1.329102358787015 0.9709339207598106
1.4313410017706316 0.9902918549673652
1.533579644754248 0.9993075392206916
1.6358182877378646 0.9978868169743343
1.7380569307214813 0.986044525737573
1.8402955737050977 0.9639043421168411
1.9425342166887143 0.9316974901819819
2.0447728596723307 0.8897603266456943
2.1470115026559475 0.8385308280756816
2.249250145639564 0.7785440168257921
2.351488788623181 0.7104263734560657
2.453727431606797 0.6348892939963593
2.5559660745904136 0.5527216603835136
2.65820471757403 0.46478160166373744
2.760443360557647 0.3719875320032253
2.8626820035412632 0.27530855910278884
2.96492064652488 0.17575436318754353
3.067159289508496 0.07436465227183323
3.169397932492113 -0.027801696175224627
3.2716365754757293 -0.12967769376303442
3.373875218459346 -0.23019938442035967
3.4761138614429625 -0.3283169559677042
3.5783525044265785 -0.4230057039760107
3.6805911474101953 -0.5132767334090922
3.782829790393812 -0.5981872862857129
3.8850684333774286 -0.6768505875029603
3.9873070763610454 -0.7484451059946827
4.089545719344661 -0.8122231345048011
4.191784362328279 -0.8675185983714574
4.294023005311895 -0.9137540117698651
4.396261648295511 -0.9504465087653964
4.498500291279128 -0.9772128861907544
4.600738934262744 -0.9937736056812495
4.702977577246362 -0.9999557130723764
4.805216220229977 -0.995694644670551
4.907454863213594 -0.9810349015329743
5.009693506197211 -0.9561295847146871
5.111932149180827 -0.9212387963365257
5.214170792164444 -0.8767269231726486
5.31640943514806 -0.8230588311268624
5.418648078131677 -0.7607950103412594
5.520886721115294 -0.6905857216398996
5.623125364098909 -0.6131642054399551
5.7253640070825265 -0.5293390240539971
5.827602650066143 -0.43998561735765995
5.92984129304976 -0.34603716001220974
6.032079936033376 -0.24847481572591035
6.134318579016992 -0.14831749033512265
6.236557222000609 -0.0466111907202855
6.338795864984226 0.055581899311613496
6.441034507967842 0.15719451209054106
6.543273150951459 0.25716544224093996
6.645511793935075 0.3544506295268446
6.747750436918692 0.44803406263935935
6.849989079902308 0.5369383900512836
6.952227722885925 0.6202351271229716
7.0544663658695415 0.6970543528600737
7.156705008853157 0.766593795053768
7.258943651836774 0.8281272089215336
7.361182294820391 0.8810119617449783
7.463420937804008 0.9246957442935221
7.565659580787624 0.9587223389422319
7.66789822377124 0.982736384243689
7.770136866754857 0.9964870861944153
7.8723755097384736 0.9998308374367334
7.974614152722091 0.9927327170420714
8.076852795705706 0.9752668552125097
8.179091438689323 0.9476156590917613
8.28133008167294 0.9100679077709393
8.383568724656557 0.8630157363841766
8.485807367640174 0.8069505407911199
8.58804601062379 0.7424578456162996
8.690284653607405 0.6702111892417344
8.792523296591021 0.5909650896156764
8.89476193957464 0.5055471643400666
8.997000582558256 0.4148494873316436
9.099239225541872 0.3198192723246033
9.201477868525489 0.22144898051296336
9.303716511509105 0.12076595564481502
9.405955154492723 0.018821694815796486
9.508193797476338 -0.08331913298624848
9.610432440459954 -0.18458980589911686
9.71267108344357 -0.28393268964353446
9.814909726427189 -0.38031028307304293
9.917148369410805 -0.47271605346071083
10.019387012394422 -0.5601849483628907
10.121625655378038 -0.641803474277883
10.223864298361654 -0.7167192368416684
10.32610294134527 -0.7841498429263424
10.428341584328887 -0.8433910716709592
10.530580227312504 -0.8938242291094932
10.63281887029612 -0.9349226095868451
10.735057513279736 -0.9662569964821988
10.837296156263355 -0.9875001447921662
10.939534799246971 -0.99843019875924
11.041773442230587 -0.9989330088530839
11.144012085214202 -0.9890033239069399
11.246250728197818 -0.9687448459589133
11.348489371181437 -0.938369147225396
11.450728014165053 -0.8981934605173635
11.55296665714867 -0.848637366175634
11.655205300132286 -0.7902184101255494
11.757443943115902 -0.7235466988145214
11.85968258609952 -0.6493185274809636
11.961921229083135 -0.5683091082986711
12.064159872066751 -0.48136447434125124
12.166398515050368 -0.38939264391871753
12.268637158033984 -0.2933541375626754
12.370875801017602 -0.19425194669730056
12.473114444001219 -0.09312105875968385
12.575353086984835 0.008982351834626581
12.677591729968452 0.11099195399520655
12.779830372952066 0.21184239633298238
12.882069015935684 0.3104804333048197
12.9843076589193 0.40587592492901003
13.086546301902917 0.4970325951946648
13.188784944886534 0.5829984368080215
13.29102358787015 0.6628756536122895
13.393262230853768 0.7358300368459881
13.495500873837385 0.8010996773175216
13.597739516821 0.8580029225092077
13.699978159804616 0.9059454955096237
13.802216802788232 0.9444267014267201
13.90445544577185 0.9730446564641818
14.006694088755467 0.9915004850504359
14.108932731739083 0.9996014411870241
14.2111713747227 0.9972629214180938
14.313410017706314 0.9845093483982921
14.415648660689932 0.9614739158313919
14.517887303673549 0.9283971974434281
14.620125946657165 0.885624634517713
14.722364589640781 0.8336029282310178
14.824603232624398 0.7728753744680491
14.926841875608016 0.7040761898357334
15.029080518591632 0.6279238881343687
15.131319161575249 0.545213776459367
15.233557804558863 0.45680964930161083
15.33579644754248 0.363634767390209
15.438035090526098 0.26666221549138436
15.540273733509714 0.16690473986313106
15.64251237649333 0.06540417149958831
15.744751019476947 -0.036779454375035596
15.846989662460564 -0.13857896893094196
15.949228305444182 -0.23893121485801716
16.051466948427798 -0.33678814959623865
16.153705591411413 -0.4311277907131138
16.25594423439503 -0.5209648891185649
16.358182877378646 -0.6053612186500544
16.460421520362264 -0.6834353745673032
16.56266016334588 -0.7543719786245782
16.664898806329496 -0.8174301945861984
16.767137449313115 -0.871951465252209
16.86937609229673 -0.9173663901915926
16.971614735280347 -0.9532006723544275
17.073853378263962 -0.9790800714587182
17.17609202124758 -0.9947343124205513
17.278330664231195 -0.999999908009309
17.38056930721481 -0.9948218662491783
17.482807950198428 -0.9792542647354534
17.585046593182042 -0.9534596858676927
17.68728523616566 -0.917707518897938
17.78952387914928 -0.8723711465268067
17.891762522132893 -0.8179240454296147
17.99400116511651 -0.7549348414372238
18.096239808100126 -0.6840613710135449
18.198478451083744 -0.6060438110494246
18.300717094067362 -0.5216969487229286
18.402955737050977 -0.4319016721567481
18.505194380034595 -0.33759577074124514
18.60743302301821 -0.23976414120127126
18.709671666001828 -0.1394285016909745
18.811910308985446 -0.03763672133896686
18.914148951969057 0.06454812331785734
19.016387594952675 0.16605885072119303
19.11862623793629 0.26583531954948425
19.22086488091991 0.3628355004504854
19.323103523903526 0.45604635861889664
19.42534216688714 0.544494433565476
19.52758080987076 0.6272560055863065
19.629819452854377 0.7034667427572651
19.732058095837992 0.7723307277040274
19.83429673882161 0.8331287698752562
19.936535381805225 0.8852259165085786
20.038774024788843 0.9280780838475975
20.14101266777246 0.9612377393558392
20.243251310756076 0.9843585755847041
20.345489953739694 0.9971991268832037
20.44772859672331 0.9996252911778797
20.549967239706923 0.9916117304863594
20.65220588269054 0.9732421355380765
20.754444525674156 0.9447083517385659
20.856683168657774 0.9063083756054323
20.95892181164139 0.8584432426005102
21.061160454625007 0.8016128388605411
21.163399097608625 0.7364106805671755
21.26563774059224 0.6635177154786378
21.367876383575858 0.5836952113576223
21.470115026559473 0.49777680556614146
21.57235366954309 0.40665979885841363
21.67459231252671 0.31129578429635113
21.776830955510324 0.2126807091557957
21.879069598493942 0.11184447361338311
21.981308241477556 0.009840174841627573
22.083546884461175 -0.09226689115708074
22.18578552744479 -0.1934103551165892
22.288024170428404 -0.29253391128192757
22.390262813412022 -0.3886023490845464
22.492501456395637 -0.48061236450705963
22.594740099379255 -0.5676030382275395
22.696978742362873 -0.6486658711133373
22.799217385346488 -0.722954272257439
22.901456028330106 -0.7896924004677018
23.00369467131372 -0.8481832668716331
23.10593331429734 -0.8978160140160987
23.208171957280957 -0.9380722954416074
23.31041060026457 -0.9685316891052607
23.41264924324819 -0.9888760881165075
23.514887886231804 -0.9988930229304467
23.617126529215422 -0.9984778803029112
23.71936517219904 -0.9876349958333495
23.82160381518265 -0.9664776086853962
23.92384245816627 -0.935226678957998
24.026081101149884 -0.8942085800580696
24.128319744133503 -0.8438516901746665
24.23055838711712 -0.784681918452129
24.332797030100735 -0.7173172125851917
24.435035673084354 -0.6424611051967571
24.53727431606797 -0.5608953663976606
24.639512959051586 -0.47347183926236985
24.741751602035205 -0.38110354348803877
24.84399024501882 -0.28475514014701253
24.946228888002437 -0.18543285711548627
25.048467530986052 -0.08417398039353245
25.15070617396967 0.017963978934734816
25.25294481695329 0.11991432896440633
25.355183459936903 0.22061233711423092
25.457422102920518 0.31900634980859766
25.559660745904132 0.4140687755670958
25.66189938888775 0.5048068167982729
25.76413803187137 0.5902728382185849
25.866376674854983 0.6695742636125546
25.9686153178386 0.7418828975759363
26.070853960822216 0.8064435748889499
26.173092603805834 0.8625820471887196
26.275331246789452 0.9097120245752903
26.377569889773067 0.9473412986112956
26.479808532756685 0.9750768827688528
26.5820471757403 0.9926291166387132
26.684285818723918 0.9998146910388153
26.786524461707536 0.9965585624290769
26.88876310469115 0.9828947366389884
26.99100174767477 0.958965913723026
27.09324039065838 0.9250219976529015
27.195479033642 0.8814174864108584
27.297717676625616 0.8286077697409776
27.39995631960923 0.7671443732233946
27.50219496259285 0.6976691983406146
27.604433605576464 0.6209078186906148
27.706672248560082 0.5376619023586009
27.8089108915437 0.4488008395854987
27.911149534527315 0.3552526631707212
28.013388177510933 0.2579943564332609
28.115626820494548 0.15804164995129547
28.217865463478166 0.05643841363938178
28.320104106461784 -0.045754245051349555
28.4223427494454 -0.14746906295563197
28.524581392429017 -0.24764376730455273
28.626820035412628 -0.34523216971810966
28.729058678396246 -0.43921509221829685
28.831297321379864 -0.5286110111552357
28.93353596436348 -0.6124863078851909
29.035774607347097 -0.6899650191460098
29.13801325033071 -0.7602379853005848
29.24025189331433 -0.822571300907459
29.342490536297948 -0.8763139793637932
29.444729179281563 -0.9209047515739983
29.54696782226518 -0.9558779276411683
29.649206465248795 -0.9808682603639169
29.751445108232414 -0.9956147597460527
29.853683751216032 -0.9999634186816949
29.955922394199646 -0.9938688213497882
30.058161037183265 -0.9773946175205092
30.16039968016688 -0.9507128578200907
30.262638323150497 -0.9141021968963061
30.364876966134112 -0.8679449832501215
30.467115609117727 -0.8127232661262356
30.569354252101345 -0.7490137611651234
30.67159289508496 -0.6774818273934872
30.773831538068578 -0.5988745184552198
30.876070181052196 -0.5140127806533661
30.97830882403581 -0.42378287928385683
31.08054746701943 -0.3291271428013002
31.182786110003043 -0.23103412148145597
31.28502475298666 -0.13052826335967838
31.38726339597028 -0.028659215266191234
31.489502038953894 0.07350913930576963
31.591740681937512 0.1749097910143741
31.693979324921127 0.27448374812881216
31.796217967904745 0.3711910962559312
31.898456610888363 0.464021858830007
32.000695253871974 0.5520065449427048
32.102933896855596 0.6342262743554946
32.20517253983921 0.7098223739524607
32.307411182822825 0.7780053454118017
32.40964982580645 0.8380631104407255
32.51188846879006 0.8893684474635787
32.614127111773676 0.9313855420971465
32.71636575475729 0.9636755830022555
32.818604397740906 0.9859013446706905
32.92084304072453 0.9978307092864311
33.02308168370814 0.9993390908801655
33.12532032669176 0.9904107364600971
33.22755896967537 0.9711388905304892
33.32979761265899 0.9417248212797863
33.43203625564261 0.902475718608461
33.53427489862623 0.8538014859487834
33.63651354160984 0.7962104593816601
33.73875218459346 0.7303040987584211
33.84099082757707 0.6567707062717306
33.943229470560695 0.576378238076388
34.04546811354431 0.4899662840330531
34.147706756527924 0.39843729933537536
34.24994539951154 0.3027471795943828
34.35218404249516 0.2038952778104462
34.454422685478775 0.1029139674920275
34.55666132846239 0.0008578609201155169
34.658899971446004 -0.1012072048409661
34.76113861442962 -0.20221529916036246
34.86337725741324 -0.301111530034666
34.965615900396855 -0.39686306099842855
35.06785454338048 -0.48846989769468663
35.170093186364085 -0.5749753314542789
35.272331829347706 -0.6554759308152285
35.37457047233132 -0.7291309766340858
35.47680911531494 -0.7951712422526512
35.57904775829856 -0.8529070270229252
35.68128640128217 -0.9017353592912505
35.78352504426579 -0.9411462936161553
35.88576368724941 -0.9707282364541088
35.98800233023302 -0.9901722446936114
36.09024097321664 -0.9992752521453234
36.19247961620025 -0.9979421902918896
36.29471825918387 -0.9861869811491513
36.39695690216749 -0.9641323918696472
36.4991955451511 -0.9320087526068825
36.601434188134725 -0.8901515510305014
36.70367283111833 -0.8389979286144295
36.805911474101954 -0.7790821152893922
36.90815011708557 -0.7110298501387937
37.01038876006919 -0.6355518464060069
37.112627403052805 -0.5534363690623585
37.21486604603642 -0.4655410024528414
37.317104689020034 -0.37278369399541544
37.419343332003656 -0.2761331674701757
37.52158197498727 -0.17659880601859823
37.62382061797089 -0.0752201105110472
37.7260592609545 0.02694415662427571
37.828297903938115 0.1288270287332644
37.930536546921736 0.22936447794966858
38.03277518990535 0.3275065275172878
38.13501383288897 0.42222821736748795
38.23725247587258 0.5125403084313795
38.3394911188562 0.5974996138949321
38.44172976183982 0.6762188495008308
38.54396840482344 0.7478759000244096
38.64620704780705 0.8117224051476574
38.74844569079067 0.8670915750637397
38.85068433377428 0.9134051541885497
38.952922976757904 0.950179460252887
39.05516161974152 0.9770304357051237
39.15740026272514 0.9936776586693802
39.259638905708755 0.9999472715701562
39.36187754869236 0.995773796837977
39.464116191675984 0.9812008207334375
39.5663548346596 0.9563805381480703
39.66859347764322 0.9215721631359357
39.770832120626835 0.8771392217758103
39.87307076361045 0.8235457556362892
39.975309406594064 0.7613514754934916
40.077548049577686 0.69120591591415
40.1797866925613 0.6138416517515459
40.28202533554492 0.5300666473986715
40.38426397852853 0.440755818700392
40.48650262151215 0.3468418956487387
40.588741264495766 0.24930568128831826
40.69097990747939 0.14916580856398573
40.793218550463 0.0474681020868579
40.89545719344662 -0.05472534407970851
40.99769583643023 -0.15634725854633771
41.09993447941385 -0.2563363387940106
41.20217312239747 -0.3536483350337168
41.30441176538108 -0.44726695597352967
41.4066504083647 -0.5362144825973166
41.50888905134831 -0.6195619791084848
41.611127694331934 -0.6964389943994653
41.71336633731555 -0.7660426527282267
41.81560498029917 -0.8276460386621675
41.91784362328278 -0.8806057887199344
42.0200822662664 -0.924368810426972
42.122320909250014 -0.9584780586132262
42.224559552233636 -0.982577308627632
42.32679819521725 -0.9964148766195028
42.429036838200865 -0.9998462480336489
42.53127548118448 -0.9928355868681151
42.633514124168094 -0.9754561099324254
42.735752767151716 -0.947889322197704
42.83799141013533 -0.9104231212244139
42.940230053118945 -0.8634487904643536
43.04246869610256 -0.807456912837817
43.14470733908618 -0.7430322472630063
43.246945982069796 -0.6708476216454115
43.34918462505342 -0.5916569061064868
43.451423268037026 -0.506287139836817
43.55366191102065 -0.4156298937978744
43.65590055400426 -0.32063195947745304
43.758139196987884 -0.22228546094174204
43.8603778399715 -0.12161749345047818
43.96261648295511 -0.019679396845496657
44.06485512593873 0.08246422426229043
44.16709376892235 0.18374661883840693
44.269332411905964 0.28311003018675496
44.37157105488958 0.37951674277801095
44.47380969787319 0.4719599197752537
44.57604834085681 0.559474118073733
44.67828698384043 0.6411453710394701
44.780525626824044 0.7161207336461869
44.882764269807666 0.7836171903246978
44.98500291279127 0.8429298324942591
45.087241555774895 0.8934392203728814
45.18948019875851 0.9346178521823092
45.29171884174213 0.966035673185846
45.393957484725746 0.9873645670244507
45.49619612770936 0.9983817824453316
45.598434770692975 0.9989722596354537
45.7006734136766 0.9891298318646123
45.80291205666021 0.968957289888536
45.905150699643826 0.938665308439408
46.00738934262744 0.898570246015164
46.109627985611056 0.8490908409457641
46.21186662859468 0.7907438382415233
46.31410527157829 0.7241385928951423
46.416343914561914 0.649970705998532
46.51858255754552 0.5690147601366445
46.62082120052914 0.4821162299270513
46.72305984351276 0.39018265218891496
46.82529848649638 0.29417414795662805
46.927537129479994 0.19509339532305214
47.02977577246361 0.09397515783212936
47.13201441544722 -0.00812452221728033
47.234253058430845 -0.11013935269522145
47.33649170141446 -0.21100392760995243
47.43873034439808 -0.3096648538228256
47.54096898738169 -0.4050917523051627
47.6432076303653 -0.49628801904422704
47.745446273348925 -0.5823012332150084
47.84768491633254 -0.6622331039188487
47.94992355931616 -0.7352488516087176
48.05216220229977 -0.8005859262248224
48.15440084528339 -0.8575619709916829
48.256639488267005 -0.9055819487054291
48.35887813125063 -0.9441443560871902
48.46111677423424 -0.9728464613019179
48.563355417217856 -0.9913885099440284
48.66559406020147 -0.9995768555639843
48.76783270318509 -0.9973259820417764
48.87007134616871 -0.9846593966863514
48.97230998915233 -0.9617093847337774
49.07454863213594 -0.9287156278080941
49.17678727511955 -0.8860227007731026
49.27902591810317 -0.8340764731171328
49.38126456108679 -0.7734194524533792
49.48350320407041 -0.704685118766584
49.58574184705402 -0.6285913085772391
49.68798049003764 -0.5459327181165405
49.79021913302125 -0.45757260380645837
49.892457776004875 -0.3644337667218303
49.99469641898849 -0.2674889151897585
50.096935061972104 -0.16775050617561602
50.19917370495572 -0.0662601715487221
50.30141234793934 0.03592216034416621
50.403650990922955 0.1377293341871133
50.50588963390658 0.23809811267919423
50.608128276890184 0.33598028060024016
50.710366919873806 0.4303535919915506
50.81260556285742 0.5202324461228549
50.914844205841035 0.6046781807499305
51.01708284882466 0.6828088751635486
