0.0 0.0
0.134442049276598 0.13403741597188085
0.268884098553196 0.26565579750261026
0.40332614782979404 0.39247976757001235
0.537768197106392 0.51222047608449
0.67221024638299 0.6227169078115719
0.8066522956595881 0.721974883200466
0.941094344936186 0.8082030482528597
1.075536394212784 0.879845203906375
1.209978443489382 0.9356083914695333
1.34442049276598 0.9744862272375637
1.478862542042578 0.9957770651585909
1.6133045913191761 0.99909665976027
1.747746640595774 0.9843851008032558
1.882188689872372 0.9519078945086434
2.0166307391489697 0.902251171845979
2.151072788425568 0.8363111103600523
2.2855148377021663 0.7552777604455948
2.419956886978764 0.6606135679644851
2.554398936255362 0.554026980817596
2.68884098553196 0.4374416158055319
2.8232830348085582 0.3129615422379958
2.957725084085156 0.18283330883434093
3.0921671333617544 0.04940539923316231
3.2266091826383523 -0.08491415216413142
3.36105123191495 -0.21770121908955725
3.495493281191548 -0.346559332722055
3.6299353304681463 -0.4691629318544156
3.764377379744744 -0.5832993333581263
3.8988194290213425 -0.6869086654859999
4.0332614782979395 -0.778121043318032
4.167703527574538 -0.8552903154282577
4.302145576851136 -0.9170237727310843
4.436587626127734 -0.9622072833380086
4.571029675404333 -0.9900253998044665
4.70547172468093 -0.9999760758821589
4.839913773957528 -0.9918797271769068
4.974355823234126 -0.9658824721902013
5.108797872510724 -0.9224534952518975
5.243239921787322 -0.8623765789364052
5.37768197106392 -0.786735958780732
5.512124020340519 -0.6968967555907348
5.6465660696171165 -0.5944803384826909
5.7810081188937135 -0.4813350632946121
5.915450168170312 -0.35950291446456517
6.04989221744691 -0.23118265240525068
6.184334266723509 -0.09869013147097791
6.318776316000106 0.03558349532316838
6.453218365276705 0.16921493053148826
6.587660414553302 0.2997924666330191
6.7221024638299 0.42495951121824715
6.856544513106498 0.5424571174882254
6.990986562383096 0.650164752498783
7.125428611659695 0.7461385673867034
7.259870660936293 0.8286464788976251
7.39431271021289 0.8961994290833242
7.528754759489488 0.9475782590103374
7.663196808766086 0.9818557114778418
7.797638858042685 0.9984131656517025
7.932080907319282 0.9969518015970981
8.066522956595879 0.9774979932183115
8.200965005872478 0.9404028322768375
8.335407055149076 0.8863357920780727
8.469849104425675 0.8162726451809221
8.604291153702272 0.7314778531849395
8.73873320297887 0.633481746414543
8.873175252255468 0.5240529053489763
9.007617301532067 0.4051662422429535
9.142059350808665 0.27896735898354275
9.276501400085262 0.14773382443333435
9.41094344936186 0.01383407010534229
9.545385498638458 -0.12031535400182086
9.679827547915057 -0.25229339198504686
9.814269597191656 -0.3797181759379596
9.948711646468253 -0.5002900126084654
10.08315369574485 -0.6118328870128095
10.217595745021448 -0.7123337339714485
10.352037794298045 -0.7999787688154121
10.486479843574644 -0.8731862215863206
10.620921892851243 -0.9306348839609764
10.75536394212784 -0.9712879537011777
10.889805991404437 -0.9944117462970664
11.024248040681037 -0.9995889361064411
11.158690089957634 -0.986726088021153
11.293132139234233 -0.9560553437331617
11.42757418851083 -0.9081302321674358
11.562016237787427 -0.8438156796927276
11.696458287064027 -0.7642724004005106
11.830900336340624 -0.6709359481678522
11.965342385617221 -0.5654908085611767
12.09978443489382 -0.44983999815619796
12.234226484170417 -0.3260707199289553
12.368668533447018 -0.1964166945507745
12.503110582723615 -0.0632178474115217
12.637552632000212 0.07112192108222817
12.77199468127681 0.20417811979532352
12.90643673055341 0.3335494227624575
13.040878779830008 0.4569010070142006
13.175320829106605 0.5720066901930955
13.309762878383202 0.6767891074830361
13.4442049276598 0.7693572027605254
13.5786469769364 0.8480403573479012
13.713089026212996 0.9114185404313395
13.847531075489595 0.9583479370052721
13.981973124766192 0.9879815908239985
14.116415174042789 0.9997846898077364
14.25085722331939 0.9935442180403924
14.385299272595987 0.9693728001650546
14.519741321872585 0.927706668795638
14.654183371149182 0.8692977916277409
14.78862542042578 0.7952003003343259
14.92306746970238 0.7067514661701522
15.057509518978977 0.6055475656269144
15.191951568255575 0.4934150717025986
15.326393617532172 0.3723776907094216
15.46083566680877 0.24461983952207528
15.59527771608537 0.11244722240909037
15.729719765361967 -0.021754781064759622
15.864161814638564 -0.15556416607253593
15.998603863915163 -0.2865660135520061
16.133045913191758 -0.41239607335249245
16.26748796246836 -0.5307834329367651
16.401930011744955 -0.6395915015763631
16.536372061021556 -0.7368565703799659
16.670814110298153 -0.8208232522442672
16.80525615957475 -0.8899761621264726
16.93969820885135 -0.9430672658900108
17.074140258127947 -0.9791384041463863
17.208582307404544 -0.9975385845951225
17.34302435668114 -0.9979357307790139
17.47746640595774 -0.9803226752195621
17.61190845523434 -0.9450172887717302
17.746350504510936 -0.892656743863504
17.880792553787536 -0.824186015154173
18.015234603064133 -0.7408408251452352
18.14967665234073 -0.6441253425322285
18.28411870161733 -0.5357850357855548
18.418560750893928 -0.41777517188410634
18.553002800170525 -0.29222552871939894
18.68744484944712 -0.1614019580216198
18.82188689872372 -0.027665492498969668
18.95632894800032 0.1065702647975605
19.090770997276916 0.23888269987037308
19.225213046553513 0.36688390979614993
19.359655095830114 0.48826379830010125
19.49409714510671 0.6008317671181078
19.62853919438331 0.7025562507237383
19.762981243659908 0.7916013809187968
19.897423292936505 0.8663601195848866
20.031865342213102 0.9254832616340172
20.1663073914897 0.9679037847288144
20.3007494407663 0.9928561063217943
20.435191490042897 0.9998899004731243
20.569633539319494 0.9888782250884603
20.70407558859609 0.9600198129008767
20.83851763787269 0.9138354848504989
20.972959687149288 0.8511587505912217
21.10740173642589 0.7731207657614336
21.241843785702486 0.681129917501793
21.376285834979083 0.5768464066494843
21.51072788425568 0.4621522853357484
21.64516993353228 0.33911749073180997
21.779611982808873 0.20996248794772954
21.914054032085474 0.07701819628476723
22.048496081362075 -0.05731607792939037
22.182938130638668 -0.19061594271735505
22.31738017991527 -0.3204756745609363
22.451822229191865 -0.4445516355917676
22.586264278468466 -0.5606045702939514
22.720706327745063 -0.6665400183706629
22.85514837702166 -0.7604461144253796
22.98959042629826 -0.8406280922695483
23.124032475574854 -0.9056388711417334
23.258474524851454 -0.9543051718348069
23.392916574128055 -0.9857486914014396
23.52735862340465 -0.9994019542883972
23.66180067268125 -0.9950185538269298
23.796242721957846 -0.9726775992464175
23.930684771234443 -0.9327822879539915
24.065126820511043 -0.8760526288468459
24.19956886978764 -0.8035124479829533
24.33401091906424 -0.7164709111247559
24.468452968340834 -0.6164988966269654
24.602895017617435 -0.5054006450776785
24.737337066894035 -0.38518119734478573
24.87177911617063 -0.25801020868800967
25.00622116544723 -0.12618279199984878
25.140663214723823 0.007921903144585699
25.275105264000423 0.1418836280862128
25.409547313277024 0.2732847144144539
25.54398936255362 0.39975370673285565
25.678431411830218 0.5190081613973268
25.81287346110682 0.6288958388186301
25.947315510383415 0.7274335459128524
26.081757559660016 0.8128429276924405
26.21619960893661 0.8835825620505521
26.35064165821321 0.9383757785095822
26.48508370748981 0.9762336988761149
26.619525756766404 0.9964730839771696
26.753967806043004 0.9987286643894893
26.8884098553196 0.9829597326235813
27.022851904596198 0.9494508777903692
27.1572939538728 0.8988068494915753
27.291736003149396 0.8319416436275644
27.426178052425993 0.7500620070960348
27.56062010170259 0.6546456590798172
27.69506215097919 0.5474146219741223
27.82950420025579 0.43030414326218863
27.963946249532384 0.30542776922040993
28.098388298808985 0.1750392007837161
28.232830348085578 0.04149161997591449
28.36727239736218 -0.09280477904069906
28.50171444663878 -0.2254262878397184
28.636156495915376 -0.35397942550317324
28.770598545191973 -0.4761441348644084
28.90504059446857 -0.5897156536389877
29.03948264374517 -0.692644304776237
29.173924693021767 -0.7830724879167521
29.308366742298364 -0.8593682043541928
29.442808791574965 -0.92015451046102
29.57725084085156 -0.9643343680187845
29.71169289012816 -0.9911104429677249
29.84613493940476 -0.9999994952585528
29.980576988681353 -0.9908411001062586
30.115019037957953 -0.963800543249442
30.24946108723455 -0.9193658379631312
30.38390313651115 -0.8583389176603984
30.518345185787748 -0.7818211630339382
30.652787235064345 -0.6911935249358593
30.787229284340945 -0.5880916017271824
30.92167133361754 -0.4743761208874959
31.05611338289414 -0.35209935761657984
31.19055543217074 -0.2234680964869426
31.324997481447333 -0.09080380459511177
31.459439530723934 0.043499265014950945
31.59388158000053 0.1770172835295905
31.728323629277128 0.3073405903107021
31.86276567855373 0.43211718114138886
31.997207727830325 0.5490951559198681
32.13164977710692 0.6561633597287384
32.266091826383516 0.751389483811611
32.400533875660116 0.8330549388314515
32.53497592493672 0.8996858710369505
32.66941797421332 0.9500797615740816
32.80386002348991 0.9833271288928671
32.93830207276651 0.9988279425761425
33.07274412204311 0.9963024523624292
33.20718617131971 0.975796236926633
33.341628220596306 0.9376793813008883
33.476070269872906 0.8826397977810119
33.6105123191495 0.8116708108592476
33.7449543684261 0.7260532302436282
33.8793964177027 0.6273322355004409
34.013838466979294 0.5172894894931312
34.148280516255895 0.397910983899164
34.28272256553249 0.27135119711155165
34.41716461480909 0.13989421138361421
34.55160666408569 0.005912490953795592
34.68604871336228 -0.1281759348996212
34.82049076263888 -0.2599511111368781
34.95493281191548 -0.3870348309901316
35.08937486119208 -0.5071335565468233
35.22381691046868 -0.6180798112754607
35.35825895974527 -0.7178712974641699
35.49270100902187 -0.8047070326016686
35.62714305829847 -0.8770198525308599
35.76158510757507 -0.9335046947758885
35.896027156851666 -0.973142151600465
36.03046920612827 -0.9952168677247037
36.16491125540487 -0.9993304506684427
36.29935330468146 -0.9854086607222313
36.43379535395806 -0.9537027507852542
36.56823740323466 -0.9047849318895544
36.702679452511255 -0.8395380462462951
36.837121501787855 -0.7591396341892971
36.97156355106445 -0.665040682567051
37.10600560034105 -0.5589394381205779
37.24044764961765 -0.4427507584491882
37.37488969889424 -0.31857155370114143
37.509331748170844 -0.18864294267882917
37.64377379744744 -0.05530980634460668
37.77821584672404 0.07902153131654997
37.91265789600064 0.2119267313245653
38.04709994527723 0.3410071928566969
38.18154199455383 0.46393334189169066
38.315984043830426 0.5784866740956681
38.450426093107026 0.6825997931827548
38.58486814238363 0.7743937221596832
38.71931019166023 0.8522118140814657
38.85375224093682 0.914649650315149
38.98819429021342 0.9605803867240849
39.12263633949002 0.9891750903385085
39.25707838876662 0.9999176994873092
39.391520438043216 0.9926143373986153
39.525962487319816 0.9673968111824082
39.66040453659641 0.924720233047437
39.79484658587301 0.8653548066833945
39.92928863514961 0.7903719270433033
40.063730684426204 0.7011248443896486
40.198172733702805 0.5992242415690434
40.3326147829794 0.4865091652835687
40.467056832256 0.3650138359752777
40.6014988815326 0.23693093532118983
40.73594093080919 0.10457203390597497
40.87038298008579 -0.029674126747763332
41.00482502936239 -0.16338474488828328
41.13926707863899 -0.2941466839441104
41.27370912791559 -0.419600023501417
41.40815117719218 -0.5374806498651803
41.54259322646878 -0.6456611175527404
41.67703527574538 -0.7421890442736787
41.811477325021976 -0.8253223464643998
41.945919374298576 -0.8935606794655659
42.08036142357518 -0.9456725149271241
42.21480347285178 -0.9807173667627147
42.34924552212837 -0.9980627645314486
42.48368757140497 -0.9973956679207118
42.61812962068157 -0.9787281163276014
42.752571669958165 -0.9423970115784366
42.887013719234766 -0.8890580377076756
43.02145576851136 -0.8196738275288074
43.15589781778796 -0.7354965895604517
43.29033986706456 -0.638045508847549
43.42478191634116 -0.5290793295352516
43.55922396561775 -0.41056461401039496
43.69366601489435 -0.2846402514522115
43.82810806417095 -0.15357885632287357
43.96255011344755 -0.01974575345667786
44.09699216272415 0.1144437100371221
44.23143421200074 0.24656775564632216
44.365876261277336 0.37424188039826733
44.500318310553936 0.4951618910736348
44.63476035983054 0.6071454890334353
44.76920240910714 0.7081716551589057
44.90364445838373 0.7964171241062341
45.03808650766033 0.870289289608655
45.17252855693693 0.928454946968825
45.306970606213525 0.9698643540126916
45.441412655490126 0.9937701762657734
45.57585470476672 0.9997409744396053
45.71029675404332 0.9876689908135627
45.84473880331992 0.9577720939876374
45.97918085259652 0.9105898469083473
46.11362290187312 0.8469737691299017
46.24806495114971 0.7680719690520517
46.38250700042631 0.6753084234835935
46.51694904970291 0.5703572784828304
46.65139109897951 0.4551126352792902
46.78583314825611 0.33165436656408853
46.920275197532696 0.20221058007791415
47.0547172468093 0.06911740693333006
47.1891592960859 -0.06522315960989943
47.3236013453625 -0.19838661401385752
47.4580433946391 -0.3279696946208183
47.59248544391569 -0.4516337564135922
47.72692749319229 -0.5671469776098912
47.861369542468886 -0.6724246383689325
47.995811591745486 -0.765566744682238
48.13025364102209 -0.8448923184329111
48.26469569029868 -0.9089697347751877
48.39913773957528 -0.956642559321646
48.53357978885188 -0.9870504188425484
48.66802183812848 -0.9996445288143394
48.802463887405075 -0.9941975975844874
48.93690593668167 -0.9708079284077085
49.07134798595827 -0.9298976453222433
49.20579003523487 -0.8722050748846247
49.34023208451147 -0.7987714212532235
49.47467413378807 -0.7109219751014378
49.60911618306466 -0.6102421954918578
49.74355823234126 -0.49854909637267353
49.87800028161786 -0.3778584540974539
50.01244233089446 -0.25034842778894484
50.14688438017106 -0.11832024910694755
50.281326429447645 0.015843309130064986
50.415768478724246 0.1497209359339202
50.55021052800085 0.28089648065151995
50.68465257727745 0.407002558338833
50.81909462655405 0.5257632750378011
50.95353667583064 0.6350353018736595
51.08797872510724 0.7328465566897047
51.22242077438384 0.8174317951142999
51.356862823660435 0.8872644687319976
51.491304872937036 0.9410842753997504
51.62574692221364 0.9779199044950582
51.76018897149023 0.9971065666022415
51.89463102076683 0.9982979912705372
52.02907307004343 0.9814726763150071
52.16351511932003 0.9469342758762921
52.297957168596625 0.895306120235703
52.43239921787322 0.8275199662890438
52.56684126714982 0.7447991817045178
52.70128331642642 0.6486366662478995
52.83572536570302 0.540767908738864
52.97016741497962 0.4231396658919195
53.10460946425621 0.2978748283091975
53.23905151353281 0.16723410770449207
53.37349356280941 0.03357523680690664
53.50793561208601 -0.10068958171818872
53.64237766136261 -0.23313720939194346
53.7768197106392 -0.36137730340843743
53.911261759915796 -0.4830954562426367
54.045703809192396 -0.5960949648196309
54.180145858469 -0.6983364754179249
54.3145879077456 -0.7879747888171419
54.44902995702219 -0.8633921614507737
54.58347200629879 -0.9232275015629247
54.71791405557539 -0.9664009334526172
54.852356104851985 -0.9921332864836021
54.986798154128586 -0.9999601571325638
55.12124020340518 -0.989740290291523
55.25568225268178 -0.9616581285632636
55.39012430195838 -0.9162204835414748
55.52456635123498 -0.8542473891505316
55.65900840051158 -0.7768573021188737
55.79345044978817 -0.6854469166798036
55.92789249906477 -0.5816659577929537
56.06233454834137 -0.4673874078048123
56.19677659761797 -0.34467370388116414
56.33121864689457 -0.21573951626195806
56.465660696171156 -0.08291177909638779
56.60010274544776 0.05141230480012247
56.73454479472436 0.1848085273594926
56.86898684400096 0.31486942605082513
57.00342889327756 0.4392477324558191
57.13787094255415 0.5556987344935607
57.27231299183075 0.6621207877642998
57.406755041107346 0.7565932448854024
57.541197090383946 0.8374111182915845
57.67563913966055 0.9031158509238837
57.81008118893714 0.9525216394748277
57.94452323821374 0.9847368351221105
58.07896528749034 0.999180035521957
58.21340733676694 0.9955905776426728
58.347849386043535 0.9740332420693828
58.48229143532013 0.9348970838792322
58.61673348459673 0.878888411186783
58.75117553387333 0.8070180380790126
58.88561758314993 0.7205830419919899
59.02005963242653 0.6211433547622042
59.15450168170312 0.5104936098245338
59.28894373097972 0.3906307536432548
59.42338578025632 0.26371800590755895
59.55782782953292 0.13204581891815495
59.69226987880952 -0.002009459251103515
59.826711928086105 -0.13602847179181976
59.961153977362706 -0.2675925163979949
60.095596026639306 -0.3943271966907238
60.23003807591591 -0.5139452740337382
60.36448012519251 -0.624287946373306
60.4989221744691 -0.7233638091244954
60.6333642237457 -0.809384794958921
60.7678062730223 -0.8807984438721342
60.902248322298895 -0.9363159211381211
61.036690371575496 -0.9749352774980296
61.17113242085209 -0.9959595317958676
61.30557447012869 -0.9990092497156503
61.44001651940529 -0.9840293916057214
61.57445856868189 -0.9512903058044815
61.70890061795849 -0.9013828495404943
61.84334266723508 -0.8352077254623341
61.97778471651168 -0.7539592262466386
62.11222676578828 -0.6591036806529587
62.24666881506488 -0.5523529900191526
62.38111086434148 -0.4356337327963753
62.515552913618066 -0.31105239470819923
62.64999496289467 -0.1808573520409871
62.78443701217127 -0.04739829417062909
62.91887906144787 0.0869161823544323
63.05332111072447 0.21966204285474963
63.18776316000106 0.34844356218042283
63.322205209277655 0.4709365614566742
63.456647258554256 0.5849303536010956
63.591089307830856 0.6883676406027079
63.72553135710746 0.7793816425184493
63.85997340638405 0.8563297881030796
63.99441545566065 0.9178233590423788
64.12885750493724 0.9627525527865601
64.26329955421384 0.990306511663595
64.39774160349045 0.9999879567977998
64.53218365276703 0.9916221627287525
64.66662570204363 0.9653601107614387
64.80106775132023 0.921675764137716
64.93550980059683 0.8613575142052969
65.06995184987343 0.7854939519591552
65.20439389915003 0.6954542217428398
65.33883594842663 0.5928633116754216
65.47327799770324 0.4795727267490159
65.60772004697982 0.35762707387289383
65.74216209625642 0.22922716191906817
65.87660414553302 0.096690282719873
66.01104619480962 -0.037591610155750535
66.14548824408622 -0.17119507008035256
66.27993029336282 -0.3017088944156905
66.41437234263942 -0.4267776405875818
66.54881439191601 -0.5441441358334114
66.68325644119261 -0.6516902134295447
66.81769849046921 -0.7474749402131694
66.95214053974581 -0.8297696454892722
67.08658258902241 -0.8970891191398884
0.0 0.0
0.022980298277416156 0.022978275704132096
0.04596059655483231 0.04594441725024394
0.06894089483224848 0.06888629688801065
0.09192119310966462 0.09179179967911434
0.11490149138708078 0.11464882989479022
0.13788178966449696 0.1374453174032285
0.16086208794191312 0.16016922404345935
0.18384238621932925 0.18280854998235516
0.2068226844967454 0.2053513400513928
0.22980298277416156 0.2277856900598298
0.2527832810515777 0.2500997530809607
0.2757635793289939 0.27228174570813407
0.29874387760641 0.2943199542772259
0.32172417588382624 0.3162027410522852
0.34470447416124234 0.3379185503710822
0.3676847724386585 0.35945591474731814
0.3906650707160747 0.3808034609262698
0.4136453689934908 0.40194991589067447
0.436625667270907 0.4228841128136819
0.4596059655483231 0.44359499695573007
0.48258626382573927 0.4640716315022315
0.5055665621031554 0.4843032033389861
0.5285468603805716 0.5042790287622718
0.5515271586579878 0.5239885591205975
0.5745074569354038 0.5434213863851381
0.59748775521282 0.5625672486459125
0.6204680534902363 0.5814160355307977
0.6434483517676525 0.5999577935445229
0.6664286500450686 0.6181827313248203
0.6894089483224847 0.6360812248129578
0.7123892465999009 0.6536438223359248
0.735369544877317 0.6708612495975842
0.7583498431547332 0.6877244145761597
0.7813301414321494 0.704224412325466
0.8043104397095655 0.7203525296773521
0.8272907379869816 0.7361002498428721
0.8502710362643978 0.751459256909753
0.873251334541814 0.766421440233785
0.8962316328192301 0.7809788987218174
0.9192119310966462 0.7951239450040952
0.9421922293740626 0.8088491094937359
0.9651725276514785 0.822147144331199
0.9881528259288946 0.8350110272116716
1.0111331242063109 0.8474339650933419
1.034113422483727 0.8594093977846065
1.0570937207611433 0.8709310014083167
1.0800740190385594 0.8819926917412343
1.1030543173159757 0.8925886274269322
1.1260346155933918 0.9027132130604443
1.1490149138708077 0.9123611021430362
1.171995212148224 0.9215271999055362
1.19497551042564 0.9302066659987326
1.2179558087030564 0.938394917049423
1.2409361069804725 0.9460876290807588
1.2639164052578886 0.9532807397956125
1.286896703535305 0.9599704507217578
1.3098770018127208 0.966153229217732
1.3328573000901371 0.9718258103383219
1.3558375983675532 0.9769851985586853
1.3788178966449693 0.981628669356201
1.4017981949223857 0.9857537706492094
1.4247784931998018 0.989358324091886
1.4477587914772179 0.9924404262245616
1.470739089754634 0.9949984494788847
1.49371938803205 0.9970310430372923
1.5166996863094664 0.9985371335463374
1.5396799845868825 0.9995159256834965
1.5626602828642988 0.9999669025771545
1.585640581141715 0.9998898260795517
1.608620879419131 0.999284736892541
1.6316011776965471 0.9981519545460953
1.6545814759739632 0.9964920772295727
1.6775617742513795 0.9943059814758302
1.7005420725287956 0.9915948216983522
1.7235223708062117 0.9883600295816388
1.746502669083628 0.984603313325174
1.769482967361044 0.9803266567413764
1.7924632656384603 0.9755323182080045
1.8154435639158764 0.9702228294755743
1.8384238621932925 0.9644009943304147
1.8614041604707086 0.9580698871140706
1.884384458748125 0.9512328510998314
1.907364757025541 0.9438934967272471
1.930345055302957 0.9360556996955595
1.9533253535803732 0.9277235989170582
1.9763056518577893 0.9189015943314426
1.9992859501352058 0.9095943445823407
2.0222662484126217 0.8998067645572162
2.045246546690038 0.8895440227919587
2.068226844967454 0.878811538741531
2.09120714324487 0.8676149799181124
2.1141874415222865 0.8559602588982512
2.1371677397997026 0.8438535302006052
2.1601480380771187 0.8313011870359187
2.183128336354535 0.8183098579309555
2.2061086346319514 0.8048864032281656
2.2290889329093675 0.7910379114629401
2.2520692311867836 0.7767716956203603
2.2750495294641997 0.762095289273424
2.2980298277416153 0.7470164426047857
2.321010126019032 0.731543118314109
2.343990424296448 0.7156834874132
2.366970722573864 0.699445924911131
2.38995102085128 0.6828390053916435
2.4129313191286963 0.6658714984851607
2.435911617406113 0.6485523642377996
2.458891915683529 0.630890748379834
2.481872213960945 0.6128959774960987
2.504852512238361 0.5945775541008922
2.5278328105157772 0.5759451516199766
2.550813108793194 0.5570086092823219
2.57379340707061 0.5377779269242979
2.5967737053480255 0.5182632597090497
2.6197540036254416 0.4984749127638521
2.6427343019028577 0.4784233357382737
2.6657146001802743 0.4581191172860199
2.6886948984576904 0.43757297947337476
2.7116751967351065 0.4167957721171881
2.7346554950125226 0.39579846705540495
2.7576357932899387 0.37459215235315685
2.7806160915673552 0.35318802644747743
2.8035963898447713 0.3315973922337358
2.8265766881221874 0.30983165109690397
2.8495569863996035 0.2879022968908195
2.8725372846770196 0.2658209098686156
2.8955175829544357 0.24359915056752685
2.918497881231852 0.2212487536512991
2.941478179509268 0.1987815217134554
2.964458477786684 0.17620931904469023
2.9874387760641 0.15354406536768314
3.0104190743415167 0.1307977295426401
3.0333993726189328 0.10798232324688871
3.056379670896349 0.08510989463185875
3.079359969173765 0.06219252196080614
3.102340267451181 0.03924230723063354
3.1253205657285976 0.01627136978117785
3.1483008640060137 -0.006708160104658307
3.17128116228343 -0.029684147606558298
3.194261460560846 -0.05264445977483481
3.217241758838262 -0.07557697193748758
3.240222057115678 -0.09846957410288946
3.2632023553930942 -0.12131017735472027
3.2861826536705103 -0.1440867202357713
3.3091629519479264 -0.16678717511724941
3.3321432502253425 -0.1893995545502177
3.355123548502759 -0.2119119175958182
3.378103846780175 -0.23431237613093228
3.4010841450575913 -0.25658910112595473
3.4240644433350074 -0.2787303288913579
3.4470447416124235 -0.300724367289754
3.47002503988984 -0.3225596019101726
3.493005338167256 -0.3442245022012909
3.5159856364446718 -0.3657076275603846
3.538965934722088 -0.3869976333747762
3.561946232999504 -0.40808327701259295
3.5849265312769205 -0.428953423759675
3.6079068295543366 -0.4495970526994917
3.6308871278317527 -0.4700032625329689
3.653867426109169 -0.49016127733514603
3.676847724386585 -0.5100604522456281
3.6998280226640015 -0.5296902790898275
3.722808320941417 -0.5490403919280219
3.7457886192188337 -0.5681005725293105
3.76876891749625 -0.586860755767558
3.791749215773666 -0.6053110349364977
3.814729514051082 -0.623441666981176
3.837709812328498 -0.6412430776429722
3.860690110605914 -0.6587058665154877
3.8836704088833307 -0.6758208120086272
3.9066507071607464 -0.6925788762182495
3.929631005438163 -0.7089712096988251
3.9526113037155786 -0.7249891561365659
3.975591601992995 -0.7406242569205775
3.9985719002704116 -0.7558682556096008
4.021552198547827 -0.7707131022919992
4.044532496825243 -0.7851509578366862
4.067512795102659 -0.7991741980327357
4.090493093380076 -0.8127754176155115
4.113473391657492 -0.8259474341771682
4.136453689934908 -0.8386832919594722
4.159433988212324 -0.8509762655269375
4.18241428648974 -0.8628198633183282
4.2053945847671566 -0.8742078310746668
4.228374883044573 -0.8851341551419232
4.251355181321989 -0.8955930656466513
4.274335479599405 -0.9055790395428923
4.297315777876821 -0.915086803528732
4.3202960761542375 -0.9241113368309801
4.343276374431654 -0.932647873856493
4.36625667270907 -0.9406919067087444
4.389236970986486 -0.948239187568316
4.412217269263903 -0.9552857309360452
4.435197567541318 -0.9618278157376516
4.458177865818735 -0.9678619872887293
4.481158164096151 -0.9733850591190629
4.504138462373567 -0.9783941146553115
4.527118760650984 -0.9828865087611647
4.550099058928399 -0.9868598691341629
4.573079357205815 -0.990312097558441
4.596059655483231 -0.9932413710127348
4.619039953760647 -0.9956461426330658
4.642020252038064 -0.9975251425295946
4.665000550315479 -0.9988773784572126
4.687980848592896 -0.9997021363395185
4.710961146870312 -0.9999989806459008
4.733941445147728 -0.9997677546215284
4.756921743425145 -0.9990085803701291
4.77990204170256 -0.9977218587895096
4.802882339979977 -0.995908269359853
4.825862638257393 -0.9935687697849057
4.848842936534809 -0.9907045954862413
4.871823234812226 -0.9873172589508709
4.894803533089641 -0.9834085489325424
4.917783831367058 -0.978980529507152
4.9407641296444735 -0.9740355389827658
4.96374442792189 -0.9685761886648275
4.986724726199307 -0.9626053614772039
5.009705024476722 -0.9561262104397971
5.032685322754139 -0.9491421570035256
5.0556656210315545 -0.9416568892435575
5.078645919308971 -0.9336743599117433
5.101626217586388 -0.9251987843492848
5.124606515863803 -0.9162346382607351
5.14758681414122 -0.906786655350509
5.170567112418635 -0.8968598248231531
5.193547410696051 -0.8864593887486906
5.216527708973468 -0.8755908392944374
5.239508007250883 -0.8642599158247499
5.2624883055283 -0.8524726018702309
5.2854686038057155 -0.840235121968005
5.308448902083132 -0.8275539383747182
5.331429200360549 -0.8144357476540116
5.354409498637964 -0.80088747714026
5.377389796915381 -0.7869162812804463
5.400370095192796 -0.7725295378561113
5.423350393470213 -0.7577348440873565
5.4463306917476295 -0.7425400126209781
5.469310990025045 -0.7269530674048343
5.492291288302462 -0.7109822394506299
5.515271586579877 -0.6946359624873634
5.538251884857294 -0.677922868507715
5.5612321831347105 -0.6608517832097478
5.584212481412126 -0.6434317213363111
5.607192779689543 -0.6256718819146161
5.630173077966958 -0.6075816433985016
5.653153376244375 -0.5891705587159408
5.676133674521791 -0.5704483502244225
5.699113972799207 -0.5514249045768563
5.722094271076624 -0.532110267500716
5.745074569354039 -0.512514638493189
5.768054867631456 -0.4926483654351136
5.7910351659088715 -0.4725219391265696
5.814015464186287 -0.45214598774698783
5.836995762463704 -0.43153127124272017
5.859976060741119 -0.41068867564502776
5.882956359018536 -0.3896292073214794
5.905936657295952 -0.3683639871638151
5.928916955573368 -0.3469042447153249
5.951897253850785 -0.32526131224085136
5.9748775521282 -0.3034466187425567
5.997857850405617 -0.2814716839245927
6.020838148683033 -0.25934811210988695
6.043818446960449 -0.2370875861122348
6.0667987452378656 -0.2147018610669435
6.089779043515281 -0.19220275822329372
6.112759341792698 -0.16960215870207507
6.135739640070114 -0.1469119972215186
6.15871993834753 -0.12414425579491696
6.1817002366249465 -0.1013109574032698
6.204680534902362 -0.0784241596463037
6.227660833179779 -0.05549594837519811
6.250641131457195 -0.03253843131040551
6.273621429734611 -0.00956373164791433
6.296601728012027 0.013416018342660378
6.319582026289443 0.036388683724768854
6.34256232456686 0.05934213330304025
6.365542622844276 0.08226424602940727
6.388522921121692 0.10514291740388126
6.4115032193991075 0.1279660658665878
6.434483517676524 0.15072163917768464
6.45746381595394 0.17339762078179607
6.480444114231356 0.19598203615361165
6.503424412508772 0.21846295912127733
6.5264047107861884 0.24082851816426643
6.549385009063604 0.26306690268237665
6.572365307341021 0.28516636923257105
6.595345605618437 0.30711524773034216
6.618325903895853 0.32890194761234626
6.641306202173269 0.3505149639570447
6.664286500450685 0.3719428835601119
6.687266798728102 0.39317439096142304
6.710247097005518 0.41419827442041257
6.733227395282934 0.43500343183667084
6.75620769356035 0.455578876612642
6.779187991837766 0.47591374345532067
6.8021682901151825 0.4959972941139028
6.825148588392599 0.5158189230503378
6.848128886670015 0.5353681630398066
6.871109184947431 0.5546346906981604
6.894089483224847 0.5736083319333934
6.9170697815022635 0.5922790673182912
6.94005007977968 0.6106370373813926
6.963030378057096 0.6286725478134918
6.986010676334512 0.6463760745869225
7.008990974611928 0.6637382689849151
7.0319712728893435 0.6807499625383857
7.05495157116676 0.6974021718675366
7.077931869444176 0.7136861034257144
7.100912167721592 0.7295931581430307
7.123892465999008 0.7451149359672761
7.1468727642764245 0.7602432402997468
7.169853062553841 0.7749700823236262
7.192833360831257 0.789287685222648
7.215813659108673 0.8031884882878075
7.238793957386089 0.816665150909949
7.261774255663505 0.8297105564561305
7.284754553940922 0.8423178160277076
7.307734852218338 0.8544802720981618
7.330715150495754 0.8661915020287472
7.35369544877317 0.8774453214600956
7.376675747050586 0.8882357875780009
7.399656045328003 0.8985572022516423
7.4226363436054195 0.9084041150426033
7.445616641882834 0.9177713260830883
7.468596940160251 0.926653888821824
7.491577238437667 0.9350471126361848
7.514557536715084 0.9429465653091771
7.5375378349925 0.9503480753699628
7.560518133269915 0.9572477342966914
7.583498431547332 0.9636418985804783
7.606478729824748 0.9695271916494329
7.629459028102164 0.9749005056517295
7.6524393263795805 0.9797590030967736
7.675419624656996 0.9841001183535967
7.698399922934412 0.9879215590056928
7.721380221211828 0.9912213070615759
7.744360519489245 0.9939976200204221
7.767340817766661 0.9962490317922348
7.790321116044076 0.9979743534720428
7.813301414321493 0.9991726739677275
7.836281712598909 0.9998433604811432
7.859262010876326 0.99998605884228
7.882242309153742 0.9996006936962902
7.905222607431157 0.9986874685432816
7.928202905708574 0.9972468656308541
7.95118320398599 0.9952796456994397
7.974163502263407 0.9927868475805772
7.997143800540823 0.9897697876483356
8.020124098818238 0.9862300591241755
8.043104397095654 0.9821695312356145
8.066084695373071 0.9775903482291433
8.089064993650487 0.9724949282379123
8.112045291927904 0.9668859620047836
8.135025590205318 0.9607664114614319
8.158005888482736 0.9541395081642288
8.180986186760151 0.9470087515877589
8.203966485037569 0.9393779072768436
8.226946783314984 0.9312510048580707
8.2499270815924 0.9226323359118627
8.272907379869816 0.9135264517062199
8.295887678147233 0.9039381607933277
8.318867976424649 0.8938725264703022
8.341848274702066 0.8833348641054068
8.36482857297948 0.8723307383311665
8.387808871256897 0.8608659601058385
8.410789169534313 0.8489465836448263
8.43376946781173 0.8365789032236145
8.456749766089146 0.823769449853953
8.479730064366562 0.8105249878350136
8.502710362643978 0.796852511181365
8.525690660921395 0.7827592399296344
8.54867095919881 0.7682526163258216
8.571651257476226 0.7533403008952589
8.594631555753642 0.7380301683973154
8.617611854031058 0.7223303036669643
8.640592152308475 0.7062489973454164
8.66357245058589 0.6897947415020788
8.686552748863308 0.6729762251501317
8.709533047140722 0.655802329658125
8.73251334541814 0.6382821240599709
8.755493643695555 0.6204248602658693
8.778473941972972 0.6022399681766282
8.801454240250388 0.5837370507040194
8.824434538527806 0.5649258786997495
8.84741483680522 0.5458163857957712
8.870395135082637 0.5264186631586033
8.893375433360053 0.5067429541605009
8.91635573163747 0.48679964897021044
8.939336029914886 0.46659927906623877
8.962316328192301 0.4461525116754744
8.985296626469717 0.4254701441401426
9.008276924747134 0.4045630982160401
9.03125722302455 0.3834424143050804
9.054237521301967 0.36211924562516795
9.077217819579381 0.34060485232052334
9.100198117856799 0.31891059551550927
9.123178416134214 0.2970479313151751
9.14615871441163 0.2750284047556031
9.169139012689048 0.2528636437073178
9.192119310966461 0.23056535273495332
9.215099609243879 0.20814530691639482
9.238079907521294 0.1856153456247269
9.261060205798712 0.16298736627618493
9.284040504076128 0.14027331804749177
9.307020802353543 0.11748519556583335
9.330001100630959 0.09463503257485245
9.352981398908376 0.07173489557997581
9.375961697185792 0.04879687747645112
9.39894199546321 0.025833091163428936
9.421922293740623 0.0028556631475094942
9.44490259201804 -0.020123272860933506
9.467882890295456 -0.043091582355187015
9.490863188572874 -0.06603713644009943
9.51384348685029 -0.08894781823698086
9.536823785127705 -0.11181152928218616
9.55980408340512 -0.13461619591595408
9.582784381682538 -0.15734977565815877
9.605764679959954 -0.18000026356758575
9.628744978237371 -0.20255569858140388
9.651725276514785 -0.22500416983143845
9.674705574792203 -0.24733382293397468
9.697685873069618 -0.26953286624968803
9.720666171347036 -0.2915895771104862
9.743646469624451 -0.31349230800989325
9.766626767901867 -0.33522949275377034
9.789607066179283 -0.3567896525680792
9.812587364456698 -0.3781614021604899
9.835567662734116 -0.3993334557326237
9.858547961011531 -0.42029463293974817
9.881528259288947 -0.4410338647948008
9.904508557566363 -0.46154019951359265
9.92748885584378 -0.4818028082981294
9.950469154121196 -0.5018109910549778
9.973449452398613 -0.5215541820456847
9.996429750676027 -0.5410219554662212
10.019410048953445 -0.5602040309525648
10.04239034723086 -0.5790902790094389
10.065370645508278 -0.5976707263594219
10.088350943785693 -0.6159355612095315
10.111331242063109 -0.6338751384325572
10.134311540340525 -0.6514799846603642
10.157291838617942 -0.668740803286507
10.180272136895358 -0.6856484793754906
10.203252435172775 -0.7021940844761116
10.226232733450189 -0.7183688813363023
10.249213031727606 -0.7341643285170325
10.272193330005022 -0.7495720849027792
10.29517362828244 -0.7645840141062399
10.318153926559855 -0.7791921887649119
10.34113422483727 -0.7933888947273091
10.364114523114687 -0.8071666351265764
10.387094821392102 -0.8205181343393677
10.41007511966952 -0.8334363418278915
10.433055417946935 -0.845914435863091
10.456035716224351 -0.8579458271270058
10.479016014501767 -0.8695241621923956
10.501996312779184 -0.8806433268778009
10.5249766110566 -0.8912974494762617
10.547956909334017 -0.9014809038559999
10.570937207611431 -0.9111883124314093
10.593917505888848 -0.9204145490028101
10.616897804166264 -0.9291547414634359
10.639878102443681 -0.9374042743722597
10.662858400721097 -0.9451587913912679
10.685838698998513 -0.9524141975859199
10.708818997275928 -0.9591666615875611
10.731799295553346 -0.9654126176166586
10.754779593830762 -0.9711487673657829
10.777759892108179 -0.9763720817413521
10.800740190385593 -0.9810798024632034
10.82372048866301 -0.9852694435211652
10.846700786940426 -0.9889387924878423
10.869681085217843 -0.9920859116869375
10.892661383495259 -0.9947091392164799
10.915641681772675 -0.9968070898264284
10.93862198005009 -0.9983786556501812
10.961602278327508 -0.9994230067896083
10.984582576604923 -0.9999395917532955
11.007562874882339 -0.9999281377477723
11.030543173159755 -0.9993886508215652
11.05352347143717 -0.9983214158620045
11.076503769714588 -0.9967269964447822
11.099484067992003 -0.9946062345363461
11.122464366269421 -0.9919602500492799
11.145444664546835 -0.9887904402509117
11.168424962824252 -0.9850984790254554
11.191405261101668 -0.9808863159900849
11.214385559379085 -0.976156175465394
11.237365857656501 -0.9709105553008011
11.260346155933917 -0.9651522255555046
11.283326454211332 -0.9588842270356978
11.30630675248875 -0.9521098696888052
11.329287050766165 -0.9448327308555996
11.352267349043583 -0.9370566533811076
11.375247647320997 -0.9287857435853207
11.398227945598414 -0.92002436909476
11.42120824387583 -0.9107771565360689
11.444188542153247 -0.901048989092818
11.467168840430663 -0.8908450039268448
