0.0 0.0
0.083596846436872 0.08349951196418276
0.167193692873744 0.16641583295694692
0.250790539310616 0.24816984522480234
0.334387385747488 0.3281905490012796
0.41798423218436 0.40591905057704747
0.501581078621232 0.48081246581692305
0.5851779250581041 0.5523477118601905
0.668774771494976 0.620025160521615
0.752371617931848 0.6833721278764702
0.83596846436872 0.7419461756570456
0.919565310805592 0.795338201402482
1.003162157242464 0.8431752957792037
1.086759003679336 0.8851233471153798
1.1703558501162081 0.9208893749584018
1.25395269655308 0.9502235763569601
1.337549542989952 0.9729210705757427
1.4211463894268241 0.988823330057033
1.504743235863696 0.9978192876348502
1.588340082300568 0.9998461122684462
1.67193692873744 0.9948896478771551
1.755533775174312 0.9829845122116095
1.839130621611184 0.9642138550707767
1.9227274680480562 0.9387087775535087
2.006324314484928 0.9066474164007698
2.0899211609218 0.8682536998238255
2.173518007358672 0.823795783508142
2.257114853795544 0.773584177716516
2.3407117002324163 0.7179695785724253
2.4243085466692884 0.6573404186707068
2.50790539310616 0.5921201541229916
2.591502239543032 0.5227643069861513
2.675099085979904 0.449757283730521
2.758695932416776 0.3736089919688676
2.8422927788536483 0.2948512790761003
2.92588962529052 0.21403421757370125
3.009486471727392 0.13172226322309966
3.093083318164264 0.04849031266126936
3.176680164601136 -0.03508031188655364
3.260277011038008 -0.11840592277279305
3.34387385747488 -0.20090454361442914
3.4274707039117525 -0.2819999740278015
3.511067550348624 -0.36112581402172445
3.594664396785496 -0.43772941994110576
3.678261243222368 -0.511275764331301
3.7618580896592397 -0.5812511727645162
3.8454549360961123 -0.6471669115289067
3.929051782532984 -0.708562601122633
4.012648628969856 -0.7650094317118084
4.096245475406728 -0.8161131580943892
4.1798423218436 -0.8615168532521085
4.263439168280472 -0.9009034012586317
4.347036014717344 -0.9339977121325627
4.4306328611542165 -0.960568643165963
4.514229707591088 -0.9804306133091188
4.59782655402796 -0.9934448993361146
4.6814234004648325 -0.9995206047383137
4.765020246901704 -0.9986152945786461
4.848617093338577 -0.9907352918726485
4.9322139397754485 -0.9759356334262232
5.01581078621232 -0.954319685438561
5.099407632649192 -0.9260384215549985
5.183004479086064 -0.8912893684121498
5.266601325522936 -0.850315226040009
5.350198171959808 -0.8034021727566409
5.43379501839668 -0.7508778663946833
5.517391864833552 -0.6931091558198327
5.600988711270424 -0.6304995187248963
5.684585557707297 -0.563486243594783
5.768182404144168 -0.4925373755246302
5.85177925058104 -0.41814844722256395
5.935376097017913 -0.3408390180289767
6.018972943454784 -0.26114904512506365
6.102569789891656 -0.17963511227541046
6.186166636328528 -0.09686654244448104
6.269763482765399 -0.013421421437894585
6.353360329202272 0.07011743965916827
6.436957175639144 0.15316657504662662
6.520554022076016 0.23514593934693728
6.604150868512888 0.315482958853044
6.68774771494976 0.39361653059147467
6.771344561386631 0.46900094126965247
6.854941407823505 0.5411096787360817
6.938538254260377 0.6094391093327705
7.022135100697248 0.6735119954559452
7.10573194713412 0.7328808287571047
7.189328793570992 0.787130955704145
7.272925640007864 0.8358834736724934
7.356522486444736 0.8787978773388929
7.440119332881608 0.9155744368944707
7.5237161793184795 0.9459562914667721
7.607313025755351 0.9697312431295492
7.690909872192225 0.9867332389702823
7.774506718629096 0.9968435308641354
7.858103565065968 0.9999915048540665
7.94170041150284 0.9961551743443937
8.025297257939712 0.9853613336631794
8.108894104376585 0.9676853709208942
8.192490950813456 0.9432507414724259
8.276087797250328 0.912228105659961
8.3596846436872 0.8748341368590674
8.443281490124074 0.8313300081530001
8.526878336560944 0.7820195682048745
8.610475182997817 0.7272472190680406
8.694072029434688 0.6673955107568491
8.77766887587156 0.6028824693781573
8.861265722308433 0.5341586774849151
8.944862568745304 0.46170412704367575
9.028459415182176 0.38602486699605937
9.112056261619047 0.30764946882883826
9.19565310805592 0.22712533483834904
9.279249954492792 0.14501487487370365
9.362846800929665 0.06189157826177323
9.446443647366536 -0.02166399165092149
9.530040493803408 -0.10506825236385733
9.61363734024028 -0.18773867817500645
9.697234186677154 -0.26909786875229696
9.780831033114024 -0.3485775819075886
9.864427879550897 -0.4256227024068837
9.948024725987768 -0.49969511909707065
10.03162157242464 -0.5702774832700139
10.115218418861513 -0.6368768220141493
10.198815265298384 -0.6990279813166631
10.282412111735256 -0.7562968748683591
10.366008958172127 -0.8082835158803683
10.449605804609 -0.8546248107374202
10.533202651045872 -0.8949970949757493
10.616799497482745 -0.9291183938734741
10.700396343919616 -0.9567503918646448
10.783993190356489 -0.9777000970218652
10.86759003679336 -0.9918211889821268
10.951186883230232 -0.9990150409014631
11.034783729667105 -0.9992314083007101
11.118380576103975 -0.99246877999123
11.201977422540848 -0.9787743886296018
11.285574268977719 -0.9582438808275645
11.369171115414593 -0.931020649121278
11.452767961851464 -0.8972948304656857
11.536364808288337 -0.8573019782488353
11.619961654725207 -0.8113214171013218
11.70355850116208 -0.7596742919914339
11.787155347598953 -0.7027213252318576
11.870752194035825 -0.6408602970637988
11.954349040472696 -0.5745232674150554
12.037945886909569 -0.5041735582362784
12.12154273334644 -0.4303025174919064
12.205139579783312 -0.35342608740720216
12.288736426220185 -0.27408120094004523
12.372333272657055 -0.1928220316457956
12.455930119093928 -0.11021612312755151
12.539526965530799 -0.02684042510514637
12.623123811967673 0.05672273621162352
12.706720658404544 0.1398897253010963
12.790317504841417 0.22207967365259837
12.873914351278287 0.30271853676344085
12.95751119771516 0.38124310347459817
13.041108044152033 0.4571049296423454
13.124704890588905 0.5297741686717067
13.208301737025776 0.5987432721578474
13.291898583462649 0.6635305347888016
13.37549542989952 0.7236834587506213
13.459092276336392 0.7787819141367531
13.542689122773263 0.8284410732881532
13.626285969210135 0.8723140985696795
13.70988281564701 0.9100945648103201
13.793479662083879 0.9415185994880751
13.877076508520753 0.9663667257116647
13.960673354957622 0.984465395126977
14.044270201394497 0.995688200041928
14.12786704783137 0.9999567563037663
14.21146389426824 0.9972412507625187
14.295060740705113 0.987560649496875
14.378657587141983 0.9709825653481953
14.462254433578856 0.9476227856878238
14.545851280015729 0.9176444637159628
14.6294481264526 0.881256978940361
14.713044972889472 0.8387144747936504
14.796641819326343 0.7903140836031511
14.880238665763216 0.7363938513105853
14.96383551220009 0.6773303764362327
15.047432358636959 0.6135361797778501
15.131029205073833 0.5454568232153124
15.214626051510702 0.4735677977443635
15.298222897947577 0.3983712024744683
15.38181974438445 0.32039223778598536
15.46541659082132 0.24017553713960374
15.549013437258193 0.15828136315810074
15.632610283695064 0.07528169454835273
15.716207130131936 -0.008243768806071987
15.799803976568809 -0.09171165467980166
15.88340082300568 -0.1745389929895383
15.966997669442552 -0.25614728746922827
16.050594515879425 -0.3359665560984499
16.134191362316297 -0.4134393120642291
16.21778820875317 -0.4880244574517717
16.30138505519004 -0.5592010624691663
16.38498190162691 -0.6264720038105943
16.468578748063784 -0.6893674367463497
16.552175594500657 -0.7474480766893878
16.63577244093753 -0.8003082673187053
16.7193692873744 -0.8475788138306741
16.80296613381127 -0.8889295615298836
16.886562980248147 -0.9240717017496436
16.970159826685016 -0.9527597889967924
17.05375667312189 -0.9747934552323327
17.137353519558758 -0.9900188093147038
17.220950365995634 -0.9983295118315122
17.304547212432507 -0.9996675178126734
17.388144058869376 -0.994023482137605
17.47174090530625 -0.9814368248049468
17.55533775174312 -0.9619954556089487
17.638934598179993 -0.9358351601454833
17.722531444616866 -0.9031386514360408
17.806128291053735 -0.8641342937935117
17.889725137490608 -0.8190945078427329
17.97332198392748 -0.7683338678357369
18.056918830364353 -0.7122069045507183
18.140515676801225 -0.6511056291200896
18.224112523238094 -0.5854567950821088
18.30770936967497 -0.5157189177788872
18.39130621611184 -0.4423790719184492
18.474903062548712 -0.36594948966771595
18.558499908985585 -0.2869639830367181
18.642096755422457 -0.20597421554128403
18.72569360185933 -0.12354584918433535
18.8092904482962 -0.040254593666655306
18.89288729473307 0.04331781457913747
18.976484141169944 0.12658767544746805
19.060080987606817 0.20897340193372585
19.14367783404369 0.2898995821495018
19.22727468048056 0.3688009982085674
19.31087152691743 0.44512657391425015
19.394468373354307 0.5183432236760738
19.478065219791176 0.5879395757734742
19.56166206622805 0.6534295439619773
19.645258912664918 0.7143557224763507
19.728855759101794 0.7702925807189158
19.812452605538667 0.8208494353200357
19.896049451975536 0.8656731788129352
19.97964629841241 0.9044507458647157
20.06324314484928 0.9369112998385353
20.146839991286154 0.9628281244152266
20.230436837723026 0.9820202070625552
20.314033684159895 0.9943535032926029
20.397630530596768 0.9997418728772423
20.48122737703364 0.9981476814828282
20.564824223470513 0.9895820635220782
20.648421069907386 0.9741048443872831
20.732017916344255 0.9518241226080009
20.815614762781127 0.9228955148515938
20.899211609218 0.8875210690398094
20.982808455654872 0.8459478531725806
21.066405302091745 0.7984662297152236
21.150002148528614 0.7454078276013386
21.23359899496549 0.6871432260156685
21.31719584140236 0.6240793661342702
21.400792687839232 0.5566567088992482
21.484389534276104 0.48534615867930814
21.567986380712977 0.4106457743023028
21.65158322714985 0.3330772904311708
21.73518007358672 0.25318247357922974
21.81877692002359 0.1715193382157212
21.902373766460464 0.08865824938975406
21.985970612897336 0.0051779390932702625
22.06956745933421 -0.07833853581374497
22.153164305771078 -0.16130786588450516
22.23676115220795 -0.24315056313083996
22.320357998644827 -0.3232950083781236
22.403954845081696 -0.4011814436615615
22.48755169151857 -0.4762658817795049
22.571148537955438 -0.5480239056979508
22.654745384392314 -0.6159543312699393
22.738342230829186 -0.6795827076879503
22.821939077266055 -0.7384646312209909
22.905535923702928 -0.7921888490919367
22.9891327701398 -0.840380131816542
23.072729616576673 -0.8827018939426893
23.156326463013546 -0.9188585448856444
23.239923309450415 -0.9485975534402454
23.323520155887287 -0.9717112115507229
23.40711700232416 -0.988038085019325
23.490713848761033 -0.9974641410214952
23.574310695197905 -0.9999235445526058
23.657907541634774 -0.9953991182435844
23.74150438807165 -0.9839224623339068
23.82510123450852 -0.9655737339640318
23.908698080945392 -0.940481087328762
23.992294927382265 -0.9088197786017264
24.075891773819137 -0.8708109418824971
24.15948862025601 -0.8267200447155822
24.24308546669288 -0.7768550339685123
24.32668231312975 -0.7215641850188669
24.410279159566624 -0.6612336692723361
24.493876006003497 -0.5962848570011139
24.57747285244037 -0.5271713743406103
24.661069698877238 -0.4543759349994812
24.74466654531411 -0.37840696881144664
24.828263391750987 -0.29979507067636485
24.911860238187856 -0.21908929469240784
24.99545708462473 -0.13685331936244546
25.079053931061598 -0.05366151065833375
25.162650777498474 0.029905089560040187
25.246247623935346 0.11326282175247096
25.329844470372215 0.1958294851890501
25.413441316809088 0.2770284042518837
25.49703816324596 0.3562924561474038
25.580635009682833 0.4330680318983106
25.664231856119706 0.5068189029500876
25.747828702556575 0.5770299663863208
25.831425548993447 0.64321084259489
25.91502239543032 0.7048993002575786
25.998619241867193 0.7616644847417863
26.082216088304065 0.8131099273460398
26.165812934740934 0.85887631438165
26.24940978117781 0.8986439967502533
26.33300662761468 0.9321352224893935
26.416603474051552 0.9591160766933069
26.500200320488425 0.9793981152597123
26.583797166925297 0.9928396810519913
26.66739401336217 0.9993468932841678
26.75099085979904 0.9988743032184757
26.83458770623591 0.9914252115958772
26.918184552672784 0.9770516455824882
27.001781399109657 0.9558539953929212
27.085378245546526 0.9279803131285014
27.1689750919834 0.893625278727521
27.25257193842027 0.8530288402497257
27.336168784857144 0.8064745379917599
27.41976563129402 0.7542875241385729
27.503362477730885 0.6968322917822719
27.586959324167758 0.6345101291697193
27.67055617060463 0.5677563169594522
27.754153017041507 0.49703708806317
27.83774986347838 0.4228463713054651
27.921346709915245 0.3457023416451928
28.004943556352117 0.2661438010530152
28.088540402788993 0.1847264153224371
28.172137249225866 0.10201883309772272
28.25573409566274 0.01859871422485675
28.339330942099604 -0.06495130483497069
28.42292778853648 -0.14804768035042662
28.506524634973353 -0.23011003700171043
28.590121481410225 -0.3105652214329966
28.673718327847098 -0.3888513053639825
28.757315174283967 -0.46442151030144624
28.84091202072084 -0.5367480264391924
28.924508867157712 -0.605325699073753
29.008105713594585 -0.6696755567886421
29.091702560031457 -0.7293481567649904
29.175299406468326 -0.7839267238537123
29.2588962529052 -0.8330300614847919
29.34249309934207 -0.876315214082807
29.426089945778944 -0.913479862393455
29.509686792215817 -0.9442644349912166
29.593283638652686 -0.9684539212206309
29.67688048508956 -0.9858793729089455
29.76047733152643 -0.9964190843616171
29.844074177963304 -0.9999994423991678
29.92767102440018 -0.9965954404984112
30.011267870837045 -0.9862308534471114
30.094864717273918 -0.9689780712922094
30.17846156371079 -0.9449575937414035
30.262058410147667 -0.9143371885493446
30.34565525658454 -0.8773307197666045
30.429252103021405 -0.8341966540353312
30.512848949458277 -0.7852362553641723
30.596445795895153 -0.7307914809908469
30.680042642332026 -0.6712425930283772
30.7636394887689 -0.6070055025761293
30.847236335205764 -0.5385288648453876
30.93083318164264 -0.4662909455880955
31.014430028079513 -0.39079628071488154
31.098026874516385 -0.31257215243265213
31.181623720953258 -0.23216490651383356
31.265220567390127 -0.15013613641871926
31.348817413827 -0.06705876092240319
31.432414260263872 0.016486977358371305
31.516011106700745 0.09991756459077189
31.599607953137617 0.18265029119878384
31.683204799574487 0.2641073217188943
31.76680164601136 0.34371973061321864
31.85039849244823 0.4209314758524304
31.933995338885104 0.4952032825156138
32.01759218532198 0.5660164092825172
32.10118903175885 0.632876271511654
32.18478587819572 0.6953158955994118
32.268382724632595 0.7528991804935832
32.351979571069464 0.8052239435817704
32.43557641750634 0.8519247296811094
32.51917326394321 0.8926753635101973
32.60277011038008 0.9271912278159589
32.686366956816954 0.9552312512440813
32.76996380325382 0.976599592069058
32.8535606496907 0.9911470060240677
32.93715749612757 0.9987718886772199
33.02075434256444 0.9994209850738841
33.104351189001314 0.9930897616886627
33.18794803543818 0.9798224380891858
33.27154488187506 0.9597116780905574
33.355141728311935 0.9328979425575625
33.4387385747488 0.8995685083748864
33.52233542118567 0.8599561604371907
33.60593226762254 0.8143375657947526
33.68952911405942 0.7630313413100881
33.773125960496294 0.7063958283218886
33.856722806933156 0.6448265898587315
33.94031965337003 0.5787536478829309
34.0239164998069 0.5086384798607648
34.10751334624378 0.43497079563588587
34.191110192680654 0.3582651171176457
34.274707039117516 0.2790571846728708
34.35830388555439 0.19790021532017193
34.44190073199127 0.11536103886108859
34.52549757842814 0.03201613893447734
34.60909442486501 -0.05155237335498065
34.692691271301875 -0.1347608251124693
34.77628811773875 -0.21702805823697907
34.85988496417563 -0.29777948844083685
34.9434818106125 -0.37645111835547374
35.02707865704937 -0.45249347669426043
35.11067550348624 -0.5253754559598421
35.19427234992311 -0.5945880218921806
35.27786919635999 -0.6596477687490084
35.361466042796856 -0.7201002955873972
35.44506288923373 -0.7755233799653058
35.5286597356706 -0.8255299268966944
35.61225658210747 -0.8697706724637769
35.695853428544346 -0.907936623203282
35.779450274981215 -0.939761214229214
35.86304712141809 -0.9650221710190233
35.94664396785496 -0.9835430618597212
36.03024081429183 -0.9951945301111711
36.113837660728706 -0.9998951976799189
36.197434507165575 -0.9976122333934064
36.28103135360245 -0.9883615823048277
36.36462820003932 -0.9722078543270772
36.44822504647619 -0.949263872973607
36.531821892913065 -0.9196898873579598
36.61541873934994 -0.8836924529556626
36.69901558578681 -0.8415229889456323
36.78261243222368 -0.7934760222071457
36.86620927866055 -0.739887130236967
36.949806125097425 -0.6811305973540065
37.0334029715343 -0.6176168005614769
37.11699981797117 -0.5497893433245854
37.20059666440804 -0.47812195728252244
37.284193510844915 -0.4031151935343445
37.367790357281784 -0.325292926608002
37.45138720371866 -0.24519869552998821
37.53498405015553 -0.16339190755107333
37.6185808965924 -0.08044393104248761
37.702177743029274 0.0030658951486460906
37.78577458946614 0.08655430801258138
37.86937143590302 0.16943819409806812
37.95296828233989 0.25113866218879544
38.03656512877676 0.33108508649031515
38.120161975213634 0.40871909208818114
38.2037588216505 0.48349845484148757
38.28735566808738 0.5549008884735935
38.37095251452425 0.6224276924094534
38.45454936096112 0.6856072348819195
38.53814620739799 0.7439982469795797
38.62174305383486 0.7971929046293689
38.70533990027174 0.8448196769883088
38.788936746708615 0.8865459213500585
38.87253359314548 0.9220802064426138
38.95613043958235 0.9511743478903619
39.03972728601922 0.9736251416240211
39.1233241324561 0.9892757831318242
39.206920978892974 0.9980169626392618
39.290517825329836 0.9997876285683265
39.37411467176671 0.9945754139439439
39.45771151820359 0.9824167227694246
39.54130836464046 0.9633964757676637
39.62490521107733 0.9376475172639082
39.708502057514195 0.905349687352671
39.79209890395107 0.8667285658290509
39.87569575038795 0.8220538966574045
39.95929259682482 0.7716377039813407
40.04288944326169 0.715832112833565
40.12648628969856 0.6550268897665669
40.21008313613543 0.5896467205811761
40.29367998257231 0.5201482441664267
40.377276829009176 0.44701686316743616
40.46087367544605 0.37076335375668357
40.54447052188292 0.291920298187434
40.62806736831979 0.2110383650454658
40.71166421475667 0.12868246317933515
40.795261061193536 0.045427796171466965
40.87885790763041 -0.03814415509299184
40.96245475406728 -0.12144969370017959
41.04605160050415 -0.20390698345918398
41.129648446941026 -0.28494011265766883
41.213245293377895 -0.36398311643878845
41.29684213981477 -0.44048392970571193
41.38043898625164 -0.5139082429450654
41.46403583268851 -0.5837432340390191
41.547632679125385 -0.6495011500015182
41.631229525562254 -0.7107227136225831
41.71482637199913 -0.7669803312274822
0.0 0.0
0.054943145547711326 0.054915506456646695
0.10988629109542265 0.10966527846862066
0.164829436643134 0.16408408177613182
0.2197725821908453 0.21800768097960233
0.2747157277385566 0.27127333520044633
0.329658873286268 0.3237202892314004
0.3846020188339793 0.3751902586941175
0.4395451643816906 0.42552790773982485
0.49448830992940196 0.47458131785134927
0.5494314554771133 0.5222024463316692
0.6043746010248247 0.5682475730952822
0.659317746572536 0.6125777344139725
0.7142608921202472 0.6550591423079424
0.7692040376679586 0.6955635883165858
0.8241471832156699 0.7339688304303289
0.8790903287633812 0.7701589620157826
0.9340334743110926 0.8040247616207934
0.9889766198588039 0.8354640226036839
1.0439197654065153 0.8643818615918677
1.0988629109542265 0.8906910048389093
1.153806056501938 0.9143120516158129
1.2087492020496493 0.9351737138416196
1.2636923475973607 0.9532130312301184
1.318635493145072 0.968375561303354
1.373578638692783 0.980615543698477
1.4285217842404945 0.9898960382720573
1.4834649297882059 0.9961890365850636
1.5384080753359173 0.9994755464320514
1.5933512208836287 0.9997456491594461
1.6482943664313399 0.9969985295999405
1.703237511979051 0.991242478532661
1.7581806575267624 0.9824948676616798
1.8131238030744738 0.9707820971883873
1.8680669486221853 0.9561395161359507
1.9230100941698964 0.9386113156663185
1.9779532397176078 0.9182503957117388
2.0328963852653192 0.8951182053232984
2.0878395308130306 0.8692845572183054
2.142782676360742 0.8408274170862128
2.197725821908453 0.8098326682889541
2.2526689674561644 0.7763938526658222
2.307612113003876 0.7406118882251433
2.3625552585515868 0.7025947645747448
2.4174984040992986 0.6624572170104063
2.4724415496470096 0.6203203802458982
2.5273846951947214 0.5763114228296315
2.5823278407424324 0.5305631633512674
2.637270986290144 0.483213669596547
2.692214131837855 0.4344058418601109
2.747157277385566 0.3842869816738496
2.802100422933278 0.3330083472523639
2.857043568480989 0.2807246969972033
2.911986714028701 0.22759382243756457
2.9669298595764118 0.17377607201705467
3.0218730051241227 0.11943386716369911
3.0768161506718346 0.06473121210371262
3.1317592962195455 0.009833198898401155
3.1867024417672574 -0.04509449080202046
3.2416455873149683 -0.09988608578397087
3.2965887328626797 -0.1543762255663597
3.351531878410391 -0.2084004594568469
3.406475023958102 -0.2617957428623757
3.461418169505814 -0.31440092935611175
3.516361315053525 -0.3660572570157295
3.5713044606012363 -0.41660882756529866
3.6262476061489477 -0.4659030768747041
3.6811907516966587 -0.5137912353966537
3.7361338972443705 -0.5601287771516732
3.7910770427920815 -0.6047758559060505
3.846020188339793 -0.6475977272263642
3.9009633338875043 -0.6884651551368204
3.9559064794352157 -0.7272548021521263
4.010849624982927 -0.7638496015087768
4.0657927705306385 -0.7981391104713655
4.120735916078349 -0.8300198436476468
4.175679061626061 -0.8593955853064078
4.230622207173772 -0.8861776797555697
4.285565352721484 -0.9102852989041796
4.340508498269195 -0.9316456862007667
4.395451643816906 -0.9501943762118867
4.450394789364617 -0.965875389178146
4.505337934912329 -0.9786413999605528
4.56028108046004 -0.9884538808673088
4.615224226007752 -0.9952832179299946
4.670167371555463 -0.9991088002782278
4.7251105171031735 -0.9999190823430616
4.780053662650886 -0.9977116187013959
4.834996808198597 -0.9924930714562396
4.889939953746308 -0.9842791901305502
4.944883099294019 -0.9730947641353331
4.9998262448417305 -0.9589735479554489
5.054769390389443 -0.941958159278918
5.109712535937153 -0.92209995037717
5.164655681484865 -0.8994588531244028
5.219598827032576 -0.8741031981237938
5.274541972580288 -0.8461095084864276
5.329485118127999 -0.8155622688853184
5.38442826367571 -0.7825536705815183
5.439371409223422 -0.7471833331918224
5.494314554771132 -0.7095580040377695
5.549257700318845 -0.6697912359832998
5.604200845866556 -0.6280030447333625
5.6591439914142665 -0.5843195466277233
5.714087136961978 -0.5388725780231232
5.769030282509689 -0.49179929741248635
5.823973428057402 -0.4432417714819692
5.878916573605112 -0.3933465463551381
5.9338597191528235 -0.34226420531823865
5.988802864700535 -0.29014891436136436
6.043746010248245 -0.23715795690705022
6.098689155795958 -0.18345125913048607
6.153632301343669 -0.1291909073039414
6.2085754468913805 -0.07454065862202147
6.263518592439091 -0.019665446984110903
6.318461737986802 0.035269114774475946
6.373404883534515 0.09009723470035727
6.428348029082225 0.14465344208052625
6.483291174629937 0.19877308683130218
6.538234320177648 0.2522928364106136
6.5931774657253595 0.30505116875396765
6.648120611273071 0.3568888597464108
6.703063756820782 0.40764946375930206
6.758006902368494 0.4571797858016424
6.812950047916204 0.5053303438610122
6.867893193463916 0.5519558200387797
6.922836339011628 0.5969154991180504
6.977779484559339 0.6400736932407723
7.03272263010705 0.6813001514123259
7.087665775654761 0.7204704525977127
7.142608921202473 0.75746638122298
7.197552066750184 0.7921762839486346
7.252495212297895 0.8244954066382938
7.307438357845607 0.854326210505613
7.362381503393317 0.8815786664853585
7.417324648941029 0.906170526940221
7.472267794488741 0.9280275738833521
7.527210940036452 0.9470838429675013
7.582154085584163 0.9632818225647519
7.637097231131874 0.9765726273360339
7.692040376679586 0.9869161457665826
7.746983522227298 0.9942811612220875
7.8019266677750085 0.9986454461601784
7.85686981332272 0.9999958292129254
7.911812958870431 0.9983282349378938
7.966756104418142 0.9936476961177882
8.021699249965854 0.9859683385715651
8.076642395513565 0.9753133385228543
8.131585541061277 0.9617148526543483
8.186528686608987 0.9452139210592608
8.241471832156698 0.9258603433827365
8.29641497770441 0.9037125285270246
8.351358123252123 0.8788373183740034
8.406301268799833 0.8513097860570535
8.461244414347544 0.8212130093910962
8.516187559895256 0.7886378201445876
8.571130705442968 0.7536825299101593
8.626073850990679 0.7164526334012218
8.68101699653839 0.6770604900699811
8.735960142086101 0.6356249850077466
8.790903287633812 0.5922711701509286
8.845846433181524 0.5471298868755464
8.900789578729235 0.5003373711192862
8.955732724276947 0.4520348422228028
9.010675869824658 0.4023680767311862
9.065619015372368 0.3514869684418077
9.12056216092008 0.29954507602635577
9.175505306467791 0.24669915959231856
9.230448452015503 0.19310870758254858
9.285391597563216 0.13893545544076258
9.340334743110926 0.08434289749559826
9.395277888658637 0.02949579353637585
9.450221034206347 -0.025440328430279338
9.50516417975406 -0.08029967174229505
9.560107325301772 -0.13491667145480088
9.615050470849482 -0.1891264940134658
9.669993616397194 -0.24276553472050796
9.724936761944905 -0.29567191149201055
9.779879907492615 -0.34768595341643066
9.834823053040328 -0.3986506826397947
9.889766198588038 -0.4484122881232737
9.94470934413575 -0.4968205898433591
9.999652489683461 -0.5437294920336458
10.054595635231173 -0.5889974241003949
10.109538780778886 -0.6324877678811467
10.164481926326594 -0.6740692699569607
10.219425071874307 -0.71361643777392
10.274368217422017 -0.7510099183783754
10.32931136296973 -0.7861368586229718
10.384254508517442 -0.818891245756299
10.439197654065152 -0.8491742273683099
10.494140799612865 -0.8768944097259004
10.549083945160575 -0.9019681335982663
10.604027090708286 -0.9243197267396264
10.658970236255998 -0.9438817322672922
10.713913381803708 -0.9605951122458598
10.76885652735142 -0.9744094258631062
10.823799672899133 -0.9852829816598492
10.878742818446844 -0.9931829633543517
10.933685963994554 -0.9980855288815303
10.988629109542265 -0.9999758823480654
11.043572255089977 -0.9988483186862588
11.09851540063769 -0.9947062408718704
11.1534585461854 -0.9875621496539722
11.208401691733112 -0.9774376058278124
11.263344837280822 -0.9643631651645548
11.318287982828533 -0.9483782861942672
11.373231128376245 -0.9295312111204767
11.428174273923956 -0.9078788202256874
11.483117419471668 -0.8834864602072582
11.538060565019379 -0.8564277469617332
11.593003710567091 -0.8267843434128033
11.647946856114803 -0.7946457130534312
11.702890001662512 -0.7601088499459315
11.757833147210224 -0.7232779859948597
11.812776292757935 -0.6842642763761907
11.867719438305647 -0.6431854640721046
11.92266258385336 -0.6001655245238636
11.97760572940107 -0.5553342914751771
12.032548874948782 -0.5088270651352678
12.08749202049649 -0.4607842038442167
12.142435166044203 -0.41135070047289013
12.197378311591915 -0.3606757448359374
12.252321457139626 -0.3089122734384243
12.307264602687338 -0.2562165079149995
12.362207748235049 -0.2027474835545883
12.417150893782761 -0.14866656933348113
12.472094039330472 -0.09413698090540407
12.527037184878182 -0.03932328801830974
12.581980330425894 0.015609082155457017
12.636923475973605 0.07049434427669174
12.691866621521317 0.12516685517782453
12.74680976706903 0.1794616137723168
12.80175291261674 0.233214759026282
12.85669605816445 0.2862640644894366
12.911639203712161 0.33844942789288596
12.966582349259873 0.38961335433616057
13.021525494807586 0.4396014316052322
13.076468640355296 0.48826279618702245
13.131411785903008 0.5354505885739682
13.186354931450719 0.5810223964845231
13.24129807699843 0.6248406846619989
13.296241222546142 0.6667732099545769
13.351184368093852 0.7066934204238038
13.406127513641565 0.7444808372770744
13.461070659189275 0.7800214184714028
13.516013804736987 0.8132079028911675
13.5709569502847 0.8439401340610684
13.625900095832408 0.8721253624173622
13.68084324138012 0.8976785252251164
13.735786386927831 0.920522503296674
13.790729532475543 0.9405883537365939
13.845672678023256 0.9578155180106085
13.900615823570966 0.9721520047106713
13.955558969118679 0.9835545464645034
14.010502114666387 0.9919887305160835
14.0654452602141 0.9974291025830023
14.120388405761812 0.9998592436772263
14.175331551309522 0.999271819657441
14.230274696857235 0.9956686033634139
14.285217842404945 0.9890604692655827
14.340160987952657 0.9794673606460124
14.395104133500368 0.9669182294097726
14.450047279048079 0.9514509487083782
14.50499042459579 0.9331121986390005
14.559933570143501 0.911957325364407
14.614876715691214 0.8880501740787956
14.669819861238926 0.8614628963236477
14.724763006786635 0.8322757322351019
14.779706152334347 0.8005767683800263
14.834649297882057 0.7664616719116598
14.88959244342977 0.730033401847097
14.944535588977482 0.6914018983380207
14.999478734525193 0.6506837508724308
15.054421880072905 0.6080018464087402
15.109365025620614 0.563484998504185
15.164308171168326 0.5172675585567905
15.219251316716038 0.46948901033422596
15.274194462263749 0.42029354901319016
15.329137607811461 0.3698296459998191
15.384080753359171 0.31824960084449055
15.439023898906884 0.26570908160330414
15.493967044454596 0.21236665503346933
15.548910190002305 0.15838330804042816
15.603853335550017 0.10392196182098593
15.658796481097728 0.0491469801688048
15.71373962664544 -0.0057763265738887005
15.768682772193152 -0.06068220042123547
15.823625917740863 -0.11540493599967873
15.878569063288575 -0.16977938064511564
15.933512208836284 -0.22364143283195798
15.988455354383996 -0.27682853742990227
16.04339849993171 -0.3291801762936513
16.09834164547942 -0.3805383527050699
16.15328479102713 -0.4307480682056884
16.20822793657484 -0.4796577903804824
16.263171082122554 -0.5271199101811774
16.318114227670264 -0.5729911874088562
16.373057373217975 -0.6171331830114527
16.42800051876569 -0.6594126768914053
16.482943664313396 -0.6997020699625578
16.53788680986111 -0.7378797692429434
16.59282995540882 -0.7738305548211419
16.64777310095653 -0.8074459275888383
16.702716246504245 -0.8386244366900268
16.757659392051956 -0.867271985698666
16.812602537599666 -0.8933021166007555
16.867545683147377 -0.9166362707237422
16.922488828695087 -0.9372040258258039
16.9774319742428 -0.9549433086294657
17.03237511979051 -0.9698005821581217
17.087318265338222 -0.9817310073100965
17.142261410885936 -0.9906985781825984
17.197204556433647 -0.9966762307371694
17.252147701981357 -0.9996459244786841
17.307090847529068 -0.9995986969013793
17.36203399307678 -0.9965346905376071
17.416977138624492 -0.990463152527673
17.471920284172203 -0.9814024067120612
17.526863429719914 -0.969379798330267
17.581806575267624 -0.9544316114931407
17.636749720815335 -0.9366029596778067
17.69169286636305 -0.9159476495756436
17.74663601191076 -0.8925280187042368
17.80157915745847 -0.8664147472733724
17.85652230300618 -0.8376866448728807
17.911465448553894 -0.8064304126260863
17.966408594101605 -0.7727403815267003
18.021351739649315 -0.7367182277488207
18.076294885197026 -0.6984726657892718
18.131238030744736 -0.6581191203683476
18.18618117629245 -0.615779378079167
18.24112432184016 -0.5715812198369755
18.296067467387875 -0.5256580352376112
18.351010612935582 -0.47814841998907676
18.405953758483292 -0.4291957576310569
18.460896904031006 -0.3789477868048686
18.515840049578717 -0.3275561553797297
18.57078319512643 -0.2751759627809989
18.625726340674138 -0.22196529190170408
18.680669486221852 -0.16808473200992483
18.735612631769563 -0.11369689409204871
18.790555777317273 -0.05896592009441642
18.845498922864987 -0.004056987544596793
18.900442068412694 0.05086418895271131
18.955385213960408 0.10563185784072382
19.01032835950812 0.1600807308470486
19.065271505055833 0.2140464818220671
19.120214650603543 0.26736624267356507
19.17515779615125 0.3198790949010134
19.230100941698964 0.37142655524598295
19.285044087246675 0.4218530539929896
19.33998723279439 0.47100640447736414
19.3949303783421 0.5187382623830413
19.44987352388981 0.5649045734442327
19.50481666943752 0.609366008199735
19.55975981498523 0.6519883824878417
19.614702960532945 0.6926430624127935
19.669646106080656 0.731207352560567
19.724589251628366 0.7675648662924132
19.779532397176077 0.8016058769985485
19.83447554272379 0.8332276492519616
19.8894186882715 0.8623347488628877
19.94436183381921 0.8888393308982434
19.999304979366922 0.91266140479674
20.054248124914633 0.9337290757795933
20.109191270462347 0.9519787618282421
20.164134416010057 0.9673553855742342
20.21907756155777 0.9798125405221767
20.27402070710548 0.9893126311040628
20.32896385265319 0.9958269861423253
20.383906998200903 0.9993359453791544
20.438850143748613 0.99982891881096
20.493793289296327 0.9973044186488967
20.548736434844034 0.9917700638089951
20.60367958039175 0.9832425569183476
20.65862272593946 0.9717476339067532
20.71356587148717 0.957319986335936
20.768509017034884 0.9400031567007631
20.82345216258259 0.91984940701844
20.878395308130305 0.8969195611022556
20.933338453678015 0.8712828209959455
20.98828159922573 0.8430165581226051
21.04322474477344 0.8122060797785297
21.09816789032115 0.7789443716766411
21.15311103586886 0.7433318173165526
21.20805418141657 0.7054758950281763
21.262997326964285 0.6654908536032054
21.317940472511996 0.6234973674934234
21.37288361805971 0.5796221726164071
21.427826763607417 0.5339976838678302
21.482769909155127 0.4867615954946121
21.53771305470284 0.43805646553509514
21.592656200250552 0.38802928558032046
21.647599345798266 0.3368310371548697
21.702542491345973 0.28461623605617525
21.757485636893687 0.23154246602736228
21.812428782441398 0.1777699031711481
21.867371927989108 0.12346083253994233
21.922315073536822 0.06877915836120872
21.97725821908453 0.013889909376174054
22.032201364632243 -0.04104125921528765
22.087144510179954 -0.09584856570032811
22.142087655727668 -0.1503666021807048
22.19703080127538 -0.20443083377211793
22.251973946823085 -0.2578780951688532
22.3069170923708 -0.3105470830750319
22.36186023791851 -0.3622788430163007
22.416803383466224 -0.4129172490628694
22.471746529013934 -0.46230947501596253
22.526689674561645 -0.510306455635769
22.581632820109355 -0.5567633365188196
22.636575965657066 -0.6015399112671189
22.69151911120478 -0.6445010446296434
22.74646225675249 -0.685517080339155
22.8014054023002 -0.7244642324135249
22.85634854784791 -0.7612249587405681
22.911291693395626 -0.795688315818957
22.966234838943336 -0.8277502935845821
23.021177984491047 -0.8573141293118882
23.076121130038757 -0.8842905996427965
23.131064275586468 -0.9085982898619017
23.186007421134182 -0.9301638396052625
23.240950566681892 -0.9489221642612354
23.295893712229606 -0.9648166513951858
23.350836857777313 -0.9777993316052337
23.405780003325024 -0.9878310232934361
23.460723148872738 -0.9948814509154452
23.51566629442045 -0.9989293363517994
23.570609439968162 -0.9999624631250744
23.62555258551587 -0.9979777132690875
23.680495731063584 -0.9929810767388877
23.735438876611294 -0.9849876333331335
23.790382022159005 -0.974021507183411
23.84532516770672 -0.9601157939478473
23.900268313254426 -0.9433124609287538
23.95521145880214 -0.9236622204157188
24.01015460434985 -0.9012243766364451
24.065097749897564 -0.8760666467771737
24.120040895445275 -0.8482649566129119
24.17498404099298 -0.8179032113642006
24.229927186540696 -0.7850730424720014
24.284870332088406 -0.7498735310549504
24.33981347763612 -0.7124109088835185
24.39475662318383 -0.6727982377736201
24.44969976873154 -0.6311550683671756
24.504642914279252 -0.5876070793294892
24.559586059826962 -0.5422856980523028
24.614529205374676 -0.49532770400724946
24.669472350922387 -0.44687481594679995
24.724415496470098 -0.3970732641984787
24.779358642017808 -0.34607334934322204
24.834301787565522 -0.29402898860973437
24.889244933113233 -0.24109725135385768
24.944188078660943 -0.18743788502481934
24.999131224208654 -0.13321283304905493
25.054074369756364 -0.07858574608657701
25.109017515304078 -0.023721488134929983
25.16396066085179 0.031214361028677598
25.218903806399503 0.08605600556549563
25.27384695194721 0.14063793394536994
25.32879009749492 0.19479541845891007
25.383733243042634 0.24836501236402292
25.438676388590345 0.30118504316653616
25.49361953413806 0.35309610054617546
25.548562679685766 0.40394151745527324
25.60350582523348 0.4535678429383782
25.65844897078119 0.5018253052456456
25.7133921163289 0.5485682638425037
25.768335261876615 0.5936556489513044
25.823278407424322 0.6369513872984797
25.878221552972036 0.6783248127823387
25.933164698519747 0.7176510608220071
25.98810784406746 0.7548114451975045
26.04305098961517 0.7896938162435371
26.097994135162878 0.822192899316071
26.152937280710592 0.8522106125101471
26.207880426258303 0.8796563626700629
26.262823571806017 0.9044473187986253
26.317766717353727 0.9265086620402473
26.372709862901438 0.9457738114835126
26.42765300844915 0.9621846251016868
26.48259615399686 0.9756915752247706
26.537539299544573 0.9862538980135085
26.592482445092283 0.9938397164842417
26.647425590639994 0.9984261367133282
26.702368736187704 0.9999993169307699
26.75731188173542 0.9985545092945354
26.81225502728313 0.9940960742195006
26.86719817283084 0.9866374672177592
26.92214131837855 0.976201198290024
26.97708446392626 0.9628187639906707
27.032027609473975 0.9465305523714541
27.086970755021685 0.9273857210907792
27.1419139005694 0.9054420490563765
27.196857046117106 0.8807657620491519
27.251800191664817 0.8534313328544328
27.30674333721253 0.8235212565038653
27.36168648276024 0.7911258013062412
27.416629628307955 0.7563427364186404
