0.0 0.0
0.028930705628719824 0.02892667003299078
0.05786141125743965 0.057829130544656285
0.08679211688615948 0.08668319227528182
0.1157228225148793 0.11546470647141623
0.1446535281435991 0.1441495850966243
0.17358423377231896 0.1727138209914232
0.20251493940103876 0.2011335079655308
0.2314456450297586 0.22938486080561044
0.2603763506584784 0.2574442351817661
0.2893070562871982 0.2852881474361292
0.31823776191591807 0.31289329423697404
0.3471684675446379 0.34023657208191327
0.37609917317335767 0.3672950966338512
0.4050298788020775 0.3940462218735115
0.4339605844307973 0.4204675590525098
0.4628912900595172 0.44653699543110986
0.49182199568823703 0.4722327127849801
0.5207527013169568 0.49753320566546216
0.5496834069456766 0.5224172993980696
0.5786141125743964 0.5468641678041516
0.6075448182031162 0.5708533506308917
0.6364755238318361 0.5943647706750531
0.6654062294605559 0.6173787505861387
0.6943369350892759 0.6398760293349046
0.7232676407179955 0.6618377783334418
0.7521983463467153 0.6832456171933369
0.7811290519754353 0.7040816291087211
0.810059757604155 0.7243283758513355
0.838990463232875 0.7439689123650619
0.8679211688615946 0.7629868009477024
0.8968518744903144 0.7813661250081434
0.9257825801190344 0.7990915023873849
0.9547132857477542 0.8161480982322904
0.9836439913764741 0.8325216374112818
1.0125746970051939 0.8481984164615868
1.0415054026339137 0.8631653150580416
1.0704361082626335 0.8774098069938508
1.0993668138913533 0.8909199706641115
1.128297519520073 0.9036844990433311
1.1572282251487929 0.9156927091485856
1.1861589307775129 0.926934550980401
1.2150896364062325 0.9374006159338719
1.2440203420349523 0.9470821446729811
1.2729510476636723 0.9559710344615271
1.3018817532923919 0.964059845944525
1.3308124589211119 0.9713418093744075
1.3597431645498317 0.9778108302768107
1.3886738701785517 0.9834614945512071
1.4176045758072713 0.9882890730021137
1.446535281435991 0.9922895252970856
1.475465987064711 0.9954595033481807
1.5043966926934307 0.9977963541140658
1.5333273983221507 0.9992981218204195
1.5622581039508705 0.9999635495967737
1.5911888095795903 0.999792080528422
1.62011951520831 0.9987838581225176
1.64905022083703 0.9969397261879679
1.67798092646575 0.9942612281292279
1.7069116320944695 0.9907506056545828
1.7358423377231893 0.9864107969000007
1.7647730433519093 0.9812454339701266
1.793703748980629 0.9752588398984747
1.822634454609349 0.968456025029363
1.8515651602380687 0.9608426828246197
1.8804958658667883 0.9524251850985689
1.9094265714955083 0.9432105766852845
1.9383572771242281 0.9332065695425772
1.9672879827529481 0.9224215362976445
1.9962186883816677 0.9108645032397913
2.0251493940103877 0.8985451427660802
2.0540800996391075 0.8854737652862394
2.0830108052678273 0.8716613105935976
2.111941510896547 0.857119338709272
2.140872216525267 0.8418600202072708
2.1698029221539867 0.8258961260286067
2.1987336277827065 0.8092410167929468
2.2276643334114263 0.7919086316167453
2.256595039040146 0.773913476447215
2.285525744668866 0.7552706119219034
2.3144564502975857 0.7359956407640336
2.3433871559263055 0.7161046947241584
2.3723178615550258 0.6956144210790562
2.4012485671837456 0.6745419686991719
2.430179272812465 0.6529049736962557
2.4591099784411847 0.6307215446632192
2.4880406840699045 0.6080102475185605
2.5169713896986248 0.5847900899680374
2.5459020953273446 0.5610805055966002
2.5748328009560644 0.5369013376038909
2.6037635065847837 0.5122728221969285
2.6326942122135035 0.48721557165387197
2.6616249178422238 0.4617505570730428
2.6905556234709436 0.4358990908216392
2.7194863290996634 0.40968280869883117
2.748417034728383 0.38312365182817004
2.7773477403571034 0.3562438482944612
2.806278445985823 0.3290658945404735
2.8352091516145426 0.3016125365390491
2.8641398572432624 0.27390675075637666
2.893070562871982 0.24597172492236025
2.9220012685007024 0.2178308386241721
2.950931974129422 0.1895076437392387
2.979862679758142 0.16102584472402778
3.0087933853868614 0.1324092787751426
3.037724091015581 0.10368189587931789
3.0666547966443014 0.0748677387690231
3.095585502273021 0.04599092280044205
3.124516207901741 0.017075615770669496
3.153446913530461 -0.011853982308977468
3.1823776191591806 -0.040773659466611246
3.2113083247879004 -0.06965921203343521
3.24023903041662 -0.09848646490045612
3.26916973604534 -0.1272312917512941
3.29810044167406 -0.1558696352541566
3.3270311473027796 -0.18437752719607742
3.3559618529315 -0.2127311085425702
3.3848925585602196 -0.24090664940590512
3.413823264188939 -0.2688805689053031
3.442753969817659 -0.2966294549024201
3.4716846754463786 -0.3241300835956036
3.500615381075099 -0.3513594389565297
3.5295460867038186 -0.37829473199294483
3.5584767923325384 -0.4049134198213987
3.587407497961258 -0.4311932245339984
3.6163382035899776 -0.45711215184340054
3.645268909218698 -0.4826485094904302
3.6741996148474176 -0.5077809253989257
3.7031303204761374 -0.5324883655626158
3.7320610261048572 -0.5567501516490532
3.7609917317335766 -0.5805459783058764
3.789922437362297 -0.6038559301549169
3.8188531429910166 -0.6266604984599196
3.8477838486197364 -0.6489405974539414
3.8767145542484562 -0.6706775803127504
3.905645259877176 -0.6918532547608628
3.9345759655058963 -0.7124498982971564
3.963506671134616 -0.7324502730273155
3.9924373767633354 -0.7518376400906971
4.021368082392056 -0.7705957736695421
4.0502987880207755 -0.7887089745688028
4.079229493649495 -0.8061620833552321
4.108160199278215 -0.8229404930447258
4.137090904906935 -0.8390301613273077
4.166021610535655 -0.8544176223195228
4.1949523161643745 -0.8690899978344037
4.223883021793094 -0.883035008159577
4.252813727421814 -0.8962409823344911
4.281744433050534 -0.908696867918162
4.310675138679254 -0.9203922402392628
4.3396058443079735 -0.9313173111208176
4.368536549936693 -0.9414629370721935
4.397467255565413 -0.9508206269415383
4.426397961194133 -0.9593825490222577
4.455328666822853 -0.9671415376075848
4.4842593724515725 -0.9740910989877563
4.513190078080292 -0.980225416884775
4.542120783709012 -0.9855393573202132
4.571051489337732 -0.9900284729119786
4.599982194966452 -0.9936890065964504
4.6289129005951715 -0.9965178947728686
4.657843606223891 -0.9985127698673453
4.686774311852611 -0.9996719623143521
4.715705017481331 -0.999994501954025
4.7446357231100516 -0.9994801188441176
4.7735664287387705 -0.9981292434859236
4.802497134367491 -0.995943006463978
4.83142783999621 -0.9929232374998407
4.86035854562493 -0.9890724639207513
4.8892892512536505 -0.9843939085444408
4.9182199568823695 -0.9788914869818672
4.94715066251109 -0.972569804360133
4.976081368139809 -0.9654341514683293
5.00501207376853 -0.9574905003295282
5.0339427793972495 -0.9487454992026356
5.0628734850259685 -0.9392064670182795
5.091804190654689 -0.9288813872533965
5.120734896283408 -0.917778901249645
5.149665601912129 -0.9059083009812248
5.1785963075408485 -0.8932795212781747
5.2075270131695675 -0.8799031315116388
5.236457718798288 -0.8657903267480694
5.265388424427007 -0.8509529183797753
5.294319130055728 -0.8354033242396363
5.3232498356844475 -0.8191545582082874
5.352180541313167 -0.8022202193224407
5.381111246941887 -0.7846144803934815
5.410041952570606 -0.7663520761458554
5.438972658199327 -0.7474482908851714
5.4679033638280465 -0.7279189457063542
5.496834069456766 -0.7077803852525312
5.525764775085486 -0.6870494640357571
5.554695480714207 -0.6657435323310097
5.583626186342926 -0.6438804216552745
5.612556891971646 -0.6214784298438519
5.641487597600365 -0.5985563057364098
5.670418303229085 -0.5751332334855557
5.699349008857806 -0.5512288165011016
5.728279714486525 -0.5268630610434348
5.757210420115245 -0.5020563594797239
5.786141125743964 -0.4768294732169998
5.815071831372684 -0.45120351532635505
5.844002537001405 -0.4251999328728452
5.872933242630124 -0.39884048896585295
5.901863948258844 -0.37214724454493936
5.930794653887563 -0.3451425399164516
5.959725359516284 -0.31784897605629686
5.988656065145004 -0.29028939569457973
6.017586770773723 -0.26248686419788825
6.046517476402443 -0.23446465026525773
6.075448182031162 -0.2062462064539687
6.104378887659883 -0.17785514955144727
6.133309593288603 -0.14931524080974287
6.162240298917323 -0.12065036605907689
6.191171004546042 -0.09188451571714243
6.220101710174761 -0.06304176471086764
6.249032415803482 -0.0341462523274464
6.277963121432202 -0.005222162011517502
6.306893827060922 0.02370629887463042
6.335824532689641 0.05261491931085811
6.364755238318361 0.0814795048820415
6.393685943947081 0.11027589802703949
6.422616649575801 0.13897999825681756
6.451547355204521 0.1675677823248063
6.48047806083324 0.1960153243326134
6.50940876646196 0.22429881575426253
6.53833947209068 0.25239458536219983
6.567270177719401 0.2802791190383927
6.59620088334812 0.3079290794539337
6.625131588976839 0.3353213256006984
6.654062294605559 0.3624329321586791
6.682993000234279 0.3892412086828167
6.711923705863 0.4157237185932545
6.740854411491719 0.4418582979531218
6.769785117120439 0.4676230740181474
6.798715822749158 0.49299648354254577
6.827646528377878 0.517957290825899
6.856577234006599 0.5424846054858875
6.885507939635318 0.5665578999420224
6.914438645264038 0.5901570265957465
6.943369350892757 0.6132622346924997
6.972300056521477 0.6358541868516763
7.001230762150198 0.6579139752506008
7.030161467778917 0.6794231374490017
7.059092173407637 0.70036367184074
7.088022879036356 0.7207180527198349
7.116953584665077 0.7404692449482179
7.145884290293797 0.7596007182128951
7.174814995922516 0.7780964608606258
7.203745701551236 0.7959409932985119
7.232676407179955 0.8131193809492872
7.261607112808676 0.8296172467504821
7.290537818437396 0.8454207831869721
7.3194685240661155 0.8605167638468709
7.348399229694835 0.8748925544910733
7.377329935323554 0.8885361236271958
7.406260640952275 0.9014360525790639
7.435191346580995 0.9135815450433098
7.4641220522097145 0.9249624361250988
7.493052757838434 0.9355692008454053
7.521983463467153 0.9453929621127284
7.550914169095874 0.9544254981525742
7.579844874724594 0.9626592493884808
7.6087755803533135 0.9700873247688376
7.637706285982033 0.976703507534193
7.666636991610753 0.9825022604202311
7.695567697239473 0.9874787302920598
7.724498402868194 0.9916287522059318
7.7534291084969125 0.9949488528949995
7.782359814125632 0.9974362536761884
7.811290519754352 0.9990888727757515
7.840221225383072 0.9999053270715637
7.8691519310117926 0.9998849332506937
7.8980826366405115 0.9990277083812883
7.927013342269232 0.9973343698982864
7.955944047897951 0.9948063350029793
7.984874753526671 0.9914457194769151
8.01380545915539 0.9872553359111438
8.042736164784111 0.9822386913522829
8.07166687041283 0.9763999843673749
8.100597576041551 0.9697441015299891
8.12952828167027 0.9622766133305186
8.15845898729899 0.9540037695140801
8.18738969292771 0.9449324938499354
8.21632039855643 0.9350703783367958
8.245251104185149 0.9244256768488746
8.27418180981387 0.9130072982279892
8.30311251544259 0.900824798827513
8.33204322107131 0.8878883745143988
8.360973926700028 0.8742088521359785
8.389904632328749 0.859797680458679
8.418835337957468 0.8446669205862392
8.447766043586189 0.8288292358654366
8.476696749214907 0.8122978812877932
8.505627454843628 0.795086692396103
8.534558160472347 0.7772100737050954
8.563488866101068 0.7586829866458951
8.592419571729788 0.739520937044398
8.621350277358507 0.719739962144019
8.650280982987228 0.6993566171836803
8.679211688615947 0.6783879615422872
8.708142394244666 0.6568515444612597
8.737073099873387 0.6347653903570948
8.766003805502105 0.6121479837362446
8.794934511130826 0.5890182537249168
8.823865216759545 0.5653955582267832
8.852795922388266 0.5412996677218087
8.881726628016986 0.516750748719806
8.910657333645705 0.49176934688252816
8.939588039274426 0.46637636982843705
8.968518744903145 0.44059306963455697
8.997449450531866 0.4144410250500171
9.026380156160585 0.38794212343621925
9.055310861789305 0.36111854244869346
9.084241567418024 0.3339927314760244
9.113172273046743 0.30658739285133274
9.142102978675464 0.2789254628520765
9.171033684304184 0.25103009250405633
9.199964389932903 0.22292462820568582
9.228895095561624 0.19463259218874665
9.257825801190343 0.1661776628320016
9.286756506819064 0.13758365484409796
9.315687212447783 0.10887449933240027
9.344617918076503 0.08007422377437819
9.373548623705222 0.05120693190836736
9.402479329333943 0.022296783560477533
9.431410034962662 -0.006632025575412615
9.460340740591382 -0.03555528418770764
9.489271446220103 -0.0644487856101918
9.51820215184882 -0.09328834808125358
9.547132857477541 -0.12204983498227587
9.576063563106262 -0.15070917503821094
9.604994268734982 -0.17924238246350305
9.633924974363701 -0.2076255770364432
9.66285567999242 -0.23583500408518498
9.69178638562114 -0.2638470543686757
9.72071709124986 -0.2916382838358709
9.74964779687858 -0.31918543324671367
9.778578502507301 -0.34646544763841697
9.80750920813602 -0.3734554956207979
9.836439913764739 -0.40013298848449563
9.86537061939346 -0.42647559910607685
9.89430132502218 -0.45246128063421276
9.9232320306509 -0.47806828494129533
9.952162736279618 -0.5032751808250432
9.981093441908339 -0.528060871944858
10.01002414753706 -0.5524046144779252
10.038954853165778 -0.5762860344802908
10.067885558794499 -0.5996851449383759
10.096816264423218 -0.6225823624966451
10.125746970051937 -0.6449585238474626
10.154677675680658 -0.6667949017693835
10.183608381309378 -0.6880732208004762
10.212539086938099 -0.7087756725335591
10.241469792566816 -0.7288849305205408
10.270400498195537 -0.7483841647734075
10.299331203824257 -0.7672570558496862
10.328261909452976 -0.7854878085106406
10.357192615081697 -0.8030611649407411
10.386123320710416 -0.8199624175173392
10.415054026339135 -0.836177421119888
10.443984731967856 -0.851692604968376
10.472915437596576 -0.8664949839810829
10.501846143225297 -0.8805721696421526
10.530776848854014 -0.8939123803698779
10.559707554482735 -0.9065044513770352
10.588638260111455 -0.9183378440149906
10.617568965740176 -0.9294026545937901
10.646499671368895 -0.9396896226708252
10.675430376997614 -0.9491901388011539
10.704361082626335 -0.9578962517429779
10.733291788255054 -0.965800675112254
10.762222493883774 -0.9728967934808711
10.791153199512495 -0.9791786679132798
10.820083905141212 -0.9846410409369512
10.849014610769933 -0.9892793409425014
10.877945316398653 -0.9930896860097927
10.906876022027374 -0.9960688871568215
10.935806727656093 -0.9982144510086634
10.964737433284812 -0.9995245818842475
10.993668138913533 -0.9999981832992108
11.022598844542252 -0.9996348588835752
11.051529550170972 -0.9984349127134817
11.080460255799693 -0.9963993490566998
11.109390961428414 -0.9935298715321286
11.13832166705713 -0.9898288816839921
11.167252372685851 -0.9852994769719193
11.196183078314572 -0.9799454481785981
11.225113783943293 -0.9737712762371638
11.254044489572012 -0.9667821284809848
11.28297519520073 -0.9589838543189784
11.311905900829451 -0.9503829803400811
11.34083660645817 -0.9409867048509698
11.369767312086891 -0.9308028918515983
11.398698017715612 -0.919840064453604
11.427628723344329 -0.9081073977470827
11.45655942897305 -0.8956147111216989
11.48549013460177 -0.8823724600485788
11.51442084023049 -0.8683917273298349
11.54335154585921 -0.8536842138230682
11.572282251487929 -0.8382622286485975
11.60121295711665 -0.8221386788876215
11.630143662745368 -0.8053270587799333
11.659074368374089 -0.7878414384302144
11.68800507400281 -0.7696964520323862
11.716935779631529 -0.7509072856218508
11.745866485260247 -0.7314896643658794
11.774797190888968 -0.711459839402792
11.803727896517689 -0.6908345742409382
11.83265860214641 -0.6696311307288543
11.861589307775127 -0.6478672546083548
11.890520013403847 -0.6255611606626242
11.919450719032568 -0.6027315174717836
11.948381424661287 -0.5793974317886351
11.977312130290008 -0.5555784325476959
12.006242835918727 -0.5312944545209082
12.035173541547445 -0.5065658216336733
12.064104247176166 -0.4814132299552069
12.093034952804887 -0.455857730377436
12.121965658433608 -0.4299207109969267
12.150896364062325 -0.4036238792146065
12.179827069691045 -0.3769892435682334
12.208757775319766 -0.35003909531286814
12.237688480948485 -0.3227959897647021
12.266619186577206 -0.29528272742389255
12.295549892205925 -0.2675223348922124
12.324480597834645 -0.23953804560144373
12.353411303463364 -0.21135328036869705
12.382342009092085 -0.1829916277948749
12.411272714720806 -0.15447682452273895
12.440203420349523 -0.12583273537106082
12.469134125978243 -0.09708333336149028
12.498064831606964 -0.06825267965489885
12.526995537235685 -0.03936490341392211
12.555926242864404 -0.01044418160860878
12.584856948493123 0.01848528121795208
12.613787654121843 0.04739927320707165
12.642718359750562 0.07627359544802277
12.671649065379283 0.10508408223078267
12.700579771008004 0.13380662127096413
12.729510476636722 0.1624171738900512
12.758441182265441 0.1908917951340302
12.787371887894162 0.21920665381357318
12.816302593522883 0.24733805244900844
12.845233299151602 0.27526244710339315
12.87416400478032 0.30295646708708135
12.903094710409041 0.3303969345172901
12.932025416037762 0.35756088371629974
12.96095612166648 0.38442558043206165
12.989886827295201 0.4109685408651202
13.01881753292392 0.43716755048590794
13.04774823855264 0.4630006826267046
13.07667894418136 0.4884463168326598
13.10560964981008 0.5134831569565406
13.134540355438801 0.5380902489820631
13.163471061067519 0.5622469985608791
13.19240176669624 0.5859331882485592
13.22133247232496 0.6091289944251089
13.250263177953679 0.6318150038859082
13.2791938835824 0.653972230089156
13.308124589211118 0.6755821290462166
13.337055294839837 0.6966266148416013
13.365986000468558 0.7170880747695602
13.394916706097279 0.736949384074636
13.423847411726 0.7561939202838437
13.452778117354717 0.7748055771184694
13.481708822983437 0.7927687779738647
13.510639528612158 0.8100684889559188
13.539570234240879 0.8266902314633457
13.568500939869597 0.8426200943052181
13.597431645498316 0.8578447453436261
13.626362351127037 0.8723514426517065
13.655293056755756 0.886128045177707
13.684223762384477 0.8991630229061709
13.713154468013197 0.911445466507716
13.742085173641915 0.9229650964693532
13.771015879270635 0.9337122716976964
13.799946584899356 0.9436779975878493
13.828877290528077 0.9528539335512412
13.857807996156795 0.9612323999960924
13.886738701785514 0.9688063847546761
13.915669407414235 0.9755695489519918
13.944600113042954 0.9815162323109422
13.973530818671675 0.9866414578895771
14.002461524300395 0.990940936246429
14.031392229929114 0.9944110690304656
14.060322935557833 0.9970489519926485
14.089253641186554 0.998852377416578
14.118184346815275 0.9998198359661908
14.147115052443995 0.999950517948966
14.176045758072712 0.9992443139935777
14.204976463701433 0.9977018151414317
14.233907169330154 0.9953243123520065
14.262837874958873 0.9921137954224135
14.291768580587593 0.9880729513220821
14.320699286216312 0.9832051619439615
14.349629991845031 0.9775145012741211
14.378560697473752 0.9710057319821206
14.407491403102473 0.9636843014350026
14.436422108731193 0.9555563371382406
0.0 0.0
0.08684266022551723 0.08673354525512642
0.17368532045103446 0.17281338766180981
0.26052798067655175 0.25759075127056896
0.34737064090206893 0.34042667679625616
0.43421330112758616 0.4206968373961225
0.5210559613531035 0.4977962441644943
0.6078986215786207 0.5711438058791747
0.6947412818041379 0.6401867086331777
0.7815839420296551 0.7044045823429065
0.8684266022551723 0.7633134227301834
0.9552692624806897 0.8164692392185093
1.042111922706207 0.8634714012496898
1.128954582931724 0.903965657799944
1.2157972431572415 0.9376468073376777
1.3026399033827585 0.9642609980996901
1.3894825636082757 0.9836076413488446
1.4763252238337932 0.9955409231931505
1.5631678840593102 0.9999709035718164
1.6500105442848276 0.9968641941253148
1.7368532045103446 0.9862442098404134
1.8236958647358619 0.9681909925735477
1.9105385249613793 0.9428406077826232
1.9973811851868966 0.9103841190140247
2.084223845412414 0.8710661478740299
2.171066505637931 0.8251830303379948
2.257909165863448 0.7730805832930358
2.3447518260889653 0.7151514981475805
2.431594486314483 0.6518323811519081
2.51843714654 0.58360046273652
2.605279806765517 0.5109700006697535
2.692122466991034 0.43448840414371576
2.7789651272165514 0.3547321080009526
2.865807787442069 0.27230222819742306
2.9526504476675863 0.18782003124616944
3.039493107893103 0.1019222517880659
3.1263357681186204 0.015256293580694807
3.2131784283441376 -0.07152464992493714
3.3000210885696553 -0.15776651864408078
3.3868637487951725 -0.24281931544966148
3.4737064090206893 -0.32604200514155796
3.560549069246207 -0.40680734587065004
3.6473917294717237 -0.48450661660362915
3.734234389697241 -0.5585542049981129
3.8210770499227587 -0.6283920211096462
3.9079197101482754 -0.6934937036648954
3.994762370373793 -0.753368587198734
4.08160503059931 -0.8075654001552579
4.168447690824828 -0.8556756660804961
4.255290351050345 -0.8973367822723193
4.342133011275862 -0.9322347526840569
4.428975671501379 -0.9601065544841627
4.515818331726896 -0.9807421204353943
4.602660991952414 -0.9939859221524902
4.6895036521779305 -0.9997381423054745
4.776346312403447 -0.9979554269338031
4.863188972628966 -0.9886512122012228
4.950031632854483 -0.9718956231286279
5.03687429308 -0.9478149450681486
5.123716953305517 -0.9165906719019309
5.210559613531034 -0.8784581381392381
5.297402273756552 -0.8337047452216424
5.384244933982068 -0.7826677954044794
5.471087594207586 -0.7257319495403993
5.557930254433103 -0.6633263279254824
5.6447729146586205 -0.5959212760585599
5.731615574884138 -0.5240248196899374
5.818458235109655 -0.44817883587748164
5.905300895335173 -0.3689549689084771
5.9921435555606894 -0.2869503218685883
6.078986215786206 -0.20278295633016052
6.165828876011724 -0.11708723407831961
6.252671536237241 -0.03050903598384951
6.339514196462758 0.05629910594224081
6.426356856688275 0.1426829266231767
6.513199516913792 0.22799135905284953
6.6000421771393105 0.31158144132867255
6.686884837364827 0.39282316259700356
6.773727497590345 0.47110421138770636
6.860570157815862 0.5458345905500452
6.947412818041379 0.6164510640075992
7.034255478266895 0.6824214018173812
7.121098138492414 0.7432483915385527
7.207940798717931 0.7984735856773992
7.2947834589434475 0.8476807569644363
7.381626119168965 0.8904990354215082
7.468468779394482 0.9266057035751099
7.5553114396200005 0.9557286287486592
7.642154099845517 0.9776483141017466
7.728996760071034 0.9921995529578769
7.815839420296551 0.9992726739521745
7.902682080522068 0.9988143676144944
7.989524740747586 0.9908280881580537
8.076367400973103 0.9753740274453411
8.16321006119862 0.9525686613275186
8.250052721424137 0.9225838717765179
8.336895381649656 0.885645651426234
8.423738041875172 0.8420324002865898
8.51058070210069 0.7920728274679505
8.597423362326206 0.7361434737304411
8.684266022551723 0.6746658735304482
8.77110868277724 0.6081033779537373
8.857951343002759 0.5369576624804239
8.944794003228276 0.4617649459024715
9.031636663453792 0.3830919488913889
9.11847932367931 0.3015316226760245
9.205321983904827 0.21769868002305048
9.292164644130345 0.13222496220269747
9.379007304355861 0.04575467685852463
9.465849964581379 -0.041060457327053004
9.552692624806895 -0.1275661225772347
9.639535285032414 -0.21311033355447076
9.726377945257932 -0.29704835131468144
9.813220605483448 -0.3787475426461019
9.900063265708965 -0.45759214816830496
9.986905925934481 -0.5329879232546827
10.07374858616 -0.6043666168002082
10.160591246385517 -0.6711902540783542
10.247433906611034 -0.7329551914077379
10.33427656683655 -0.7891959120687604
10.421119227062068 -0.8394885348608292
10.507961887287586 -0.883454008856437
10.594804547513103 -0.9207609702735599
10.68164720773862 -0.9511282399343678
10.768489867964137 -0.9743269424871343
10.855332528189654 -0.9901822314189649
10.942175188415172 -0.998574606858072
11.02901784864069 -0.9994408162334507
11.115860508866206 -0.9927743310037582
11.202703169091723 -0.9786253958623355
11.289545829317241 -0.9571006500475211
11.376388489542759 -0.9283623236124017
11.463231149768276 -0.892627014711646
11.550073809993792 -0.8501640571208972
11.63691647021931 -0.8012934902925793
11.723759130444826 -0.746383647247635
11.810601790670345 -0.6858483784830098
11.897444450895861 -0.6201439328180824
11.984287111121379 -0.5497655186887564
12.071129771346895 -0.4752435718064993
12.157972431572412 -0.3971397573125766
12.24481509179793 -0.3160427365589357
12.331657752023448 -0.2325637304210863
12.418500412248966 -0.14733191258190947
12.505343072474481 -0.060989667506789545
12.592185732699999 0.025812251149730268
12.679028392925517 0.11241962521509251
12.765871053151034 0.1981797027816453
12.85271371337655 0.28244611793844615
12.939556373602068 0.36458376237239953
13.026399033827584 0.4439735721218834
13.113241694053103 0.5200171934055837
13.200084354278621 0.5921414923605497
13.286927014504137 0.6598028747000483
13.373769674729655 0.7224913827343
13.46061233495517 0.7797345388752354
13.54745499518069 0.8311009066571499
13.634297655406206 0.8762033424341241
13.721140315631724 0.9147019132465156
13.80798297585724 0.9463064588647713
13.894825636082757 0.9707787787007158
13.981668296308275 0.9879344271037331
14.06851095653379 0.9976441035108755
14.15535361675931 0.9998346269734556
14.242196276984828 0.9944894877152052
14.329038937210344 0.9816489715649604
14.415881597435861 0.9614098563260286
14.502724257661377 0.933924682370682
14.589566917886895 0.8994006029572319
14.676409578112414 0.858097822934748
14.76325223833793 0.810327637602761
14.850094898563448 0.7564500865068711
14.936937558788964 0.696871239853422
15.023780219014482 0.6320401379952503
15.110622879240001 0.5624454070553593
15.197465539465515 0.48861157619624
15.284308199691035 0.41109512429122014
15.371150859916549 0.3304802857938005
15.457993520142068 0.24737464741563545
15.544836180367586 0.16240456880073878
15.631678840593102 0.07621046170974596
15.71852150081862 -0.01055803670532367
15.805364161044135 -0.09724696015723358
15.892206821269655 -0.18320294210802177
15.979049481495172 -0.26777814013320156
16.06589214172069 -0.3503351186512565
16.152734801946206 -0.4302516532176876
16.23957746217172 -0.5069254201740934
16.32642012239724 -0.5797785363068682
16.41326278262276 -0.6482619143004333
16.500105442848273 -0.7118594011584638
16.58694810307379 -0.7700916684021089
16.673790763299312 -0.8225198247251667
16.760633423524826 -0.8687487238779749
16.847476083750344 -0.9084299428488003
16.93431874397586 -0.9412644078963959
17.02116140420138 -0.9670046486416183
17.108004064426897 -0.9854566632291846
17.19484672465241 -0.9964813805020247
17.281689384877932 -0.9999957081679551
17.368532045103446 -0.995973159058731
17.455374705328964 -0.9844440507614286
17.54221736555448 -0.9654952771175458
17.62906002578 -0.9392696533120157
17.715902686005517 -0.9059648394881363
17.80274534623103 -0.8658318510010351
17.889588006456552 -0.8191731665377405
17.97643066668207 -0.766340448362824
18.063273326907584 -0.7077318918718546
18.150115987133102 -0.6437892244288896
18.23695864735862 -0.5749943761074863
18.323801307584137 -0.5018658474275258
18.410643967809655 -0.42495480146391673
18.497486628035173 -0.34484090978058796
18.58432928826069 -0.2621279834985907
18.671171948486204 -0.17743942242655564
18.758014608711722 -0.09141351655297432
18.844857268937243 -0.004698635312579599
18.931699929162757 0.0820516591151578
19.018542589388275 0.16818353764481367
19.10538524961379 0.25304783213536974
19.19222790983931 0.33600492811153276
19.279070570064828 0.41642958547986986
19.365913230290342 0.49371565090660396
19.452755890515864 0.5672806263402026
19.539598550741378 0.6365700592462266
19.626441210966895 0.7010617214657358
19.713283871192413 0.7602695452014326
19.80012653141793 0.8137472864664921
19.88696919164345 0.8610918883849332
19.973811851868962 0.9019465189946636
20.06065451209448 0.9360032606575559
20.14749717232 0.9630054308066942
20.234339832545515 0.9827495165395567
20.321182492771033 0.9950867084762747
20.40802515299655 0.9999240223223957
20.49486781322207 0.9972249996830657
20.581710473447586 0.987009982846636
20.6685531336731 0.9693559614666868
20.75539579389862 0.9443959922979991
20.842238454124136 0.9123181963598969
20.929081114349653 0.873364341085206
21.01592377457517 0.8278280181410962
21.10276643480069 0.7760524306553611
21.189609095026206 0.7184278065256345
21.27645175525172 0.6553884573071918
21.36329441547724 0.5874095048462131
21.45013707570276 0.5150033003296346
21.536979735928274 0.43871556274078893
21.62382239615379 0.35912126582502296
21.71066505637931 0.2768203045648476
21.797507716604827 0.19243297382595875
21.884350376830344 0.10659529325120927
21.971193037055862 0.019954213638360228
22.05803569728138 -0.06683725906928814
22.144878357506894 -0.153124985429344
22.23172101773241 -0.2382586226898685
22.318563677957933 -0.3215965263635779
22.405406338183447 -0.40251058624403
22.492248998408964 -0.4803909604151996
22.579091658634482 -0.5546506715745441
22.66593431886 -0.6247300310276072
22.752776979085517 -0.6901008570108419
22.83961963931103 -0.7502704555495604
22.926462299536553 -0.8047853338476579
23.013304959762067 -0.8532346182215795
23.100147619987585 -0.8952531508179647
23.186990280213102 -0.9305242417751798
23.27383294043862 -0.9587820560860357
23.360675600664138 -0.9798136171720769
23.44751826088965 -0.9934604120686971
23.53436092111517 -0.9996195861229509
23.62120358134069 -0.998244718199722
23.708046241566205 -0.9893461705536039
23.794888901791722 -0.9729910107295248
23.88173156201724 -0.94930250608076
23.968574222242758 -0.9184591947140903
24.055416882468275 -0.8806935398643173
24.14225954269379 -0.8362901778399899
24.22910220291931 -0.7855837727454044
24.315944863144825 -0.7289564941476855
24.402787523370343 -0.666835136699461
24.48963018359586 -0.5996879034263745
24.576472843821378 -0.5280208769234191
24.663315504046896 -0.45237420505641346
24.75015816427241 -0.373318029916627
24.83700082449793 -0.29144819071163536
24.92384348472345 -0.20738173297939388
25.010686144948963 -0.1217522579720646
25.09752880517448 -0.035205147260961266
25.184371465399998 0.05160730144568522
25.271214125625516 0.1380307906112883
25.358056785851034 0.22341395425197452
25.44489944607655 0.30711326722280935
25.53174210630207 0.3884978954083324
25.618584766527583 0.4669544502619539
25.7054274267531 0.5418916118596996
25.792270086978622 0.6127445856247234
25.879112747204136 0.6789793591327051
25.965955407429654 0.7400967269149873
26.052798067655168 0.7956360529247953
26.13964072788069 0.845178742309286
26.226483388106207 0.8883513963208873
26.31332604833172 0.9248286265897463
26.400168708557242 0.954335507546297
26.487011368782756 0.9766496485102827
26.573854029008274 0.9916028698291186
26.66069668923379 0.999082470432638
26.74753934945931 0.9990320772508211
26.834382009684827 0.9914520700924995
26.92122466991034 0.9763995787827727
27.00806733013586 0.9539880525807052
27.09490999036138 0.9243864051225732
27.181752650586894 0.8878177413351429
27.26859531081241 0.8445576759141005
27.35543797103793 0.7949322560411503
27.442280631263447 0.739315503996031
27.529123291488965 0.6781265981845842
27.61596595171448 0.611826713829207
27.70280861194 0.5409155471330962
27.789651272165514 0.4659275491154087
27.876493932391032 0.3874278975024582
27.96333659261655 0.3060082370345869
28.05017925284207 0.22228222029350644
28.13702191306758 0.1368808826585806
28.2238645732931 0.05044788625046953
28.31070723351862 -0.03636533129172713
28.397549893744138 -0.12290446663677207
28.484392553969656 -0.2085172821860506
28.57123521419517 -0.2925585219290599
28.658077874420687 -0.37439477467933824
28.744920534646205 -0.4534092480369934
28.831763194871723 -0.5290064170969823
28.91860585509724 -0.6006165128661962
29.005448515322755 -0.6676998165605806
29.092291175548272 -0.7297507274165728
29.17913383577379 -0.7863015733580919
29.26597649599931 -0.8369261357984896
29.35281915622483 -0.881242862011292
29.43966181645034 -0.9189177408584346
29.52650447667586 -0.94966682020186
29.61334713690138 -0.9732583470249565
29.700189797126896 -0.9895145141340035
29.787032457352414 -0.998312800274823
29.873875117577928 -0.9995868935643399
29.960717777803445 -0.9933271912772179
30.047560438028963 -0.9795808722207273
30.13440309825448 -0.9584515411523633
30.221245758480002 -0.9300984479202017
30.308088418705513 -0.8947352872112749
30.39493107893103 -0.852628587954117
30.481773739156548 -0.8040957045144715
30.56861639938207 -0.7495024248242644
30.655459059607587 -0.6892602134712134
30.742301719833097 -0.6238231105276165
30.82914438005862 -0.5536843094915729
30.915987040284136 -0.479372440132449
31.002829700509654 -0.4014475842563105
31.08967236073517 -0.32049705442026427
31.176515020960686 -0.23713096741109024
31.263357681186204 -0.1519776458504518
31.35020034141172 -0.065678882584417
31.43704300163724 0.021114896450910938
31.52388566186276 0.10774953443056506
31.61072832208827 0.19357207396123507
31.69757098231379 0.2779356783618507
31.78441364253931 0.3602045068128108
31.871256302764827 0.43975850663047555
31.958098962990345 0.5159980865479069
32.044941623215855 0.5883486357797388
32.13178428344138 0.656264854811477
32.21862694366689 0.7192348652723346
32.30546960389241 0.776784067916048
32.39231226411793 0.8284787196322251
32.47915492434344 0.873929202528765
32.56599758456896 0.9127929604465268
32.65284024479448 0.944777080773925
32.73968290502 0.9696405021026934
32.82652556524552 0.9871958310858117
32.91336822547103 0.997310754804119
33.000210885696546 0.9999090379967733
33.08705354592207 0.994971097639477
33.17389620614758 0.9825341505399549
33.2607388663731 0.9626919328382529
33.347581526598624 0.9355939935259747
33.43442418682413 0.9014445673091247
33.52126684704965 0.8605010353096667
33.608109507275174 0.8130719852074321
33.69495216750069 0.7595148854428029
33.78179482772621 0.7002333910095506
33.86863748795172 0.6356743011438627
33.95548014817724 0.5663241918390706
34.04232280840276 0.49270574856662014
34.12916546862827 0.4153738268431932
34.216008128853794 0.3349112703350596
34.30285078907931 0.25192451801838234
34.38969344930482 0.16703903350372087
34.47653610953034 0.0808945909736576
34.563378769755865 -0.00585954673706001
34.65022142998138 -0.09256952157651543
34.73706409020689 -0.1785818083443537
34.823906750432414 -0.2632481402518111
34.91074941065793 -0.34593039484956856
34.99759207088345 -0.4260054034987092
35.08443473110896 -0.5028696481360638
35.17127739133448 -0.575943809935053
35.25812005156 -0.6446771355790147
35.34496271178551 -0.7085515882388856
35.431805372011034 -0.7670857519697419
35.518648032236555 -0.8198384600989886
35.60549069246206 -0.8664121202594931
35.692333352687584 -0.906455711007148
35.779176012913105 -0.939667427437549
35.86601867313862 -0.9657969558621632
35.95286133336414 -0.9846473603998495
36.039703993589654 -0.9960765672646857
36.12654665381517 -0.9999984355631936
36.21338931404069 -0.9963834065304168
36.300231974266204 -0.9852587263116506
36.387074634491725 -0.9667082406107167
36.47391729471724 -0.9408717627525206
36.56075995494275 -0.9079440199227187
36.647602615168275 -0.8681731855266182
36.734445275393796 -0.821859008728783
36.82128793561931 -0.7693505552708173
36.908130595844824 -0.7110435765945831
36.994973256070345 -0.6473775270995533
37.08181591629586 -0.5788322520149586
37.16865857652138 -0.5059243708498637
37.255501236746895 -0.42920338367892136
37.34234389697241 -0.34924752961020644
37.42918655719793 -0.2666594286496241
37.516029217423444 -0.18206153980871126
37.602871877648965 -0.0960914696875867
37.68971453787449 -0.00939716689199824
37.776557198099994 0.07736796149644816
37.863399858325515 0.16354997459013218
37.950242518551036 0.24849932638837538
38.03708517877655 0.3315757613466691
38.12392783900207 0.4121531399245414
38.21077049922758 0.4896241577423181
38.2976131594531 0.5634049227791196
38.38445581967862 0.6329393561138766
38.471298479904135 0.6977033830416692
38.558141140129656 0.7572088829771587
38.64498380035517 0.8110073683750445
38.731826460580685 0.8586933649399703
38.818669120806206 0.8999074676494229
38.90551178103173 0.9343390495567198
38.99235444125724 0.9617286029580865
39.079197101482755 0.9818696952786398
39.16603976170827 0.9946105249359356
39.25288242193379 0.9998550654547043
39.33972508215931 0.9975637892096663
39.426567742384826 0.9877539653416558
39.51341040261034 0.9704995296016717
39.60025306283586 0.9459305271038408
39.687095723061375 0.9142321321872188
39.7739383832869 0.8756432527736098
39.86078104351242 0.8304547297402881
39.947623703737925 0.7790071448787359
40.034466363963446 0.7216882539605999
40.12130902418896 0.6589300642577346
40.20815168441448 0.5912055785426003
40.29499434464 0.5190252301093917
40.38183700486551 0.4429330356846789
40.46867966509103 0.36350249522273265
40.55552232531655 0.28133226948856216
40.642364985542066 0.19704166800609207
40.72920764576759 0.11126598137854618
40.8160503059931 0.02465169316095342
40.902892966218616 -0.06214839262770432
40.98973562644414 -0.14848007162903695
41.07657828666965 -0.23369266982402154
41.16342094689517 -0.3171439476040011
41.25026360712069 -0.3982049402721943
41.3371062673462 -0.4762646984935042
41.42394892757172 -0.550734892964114
41.51079158779724 -0.6210542485959719
41.59763424802276 -0.6866927747961364
41.68447690824827 -0.7471557599577212
41.77131956847379 -0.8019875000563044
41.85816222869931 -0.8507747332497362
41.94500488892483 -0.8931497545951174
42.03184754915034 -0.928793187407505
42.118690209375856 -0.9574363903729891
42.20553286960138 -0.9788634822738486
42.29237552982689 -0.992912969065668
42.37921819005241 -0.9994789610432846
42.466060850277934 -0.998511970921864
42.55290351050344 -0.9900192868180754
42.63974617072896 -0.9740649173202107
42.72658883095448 -0.9507691090612799
42.81343149118 -0.9203074404310637
42.90027415140552 -0.8829094982577369
42.98711681163103 -0.8388571474328271
43.07395947185655 -0.7884824065211226
43.16080213208207 -0.7321649453669297
43.24764479230758 -0.6703292235569752
43.334487452533104 -0.603441291307043
