0.0 0.0
0.11440916721322758 0.11415973819094974
0.22881833442645516 0.22682681657753984
0.3432275016396828 0.33652809215990637
0.4576366688529103 0.44182920036132867
0.5720458360661379 0.5413533096117846
0.6864550032793656 0.6337991236767437
0.8008641704925932 0.7179578963474046
0.9152733377058206 0.792729236022136
1.0296825049190483 0.8571354935312815
1.1440916721322758 0.9103345450818418
1.2585008393455035 0.9516308031826585
1.3729100065587312 0.9804843115802014
1.4873191737719587 0.9965178052869867
1.6017283409851863 0.999521643391439
1.7161375081984138 0.9894565501517917
1.8305466754116413 0.966454128533714
1.944955842624869 0.9308151394770638
2.0593650098380967 0.8830055693906738
2.173774177051324 0.8236505372934078
2.2881833442645516 0.7535261212667508
2.402592511477779 0.6735492110895852
2.517001678691007 0.5847655197338402
2.6314108459042345 0.4883359104729388
2.7458200131174624 0.38552121837863823
2.8602291803306894 0.2776657646680231
2.9746383475439173 0.1661797794536164
3.089047514757145 0.052520962722437864
3.2034566819703727 -0.06182457536238443
3.3178658491836 -0.17536174562832885
3.4322750163968276 -0.2866060284624195
3.546684183610055 -0.39410288418120404
3.6610933508232826 -0.4964467714075807
3.7755025180365105 -0.5922995247856588
3.889911685249738 -0.6804078517416114
4.004320852462965 -0.7596197195171246
4.118730019676193 -0.828899418211928
4.233139186889421 -0.8873411028833234
4.347548354102648 -0.9341806376372523
4.461957521315876 -0.9688055868471972
4.576366688529103 -0.9907632228638772
4.690775855742332 -0.9997664455134462
4.805185022955558 -0.9956975359856505
4.919594190168786 -0.9786096960291623
5.034003357382014 -0.9487263523288227
5.1484125245952415 -0.9064382351601937
5.262821691808469 -0.8522982695185487
5.377230859021696 -0.7870143455217461
5.491640026234925 -0.7114400626153089
5.606049193448152 -0.6265635686009532
5.720458360661379 -0.5334946394203363
5.834867527874607 -0.4334501686282603
5.949276695087835 -0.32773825628317343
6.063685862301063 -0.2177411052956621
6.17809502951429 -0.10489694886838842
6.292504196727517 0.009318754670477401
6.406913363940745 0.1234126137592452
6.521322531153972 0.23589282997506367
6.6357316983672 0.34528870357570135
6.750140865580428 0.45016986317213453
6.864550032793655 0.5491649681004395
6.978959200006883 0.6409796389559642
7.09336836722011 0.7244133818447289
7.207777534433339 0.7983752850643173
7.322186701646565 0.8618982829772337
7.436595868859793 0.9141518005739395
7.551005036073021 0.9544526133955404
7.6654142032862485 0.9822737808206303
7.779823370499476 0.9972515359119
7.894232537712703 0.9991900417364818
8.00864170492593 0.9880639519702626
8.123050872139158 0.964018742305784
8.237460039352387 0.9273688083305126
8.351869206565615 0.8785933547460727
8.466278373778842 0.8183301296776683
8.580687540992068 0.7473670859987556
8.695096708205297 0.6666320787007085
8.809505875418523 0.5771807330162791
8.923915042631752 0.48018264192338234
9.03832420984498 0.37690607349943733
9.152733377058206 0.2687013880804234
9.267142544271433 0.1569833820483889
9.381551711484663 0.043212789105682624
9.49596087869789 -0.07112281908980948
9.610370045911116 -0.1845284832007196
9.724779213124345 -0.2955214030815032
9.839188380337571 -0.40265032566605885
9.953597547550801 -0.5045145203714353
10.068006714764028 -0.599782093910644
10.182415881977255 -0.6872074050450669
10.296825049190483 -0.7656473515752615
10.41123421640371 -0.8340763166147721
10.525643383616938 -0.8915995787216369
10.640052550830166 -0.9374650105476039
10.754461718043393 -0.9710729130430683
10.86887088525662 -0.9919838566336574
10.98328005246985 -0.9999244268436244
11.097689219683076 -0.9947907992409583
11.212098386896304 -0.9766500969611401
11.326507554109531 -0.9457395130596647
11.440916721322758 -0.9024632091687341
11.555325888535988 -0.847387031008763
11.669735055749214 -0.7812311098503754
11.784144222962441 -0.7048604466641248
11.89855339017567 -0.6192736020719669
12.012962557388896 -0.525589639981453
12.127371724602126 -0.42503349561704257
12.241780891815353 -0.31891995926428934
12.35619005902858 -0.20863648514235902
12.470599226241808 -0.09562505018213234
12.585008393455034 0.018636700090291326
12.699417560668262 0.13265477204362186
12.81382672788149 0.24493835818589693
12.928235895094717 0.354019329749654
13.042645062307944 0.45847143274856067
13.157054229521172 0.5569289365134877
13.2714633967344 0.6481044908749571
13.385872563947627 0.7308059585059888
13.500281731160856 0.8039520023393267
13.614690898374082 0.8665862242506553
13.72910006558731 0.917889670141921
13.843509232800539 0.9571915379184394
13.957918400013765 0.9839779483510183
14.072327567226994 0.9978986641424349
14.18673673444022 0.9987716693452185
14.301145901653447 0.9865855492540115
14.415555068866677 0.9614996396549623
14.529964236079904 0.9238419434806969
14.64437340329313 0.8741048421109803
14.758782570506359 0.8129386573946208
14.873191737719585 0.741143148570376
14.987600904932815 0.6596570552661858
15.102010072146042 0.5695458233039966
15.216419239359269 0.47198767379750833
15.330828406572497 0.3682581976920353
15.445237573785723 0.2597136771757105
15.559646740998952 0.14777335203766873
15.67405590821218 0.03390086284391433
15.788465075425407 -0.0804148864352423
15.902874242638633 -0.19367919612145543
16.01728340985186 -0.3044111143045659
16.131692577065092 -0.41116280056420995
16.246101744278317 -0.5125384567525136
16.360510911491545 -0.6072125773144567
16.474920078704773 -0.6939472805194424
16.589329245917998 -0.7716084939951179
16.70373841313123 -0.8391807829345262
16.818147580344455 -0.8957806270949995
16.932556747557683 -0.9406679729896472
17.04696591477091 -0.9732559102242858
17.161375081984136 -0.9931183454599851
17.275784249197365 -0.9999955736627049
17.390193416410593 -0.9937976737949028
17.50460258362382 -0.9746056845498233
17.619011750837046 -0.9426705447555148
17.733420918050275 -0.8984098123029881
17.847830085263503 -0.8424022044991539
17.96223925247673 -0.7753800312304213
18.07664841968996 -0.6982196198747644
18.191057586903185 -0.6119298571583083
18.305466754116413 -0.5176389977737761
18.41987592132964 -0.4165799122406032
18.534285088542866 -0.3100739668936424
18.648694255756098 -0.1995137467726181
18.763103422969326 -0.08634484731382089
18.87751259018255 0.027953027079054497
18.99192175739578 0.14188541044512945
19.106330924609004 0.25396261568664824
19.220740091822233 0.36271921250481
19.335149259035465 0.4667331881733947
19.44955842624869 0.5646445406195744
19.563967593461918 0.655173060703929
19.678376760675143 0.7371350711929607
19.79278592788837 0.8094589035590465
19.907195095101603 0.8711989102456931
20.021604262314828 0.9215478291851781
20.136013429528056 0.9598473389002078
20.25042259674128 0.9855966661796265
20.36483176395451 0.9984591337812806
20.47924093116774 0.9982665625495566
20.593650098380966 0.9850214703891178
20.708059265594194 0.9588970393428293
20.82246843280742 0.9202348512043487
20.936877600020647 0.8695404212726519
21.051286767233876 0.8074765886455084
21.165695934447104 0.7348548494750214
21.280105101660332 0.6526247465045454
21.394514268873557 0.5618614536207567
21.508923436086786 0.46375171775514984
21.623332603300014 0.35957834194725424
21.73774177051324 0.2507034124563534
21.85215093772647 0.13855048923035615
21.9665601049397 0.024585992594807017
22.080969272152924 -0.08969997046557542
22.195378439366152 -0.20281308973279974
22.309787606579377 -0.3132743901395414
22.42419677379261 -0.4196395696431878
22.538605941005837 -0.5205178837435707
22.653015108219062 -0.6145903297259385
22.76742427543229 -0.7006268928667106
22.881833442645515 -0.7775026291046867
22.996242609858744 -0.844212373893847
23.110651777071975 -0.8998838849166816
23.2250609442852 -0.9437892468146841
23.33947011149843 -0.9753543888170293
23.453879278711653 -0.9941665908226319
23.568288445924882 -0.9999798797922218
23.682697613138114 -0.9927182458915641
23.79710678035134 -0.9724766363341808
23.911515947564567 -0.939519713928874
24.02592511477779 -0.8942783965642931
24.14033428199102 -0.8373442228774058
24.254743449204252 -0.7694616177758324
24.369152616417477 -0.6915181589437613
24.483561783630705 -0.6045329715986668
24.59797095084393 -0.5096434032396131
24.71238011805716 -0.40809015261719667
24.826789285270387 -0.3012010473666992
24.941198452483615 -0.19037368241484107
25.055607619696843 -0.07705714616624028
25.170016786910068 0.037266926596925924
25.284425954123297 0.15110372736521593
25.398835121336525 0.2629648188011166
25.51324428854975 0.37138759633401075
25.62765345576298 0.47495441198691585
25.742062622976206 0.5723111103873527
25.856471790189435 0.6621847346006853
25.970880957402663 0.7434001702787063
26.085290124615888 0.8148955104982626
26.19969929182912 0.8757359403917379
26.314108459042345 0.9251259600252509
26.428517626255573 0.9624197857082366
26.5429267934688 0.9871297937352614
26.657335960682026 0.9989328961566522
26.771745127895255 0.9976747652135135
26.886154295108483 0.9833718512018704
27.00056346232171 0.9562111673819909
27.11497262953494 0.916547844745232
27.229381796748164 0.8649004886102958
27.343790963961393 0.8019443977622474
27.45820013117462 0.7285027347953411
27.57260929838785 0.645535763109031
27.687018465601078 0.5541282912854679
27.801427632814303 0.45547548901557455
27.91583680002753 0.3508672600330887
28.030245967240756 0.2416713763834136
28.144655134453988 0.12931559454976405
28.259064301667216 0.015268987271700375
28.37347346888044 -0.09897726485413985
28.48788263609367 -0.21192937083761845
28.602291803306894 -0.32211046089003553
28.716700970520126 -0.42807989677126534
28.831110137733354 -0.5284521084025893
28.94551930494658 -0.6219147104531467
29.059928472159807 -0.7072456620221629
29.174337639373032 -0.7833292450509438
29.28874680658626 -0.8491706525439775
29.403155973799493 -0.9039089958553643
29.517565141012717 -0.9468285609679439
29.631974308225946 -0.9773681665871646
29.74638347543917 -0.995128501690845
29.8607926426524 -0.9998773465950476
29.97520180986563 -0.9915526092696212
30.089610977078856 -0.9702631372030464
30.204020144292084 -0.9362872942012781
30.31842931150531 -0.8900693207292287
30.432838478718537 -0.832213525384076
30.54724764593177 -0.7634763834479935
30.661656813144994 -0.6847566458331786
30.776065980358222 -0.5970835877465354
30.890475147571447 -0.5016035507249805
31.004884314784675 -0.39956495400666775
31.119293481997904 -0.29230197121733076
31.233702649211132 -0.18121708580203102
31.34811181642436 -0.06776275329333097
31.462520983637585 0.0465775898148688
31.576930150850814 0.16030892227533994
31.691339318064042 0.2719441857683054
31.805748485277267 0.38002372846549365
31.9201576524905 0.48313439024922195
32.03456681970372 0.5799279800436677
32.14897598691695 0.6691389036639344
32.263385154130184 0.7496007116952892
32.37779432134341 0.8202613510361907
32.49220348855663 0.8801969206882194
32.60661265576986 0.9286237519334133
32.72102182298309 0.9649086549484822
32.83543099019632 0.9885771978794787
32.94984015740955 0.999319910126516
33.06424932462277 0.9969963287294046
33.178658491835996 0.9816368349469716
33.29306765904923 0.9534422570164524
33.40747682626246 0.9127812442869495
33.521885993475685 0.8601854470606457
33.63629516068891 0.7963425651662351
33.750704327902135 0.7220873561557969
33.86511349511537 0.6383907206945743
33.97952266232859 0.5463470078542628
34.09393182954182 0.44715970629537144
34.20834099675505 0.3421257084292475
34.32275016396827 0.2326183533086053
34.437159331181505 0.12006946996406256
34.55156849839473 0.0059506559733444615
34.665977665607954 -0.10824596395072404
34.780386832821186 -0.22102724776827176
34.89479600003441 -0.330918559222175
35.00920516724764 -0.4364830489813702
35.12361433446087 -0.5363404417129793
35.23802350167409 -0.62918508343899
35.352432668887324 -0.7138030132047776
35.46684183610055 -0.7890878358443031
35.58125100331378 -0.8540551883026747
35.695660170527006 -0.9078556103660911
35.81006933774023 -0.9497856515121199
35.92447850495346 -0.9792970686560674
36.03888767216669 -0.9960039945312514
36.15329683937992 -0.9996879829752751
36.267706006593144 -0.9903008651542102
36.38211517380637 -0.9679653793790624
36.4965243410196 -0.9329735662795265
36.610933508232826 -0.8857829503184609
36.72534267544606 -0.8270105575744429
36.83975184265928 -0.7574248480110817
36.954161009872514 -0.6779356677200736
37.06857017708573 -0.5895823525144109
37.182979344298964 -0.49352013841930503
37.297388511512196 -0.3910050567464163
37.41179767872542 -0.28337751125086363
37.52620684593865 -0.17204475210286807
37.64061601315187 -0.058462475830158823
37.7550251803651 0.05588420818489008
37.869434347578334 0.169500195786493
37.98384351479156 0.2808999368103472
38.09825268200479 0.38862685892827603
38.21266184921801 0.49127241260220966
38.32707101643124 0.587494488131387
38.441480183644465 0.6760349639861639
38.5558893508577 0.7557361569810289
38.67029851807093 0.8255559591974738
38.78470768528415 0.8845814637388195
38.89911685249738 0.9320409011576636
39.0135260197106 0.967313730484866
39.127935186923835 0.989938752918147
39.24234435413707 0.9996201420821632
39.356753521350285 0.9962313120133832
39.47116268856352 0.9798165722950942
39.58557185577674 0.950590548701365
39.699981022989974 0.9089353769251333
39.814390190203206 0.8553957060829753
39.92879935741642 0.7906715773266327
40.043208524629655 0.7156092706747524
40.15761769184288 0.6311902397443344
40.27202685905611 0.5385182790621396
40.386436026269344 0.4388050917460457
40.50084519348256 0.33335444626146316
40.61525436069579 0.2235451294061714
40.72966352790902 0.11081291841664415
40.84407269512225 -0.003368192086374
40.95848186233548 -0.11750526285156195
41.0728910295487 -0.23010593045535285
41.18730019676193 -0.33969792023124445
41.30170936397516 -0.4448482965347366
41.41611853118839 -0.5441821986434133
41.53052769840161 -0.6364008173164788
41.64493686561484 -0.7202983769671332
41.75934603282807 -0.7947779014025577
41.873755200041295 -0.8588655569916022
41.98816436725453 -0.9117233857206235
42.10257353446775 -0.952660261650297
42.216982701680976 -0.9811409275158097
42.33139186889421 -0.996792993315113
42.44580103610743 -0.9994118053774447
42.560210203320665 -0.9889631222481332
42.67461937053389 -0.9655835624019834
42.789028537747114 -0.9295788179313121
42.90343770496034 -0.8814196575650011
43.01784687217357 -0.8217357712798246
43.1322560393868 -0.7513075369869263
43.24666520660003 -0.671055816945519
43.36107437381325 -0.5820299173176026
43.47548354102648 -0.4853938682947956
43.58989270823971 -0.38241120418712293
43.70430187545294 -0.27442844247698234
43.818711042666166 -0.16285747785267177
43.9331202098794 -0.049157121422781995
44.047529377092616 0.0651859735102521
44.16193854430585 0.178676749718602
44.27634771151908 0.2898312942002068
44.390756878732304 0.39719624061725284
44.505166045945536 0.4993677723312997
44.619575213158754 0.5950099775668105
44.733984380371986 0.6828723167060974
44.84839354758522 0.761805973327277
44.96280271479844 0.8307788751926491
45.077211882011675 0.8888891887851176
45.19162104922489 0.9353771109490879
45.306030216438124 0.9696348034580483
45.420439383651356 0.9912143406123667
45.53484855086458 0.9998335659511282
45.64925771807781 0.9953797815003212
45.76366688529103 0.9779112213198047
45.87807605250426 0.9476562900821378
45.99248521971749 0.9050105766390324
46.10689438693072 0.8505316816235388
46.22130355414395 0.7849319267181035
46.33571272135717 0.7090690409161179
46.4501218885704 0.6239349455558019
46.564531055783625 0.5306427847643259
46.67894022299686 0.4304123708913037
46.79334939021009 0.32455423523554555
46.90775855742331 0.21445249260463012
47.02216772463654 0.10154674375637564
47.136576891849764 -0.0126867476486673
47.250986059062996 -0.12675435746916475
47.36539522627623 -0.2391646304963244
47.479804393489445 -0.34844778150809524
47.59421356070268 -0.4531749129842928
47.7086227279159 -0.5519766982072858
47.823031895129134 -0.6435612854635281
47.937441062342366 -0.7267311892448772
48.05185022955558 -0.8003989475942971
48.166259396768815 -0.8636013408731841
48.28066856398204 -0.9155119860371903
48.39507773119527 -0.9554521417482414
48.509486898408504 -0.9828995830437114
48.62389606562172 -0.9974954295249271
48.73830523283495 -0.9990488377851152
48.85271440004818 -0.9875394967224227
48.96712356726141 -0.9631178931113554
49.081532734474635 -0.9261033439602234
49.19594190168786 -0.8769798213818729
49.31035106890109 -0.8163896245683199
49.42476023611432 -0.7451249816093958
49.53916940332755 -0.6641176909631341
49.65357857054077 -0.5744269380177024
49.767987737754 -0.4772254460454677
49.88239690496723 -0.3737841426281603
49.996806072180455 -0.2654555420424403
50.11121523939369 -0.15365606088419068
50.22562440660691 -0.039847498158202634
50.340033573820136 0.07448207801567501
50.45444274103336 0.18783778716987526
50.56885190824659 0.29873748232920655
50.683261075459825 0.40573112935813144
50.79767024267305 0.5074197664267314
50.912079409886275 0.602473795696776
51.0264885770995 0.689650368060671
51.14089774431273 0.767809633624654
51.25530691152596 0.8359296454580903
51.36971607873919 0.893119721739631
51.48412524595241 0.9386320915876502
51.59853441316564 0.9718716723035556
51.71294358037887 0.9924038501887305
51.8273527475921 0.9999601631994532
51.941761914805326 0.9944418111380454
52.05617108201855 0.9759209474838249
52.170580249231776 0.9446397359729454
52.28498941644501 0.9010071842625156
52.39939858365824 0.8455937960794365
52.513807750871464 0.7791241117780879
52.62821691808469 0.7024672348404593
52.742626085297914 0.6166254681865269
52.857035252511146 0.5227212088771926
52.97144441972438 0.42198227256402504
53.0858535869376 0.31572583957129796
53.20026275415083 0.20534123251831254
53.31467192136405 0.09227175066783012
53.429081088577284 -0.02200420148017694
53.54349025579051 -0.1359924446022369
53.65789942300374 -0.24820256122391857
53.772308590216966 -0.35716738320539043
53.88671775743019 -0.4614621752377112
54.00112692464342 -0.5597232635218956
54.11553609185665 -0.6506658660573886
54.22994525906988 -0.7331008914056633
54.344354426283104 -0.8059504862818421
54.45876359349633 -0.8682621286868549
54.57317276070956 -0.919221082309677
54.687581927922785 -0.958161049356085
54.80199109513602 -0.9845728825162324
54.91640026234924 -0.9981112421603799
55.03080942956247 -0.9985991117187827
55.1452185967757 -0.986030112206246
55.259627763988924 -0.9605685856285495
55.374036931202156 -0.9225474461801548
55.48844609841537 -0.8724638273292256
55.602855265628605 -0.8109725817050588
55.71726443284184 -0.7388777187782294
55.83167360005506 -0.657121892287241
55.946082767268294 -0.566774074865598
56.06049193448151 -0.46901558102589447
56.17490110169474 -0.36512462125283235
56.289310268907975 -0.25645958916353406
56.4037194361212 -0.14444130025837024
56.51812860333443 -0.030534414494081827
56.63253777054765 0.0837717144174458
56.74694693776088 0.19698251258598895
56.861356104974114 0.307617727774418
56.97576527218734 0.4142307839719945
57.09017443940057 0.5154276956447084
0.0 0.0
0.15233090221166098 0.15174245312265755
0.30466180442332197 0.2999705712220215
0.456992706634983 0.4412514108063162
0.6093236088466439 0.572312926429762
0.7616545110583048 0.6901197508297173
0.913985413269966 0.7919434936285925
1.0663163154816269 0.8754259304919508
1.2186472176932879 0.9386336192903071
1.3709781199049487 0.9801026783615797
1.5233090221166097 0.9988726898155994
1.6756399243282707 0.9945089426846505
1.827970826539932 0.9671125007716405
1.9803017287515927 0.9173178620258724
2.1326326309632537 0.8462782636549656
2.2849635331749143 0.7556389733045792
2.4372944353865758 0.6474991848786579
2.5896253375982368 0.5243634014879409
2.7419562398098973 0.3890834314911672
2.894287142021559 0.2447923409929507
3.0466180442332194 0.09483189244969163
3.1989489464448804 -0.057324850104260944
3.3512798486565414 -0.20815395675751
3.503610750868203 -0.35416224546946284
3.655941653079864 -0.4919681837015824
3.8082725552915244 -0.6183802042610311
3.9606034575031854 -0.7304706215721831
4.112934359714846 -0.8256434364849932
4.2652652619265075 -0.9016944592698856
4.4175961641381685 -0.9568623583585999
4.569927066349829 -0.9898694525489462
4.7222579685614905 -0.9999513019314386
4.8745888707731515 -0.9868744122158807
5.0269197729848125 -0.950941642428059
5.1792506751964735 -0.8929851907350034
5.331581577408134 -0.8143473208461726
5.483912479619795 -0.7168492753645446
5.636243381831456 -0.6027490960502714
5.788574284043118 -0.4746893278739681
5.940905186254779 -0.33563581802681797
6.093236088466439 -0.1888090272942595
6.245566990678101 -0.0376094446127128
6.397897892889761 0.11446116780170616
6.550228795101422 0.26388087480017447
6.702559697313083 0.4071891358505666
6.854890599524744 0.5410669506957191
7.007221501736406 0.6624137269577565
7.159552403948066 0.7684190894449912
7.311883306159728 0.8566279680674177
7.464214208371388 0.9249974569333148
7.616545110583049 0.9719441277778731
7.76887601279471 0.9963807019511108
7.921206915006371 0.9977412316467347
8.073537817218032 0.9759942071780278
8.225868719429693 0.9316432867380009
8.378199621641354 0.8657156317426602
8.530530523853015 0.7797381179092872
8.682861426064676 0.6757019730179951
8.835192328276337 0.5560166603412959
8.987523230487998 0.4234540757953151
9.139854132699657 0.2810843511992078
9.29218503491132 0.13220475043073396
9.444515937122981 -0.01973669476639636
9.596846839334642 -0.17122104073892447
9.749177741546303 -0.3187399301908097
9.901508643757962 -0.4588768452713796
10.053839545969625 -0.5883862336741538
10.206170448181284 -0.7042686751963876
10.358501350392947 -0.8038403479118836
10.510832252604608 -0.88479518512967
10.663163154816267 -0.9452582835917279
10.81549405702793 -0.9838293259829681
10.96782495923959 -0.9996150120939153
11.120155861451252 -0.9922497475347026
11.272486763662911 -0.9619041108524908
11.424817665874572 -0.9092809029550137
11.577148568086235 -0.8355988703350711
11.729479470297894 -0.7425644790639265
11.881810372509557 -0.6323323932641516
12.034141274721216 -0.5074555733752645
12.186472176932877 -0.3708261499296331
12.338803079144538 -0.2256084421941898
12.491133981356201 -0.07516567295724874
12.643464883567862 0.07701792326374869
12.795795785779521 0.22741779463005035
12.948126687991182 0.3725507001331978
13.100457590202844 0.5090553809932894
13.252788492414506 0.6337704069650782
13.405119394626166 0.7438073946417799
13.557450296837827 0.8366179020304554
13.709781199049488 0.9100524501294558
13.862112101261147 0.9624103045760938
14.014443003472811 0.992478864428184
14.16677390568447 0.9995617458405074
14.319104807896132 0.9834949102220122
14.471435710107793 0.9446504633477506
14.623766612319455 0.8839280374386426
14.776097514531115 0.8027339557989489
14.928428416742776 0.7029486625556636
15.080759318954437 0.5868831718227548
15.233090221166098 0.4572255449217879
15.38542112337776 0.3169786352393929
15.53775202558942 0.1693905425424024
15.69008292780108 0.01787938741943056
15.842413830012742 -0.1340458519371232
15.994744732224401 -0.28286660719910833
16.147075634436064 -0.4251362094769249
16.299406536647727 -0.5575597137123736
16.451737438859386 -0.6770702091677842
16.604068341071045 -0.7808998486706179
16.756399243282708 -0.8666439515856836
16.90873014549437 -0.9323166958986755
17.06106104770603 -0.9763971095897955
17.21339194991769 -0.9978642961433504
17.365722852129352 -0.9962210783752081
17.51805375434101 -0.9715055129902306
17.670384656552674 -0.9242900091940507
17.822715558764333 -0.8556680717720405
17.975046460975996 -0.767228975663976
18.127377363187655 -0.6610209585679149
18.279708265399314 -0.539503784027638
18.43203916761098 -0.4054917736362752
18.58437006982264 -0.26208862772270897
18.7367009720343 -0.1126155440649023
18.889031874245962 0.039465700608695864
19.04136277645762 0.1906329249075451
19.193693678669284 0.33738511603137755
19.346024580880943 0.4763235127607755
19.498355483092606 0.6042303203147971
19.650686385304265 0.7181432340499135
19.803017287515924 0.8154240460414076
19.955348189727587 0.8938197456278556
20.10767909193925 0.951514698838256
20.26000999415091 0.9871726982332125
20.41234089636257 0.9999679092914348
20.56467179857423 0.9896039966273592
20.717002700785894 0.9563209870792511
20.869333602997553 0.9008897107195701
21.021664505209216 0.8245939485330541
21.173995407420875 0.7292007002199434
21.326326309632535 0.6169192607180317
21.478657211844197 0.49035005322588127
21.63098811405586 0.3524244037475669
21.78331901626752 0.20633665197246284
21.93564991847918 0.05547017079307129
22.08798082069084 -0.09668099216096591
22.240311722902504 -0.24659303620104026
22.392642625114163 -0.390794018334651
22.544973527325823 -0.5259442630031376
22.697304429537486 -0.6489137085232293
22.849635331749145 -0.7568543988991322
23.001966233960808 -0.8472664421044593
23.15429713617247 -0.9180559072489038
23.30662803838413 -0.9675833197390482
23.45895894059579 -0.9947016312917973
23.61128984280745 -0.9987827854199837
23.763620745019114 -0.9797322631370405
23.915951647230774 -0.9379912720041576
24.068282549442433 -0.8745265278218672
24.220613451654096 -0.7908078656207367
24.372944353865755 -0.6887741984776454
24.525275256077418 -0.5707886125469046
24.677606158289077 -0.43958363829937624
24.82993706050074 -0.29819796548034083
24.982267962712402 -0.14990606745934834
25.134598864924058 0.001857635137320122
25.286929767135724 0.15357831515139786
25.43926066934738 0.30174214182186787
25.591591571559043 0.44291766063791027
25.743922473770706 0.573835265368717
25.896253375982365 0.6914629217087684
26.048584278194028 0.7930763887889072
26.200915180405687 0.8763223122323585
26.35324608261735 0.9392727275289751
26.505576984829013 0.9804697114367406
26.65790788704067 0.9989591472900693
26.81023878925233 0.9943128222148256
26.96256969146399 0.9666383444815064
27.114900593675653 0.9165766513120159
27.267231495887316 0.8452871648588928
27.419562398098975 0.7544209401425319
27.571893300310638 0.6460824268365944
27.724224202522294 0.5227807304936056
27.87655510473396 0.38737150199418735
28.028886006945623 0.24299080105268864
28.18121690915728 0.09298246549145489
28.33354781136894 -0.05917933159821298
28.4858787135806 -0.20997054324253336
28.638209615792263 -0.35589886504428453
28.790540518003926 -0.4935846164879264
28.942871420215585 -0.6198390138906474
29.095202322427248 -0.7317380222081632
29.24753322463891 -0.8266900752972489
29.399864126850566 -0.9024960962427887
29.55219502906223 -0.9574004276865283
29.70452593127389 -0.9901314926178602
29.85685683348555 -0.9999312439282098
30.009187735697214 -0.9865727206811945
30.161518637908873 -0.950365304497716
30.313849540120536 -0.8921475543187808
30.466180442332195 -0.8132677854920145
30.618511344543858 -0.7155528429676075
30.77084224675552 -0.601265791812363
30.923173148967177 -0.473053504923875
31.07550405117884 -0.3338853618063931
31.2278349533905 -0.18698447813665267
31.38016585560216 -0.035753058833635804
31.532496757813824 0.11630639655462453
31.684827660025483 0.26567221127454055
31.837158562237146 0.40888509293199465
31.989489464448802 0.5426282502438632
32.14182036666047 0.6638042094828381
32.29415126887213 0.7696065515567443
32.44648217108379 0.8575849083013386
32.59881307329545 0.9257017126809215
32.751143975507105 0.9723793885697548
32.90347487771877 0.9965368872052476
33.05580577993044 0.9976147241334213
33.20813668214209 0.9755879367944409
33.360467584353756 0.9309666626521631
33.512798486565416 0.8647843244783691
33.665129388777075 0.7785736964188634
33.81746029098874 0.6743314051482128
33.9697911932004 0.5544716882616545
34.12212209541206 0.4217704808536038
34.27445299762372 0.2793011252302541
34.42678389983538 0.13036319271070407
34.579114802047044 -0.02159393400575499
34.731445704258704 -0.1730509480839477
34.88377660647036 -0.32050012523087645
35.03610750868202 -0.4605265621235774
35.18843841089369 -0.5898872651157017
35.34076931310535 -0.7055862575388252
35.49310021531701 -0.8049439661234772
35.645431117528666 -0.8856592795594892
35.797762019740325 -0.9458628419277567
35.95009292195199 -0.984160346734588
36.10242382416365 -0.9996648288645635
36.25475472637531 -0.9920172065746
36.40708562858698 -0.9613945977793295
36.55941653079863 -0.9085062180237762
36.711747433010295 -0.83457695514568
36.86407833522196 -0.7413190010361876
37.016409237433614 -0.6308921975034747
37.16874013964528 -0.5058540146238196
37.32107104185694 -0.36910032007500554
37.4734019440686 -0.22379831122617197
37.625732846280265 -0.07331316326819663
37.778063748491924 0.07886990779592849
37.93039465070358 0.22922636229002152
38.08272555291524 0.3742739647346039
38.2350564551269 0.5106534319572616
38.38738735733857 0.6352062336439339
38.53971825955023 0.7450477434806865
38.69204916176189 0.8376340467153451
38.844380063973546 0.9108208568846363
38.99671096618521 0.9629131772033632
39.14904186839687 0.992704556464404
39.30137277060853 0.9995050302881514
39.4537036728202 0.9831571006057251
39.60603457503185 0.9440393832932995
39.758365477243515 0.8830578394787741
39.910696379455175 0.8016247936026253
40.063027281666834 0.7016262241717666
40.2153581838785 0.5853780847482849
40.36768908609016 0.45557266677312647
40.52001998830182 0.31521624645453106
40.672350890513485 0.16755945981108183
40.82468179272514 0.0160220183740783
40.9770126949368 -0.13588649087657453
41.12934359714846 -0.2846478870797332
41.28167449936012 -0.42681687609370406
41.43400540157179 -0.5591008430501002
41.58633630378345 -0.6784361088760578
41.73866720599511 -0.7820588846939431
41.890998108206766 -0.867569280803981
42.04332901041843 -0.9329868878103782
42.19565991263009 -0.9767966426394035
42.34799081484175 -0.9979839171985968
42.50032171705341 -0.9960580170283707
42.65265261926507 -0.9710635457204052
42.804983521476736 -0.9235793719043965
42.957314423688395 -0.8547052227276285
43.109645325900054 -0.7660362143205592
43.26197622811172 -0.6596259091194895
43.41430713032337 -0.5379387556338132
43.56663803253504 -0.4037930121464021
43.718968934746705 -0.260295476226847
43.87129983695836 -0.1107695317131104
44.023630739170024 0.04132182041599318
44.17596164138168 0.19245616468258475
44.32829254359334 0.3391332497835687
44.48062344580501 0.4779560539450358
44.63295434801667 0.6057094594945174
44.78528525022833 0.7194347145585106
44.937616152439986 0.8164979573621483
45.089947054651645 0.8946512161174458
45.24227795686331 0.9520844717507964
45.39460885907497 0.9874675777038617
45.54693976128663 0.9999810659508895
45.69927066349829 0.9893351257691377
45.851601565709956 0.9557763157166524
46.003932467921615 0.9000818533688781
46.156263370133274 0.8235416150630184
46.30859427234494 0.7279282625336988
46.46092517455659 0.6154561883030891
46.61325607676826 0.4887302306446847
46.76558697897992 0.3506853458755676
46.91791788119158 0.2045186351585721
47.070248783403244 0.05361530006478433
47.2225796856149 -0.09852975824438275
47.37491058782656 -0.24839288046309407
47.52724149003823 -0.3925032566217321
47.67957239224988 -0.5275233095839374
47.83190329446155 -0.6503259928890556
47.984234196673206 -0.7580672127319897
48.136565098884866 -0.8482516967973555
48.28889600109653 -0.918790784434254
48.44122690330819 -0.9680507997590214
48.59355780551985 -0.9948908873713345
48.74588870773151 -0.9986894344134655
48.898219609943176 -0.9793584670413562
49.050550512154835 -0.9373456878871456
49.2028814143665 -0.873624107325772
49.355212316578154 -0.7896695086841796
49.50754321878981 -0.687426269295801
49.65987412100148 -0.5692623289802642
49.81220502321314 -0.4379143488722569
49.964535925424805 -0.2964243307137536
50.11686682763646 -0.14806916449849927
50.269197729848116 0.003715263864291957
50.42152863205978 0.15541364721035053
50.57385953427145 0.30351267116653763
50.72619043648311 0.4445823820442495
50.87852133869476 0.5753556241104594
51.03085224090643 0.6928037064797705
51.183183143118086 0.794206547192271
51.33551404532975 0.8772156699498482
51.48784494754141 0.9399085945147194
51.640175849753064 0.9808333610959585
51.79250675196473 0.9990421575450451
51.94483765417639 0.9941132705590978
52.097168556388056 0.9661608525048674
52.24949945859972 0.9158322776651083
52.401830360811374 0.8442931491363385
52.55416126302303 0.7532003036161959
52.7064921652347 0.6446634392860049
52.85882306744636 0.5211962554816212
53.011153969658025 0.38565823575125624
53.16348487186968 0.24118842259703827
53.31581577408134 0.09113271766827824
53.468146676293 -0.06103360887546085
53.62047757850466 -0.21178640515884015
53.77280848071633 -0.3576342564792926
53.92513938292798 -0.4951993460069014
54.07747028513965 -0.6212956845728033
54.229801187351306 -0.7330028977543187
54.38213208956297 -0.8277338613580658
54.53446299177463 -0.903294618871985
54.686793893986284 -0.9579351932062591
54.83912479619795 -0.9903901159298506
54.99145569840961 -0.9999077353509647
55.143786600621276 -0.986267624670235
55.296117502832935 -0.9497856870360593
55.44844840504459 -0.8913068392697192
55.60077930725625 -0.8121854437042102
55.75311020946792 -0.7142539413328493
55.90544111167958 -0.5997804127196833
56.057772013891245 -0.4714160495554022
56.2101029161029 -0.33213375341059787
56.36243381831456 -0.18515928373090115
56.51476472052622 -0.03389654967749917
56.66709562273788 0.11815122395611238
56.81942652494955 0.26746263096424644
56.9717574271612 0.4105796390281236
57.12408832937286 0.5441876772843203
57.276419231584526 0.6651924013448623
57.42875013379619 0.7707913579015301
57.58108103600785 0.8585388891715873
57.733411938219504 0.9264027740066103
57.88574284043117 0.9728112938638755
58.03807374264283 0.9966896335986524
58.190404644854496 0.997484774039965
58.342735547066155 0.9751782998409952
58.49506644927782 0.9302868259760635
58.647397351489474 0.8638500330065776
58.79972825370113 0.7774065882175465
58.9520591559128 0.6729585102880159
59.10439005812446 0.5529248028048611
59.256720960336125 0.4200854304615562
59.40905186254778 0.27751693544583017
59.56138276475944 0.1285211851318912
59.7137136669711 -0.02345109872851724
59.86604456918277 -0.17488025826281067
60.01837547139443 -0.32225921428550075
60.17070637360608 -0.462174689785518
60.32303727581775 -0.5913862609676166
60.475368178029406 -0.7069014050362422
60.62769908024107 -0.8060448066253554
60.78002998245273 -0.8865203177462792
60.93236088466439 -0.9464641362696231
61.08469178687605 -0.9844879713345808
61.237022689087716 -0.9997111959805437
61.389353591299376 -0.9917812423503297
61.54168449351104 -0.9608817671148451
61.694015395722694 -0.9077283980090295
61.84634629793435 -0.8335521599887186
61.99867720014602 -0.7400709648564835
62.15100810235768 -0.6294498246528791
62.303339004569345 -0.5042507102656333
62.455669906781 -0.3673732165248331
62.60800080899266 -0.22198740797241895
62.76033171120432 -0.07146040058925904
62.91266261341599 0.08072162016294432
63.06499351562765 0.2310341389330794
63.2173244178393 0.37599593778718887
63.36965532005097 0.5122497207526167
63.521986222262626 0.6366398683459504
63.67431712447429 0.7462855213004378
63.82664802668595 0.8386473008832205
63.978978928897604 0.9115861205689295
64.13130983110926 0.963412726998975
64.28364073332094 0.9929268228645431
64.4359716355326 0.999444865632562
64.58830253774426 0.9828158982998262
64.74063343995591 0.9434250455370924
64.89296434216757 0.8821845942529528
65.04529524437923 0.8005128651504224
65.1976261465909 0.7003013646081704
65.34995704880257 0.5838709776445153
65.50228795101421 0.45391821652917697
65.65461885322588 0.3134527699178834
65.80694975543754 0.16572779886369418
65.9592806576492 0.014164594039755415
66.11161155986088 -0.13772666089740082
66.26394246207252 -0.28642818469421505
66.41627336428418 -0.42849606984599253
66.56860426649585 -0.5606400430363337
66.72093516870751 -0.6797996674293564
66.87326607091917 -0.7832152219796492
67.02559697313083 -0.8684916162044212
67.17792787534249 -0.9336538601604027
67.33025877755415 -0.9771928049481374
67.48258967976581 -0.9981000943996837
67.63492058197748 -0.9958915184732908
67.78725148418913 -0.9706182274935422
67.9395823864008 -0.922865547516626
68.09191328861246 -0.8537394242567906
68.24424419082412 -0.7648408095307282
68.39657509303578 -0.6582285834265413
68.54890599524744 -0.5363718709148563
68.7012368974591 -0.4020928572430477
68.85356779967076 -0.2585014265004332
69.00589870188243 -0.1089231371165548
69.15822960409409 0.04317779762949003
69.31056050630573 0.1942787403277099
69.46289140851741 0.34088021325092255
69.61522231072907 0.4795869457931473
69.76755321294073 0.6071865084851993
69.9198841151524 0.7207237124336866
70.07221501736404 0.8175690511025252
70.2245459195757 0.8954795993345274
70.37687682178738 0.9526509591995027
70.52920772399904 0.9877590496102553
70.6815386262107 0.9999907718644017
70.83386952842235 0.9890628409021031
70.98620043063401 0.955228346150363
71.13853133284567 0.8992708900055747
71.29086223505733 0.8224864397062873
71.443193137269 0.7266533129043943
71.59552403948065 0.6139909920649892
71.74785494169232 0.48710872154769197
71.90018584390398 0.34894507785461415
72.05251674611564 0.20269991258946113
72.2048476483273 0.05176024432022219
72.35717855053896 -0.10037818432019482
72.50950945275062 -0.250191867568194
72.66184035496228 -0.3942111404541346
72.81417125717395 -0.529100535781362
72.96650215938561 -0.6517360331026124
73.11883306159726 -0.7592774106179512
73.27116396380893 -0.8492340243337313
73.42349486602059 -0.9195224910459995
73.57582576823225 -0.9685149392183738
73.72815667044392 -0.9950767102701757
73.88048757265557 -0.9985926371181814
74.03281847486723 -0.9789812913644284
74.1851493770789 -0.9366968691670589
74.33748027929056 -0.8727186721177574
74.48981118150222 -0.7885284267471698
74.64214208371388 -0.6860759679356268
74.79447298592554 -0.5677340809967604
74.9468038881372 -0.4362435482853658
75.09913479034887 -0.2946496730427422
75.25146569256053 -0.1462317505788895
75.40379659477217 0.005572879770589339
75.55612749698385 0.1572484429661433
75.70845839919551 0.3052821531462478
75.86078930140717 0.4462455692806833
76.01312020361883 0.5768739974085324
