0.0 0.0
0.07942919223183409 0.07934569882382918
0.15885838446366818 0.15819106903587618
0.2382875766955023 0.2360389369366411
0.31771676892733636 0.31239841875732033
0.39714596115917045 0.38678801601592855
0.4765751533910046 0.4587386516928017
0.5560043456228386 0.5277966280803301
0.6354335378546727 0.593526487655666
0.7148627300865068 0.6555137589366563
0.7942919223183409 0.713367570006513
0.8737211145501751 0.7667231132271664
0.9531503067820092 0.8152439455996109
1.0325794990138433 0.8586241102659037
1.1120086912456772 0.8965900657753034
1.1914378834775112 0.9289024109492133
1.2708670757093454 0.9553573944684827
1.3502962679411796 0.9757881996640907
1.4297254601730136 0.9900659964097339
1.5091546524048478 0.9981007534834186
1.5885838446366818 0.9998418062755657
1.668013036868516 0.9952781762638427
1.7474422291003502 0.9844386402402155
1.8268714213321842 0.9673915488536982
1.9063006135640184 0.9442443956130094
1.9857298057958523 0.9151431390668712
2.0651589980276865 0.8802712824360585
2.1445881902595207 0.8398487165007522
2.2240173824913545 0.7941303330395733
2.3034465747231887 0.7434044175635081
2.3828757669550225 0.687990831479637
2.4623049591868567 0.6282389951473514
2.541734151418691 0.5645256845452705
2.621163343650525 0.4972526554423665
2.7005925358823593 0.42684411005451706
2.780021728114193 0.3537440221609406
2.859450920346027 0.27841333754747094
2.9388801125778614 0.20132706742978818
3.0183093048096956 0.12297129318454109
3.09773849704153 0.04384010127557552
3.1771676892733636 -0.03556753229735807
3.256596881505198 -0.11475088838175006
3.336026073737032 -0.19321066204723414
3.4154552659688657 -0.2704521110428676
3.4948844582007004 -0.3459881754836052
3.574313650432534 -0.4193425490942301
3.6537428426643683 -0.49005268264446644
3.7331720348962025 -0.5576727006365547
3.8126012271280367 -0.6217762128536063
3.8920304193598705 -0.6819590030400035
3.9714596115917047 -0.7378415777598897
4.050888803823539 -0.7890715593614589
4.130317996055373 -0.8353259079577825
4.209747188287207 -0.8763129584130668
4.2891763805190415 -0.911774259489761
4.368605572750875 -0.9414862035594405
4.448034764982709 -0.9652614366010295
4.527463957214543 -0.9829500395953646
4.606893149446377 -0.9944404738666044
4.686322341678212 -0.9996602844094626
4.765751533910045 -0.9985765567673102
4.84518072614188 -0.9911961245802151
4.924609918373713 -0.9775655264941948
5.004039110605548 -0.9577707127033893
5.083468302837382 -0.9319365029756161
5.162897495069216 -0.9002257995788133
5.24232668730105 -0.8628385600714166
5.321755879532884 -0.820010536433916
5.4011850717647185 -0.7720117884922324
5.480614263996553 -0.7191449810067867
5.560043456228386 -0.6617434751652767
5.639472648460221 -0.6001692265135912
5.718901840692054 -0.5348105025798549
5.7983310329238895 -0.4660794345835053
5.877760225155723 -0.3944094186675839
5.957189417387557 -0.320252383041193
6.036618609619391 -0.24407593826468924
6.116047801851225 -0.16636042864697023
6.19547699408306 -0.08759590334781855
6.274906186314893 -0.008279026284558535
6.354335378546727 0.07109005567183789
6.433764570778561 0.15001086646302872
6.513193763010396 0.2279857566853395
6.59262295524223 0.30452304160781046
6.672052147474064 0.3791401015789385
6.751481339705897 0.4513664252719075
6.8309105319377315 0.5207465765786109
6.9103397241695665 0.5868430664441525
6.989768916401401 0.6492391115329712
7.069198108633234 0.7075412623313221
7.148627300865068 0.7613818841141331
7.228056493096902 0.8104214751320531
7.307485685328737 0.8543508074009577
7.386914877560571 0.8928928765947579
7.466344069792405 0.9258046487461342
7.545773262024238 0.9528785927410388
7.6252024542560735 0.9739439889435597
7.704631646487908 0.9888680056993673
7.784060838719741 0.9975565369296657
7.863490030951575 0.9999547955340411
7.942919223183409 0.9960476588604024
8.022348415415244 0.9858597640635914
8.101777607647078 0.969455352751361
8.181206799878911 0.9469378658973316
8.260635992110746 0.9184492915752797
8.34006518434258 0.8841692696277373
8.419494376574415 0.844313958914567
8.498923568806248 0.7991346742842986
8.578352761038083 0.7489163018630273
8.657781953269916 0.6939755026535812
8.73721114550175 0.6346587157724601
8.816640337733585 0.571339973915518
8.896069529965418 0.5044185448273576
8.975498722197253 0.43431641364655904
9.054927914429086 0.3614756220023073
9.13435710666092 0.2863554806411784
9.213786298892755 0.20942967316040684
9.29321549112459 0.13118326911055095
9.372644683356423 0.052109665301969366
9.452073875588257 -0.027292525397741078
9.53150306782009 -0.10652261815708805
9.610932260051927 -0.18508101333917887
9.69036145228376 -0.2624723468173062
9.769790644515593 -0.3382086135827956
9.849219836747427 -0.411812244948572
9.928649028979262 -0.48281911994463805
10.008078221211097 -0.5507814919165369
10.08750741344293 -0.6152708118726247
10.166936605674763 -0.6758804307770168
10.246365797906599 -0.7322281637484092
10.325794990138432 -0.78395869999576
10.405224182370267 -0.8307458432945625
10.4846533746021 -0.8722945688759491
10.564082566833935 -0.9083428837585809
10.643511759065769 -0.9386634787926258
10.722940951297602 -0.9630651619985995
10.802370143529437 -0.9813940641628638
10.88179933576127 -0.9935346090877002
10.961228527993105 -0.9994102423778669
11.040657720224939 -0.9989839141681411
11.120086912456772 -0.9922583127479264
11.199516104688607 -0.9792758476097575
11.278945296920442 -0.9601183820285993
11.358374489152276 -0.9349067168582048
11.437803681384109 -0.9037998287995467
11.517232873615942 -0.8669938679445639
11.596662065847779 -0.824720920916384
11.676091258079612 -0.7772475474052787
11.755520450311446 -0.7248730993284578
11.834949642543279 -0.6679278332125834
11.914378834775114 -0.6067708277016849
11.99380802700695 -0.5417877193220224
12.073237219238782 -0.47338827078143
12.152666411470616 -0.4020037871366673
12.23209560370245 -0.3280843961216138
12.311524795934284 -0.252096209785679
12.39095398816612 -0.17451838534021274
12.470383180397953 -0.09584010374631978
12.549812372629786 -0.0165574850960865
12.629241564861621 0.06282953976211608
12.708670757093454 0.14182038162774044
12.78809994932529 0.2199169495035467
12.867529141557123 0.2966267913981889
12.946958333788958 0.37146619957106075
13.026387526020793 0.4439632606386653
13.105816718252624 0.5136608313095556
13.18524591048446 0.580119420983803
13.264675102716293 0.6429199630402042
13.344104294948128 0.7016664573364482
13.423533487179963 0.7559884672594087
13.502962679411795 0.8055434555800107
13.58239187164363 0.8500189443835027
13.661821063875463 0.8891344854552806
13.741250256107298 0.9226434286976894
13.820679448339133 0.9503344774266826
13.900108640570966 0.972033020741168
13.979537832802801 0.9876022345635324
14.058967025034633 0.9969439444085317
14.138396217266468 0.9999992444402149
14.217825409498303 0.9967488689132907
14.297254601730137 0.987213313656762
14.376683793961972 0.9714527068337773
14.456112986193803 0.949566429792659
14.535542178425638 0.9216924903998857
14.614971370657473 0.8880066528066093
14.694400562889307 0.8487213291361041
14.773829755121142 0.8040842400808171
14.853258947352973 0.7543768528548803
14.93268813958481 0.6999126063518225
15.012117331816645 0.6410349346991255
15.091546524048477 0.5781151016723912
15.170975716280312 0.5115498596246523
15.250404908512147 0.4417589476928829
15.32983410074398 0.36918244505717174
15.409263292975815 0.29427799594209236
15.488692485207647 0.21751792385853444
15.568121677439482 0.1393862532826147
15.647550869671317 0.060375657552084426
15.72698006190315 -0.019015647774253946
15.806409254134985 -0.0982870465045963
15.885838446366819 -0.1769386785397944
15.965267638598654 -0.2544745918313614
16.04469683083049 -0.3304058696965328
16.12412602306232 -0.4042537137705764
16.203555215294156 -0.4755524631562306
16.282984407525987 -0.5438525307324387
16.362413599757822 -0.6087232381070371
16.441842791989657 -0.6697555313369963
16.521271984221492 -0.7265645602918331
16.600701176453327 -0.7787921053955026
16.68013036868516 -0.8261088364445278
16.759559560916994 -0.8682163892589919
16.83898875314883 -0.904849247071664
16.91841794538066 -0.9357764147918609
16.997847137612496 -0.9608028755866483
17.07727632984433 -0.9797708205946386
17.156705522076166 -0.9925606440182285
17.236134714308 -0.9990916973195222
17.315563906539833 -0.9993227977642298
17.394993098771668 -0.9932524881068248
17.4744222910035 -0.9809190457794681
17.553851483235334 -0.9624002415267564
17.63328067546717 -0.9378128490082704
17.712709867699 -0.9073119084612077
17.792139059930836 -0.8710897490662037
17.87156825216267 -0.8293747761810106
17.950997444394506 -0.7824300310893221
18.03042663662634 -0.7305515323465275
18.109855828858173 -0.6740664091813348
18.189285021090008 -0.6133308387234198
18.26871421332184 -0.5487278000643259
18.348143405553675 -0.4806646593137212
18.42757259778551 -0.4095706008789563
18.507001790017345 -0.3358939211653801
18.58643098224918 -0.26009920176252094
18.66586017448101 -0.18266437994110274
18.745289366712846 -0.10407773493338704
18.82471855894468 -0.024834809000447215
18.904147751176513 0.054564717298926806
18.983576943408348 0.13362017593410652
19.06300613564018 0.2118330684551492
19.14243532787202 0.2887102093646962
19.221864520103853 0.363766835988021
19.301293712335685 0.43652966523152004
19.38072290456752 0.5065398779545986
19.46015209679935 0.5733560121364788
19.539581289031187 0.6365567465946018
19.61901048126302 0.6957435577012978
19.698439673494853 0.7505432323463919
19.77786886572669 0.800610221299777
19.857298057958523 0.8456288181343788
19.93672725019036 0.8853151499699717
20.016156442422194 0.9194189674848111
20.095585634654025 0.9477252229078555
20.17501482688586 0.970055426041271
20.25444401911769 0.9862687697625502
20.333873211349527 0.9962630179092224
20.413302403581362 0.9999751499474058
20.492731595813197 0.9973817583591512
20.572160788045032 0.9884991962427663
20.651589980276864 0.9733834741954062
20.7310191725087 0.9521299071281506
20.810448364740534 0.924872513240648
20.889877556972365 0.8917831689451906
20.9693067492042 0.8530705250689977
21.048735941436032 0.8089786911688116
21.12816513366787 0.7597856962540519
21.207594325899706 0.7058017356247848
21.287023518131537 0.6473672148793043
21.366452710363372 0.5848506034252495
21.445881902595204 0.5186461110293281
21.52531109482704 0.4491712020565243
21.604740287058874 0.3768639630732877
21.684169479290706 0.30218034041368347
21.76359867152254 0.22559126512755437
21.843027863754376 0.14757968343988656
21.92245705598621 0.06863751144628827
22.001886248218046 -0.010737466752651489
22.081315440449877 -0.09004473791876744
22.160744632681713 -0.16878421575280958
22.240173824913544 -0.24645939427875532
22.31960301714538 -0.32258047865180084
22.399032209377214 -0.3966674736480517
22.47846140160905 -0.46825321036097545
22.557890593840884 -0.5368862920191793
22.637319786072716 -0.6021339403501462
22.71674897830455 -0.6635847245416846
22.796178170536386 -0.7208511555930864
22.875607362768218 -0.7735721296969045
22.955036555000053 -0.8214152052441314
23.034465747231884 -0.8640786990946967
23.11389493946372 -0.9012935888949233
23.193324131695558 -0.9328252094464774
23.27275332392739 -0.9584747324300933
23.352182516159225 -0.9780804201534046
23.431611708391056 -0.9915186454171151
23.51104090062289 -0.9987046710686057
23.590470092854726 -0.999593184327325
23.669899285086558 -0.9941785825127013
23.749328477318393 -0.9824950083728531
23.828757669550228 -0.9646161347913352
23.908186861782063 -0.9406547002294872
23.9876160540139 -0.9107617978337345
24.06704524624573 -0.8751259226905107
24.146474438477565 -0.8339717832364939
24.225903630709396 -0.7875588843190496
24.30533282294123 -0.7361798908416074
24.384762015173067 -0.6801587823123516
24.4641912074049 -0.6198488099330038
24.543620399636737 -0.5556302691096726
24.62304959186857 -0.48790810143159763
24.702478784100403 -0.41710934123892646
24.78190797633224 -0.3436804228806965
24.86133716856407 -0.2680843656425364
24.940766360795905 -0.19079785409505676
25.020195553027737 -0.11230823227335701
25.09962474525957 -0.03311043064130511
25.179053937491407 0.04629615478172527
25.258483129723242 0.1254108114525214
25.337912321955077 0.20373466763725923
25.41734151418691 0.28077383813717555
25.496770706418744 0.35604253857076146
25.57619989865058 0.4290661485747572
25.655629090882414 0.49938420460845157
25.735058283114245 0.5665533034895636
25.81448747534608 0.6301498983529761
25.893916667577916 0.6897729694018505
25.97334585980975 0.7450465526102816
26.052775052041586 0.7956221104322545
26.132204244273414 0.8411807295679863
26.21163343650525 0.8814351319292612
26.291062628737084 0.9161314861231943
26.37049182096892 0.9450510080318678
26.449921013200754 0.9680113403950336
26.529350205432586 0.9848677026967009
26.60877939766442 0.9955138041047894
26.688208589896256 0.9998825137071335
26.76763778212809 0.997946283817557
26.847066974359926 0.9897173236827754
26.926496166591754 0.9752475224947902
27.00592535882359 0.9546281221942264
27.085354551055424 0.927989142127831
27.16478374328726 0.8954985591880316
27.244212935519094 0.8573612486043518
27.323642127750926 0.8138176920657105
27.40307131998276 0.7651424613197599
27.482500512214596 0.7116424868112304
27.56192970444643 0.6536551222766573
27.641358896678266 0.5915460174995648
27.720788088910098 0.5257068126398232
27.800217281141933 0.45655266867598787
27.879646473373768 0.38451964953290313
27.959075665605603 0.31006197240198047
28.038504857837438 0.2336491435927951
28.117934050069266 0.1557629979763952
28.1973632423011 0.07689466068860874
28.276792434532936 -0.00245854974801993
28.35622162676477 -0.08179625735587957
28.435650818996606 -0.16061818391324129
28.515080011228438 -0.23842730354879377
28.594509203460273 -0.3147329768279139
28.673938395692108 -0.3890540445680744
28.753367587923943 -0.46092186187484735
28.83279678015578 -0.5298832532667898
28.912225972387606 -0.5955033702551543
28.99165516461944 -0.6573684333594709
29.071084356851276 -0.7150883412686403
29.15051354908311 -0.7682991306951183
29.229942741314947 -0.8166652714110514
29.309371933546778 -0.8598817819946291
29.388801125778613 -0.897676152945443
29.46823031801045 -0.9298100650422693
29.547659510242283 -0.9560808921079001
29.62708870247412 -0.976322978705041
29.706517894705947 -0.9904086847065404
29.785947086937785 -0.9982491901532327
29.86537627916962 -0.9997950553241988
29.944805471401455 -0.9950365324878486
30.02423466363329 -0.9840036273679976
30.10366385586512 -0.9667659099373666
30.183093048096953 -0.9434320757315668
30.26252224032879 -0.9141492604498096
30.341951432560624 -0.879102112164217
30.42138062479246 -0.838511626988108
30.500809817024294 -0.7926337555451557
30.580239009256125 -0.741757789026578
30.65966820148796 -0.6862045350133563
30.739097393719796 -0.6263242945661985
30.81852658595163 -0.5624946533390244
30.897955778183466 -0.4951181006445394
30.977384970415294 -0.4246194914853023
31.05681416264713 -0.3514433675538694
31.136243354878964 -0.27605115409502934
31.2156725471108 -0.1989182503056913
31.295101739342634 -0.12053103161952985
31.374530931574466 -0.04138378277898677
31.4539601238063 0.03802441896631754
31.533389316038136 0.11719285088115525
31.61281850826997 0.1956223021422041
31.692247700501806 0.27281822170190945
31.771676892733637 0.3482938367692901
31.851106084965473 0.4215732222435618
31.930535277197308 0.49219430174565987
32.00996446942914 0.5597117613241842
32.08939366166098 0.6236998574628165
32.168822853892806 0.6837551016828288
32.24825204612464 0.7394988048124652
32.327681238356476 0.7905794648797686
32.40711043058831 0.8366749835716705
32.486539622820146 0.8774946972829802
32.565968815051974 0.9127812099481581
32.64539800728381 0.9423120160986331
32.724827199515644 0.9659009039111385
32.80425639174748 0.9833991293999552
32.883685583979315 0.9946963543489324
32.96311477621115 0.9997213420690056
33.042543968442985 0.9984424065939854
33.12197316067482 0.990867612482131
33.201402352906655 0.9770447239636235
33.28083154513849 0.9570609037546003
33.36026073737032 0.9310421634369328
33.43968992960215 0.8991525688694648
33.51911912183399 0.8615932056411686
33.59854831406582 0.8186009110896943
33.67797750629766 0.7704467808808327
33.757406698529486 0.7174344595659143
33.83683589076132 0.6598982258963179
33.91626508299316 0.5982008849685534
33.99569427522499 0.5327314804912859
34.07512346745683 0.4639028416000815
34.15455265968866 0.39214897968885015
34.2339818519205 0.3179223516727394
34.31341104415233 0.2416910069394676
34.39284023638417 0.1639356359795095
34.472269428616 0.0851465393055291
34.55169862084783 0.0058205357740916995
34.631127813079665 -0.07354217019525235
34.7105570053115 -0.15244114274909093
34.789986197543335 -0.23037887018869227
34.86941538977517 -0.3068639021197269
34.948844582007 -0.38141394838134246
35.02827377423883 -0.4535589202137671
35.10770296647067 -0.5228438944877124
35.187132158702504 -0.5888319823042246
35.26656135093434 -0.6511070838764118
35.34599054316617 -0.709276512321677
35.425419735398 -0.7629734698196874
35.50484892762984 -0.8118593605221414
35.58427811986167 -0.855625925629968
35.66370731209351 -0.8939971871747645
35.74313650432534 -0.9267311882476422
35.82256569655718 -0.9536215187021452
35.90199488878901 -0.9744986167106495
35.98142408102085 -0.9892308379670433
36.06085327325268 -0.997725285793637
36.14028246548451 -0.9999283969179162
36.219711657716346 -0.9958262792254161
36.29914084994818 -0.985444799358952
36.378570042180016 -0.9688494196118407
36.45799923441185 -0.946144785143605
36.53742842664368 -0.9174740641210534
36.616857618875514 -0.8830180449455766
36.69628681110735 -0.8429939962592982
36.775716003339184 -0.797654296918463
36.85514519557102 -0.7472848445730519
36.934574387802854 -0.692203252887596
37.01400358003469 -0.6327568487709416
37.093432772266524 -0.5693204822437957
37.17286196449836 -0.5022941627543267
37.252291156730195 -0.4321005368464572
37.33172034896202 -0.35918222308587605
37.41114954119386 -0.2839990210488311
37.49057873342569 -0.20702501197302844
37.57000792565753 -0.12874556935287398
37.64943711788936 -0.04965429832938723
37.72886631012119 0.029750076826016717
37.808295502353026 0.10896685750738042
37.88772469458486 0.18749652801950878
37.967153886816696 0.26484390536428765
38.04658307904853 0.3405212617063641
38.12601227128036 0.41405139982895445
38.2054414635122 0.48497066218697643
38.28487065574404 0.5528318545832432
38.36429984797587 0.617207066032178
38.44372904020771 0.677690367029663
38.523158232439535 0.7339003692147279
38.60258742467137 0.7854826302826527
38.682016616903205 0.8321118889848045
38.76144580913504 0.873494116122112
38.840875001366875 0.9093683685991971
38.9203041935987 0.9395084348481128
38.99973338583054 0.9637242612461868
39.07916257806237 0.9818631505333948
39.15859177029421 0.9938107246724784
39.23802096252604 0.9994916460802823
39.31745015475787 0.9988700926824695
39.39687934698971 0.9919499837960701
39.47630853922154 0.9787749554155213
39.55573773145338 0.9594280850580365
39.63516692368521 0.9340313679033388
0.0 0.0
0.1109340529325996 0.11070666042204386
0.2218681058651992 0.2200523209785382
0.33280215879779884 0.32669271359429697
0.4437362117303984 0.4293168280784347
0.554670264662998 0.5266630293542307
0.6656043175955977 0.6175345676837468
0.7765383705281972 0.700814291208393
0.8874724234607968 0.7754783799331668
0.9984064763933963 0.8406089323124124
1.109340529325996 0.8954052497007783
1.2202745822585956 0.9391936799411686
1.3312086351911954 0.9714358990750919
1.4421426881237946 0.9917355293621389
1.5530767410563944 0.9998430122483256
1.6640107939889939 0.9956586763762467
1.7749448469215936 0.9792339629196999
1.8858788998541933 0.9507707931788203
1.9968129527867926 0.9106190862103547
2.1077470057193923 0.8592724570107027
2.218681058651992 0.7973621481371842
2.3296151115845913 0.7256492693706541
2.4405491645171913 0.645015440823103
2.551483217449791 0.5564519545215294
2.6624172703823907 0.461047587712844
2.77335132331499 0.35997521770997964
2.8842853762475893 0.25447740283291564
2.9952194291801892 0.14585110670891782
3.1061534821127887 0.035431753727597284
3.2170875350453887 -0.0754231883309807
3.3280215879779877 -0.18535089666408502
3.4389556409105873 -0.29299994764741866
3.549889693843187 -0.3970469308975746
3.6608237467757867 -0.49621271894675145
3.7717577997083866 -0.589278192514434
3.8826918526409857 -0.675099228053492
3.993625905573585 -0.7526207633175837
4.104559958506185 -0.8208897680312999
4.215494011438785 -0.8790669602048998
4.326428064371385 -0.926437124056203
4.437362117303984 -0.9624179026937008
4.548296170236584 -0.9865669574658497
4.659230223169183 -0.9985874059613045
4.770164276101783 -0.9983314718066856
4.881098329034383 -0.9858023013921801
4.992032381966982 -0.9611539251906125
5.102966434899582 -0.9246893641455143
5.213900487832181 -0.8768569044077869
5.3248345407647815 -0.8182445862184026
5.4357685936973805 -0.749572974689446
5.54670264662998 -0.6716863013576788
5.6576366995625795 -0.5855420854141636
5.768570752495179 -0.4921993622039304
5.879504805427779 -0.39280566371154596
5.9904388583603785 -0.2885829110912503
6.1013729112929775 -0.18081239267531268
6.2123069642255775 -0.07081901213723409
6.3232410171581765 0.04004499954109916
6.434175070090777 0.1504167080573336
6.545109123023376 0.2589392313604816
6.6560431759559755 0.36427842081791867
6.7669772288885754 0.46513926290343044
6.8779112818211745 0.5602817997680992
6.988845334753775 0.6485363729705362
7.099779387686374 0.7288180029638465
7.2107134406189735 0.8001397275615609
7.321647493551573 0.8616247354027537
7.4325815464841725 0.9125171452505938
7.543515599416773 0.9521912986063398
7.654449652349372 0.9801594513977089
7.765383705281971 0.9960777701819478
7.876317758214571 0.9997505591477787
7.98725181114717 0.9911326659505312
8.09818586407977 0.9703300368037217
8.20911991701237 0.9375984140029265
8.320053969944968 0.8933401918942604
8.43098802287757 0.8380994699393965
8.541922075810168 0.7725553636935055
8.65285612874277 0.6975136559292583
8.763790181675368 0.6138968905458985
8.874724234607967 0.5227330310463488
8.985658287540566 0.42514282301221085
9.096592340473167 0.3223260159391958
9.207526393405766 0.21554661381829657
9.318460446338365 0.10611733578832386
9.429394499270966 -0.00461652210333007
9.540328552203565 -0.11529362563225476
9.651262605136166 -0.22455333829792135
9.762196658068765 -0.3310524486469137
9.873130711001364 -0.43348168337703524
9.984064763933963 -0.5305818032142929
10.094998816866562 -0.6211590836841202
10.205932869799163 -0.7040999904601162
10.316866922731762 -0.7783848688752477
10.427800975664361 -0.8431004793001217
10.53873502859696 -0.8974512242815094
10.649669081529563 -0.9407689294175272
10.760603134462162 -0.9725210577258327
10.871537187394761 -0.9923172565194822
10.98247124032736 -0.9999141563047717
11.09340529325996 -0.9952183627046425
11.20433934619256 -0.9782876046256844
11.315273399125159 -0.9493300245534655
11.426207452057758 -0.9087016197011133
11.537141504990357 -0.8569018654690306
11.648075557922958 -0.7945675750198263
11.759009610855559 -0.722465070457312
11.869943663788158 -0.641480761855113
11.980877716720757 -0.5526102499539518
12.091811769653356 -0.45694608649631346
12.202745822585955 -0.3556643426698518
12.313679875518556 -0.2500101507837228
12.424613928451155 -0.14128239692485156
12.535547981383754 -0.030817752778745655
12.646482034316353 0.08002575707632946
12.757416087248952 0.18988545038228125
12.868350140181555 0.2974107396744682
12.979284193114154 0.4012797360646093
13.090218246046753 0.5002155002106412
13.201152298979352 0.5930017406881142
13.312086351911951 0.678497766771346
13.423020404844552 0.7556525117985787
13.533954457777151 0.8235174547214081
13.64488851070975 0.8812582809842218
13.755822563642349 0.9281651393776994
13.86675661657495 0.9636613687712147
13.97769066950755 0.9873105874398742
14.08862472244015 0.9988220578317933
14.199558775372749 0.9980542608225049
14.310492828305348 0.9850166355155139
14.421426881237947 0.9598694632003311
14.532360934170548 0.9229218968945743
14.643294987103147 0.8746281606944534
14.754229040035746 0.8155819656578637
14.865163092968345 0.7465092108698251
14.976097145900944 0.6682590594215312
15.087031198833547 0.5817934990126741
15.197965251766146 0.4881755155163993
15.308899304698745 0.38855602489806446
15.419833357631344 0.28415972414356705
15.530767410563943 0.1762700351423316
15.641701463496544 0.06621332662108954
15.752635516429143 -0.04465739189995876
15.863569569361742 -0.15497910366621984
15.97450362229434 -0.2633955412741909
16.08543767522694 -0.36857386028212735
16.19637172815954 -0.46922102486469425
16.30730578109214 -0.5640997040705069
16.41823983402474 -0.6520434832579318
16.529173886957338 -0.7319712037036029
16.640107939889937 -0.8029002540961003
16.75104199282254 -0.8639586505125098
16.86197604575514 -0.914395756369657
16.972910098687738 -0.9535915105616576
17.083844151620337 -0.9810640503353399
17.194778204552936 -0.9964756351898547
17.30571225748554 -0.9996367989735273
17.416646310418137 -0.9905086791331187
17.527580363350737 -0.9692034944802899
17.638514416283336 -0.9359831656017291
17.749448469215935 -0.8912560948732722
17.860382522148537 -0.8355721456637136
17.971316575081133 -0.7696158824527259
18.082250628013735 -0.6941981549671384
18.193184680946334 -0.6102461297981695
18.304118733878934 -0.5187918920483028
18.415052786811533 -0.42095975713638495
18.52598683974413 -0.31795244874637435
18.63692089267673 -0.21103631284458393
18.747854945609333 -0.10152574954056698
18.858788998541932 0.00923294581754116
18.96972305147453 0.11987813365976548
19.08065710440713 0.22904956984900632
19.19159115733973 0.33540512818067064
19.302525210272332 0.4376373001449935
19.413459263204928 0.5344892691080985
19.52439331613753 0.624770361299924
19.635327369070126 0.7073706836583222
19.74626142200273 0.781274768575523
19.85719547493533 0.8455740578017064
19.968129527867926 0.8994780720318466
20.07906358080053 0.9423241288596699
20.189997633733125 0.9735854896286192
20.300931686665727 0.992877835024565
20.411865739598326 0.9999639898008671
20.522799792530925 0.9947568385512714
20.633733845463524 0.9773203966848198
20.744667898396123 0.9478690234364983
20.855601951328723 0.9067647865886643
20.966536004261325 0.8545130113007069
21.07747005719392 0.7917560677685217
21.188404110126523 0.719265474086712
21.299338163059126 0.6379324113990217
21.41027221599172 0.5487567679412743
21.521206268924324 0.45283484666662877
21.63214032185692 0.3513458875725856
21.743074374789522 0.2455375704207216
21.85400842772212 0.13671067607525772
21.96494248065472 0.02620309502993054
22.075876533587323 -0.08462662028154787
22.18681058651992 -0.19441595718772717
22.29774463945252 -0.3018151931678765
22.40867869238512 -0.4055039890014556
22.51961274531772 -0.5042076206867638
22.630546798250318 -0.5967126505774949
22.741480851182917 -0.6818818450802591
22.852414904115516 -0.7586681555186232
22.96334895704812 -0.8261275902864452
23.074283009980714 -0.8834308200434696
23.185217062913317 -0.9298733732818689
23.296151115845916 -0.9648842969219202
23.407085168778515 -0.9880331754657211
23.518019221711118 -0.99903542241716
23.628953274643713 -0.9977557789167913
23.739887327576316 -0.9842099765802678
23.85082138050891 -0.9585645440978114
23.961755433441514 -0.9211347599723342
24.072689486374113 -0.8723807765647548
24.183623539306712 -0.8129019630964883
24.294557592239315 -0.743429537154846
24.40549164517191 -0.6648175752877636
24.516425698104513 -0.5780325132013018
24.627359751037112 -0.48414126464195
24.73829380396971 -0.38429810502708733
24.84922785690231 -0.2797304810730523
24.96016190983491 -0.17172392087363567
25.071095962767508 -0.06160622994071423
25.18203001570011 0.049268832503072714
25.292964068632706 0.15953819630002475
25.40389812156531 0.26784623759943404
25.514832174497904 0.37286144455652104
25.625766227430507 0.47329278660453467
25.73670028036311 0.567905586060091
25.847634333295705 0.6555366969403922
25.958568386228308 0.7351088043876857
26.069502439160903 0.8056436689073873
26.180436492093506 0.8662741525986614
26.291370545026105 0.9162548795298512
26.402304597958704 0.9549713992029119
26.513238650891306 0.981947740453429
26.624172703823902 0.9968522629205138
26.735106756756505 0.9995017341500729
26.846040809689104 0.9898635822085521
26.956974862621703 0.9680562961141058
27.067908915554302 0.9343479691623806
27.1788429684869 0.8891530030549026
27.2897770214195 0.8330270133486881
27.400711074352103 0.7666599988581945
27.511645127284698 0.6908678589832851
27.6225791802173 0.6065823632469963
27.7335132331499 0.5148396963551842
27.8444472860825 0.41676771960208897
27.9553813390151 0.3135721052269953
28.066315391947697 0.2065215141826903
28.1772494448803 0.09693199953645429
28.288183497812895 -0.01384917275560765
28.399117550745498 -0.12446008679775294
28.510051603678097 -0.2335409198063574
28.620985656610696 -0.3397506594295681
28.7319197095433 -0.4417835898161813
28.842853762475894 -0.5383853437582129
28.953787815408496 -0.6283683235661979
29.064721868341096 -0.71062630109673
29.175655921273695 -0.7841480174433232
29.286589974206294 -0.8480296150992908
29.397524027138893 -0.9014857497548197
29.50845808007149 -0.943859245122579
29.619392133004094 -0.9746291720978658
29.73032618593669 -0.993417252930119
29.841260238869292 -0.9999925116745408
29.952194291801888 -0.9942741137523167
30.06312834473449 -0.9763323597106182
30.174062397667093 -0.946387820965342
30.28499645059969 -0.9048086281515486
30.39593050353229 -0.8521059454179255
30.506864556464887 -0.7889276863032049
30.61779860939749 -0.7160505484498964
30.72873266233009 -0.6343704650786623
30.839666715262688 -0.5448915906104048
30.95060076819529 -0.44871395584413987
31.061534821127886 -0.34701994445477735
31.17246887406049 -0.24105975706528823
31.283402926993087 -0.1321360415944339
31.394336979925686 -0.02158787883053795
31.505271032858285 0.0892256798912331
31.616205085790885 0.19894232052449365
31.727139138723484 0.3062132142582114
31.838073191656086 0.4097195996791885
31.94900724458868 0.5081889952934885
32.059941297521284 0.6004108430942172
32.17087535045388 0.6852513908574343
32.28180940338648 0.7616676302071451
32.39274345631908 0.8287201190981804
32.50367750925168 0.8855845310806452
32.61461156218428 0.9315617893621614
32.72554561511688 0.966086661082295
32.83647966804948 0.988734706143313
32.947413720982084 0.9992274951700951
33.058347773914676 0.9974360324509077
33.16928182684728 0.9833823417782724
33.280215879779874 0.9572391956939986
33.39114993271248 0.9193279914669529
33.50208398564508 0.8701147999158179
33.61301803857768 0.8102046356515372
33.72395209151028 0.7403340191797237
33.834886144442876 0.6613619223026292
33.945820197375475 0.5742592081356447
34.056754250308074 0.48009669556011236
34.16768830324067 0.38003199484506706
34.27862235617328 0.27529527627745887
34.38955640910587 0.16717414675778897
34.50049046203848 0.056997820284341756
34.61142451497108 -0.053879223069617406
34.722358567903676 -0.1640938887935938
34.833292620836275 -0.2722912254812305
34.944226673768874 -0.37714108226244175
35.05516072670147 -0.47735446134397724
35.16609477963407 -0.5716993646244013
35.27702883256667 -0.6590159395691834
35.38796288549927 -0.7382307381463166
35.49889693843187 -0.808369913526694
35.60983099136447 -0.8685711923123238
35.720765044297075 -0.9180944751088203
35.831699097229674 -0.9563309351213782
35.942633150162266 -0.982810502918425
36.053567203094865 -0.9972076453470874
36.16450125602747 -0.9993453675559695
36.27543530896007 -0.9891973889253884
36.38636936189267 -0.9668884661547084
36.49730341482526 -0.9326928595348275
36.60823746775787 -0.8870309612610645
36.719171520690466 -0.8304641272371674
36.830105573623065 -0.7636877759068625
36.94103962655567 -0.6875228389542543
37.05197367948826 -0.6029056689760031
37.16290773242086 -0.5108765281977317
37.27384178535346 -0.41256679975166466
37.38477583828607 -0.30918507873665596
37.49570989121867 -0.2020023140537633
37.60664394415126 -0.09233618367978222
37.717577997083865 0.01846510453471189
37.828512050016464 0.12903938739384546
37.93944610294906 0.23802729244857146
38.05038015588166 0.3440889497799481
38.16131420881426 0.44592046402325497
38.27224826174686 0.5422699441299728
38.38318231467946 0.6319528938017658
38.49411636761206 0.7138667733903412
38.605050420544664 0.7870045542428501
38.715984473477256 0.8504670988590841
38.826918526409855 0.9034742146620166
38.93785257934246 0.9453742454892619
39.04878663227506 0.9756520828902026
39.15972068520766 0.9939354987398609
39.27065473814025 0.9999997213179237
39.38158879107286 0.9937701985957963
39.49252284400546 0.975323514760509
39.603456896938056 0.9448864487079651
39.71439094987066 0.9028331860801755
39.825325002803254 0.8496807191210137
39.93625905573585 0.7860824909034464
40.04719310866845 0.7128203620646172
40.15812716160106 0.6307949988076142
40.26906121453366 0.5410148003375082
40.37999526746625 0.4445835018548836
40.49092932039885 0.3426866055126183
40.601863373331454 0.23657680615032667
40.71279742626405 0.12755859097877378
40.82373147919665 0.016972202541854935
40.934665532129245 -0.09382283788843722
41.04559958506185 -0.20346444392496046
41.15653363799445 -0.3106047092131395
41.26746769092705 -0.4139264782530661
41.378401743859655 -0.5121595391782192
41.48933579679225 -0.6040962394209575
41.600269849724846 -0.6886063322897956
41.711203902657445 -0.7646508719381669
41.82213795559005 -0.8312949859036358
41.93307200852265 -0.8877193681950197
42.04400606145524 -0.933230351634397
42.15494011438784 -0.967268435627086
42.26587416732045 -0.9894151645213558
42.37680822025305 -0.9993982719970691
42.487742273185646 -0.9970950282394144
42.59867632611825 -0.9825337487484024
42.709610379050844 -0.9558934462352319
42.82054443198344 -0.9175016298849867
42.93147848491604 -0.8678302790410222
43.04241253784865 -0.8074900408095024
43.15334659078125 -0.7372227229173348
43.26428064371384 -0.6578921741143542
43.375214696646445 -0.5704736642338429
43.486148749579044 -0.4760418944703102
43.59708280251164 -0.3757577852729973
43.70801685544424 -0.27085420428161067
43.81895090837684 -0.16262080976134088
43.92988496130944 -0.05238819586820788
44.04081901424204 0.058488465341149785
44.151753067174646 0.1686460840542271
44.262687120107245 0.2767304101862707
44.37362117303984 0.3814126821905691
44.484555225972436 0.4814059625190231
44.59548927890504 0.5754809589089616
44.70642333183764 0.6624811369933328
44.81735738477024 0.7413369384436358
44.92829143770283 0.8110789298512302
45.03922549063544 0.8708497206980963
45.15015954356804 0.9199145039003817
45.261093596500636 0.9576700893420942
45.37202764943324 0.9836523193428028
45.482961702365834 0.9975417748955276
45.59389575529843 0.9991677025237631
45.70482980823103 0.9885101134817993
45.81576386116364 0.9657000294913439
45.92669791409624 0.9310178719934027
46.03763196702883 0.8848900147175415
46.14856601996143 0.8278835419503836
46.259500072894035 0.7606992769438955
46.370434125826634 0.6841631661704325
46.48136817875923 0.5992161253443231
46.59230223169183 0.506902472040521
46.70323628462443 0.4083570871167439
46.81417033755703 0.3047914627733753
46.92510439048963 0.19747880877276844
47.036038443422235 0.08773839991834538
47.14697249635483 -0.02308064277830191
47.257906549287426 -0.13361593785219977
47.368840602220025 -0.24250859216032214
47.47977465515263 -0.3484199067724785
47.59070870808523 -0.450047834599548
47.70164276101782 -0.5461429874332574
47.81257681395043 -0.6355239956108775
47.92351086688303 -0.7170920314769569
48.03444491981563 -0.7898443180944713
48.145378972748226 -0.8528864571324859
48.256313025680825 -0.9054434243745028
48.367247078613424 -0.9468690976714353
48.47818113154602 -0.976654200204956
48.58911518447863 -0.994432561408733
48.70004923741123 -0.9999856185773609
48.81098329034382 -0.9932451038213481
48.92191734327642 -0.97429388333539
49.032851396209026 -0.943364938662194
49.143785449141625 -0.900838502475944
49.254719502074224 -0.8472373840973346
49.365653555006816 -0.7832205422071623
49.47658760793942 -0.7095749837738586
49.58752166087202 -0.6272060887876195
49.69845571380462 -0.5371264797462592
49.809389766737226 -0.4404435727286834
49.92032381966982 -0.3383459630999075
50.03125787260242 -0.23208881321823815
50.142191925535016 -0.12297842178469305
50.25312597846762 -0.012356164534970585
50.36406003140022 0.0984179962967578
50.47499408433281 0.20798223101186714
50.58592813726541 0.31498958443940134
50.69686219019802 0.418124535064462
50.80779624313062 0.5161191677191586
50.91873029606322 0.6077687610131208
51.02966434899581 0.6919465978755259
51.140598401928415 0.7676178171316846
51.251532454861014 0.8338521358262382
51.36246650779361 0.8898352858881076
51.47340056072622 0.9348790245375311
51.58433461365881 0.9684295953698553
51.69526866659141 0.9900745360976531
51.80620271952401 0.9995477492584199
51.917136772456615 0.996732773549927
52.028070825389214 0.9816642155762051
52.139004878321806 0.9545273244026524
52.24993893125441 0.9156557141505615
52.36087298418701 0.865527262628962
52.47180703711961 0.8047582364248937
52.58274109005221 0.7340957146768478
52.69367514298481 0.6544084046715568
52.80460919591741 0.5666759621748958
52.91554324885001 0.4719769477900577
53.02647730178261 0.3714755674045055
53.13741135471521 0.266407359735352
53.248345407647804 0.15806400692679876
53.3592794605804 0.04777745493441829
53.47021351351301 -0.06309646108371214
53.58114756644561 -0.1731946850637575
53.69208161937821 -0.2811636971049091
53.8030156723108 -0.3856761533029065
53.913949725243405 -0.4854472037825091
54.024883778176005 -0.5792502883189483
54.135817831108604 -0.6659322153611937
54.24675188404121 -0.7444273390790865
54.3576859369738 -0.8137706601453901
54.4686199899064 -0.8731096891950865
54.579554042839 -0.9217149271153751
54.690488095771606 -0.9589888333244868
54.801422148704205 -0.9844731717854369
54.9123562016368 -0.9978546444447342
55.023290254569396 -0.99896874283992
55.134224307502 -0.9878017705252653
55.2451583604346 -0.9644910114524408
55.3560924133672 -0.9293230422361052
