0.0 0.0
0.11906654932220216 0.11878541737501541
0.23813309864440432 0.23588882106369866
0.3571996479666065 0.3496520148659338
0.47626619728880865 0.45846410029599066
0.5953327466110108 0.5607842870702112
0.714399295933213 0.6551637108553673
0.8334658452554151 0.7402659493361369
0.9525323945776173 0.8148859460920822
1.0715989438998195 0.877967074320089
1.1906654932220215 0.9286160987782098
1.3097320425442238 0.9661158240882532
1.428798591866426 0.9899352502958555
1.547865141188628 0.9997370918842661
1.6669316905108302 0.9953825537718385
1.7859982398330323 0.9769332966646143
1.9050647891552346 0.944650563934404
2.024131338477437 0.8989914823858645
2.143197887799639 0.8406025892940848
2.262264437121841 0.7703106773704979
2.381330986444043 0.6891110872933339
2.500397535766245 0.5981536135815884
2.6194640850884476 0.49872622338677003
2.7385306344106497 0.3922368187460127
2.857597183732852 0.2801933005449069
2.976663733055054 0.16418221648639353
3.095730282377256 0.045846295412654114
3.2147968316994584 -0.07313881390368168
3.3338633810216605 -0.19108827011792195
3.452929930343863 -0.3063318968394636
3.5719964796660646 -0.4172378325006837
3.6910630289882667 -0.5222356376840185
3.810129578310469 -0.6198385327050925
3.9291961276326712 -0.7086644505654554
4.048262676954874 -0.7874556071629527
4.167329226277076 -0.8550963116435413
4.286395775599278 -0.9106287646981506
4.40546232492148 -0.9532666210990783
4.524528874243682 -0.9824061244290212
4.643595423565884 -0.9976346563338327
4.762661972888086 -0.998736579240714
4.881728522210289 -0.985696289808349
5.00079507153249 -0.9586984398718177
5.119861620854692 -0.9181253217536814
5.238928170176895 -0.8645514549655096
5.3579947194990964 -0.7987354509527045
5.477061268821299 -0.7216092710786675
5.5961278181435015 -0.6342650299563671
5.715194367465704 -0.5379395309934646
5.834260916787906 -0.43399675312928626
5.953327466110108 -0.3239085367532186
6.072394015432311 -0.2092337422939272
6.191460564754512 -0.0915961765958936
6.310527114076715 0.027338400351961997
6.429593663398917 0.14588586274846355
6.548660212721119 0.2623675663741675
6.667726762043321 0.3751341183655781
6.786793311365523 0.482588732787169
6.905859860687726 0.5832098412839127
7.024926410009927 0.6755726386451546
7.143992959332129 0.7583692581924555
7.263059508654332 0.8304272913058166
7.382126057976533 0.8907263888499195
7.501192607298736 0.9384127094224798
7.620259156620938 0.9728110098360209
7.7393257059431395 0.993434206630631
7.8583922552653425 0.9999902732256827
7.9774588045875445 0.992386375046149
8.096525353909747 0.9707301840697026
8.21559190323195 0.935328354180475
8.334658452554152 0.8866821789186227
8.453725001876354 0.8254804931124125
8.572791551198556 0.7525899189064438
8.691858100520758 0.6690425943032458
8.81092464984296 0.5760215579833609
8.929991199165162 0.47484399735635857
9.049057748487364 0.3669425970520959
9.168124297809566 0.2538452519594984
9.287190847131768 0.13715343207831363
9.40625739645397 0.018519505539753293
9.525323945776172 -0.10037665909562347
9.644390495098374 -0.21785147994892548
9.763457044420578 -0.3322415015149146
9.88252359374278 -0.4419269493624686
10.00159014306498 -0.5453546663065725
10.120656692387183 -0.641060105273266
10.239723241709385 -0.7276880674363299
10.358789791031588 -0.8040118919715891
10.47785634035379 -0.8689508256999182
10.596922889675993 -0.921585326663049
10.715989438998193 -0.9611700849319538
10.835055988320395 -0.9871445762718428
10.954122537642599 -0.9991409992227831
11.0731890869648 -0.9969894832060751
11.192255636287003 -0.9807204939090605
11.311322185609205 -0.9505644018878656
11.430388734931409 -0.9069482204967115
11.549455284253611 -0.8504895593350492
11.668521833575811 -0.7819878788323199
11.787588382898013 -0.702413169806322
11.906654932220215 -0.6128922182938057
12.02572148154242 -0.5146926501446847
12.144788030864621 -0.4092049813100679
12.263854580186823 -0.2979229279938455
12.382921129509024 -0.1824222554781338
12.501987678831226 -0.0643384651253454
12.62105422815343 0.054656364488743836
12.740120777475632 0.17287725437902676
12.859187326797834 0.28865018462622466
12.978253876120036 0.4003357986705354
13.097320425442238 0.506352616768567
13.216386974764442 0.6051994299086181
13.335453524086642 0.6954765570841598
13.454520073408844 0.7759056649203797
13.573586622731046 0.8453478690057926
13.692653172053248 0.9028198606122575
13.811719721375452 0.9475078304473628
13.930786270697654 0.9787789922774253
14.049852820019854 0.9961905432454282
14.168919369342056 0.9994959340048644
14.287985918664258 0.9886483598837552
14.407052467986462 0.963801423643604
14.526119017308664 0.9253069604485499
14.645185566630866 0.873710055843375
14.764252115953067 0.8097413272863186
14.883318665275269 0.7343065785309704
15.002385214597473 0.6484739733522731
15.121451763919675 0.5534589102379774
15.240518313241877 0.4506068122214619
15.359584862564079 0.3413740755536701
15.478651411886279 0.2273074469829078
15.597717961208485 0.11002212166232457
15.716784510530685 -0.008821128178997327
15.835851059852887 -0.1275394699410816
15.954917609175089 -0.24445183973514908
16.07398415849729 -0.3579027464206122
16.193050707819495 -0.4662857135293324
16.312117257141697 -0.5680660271370611
16.4311838064639 -0.6618024675699514
16.5502503557861 -0.7461677172228597
16.669316905108303 -0.819967155512697
16.788383454430505 -0.8821557748283418
16.907450003752707 -0.931852977945534
17.02651655307491 -0.9683550473738376
17.14558310239711 -0.9911451100684407
17.264649651719314 -0.9999004564054537
17.383716201041516 -0.9944971097832627
17.502782750363718 -0.975011582143917
17.62184929968592 -0.9417197905561873
17.740915849008122 -0.8950931502015874
17.859982398330324 -0.8357918990870823
17.979048947652526 -0.7646557490072289
18.098115496974728 -0.6826919951390905
18.21718204629693 -0.5910612526392746
18.336248595619132 -0.49106102221434395
18.455315144941334 -0.3841073173778101
18.574381694263536 -0.2717146135536303
18.69344824358574 -0.15547440294896095
18.81251479290794 -0.03703265886136527
18.931581342230142 0.08193347147180324
19.050647891552345 0.1997394154502007
19.16971444087455 0.314717028831197
19.28878099019675 0.4252382168233307
19.40784753951895 0.5297379880754802
19.526914088841156 0.6267366151147872
19.645980638163355 0.7148605874393568
19.76504718748556 0.7928620605677855
19.88411373680776 0.8596365256448915
20.00318028612996 0.9142384494003587
20.122246835452167 0.9558946629967452
20.241313384774365 0.984015310179482
20.36037993409657 0.9982021997019097
20.47944648341877 0.9982544437541379
20.598513032740975 0.9841713025550315
20.717579582063177 0.9561521948275871
20.836646131385375 0.9145938740093729
20.95571268070758 0.8600848101831771
21.07477923002978 0.7933968572803297
21.193845779351985 0.7154743235498897
21.312912328674187 0.6274206000570687
21.431978877996386 0.5304825365526232
21.55104542731859 0.4260327859525688
21.67011197664079 0.31555036743221465
21.789178525962996 0.2005997233629846
21.908245075285198 0.08280856664812107
22.0273116246074 -0.03615516785891331
22.1463781739296 -0.1546069414829183
22.2654447232518 -0.2708694649672733
22.384511272574006 -0.38329644906176175
22.503577821896208 -0.4902959161470755
22.62264437121841 -0.590352742801127
22.741710920540612 -0.6820501141019991
22.860777469862818 -0.7640895858724782
22.979844019185016 -0.8353094707826914
23.098910568507222 -0.8947012879618026
23.21797711782942 -0.941424043190489
23.337043667151622 -0.9748161374653215
23.456110216473828 -0.9944047353084534
23.575176765796027 -0.9999124601664624
23.694243315118232 -0.9912613220907808
23.81330986444043 -0.9685738220833612
23.932376413762636 -0.9321712174699267
24.05144296308484 -0.8825689728633173
24.170509512407037 -0.8204694611317266
24.289576061729242 -0.746752017726884
24.40864261105144 -0.6624604892039436
24.527709160373647 -0.568788452247227
24.64677570969585 -0.4670623125020611
24.765842259018047 -0.35872252253485
24.884908808340253 -0.24530318487707434
25.00397535766245 -0.12841032897622456
25.123041906984657 -0.009699169654144519
25.24210845630686 0.10914933090446463
25.36117500562906 0.2264522657489281
25.480241554951263 0.3405486132975108
25.59930810427346 0.4498227575732807
25.718374653595667 0.5527273654919698
25.83744120291787 0.6478052972570275
25.95650775224007 0.7337102396085381
26.075574301562273 0.8092257697569714
26.194640850884475 0.8732825800545774
26.313707400206678 0.9249736195012892
26.432773949528883 0.9635669376798642
26.55184049885108 0.9885160492488171
26.670907048173284 0.9994676722308828
26.789973597495486 0.9962667305220199
26.909040146817688 0.9789585497849435
27.028106696139893 0.9477882156330941
27.147173245462092 0.9031971031932339
27.266239794784294 0.8458166271883958
27.385306344106496 0.776459301040693
27.504372893428698 0.6961072315979683
27.623439442750904 0.6058982124001535
27.742505992073102 0.507109612406128
27.861572541395308 0.40114028831828924
27.980639090717506 0.2894907766283001
28.09970564003971 0.17374204586650485
28.218772189361914 0.05553310992551141
28.337838738684113 -0.06346218054453645
28.45690528800632 -0.18155884003278158
28.575971837328517 -0.2970846077351568
28.695038386650722 -0.40840362693884424
28.814104935972924 -0.5139396089209634
28.933171485295123 -0.6121981533585021
29.05223803461733 -0.7017879091900736
29.171304583939527 -0.7814402762895412
29.290371133261733 -0.850027368973884
29.409437682583935 -0.9065779869800483
29.528504231906133 -0.9502913677602501
29.64757078122834 -0.9805485253617305
29.766637330550537 -0.9969210153312873
29.885703879872743 -0.9991770015326635
30.004770429194945 -0.9872845389699931
30.123836978517147 -0.9614120261322209
30.24290352783935 -0.9219258204532359
30.361970077161548 -0.869385050653055
30.481036626483753 -0.8045336994178252
30.600103175805955 -0.7282900685287407
30.719169725128157 -0.6417337756146727
30.83823627445036 -0.5460904666558851
30.957302823772558 -0.4427144607113181
31.076369373094764 -0.33306957262187104
31.19543592241697 -0.21870838524223304
31.314502471739168 -0.10125026470849562
31.43356902106137 0.017641569952348758
31.552635570383572 0.13628359817428864
31.671702119705774 0.25299583667609776
31.79076866902798 0.36612562819680666
31.909835218350178 0.4740710432919098
32.02890176767238 0.5753035638185414
32.14796831699458 0.6683897269090261
32.267034866316784 0.7520114229520546
32.38610141563899 0.824984560159867
32.50516796496119 0.8862758314293613
32.624234514283394 0.9350173460766025
32.74330106360559 0.9705189192578476
32.8623676129278 0.992277845057705
32.98143416225 0.9999860148564105
33.1005007115722 0.9935342801794761
33.2195672608944 0.973013998251274
33.338633810216606 0.9387157383673718
33.457700359538805 0.8911251674035311
33.57676690886101 0.830916172722947
33.69583345818321 0.7589413198621296
33.814900007505415 0.6762197801154846
33.93396655682761 0.5839228989653468
34.05303310614982 0.4833576097098406
34.172099655472024 0.37594792715344594
34.29116620479422 0.2632147834113811
34.41023275411642 0.1467544913549307
34.52929930343863 0.028216140657567956
34.648365852760826 -0.09072175348384257
34.76743240208303 -0.20837501829634075
34.88649895140523 -0.32307767148991895
35.005565500727435 -0.43320551173757843
35.124632050049634 -0.5371991175325571
35.24369859937184 -0.6335859287567684
35.362765148694045 -0.7210010982829763
35.481831698016244 -0.7982068183500444
35.60089824733845 -0.8641098480477277
35.71996479666065 -0.917776993719997
35.83903134598285 -0.9584483230828967
35.95809789530505 -0.9855479259435596
36.07716444462725 -0.9986920691475902
36.196230993949456 -0.9976946302798564
36.315297543271654 -0.9825697331769694
36.43436409259386 -0.9535315479323077
36.553430641916066 -0.910991258225545
36.672497191238264 -0.8555512389195978
36.79156374056047 -0.7879965263708056
36.91063028988267 -0.7092837022336783
37.029696839204874 -0.6205273481665807
37.14876338852707 -0.5229842632412349
37.26782993784928 -0.41803566753899285
37.38689648717148 -0.30716764393294543
37.505963036493675 -0.1919500950020642
37.62502958581588 -0.0740145130497747
37.744096135138086 0.044969121994283635
37.863162684460285 0.16331598966125926
37.98222923378249 0.2793502861736542
38.10129578310469 0.39142895399854555
38.220362332426895 0.49796494771073097
38.3394288817491 0.5974497067185852
38.4584954310713 0.6884745166366968
38.5775619803935 0.769750456825978
38.6966285297157 0.8401266516420235
38.8156950790379 0.8986065669521979
38.93476162836011 0.9443621211611324
39.05382817768231 0.9767454109309734
39.172894727004504 0.9952978855590745
39.29196127632671 0.9997568401029527
39.411027825648915 0.9900591353091912
39.53009437497112 0.9663420916717492
39.64916092429332 0.9289415449596917
39.76822747361552 0.8783870907482674
39.88729402293772 0.8153945852912762
40.00636057225992 0.7408560089231511
40.12542712158213 0.6558268355259598
40.24449367090433 0.5615110869110713
40.363560220226525 0.45924428374688187
40.48262676954873 0.35047453444920534
40.601693318870936 0.23674202981773748
40.72075986819314 0.11965723377640443
40.83982641751535 0.0008780790391284222
40.95889296683754 -0.11791350938733652
41.077959516159744 -0.23503543043396535
41.19702606548195 -0.3488292256929411
41.31609261480415 -0.4576835633587631
41.435159164126354 -0.5600570548517965
41.55422571344855 -0.6545000810385183
41.67329226277075 -0.7396753189870875
41.79235881209296 -0.8143766785971231
41.91142536141516 -0.8775463809591516
42.03049191073737 -0.9282899366124082
42.14955846005956 -0.9658888116072845
42.268625009381765 -0.9898106020197248
42.38769155870397 -0.9997165728453401
42.50675810802617 -0.9954664545218116
42.625824657348375 -0.9771204291602656
42.74489120667057 -0.9449382783604147
42.86395775599277 -0.89937570467647
42.98302430531498 -0.8410778788222619
43.10209085463718 -0.7708703039878064
43.22115740395939 -0.6897471266295068
43.34022395328158 -0.5988570592544377
43.459290502603785 -0.49948711453345007
43.57835705192599 -0.39304438106988926
43.6974236012482 -0.28103609888069336
43.816490150570395 -0.16504831672326864
43.935556699892594 -0.0467234334824832
44.0546232492148 0.07226305836588653
44.173689798537 0.19022629790034015
44.2927563478592 0.30549591355706057
44.41182289718141 0.41643967576243274
44.5308894465036 0.5214866094711367
44.649955995825806 0.6191492393338669
44.76902254514801 0.7080446525006795
44.88808909447022 0.7869140808087564
45.007155643792416 0.8546407250686061
45.126222193114614 0.9102655690550788
45.24528874243682 0.953000959275409
45.364355291759026 0.9822417582234086
45.483421841081224 0.9975739131885957
45.60248839040343 0.9987803192850162
45.721554939725635 0.9858438936786788
45.84062148904783 0.9589478174822437
45.95968803837003 0.918472941891674
46.07875458769224 0.8649923952942811
46.197821137014444 0.7992634677119986
46.31688768633664 0.7222168874970526
46.43595423565884 0.6349436421230743
46.555020784981046 0.5386795296906461
46.674087334303245 0.4347876598995398
46.79315388362545 0.3247391522755985
46.912220432947656 0.21009230496749345
47.03128698226985 0.09247052908519234
47.15035353159205 -0.026460638967818466
47.26942008091426 -0.14501712166065198
47.388486630236464 -0.261520147045543
47.50755317955866 -0.3743200203406933
47.62661972888086 -0.48181948377750716
47.74568627820307 -0.5824963339343092
47.86475282752527 -0.67492497629282
47.98381937684747 -0.7577966118026828
48.10288592616968 -0.8299377696101892
48.221952475491875 -0.8903269235258238
48.341019024814074 -0.9381089569398525
48.46008557413628 -0.9726072713611559
48.579152123458485 -0.993333367121216
48.69821867278069 -0.9999937605795068
48.81728522210288 -0.9924941398819257
48.93635177142509 -0.9709407004263098
49.05541832074729 -0.935638641124723
49.17448487006949 -0.8870878427555767
49.2935514193917 -0.825975789600555
49.412617968713896 -0.7531678345967354
49.531684518036094 -0.6696949458502723
49.6507510673583 -0.5767391080223407
49.769817616680506 -0.47561658530518575
49.88888416600271 -0.3677592829862191
50.0079507153249 -0.2546944715223881
50.12701726464711 -0.13802316023389516
50.246083813969314 -0.019397426848190524
50.36515036329152 0.09950297609005085
50.48421691261372 0.2169944066871277
50.603283461935916 0.33141317424213296
50.72235001125812 0.44113909727780326
50.84141656058032 0.5446184454762975
50.960483109902526 0.64038594065981
51.07954965922473 0.7270855052797253
51.19861620854692 0.8034894646137299
51.31768275786913 0.8685159307657543
51.436749307191334 0.9212441223094271
51.55581585651354 0.9609274026474967
51.67488240583574 0.9870038524625723
51.79394895515794 0.9991042265522642
51.91301550448014 0.9970571823790925
52.03208205380234 0.9808917062983853
52.15114860312455 0.950836703108513
52.27021515244675 0.9073177547354844
52.38928170176895 0.8509510939492493
52.50834825109115 0.7825348784444994
52.627414800413355 0.7030378888458977
52.74648134973556 0.6135858106751388
52.865547899057766 0.5154452945285587
52.98461444837996 0.41000602017486715
53.10368099770216 0.29876101854712006
53.22274754702437 0.1832855302717374
53.34181409634657 0.06521470009971778
53.46088064566877 -0.05377957691066502
53.57994719499097 -0.17201232959921844
53.69901374431317 -0.28780937006822965
53.818080293635376 -0.3995310003546908
53.93714684295758 -0.5055952307215221
54.05621339227979 -0.6045001807944342
54.17527994160198 -0.6948453463419637
54.294346490924184 -0.7753514305589936
54.41341304024639 -0.8448784590405858
54.53247958956859 -0.9024419219364511
54.651546138890794 -0.9472267147113499
54.77061268821299 -0.9785986801088427
54.8896792375352 -0.9961135878830679
55.008745786857396 -0.9995234251445447
55.1278123361796 -0.9887799082481201
55.24687888550181 -0.9640351664943292
55.365945434824 -0.9256395879629131
55.485011984146205 -0.8741368579816718
55.60407853346841 -0.8102562604865189
55.723145082790616 -0.7349023512861752
55.842211632112814 -0.6491421494592043
55.96127818143501 -0.5541900282544677
56.08034473075722 -0.45139051944144737
56.19941128007942 -0.3421992746025868
56.31847782940162 -0.2281624529576263
56.43754437872383 -0.11089482759060396
56.55661092804602 0.007943079902550781
56.675677477368225 0.12666851257008055
56.79474402669043 0.24360030611524583
56.91381057601264 0.3570826943551539
57.032877125334835 0.4655087550396153
57.15194367465703 0.5673431640349468
57.27101022397924 0.6611439356710699
57.390076773301445 0.7455828414064026
57.50914332262364 0.8194642176801743
57.62820987194585 0.8817418966310206
57.74727642126805 0.9315340199411103
57.866342970590246 0.9681355260403501
57.98540951991245 0.991028133850476
58.10447606923466 0.9998876816982479
58.22354261855686 0.9945887174779785
58.342609167879054 0.9752062750662093
58.46167571720126 0.9420148118343167
58.580742266523465 0.8954843223040133
58.699808815845664 0.8362736829767394
58.81887536516787 0.76522132257485
58.93794191449007 0.6833333498049875
59.05700846381227 0.5917693067556357
59.17607501313447 0.4918257496622956
59.29514156245668 0.38491788953829914
59.41420811177888 0.27255955264177484
