0.0 0.0
0.06250641744353887 0.06246572275464303
0.12501283488707773 0.12468746811997591
0.18751925233061661 0.18642221162876915
0.25002566977415547 0.2474288309360501
0.3125320872176943 0.3074690475900078
0.37503850466123323 0.3663083576952759
0.4375449221047721 0.4237169478336268
0.5000513395483109 0.47947059266469344
0.5625577569918498 0.5333515307008865
0.6250641744353886 0.5851493148359216
0.6875705918789276 0.6346616343049826
0.7500770093224665 0.6816951048661193
0.8125834267660053 0.7260660241166113
0.8750898442095442 0.7676010889941929
0.937596261653083 0.8061380726607392
1.0001026790966219 0.8415264581246553
1.062609096540161 0.8736280261271756
1.1251155139836997 0.9023173949964226
1.1876219314272385 0.9274825103606703
1.2501283488707773 0.9490250828081023
1.3126347663143163 0.9668609717836593
1.375141183757855 0.9809205142235616
1.4376476012013941 0.9911487966439322
1.500154018644933 0.9975058696207987
1.5626604360884717 0.9999669038237676
1.6251668535320105 0.9985222869939333
1.6876732709755495 0.9931776614872496
1.7501796884190883 0.9839539022367272
1.8126861058626274 0.9708870352195312
1.875192523306166 0.9540280967474297
1.937698940749705 0.9334429341301722
2.0002053581932437 0.9092119484903651
2.0627117756367825 0.8814297807343505
2.125218193080322 0.8502049419056185
2.18772461052386 0.8156593893645127
2.2502310279673994 0.7779280504495718
2.312737445410938 0.7371582954809931
2.375243862854477 0.6935093621645356
2.4377502802980158 0.6471517336440278
2.5002566977415546 0.5982664726316622
2.562763115185094 0.547044514216822
2.6252695326286326 0.49368592011557055
2.687775950072171 0.43839909727354154
2.75028236751571 0.38139998387419527
2.812788784959249 0.3229112059317198
2.8752952024027882 0.263161207762726
2.9378016198463266 0.20238335973294075
3.000308037289866 0.14081504676382453
3.0628144547334046 0.0786967411592282
3.1253208721769434 0.016271063373401205
3.1878272896204822 -0.0462181656111966
3.250333707064021 -0.1085268765950852
3.3128401245075603 -0.17041170544243583
3.375346541951099 -0.23163094360791653
3.4378529593946374 -0.29194548219716876
3.5003593768381767 -0.3511197458736168
3.5628657942817155 -0.4089226129639723
3.6253722117252547 -0.46512831816871775
3.687878629168793 -0.5195173343517606
3.750385046612332 -0.5718772299652018
3.812891464055871 -0.6220034987602864
3.87539788149941 -0.6697003585438814
3.9379042989429487 -0.7147815158607111
4.0004107163864875 -0.7570708936146623
4.062917133830026 -0.7964033187872381
4.125423551273565 -0.8326251675670808
4.187929968717104 -0.8655949653708248
4.250436386160644 -0.8951839394117399
4.312942803604182 -0.9212765216579433
4.37544922104772 -0.943770800215743
4.4379556384912595 -0.9625789173751037
4.500462055934799 -0.9776274127625588
4.562968473378337 -0.9888575102612915
4.625474890821876 -0.9962253475777336
4.687981308265415 -0.9997021475580463
4.750487725708954 -0.9992743305853627
4.812994143152492 -0.9949435676187862
4.8755005605960315 -0.986726773666992
4.938006978039571 -0.9746560417219198
5.000513395483109 -0.9587785174105975
5.0630198129266475 -0.9391562148546804
5.125526230370188 -0.9158657744569154
5.188032647813726 -0.888998163560569
5.250539065257265 -0.8586583211509657
5.313045482700804 -0.8249647479868704
5.375551900144342 -0.7880490437625566
5.438058317587882 -0.7480553931083134
5.50056473503142 -0.7051400024369613
5.563071152474959 -0.6594704898359156
5.625577569918498 -0.6112252303877669
5.688083987362036 -0.5605926594763986
5.7505904048055765 -0.5077705367997718
5.813096822249115 -0.45296517396400166
5.875603239692653 -0.39639062867554087
5.938109657136192 -0.3382678686788123
6.000616074579732 -0.27882390870474694
6.063122492023271 -0.21829092380111756
6.125628909466809 -0.15690534250781332
6.188135326910348 -0.09490692341890342
6.250641744353887 -0.032537818738245745
6.313148161797426 0.029958371513818593
6.3756545792409645 0.09233755094862736
6.438160996684504 0.15435608019606584
6.500667414128042 0.21577172850641246
6.56317383157158 0.27634461985043524
6.6256802490151205 0.33583816982245895
6.688186666458659 0.3940200096870703
6.750693083902198 0.4506628939603575
6.8131995013457365 0.5055455879808348
6.875705918789275 0.558453732003431
6.938212336232815 0.609180678441557
7.000718753676353 0.6575282989871734
7.063225171119892 0.7033077584564417
7.125731588563431 0.7463402523384595
7.188238006006969 0.7864577051663959
7.250744423450509 0.8235034269833434
7.313250840894048 0.8573327253388576
7.375757258337586 0.8878134704258871
7.438263675781125 0.9148266111507665
7.500770093224664 0.9382666401206322
7.563276510668204 0.9580420057321223
7.625782928111742 0.9740754697518207
7.6882893455552805 0.9863044089918321
7.75079576299882 0.994681059902193
7.813302180442358 0.999172705124804
7.875808597885897 0.999761801280244
7.938315015329437 0.9964460474883544
8.000821432772975 0.989238394354973
8.063327850216513 0.9781669933897112
8.125834267660052 0.963275087052344
8.188340685103592 0.9446208398572605
8.25084710254713 0.9222771111956528
8.313353519990669 0.8963311707627375
8.375859937434209 0.8668843577015006
8.438366354877747 0.8340516847942727
8.500872772321287 0.7979613892480627
8.563379189764825 0.7587544318282093
8.625885607208364 0.7165839462965935
8.688392024651902 0.6716146413048122
8.75089844209544 0.6240221570783707
8.81340485953898 0.5739923794045492
8.875911276982519 0.5217207136033619
8.938417694426057 0.4674113213173
9.000924111869598 0.4112763231008141
9.063430529313136 0.3535349699240367
9.125936946756674 0.2944127868266531
9.188443364200214 0.23414069206664875
9.250949781643753 0.172954095204332
9.313456199087291 0.11109197764430086
9.37596261653083 0.048795959226587846
9.43846903397437 -0.013690645487354531
9.500975451417908 -0.07612377754786734
9.563481868861446 -0.1382595868577333
9.625988286304985 -0.1998553845970753
9.688494703748525 -0.26067059111257146
9.751001121192063 -0.3204676755687186
9.813507538635603 -0.3790130836911018
9.876013956079142 -0.43607814997806504
9.93852037352268 -0.49143999081793394
10.001026790966218 -0.544882375023429
10.063533208409758 -0.5961965683831797
10.126039625853295 -0.6451821489316881
10.188546043296835 -0.6916477897535087
10.251052460740375 -0.7354120062641274
10.313558878183912 -0.7763038650488847
10.376065295627452 -0.8141636514913465
10.43857171307099 -0.8488434935834905
10.50107813051453 -0.880207939481296
10.563584547958069 -0.9081344865498785
10.626090965401607 -0.9325140598318737
10.688597382845147 -0.9532514380702546
10.751103800288684 -0.9702656256216391
10.813610217732224 -0.9834901688074841
10.876116635175764 -0.9928734154675475
10.9386230526193 -0.9983787167018815
11.00112947006284 -0.9999845700133847
11.06363588750638 -0.9976847032918293
11.126142304949918 -0.9914880993113472
11.188648722393458 -0.981418960645687
11.251155139836996 -0.9675166151382794
11.313661557280536 -0.949835362296319
11.376167974724073 -0.928444261208823
11.438674392167613 -0.9034268608169942
11.501180809611153 -0.8748808735904217
11.56368722705469 -0.8429177938836376
11.62619364449823 -0.807662462463659
11.688700061941768 -0.7692525789093906
11.751206479385306 -0.7278381637873118
11.813712896828847 -0.6835809727041081
11.876219314272385 -0.6366538645248125
11.938725731715923 -0.5872401262240488
12.001232149159463 -0.53553275700738
12.063738566603002 -0.4817337144988191
12.126244984046542 -0.4260531259387084
12.188751401490078 -0.36870846747289854
12.251257818933619 -0.3099237147386829
12.313764236377159 -0.24992846806518712
12.376270653820695 -0.18895705570491747
12.438777071264235 -0.12724761859907793
12.501283488707774 -0.06504118025139621
12.563789906151312 -0.002580705343252122
12.626296323594852 0.05988984923298144
12.68880274103839 0.12212648721595722
12.751309158481929 0.18388612597115486
12.813815575925467 0.24492754591823887
12.876321993369007 0.3050123326817466
12.938828410812548 0.363905808285254
13.001334828256084 0.42137794775199444
13.063841245699624 0.47720427753189265
13.12634766314316 0.5311667522459115
13.188854080586701 0.5830546063234232
13.251360498030241 0.6326651772062011
13.313866915473778 0.6798046969038567
13.376373332917318 0.7242890488090468
13.438879750360856 0.7659444868164736
13.501386167804396 0.8046083139370157
13.563892585247935 0.840129517756412
13.626399002691473 0.872369360256582
13.688905420135013 0.9012019196958401
13.75141183757855 0.9265145824315508
13.81391825502209 0.9482084827642837
13.87642467246563 0.9661988890855049
13.938931089909167 0.9804155348206297
14.001437507352707 0.9908028928748267
14.063943924796245 0.9973203925096463
14.126450342239783 0.999942577803415
14.188956759683323 0.9986592070764715
14.251463177126862 0.9934752928929178
14.313969594570402 0.9844110824826443
14.376476012013939 0.9715019786601004
14.438982429457479 0.9547984015486747
14.501488846901019 0.9343655916507759
14.563995264344555 0.9102833550327619
14.626501681788096 0.8826457516199733
14.689008099231634 0.8515607278193388
14.751514516675172 0.8171496949044184
14.814020934118712 0.7795470548096448
14.87652735156225 0.7388996751859003
14.939033769005789 0.6953663157677322
15.001540186449327 0.6491170082927138
15.064046603892868 0.6003323923948312
15.126553021336408 0.5492030100657632
15.189059438779944 0.4959285614397241
15.251565856223484 0.4407171248086019
15.314072273667021 0.38378434391388705
15.376578691110561 0.3253525856895701
15.439085108554101 0.26565007174577415
15.50159152599764 0.20490998698527518
15.564097943441178 0.14336956883450055
15.626604360884716 0.08126918064626788
15.689110778328256 0.01885137289333342
15.751617195771795 -0.043640064180458855
15.814123613215333 -0.10596105275131944
15.876630030658873 -0.16786818072986356
15.93913644810241 -0.2291196524752476
16.00164286554595 -0.28947623319583854
16.06414928298949 -0.34870218334772757
16.126655700433027 -0.406566179381607
16.189162117876567 -0.4628422172417415
16.251668535320103 -0.5173104950881338
16.314174952763643 -0.5697582717942463
16.376681370207184 -0.6199806978670808
16.43918778765072 -0.6677816155443012
16.50169420509426 -0.7129743249433659
16.5642006225378 -0.7553823132702338
16.626707039981337 -0.7948399442395673
16.689213457424877 -0.8311931050136777
16.751719874868417 -0.8642998081333978
16.814226292311957 -0.8940307460899112
16.876732709755494 -0.9202697963714692
16.939239127199034 -0.9429144750124155
17.001745544642574 -0.9618763368730313
17.06425196208611 -0.9770813210868242
17.12675837952965 -0.9884700403260044
17.189264796973188 -0.9959980127553331
17.251771214416728 -0.9996358357684035
17.314277631860268 -0.999369300827759
17.376784049303804 -0.99519944896032
17.439290466747345 -0.9871425666913604
17.50179688419088 -0.9752301224329203
17.56430330163442 -0.9595086435750981
17.62680971907796 -0.9400395347602916
17.689316136521498 -0.9168988380501538
17.751822553965038 -0.8901769359220025
17.814328971408575 -0.8599781982547298
17.876835388852115 -0.8264205746829736
17.939341806295655 -0.7896351339117699
18.001848223739195 -0.7497655517909804
18.06435464118273 -0.7069675501489919
18.12686105862627 -0.6614082885774579
18.189367476069812 -0.613265711542673
18.25187389351335 -0.5627278533735748
18.31438031095689 -0.5099921038409582
18.37688672840043 -0.45526443719641374
18.439393145843965 -0.39875860768214605
18.501899563287505 -0.3406953146538553
18.564405980731046 -0.2813013405775609
18.626912398174582 -0.2208086652671046
18.689418815618122 -0.15945355982195278
18.75192523306166 -0.09747566380421516
18.8144316505052 -0.03511704925913642
18.87693806794874 0.02737872476510456
18.939444485392276 0.08976756350553733
19.001950902835816 0.15180578986492688
19.064457320279352 0.21325109616095453
19.126963737722892 0.2738634905268182
19.189470155166433 0.333406234266713
19.25197657260997 0.3916467665051764
19.31448299005351 0.44835761251878314
19.37698940749705 0.5033172722024193
19.439495824940586 0.556311085200039
19.502002242384126 0.6071320693208628
19.564508659827666 0.6555817289663227
19.627015077271206 0.7014708304102729
19.689521494714743 0.7446201409043433
19.752027912158283 0.784861128721687
19.814534329601823 0.8220366214048646
19.87704074704536 0.8560014196469391
19.9395471644889 0.8866228644080744
20.002053581932437 0.9137813550525861
20.064559999375977 0.9373708164827619
20.127066416819517 0.9572991134448776
20.189572834263057 0.973488410389262
20.25207925170659 0.9858754754788509
20.31458566915013 0.994411927558855
20.37709208659367 0.9990644251229138
20.43959850403721 0.9998147965376994
20.50210492148075 0.996660111017323
20.564611338924287 0.9896126900703407
20.627117756367824 0.9787000593746472
20.689624173811364 0.9639648412682252
20.752130591254904 0.9454645882756598
20.814637008698444 0.9232715583206194
20.87714342614198 0.8974724325022834
20.93964984358552 0.8681679765380067
21.00215626102906 0.8354726471945746
21.064662678472597 0.7995141452452145
21.127169095916138 0.7604329166984248
21.189675513359674 0.7183816042467364
21.252181930803214 0.6735244510778735
21.314688348246754 0.6260366593769635
21.377194765690295 0.5761037060252843
21.439701183133835 0.5239206181683175
21.502207600577368 0.46969121148257215
21.564714018020908 0.4136272941163065
21.627220435464448 0.35594783941347136
21.689726852907988 0.2968781306519136
21.752233270351528 0.23664888113639326
21.81473968779506 0.17549533308311052
21.8772461052386 0.11365633881526394
21.93975252268214 0.051373427858393904
22.00225894012568 -0.011110136420907642
22.06476535756922 -0.07355030694825501
22.12727177501276 -0.13570320613572054
22.1897781924563 -0.1973260784141269
22.252284609899835 -0.2581782383829422
22.314791027343375 -0.3180220108746037
22.377297444786915 -0.3766236592614802
22.439803862230452 -0.43375429837979884
22.502310279673992 -0.4891907885048171
22.564816697117532 -0.5427166068855449
22.627323114561072 -0.5941226934350524
22.68982953200461 -0.6432082672732329
22.752335949448145 -0.6897816109328176
22.814842366891686 -0.7336608191656757
22.877348784335226 -0.7746745094247441
22.939855201778766 -0.8126624912466116
23.002361619222306 -0.8474763919202722
23.06486803666584 -0.8789802359983331
23.12737445410938 -0.9070509763872524
23.18988087155292 -0.9315789749422314
23.25238728899646 -0.9524684306897354
23.31489370644 -0.9696377540050448
23.377400123883536 -0.9830198852834036
23.439906541327073 -0.9925625568601044
23.502412958770613 -0.9982284971565016
23.564919376214153 -0.9999955762546086
23.627425793657693 -0.9978568923316965
23.68993221110123 -0.9918207986172984
23.75243862854477 -0.9819108707673273
23.81494504598831 -0.9681658147827463
23.877451463431846 -0.9506393158324324
23.939957880875387 -0.9293998285706977
24.002464298318927 -0.9045303097684549
24.064970715762463 -0.8761278943022943
24.127477133206003 -0.8443035157669896
24.189983550649544 -0.80918147319326
24.252489968093084 -0.7708989455630573
24.31499638553662 -0.7296054560186054
24.377502802980157 -0.6854622878578502
24.440009220423697 -0.6386418545973352
24.502515637867237 -0.5893270265628916
24.565022055310777 -0.5377104166383146
24.627528472754317 -0.4839936279617591
24.69003489019785 -0.42838646650818024
24.75254130764139 -0.3711061216332651
24.81504772508493 -0.31237631777956354
24.87755414252847 -0.25242644065794306
24.94006055997201 -0.19149064131740445
25.002566977415547 -0.12980692160253138
25.065073394859084 -0.06761620457056385
25.127579812302624 -0.0051613934988746345
25.190086229746164 0.05731357684185888
25.252592647189704 0.11956469294328698
25.31509906463324 0.18134881562253422
25.37760548207678 0.24242462967044387
25.44011189952032 0.3025535863757467
25.502618316963858 0.36150083524392856
25.565124734407398 0.41903614127167504
25.627631151850935 0.47493478419418816
25.690137569294475 0.5289784361931957
25.752643986738015 0.5809560146374201
25.815150404181555 0.630664506524974
25.877656821625095 0.6779097614075401
25.940163239068628 0.7225072496993628
26.002669656512168 0.7642827834092882
26.06517607395571 0.8030731964807587
26.12768249139925 0.8387269820826018
26.19018890884279 0.8711048843614222
26.25269532628632 0.9000804423443668
26.31520174372986 0.9255404838679143
26.377708161173402 0.9473855676034616
26.440214578616942 0.9655303714533203
26.502720996060482 0.9799040258000807
26.56522741350402 0.9904503903077674
26.627733830947555 0.9971282731936589
26.690240248391095 0.9999115921143394
26.752746665834636 0.9987894760376015
26.815253083278176 0.9937663077023111
26.877759500721712 0.9848617065003924
26.940265918165252 0.9721104518477911
27.002772335608793 0.9555623473437197
27.06527875305233 0.9352820262487405
27.12778517049587 0.9113486990414453
27.190291587939406 0.8838558440397374
27.252798005382946 0.8529108422950479
27.315304422826486 0.8186345581855513
27.377810840270026 0.7811608673464523
27.440317257713566 0.7406361337811682
27.5028236751571 0.6972186381956936
27.56533009260064 0.6510779597889169
27.62783651004418 0.6023943139135557
27.69034292748772 0.5513578481945629
27.75284934493126 0.4981678998542844
27.815355762374793 0.44303221714506935
27.877862179818333 0.38616614793021353
27.940368597261873 0.32779179858255536
28.002875014705413 0.26813716648575525
28.065381432148953 0.20743524952661266
28.12788784959249 0.14592313605651366
28.19039426703603 0.0838410788764047
28.252900684479567 0.021431556862160438
28.315407101923107 -0.0410616721046607
28.377913519366647 -0.10339452320152338
28.440419936810184 -0.16532353800661725
28.502926354253724 -0.22660683539397491
28.565432771697264 -0.28700505626798756
28.627939189140804 -0.3462822984474589
28.69044560658434 -0.4042070380476905
28.752952024027877 -0.460553033761919
28.815458441471417 -0.5151002105101482
28.877964858914957 -0.567635519004055
28.940471276358497 -0.6179537678707115
29.002977693802038 -0.6658584250850044
29.06548411124557 -0.7111623855805413
29.12799052868911 -0.7536887020409534
29.19049694613265 -0.793271276017207
29.25300336357619 -0.8297555066716742
29.31550978101973 -0.8629988946150333
29.378016198463268 -0.8928715984775751
29.440522615906804 -0.9192569420410716
29.503029033350344 -0.9420518699504459
29.565535450793885 -0.9611673502253466
29.628041868237425 -0.9765287219995064
29.69054828568096 -0.9880759871296803
29.7530547031245 -0.9957640445352147
29.81556112056804 -0.9995628663529553
29.878067538011578 -0.9994576152194864
29.94057395545512 -0.9954487022226113
30.003080372898655 -0.9875517852957351
30.065586790342195 -0.975797708061414
30.128093207785735 -0.9602323793629457
30.190599625229275 -0.9409165939545109
30.253106042672815 -0.9179257950502216
30.31561246011635 -0.8913497796595041
30.37811887755989 -0.8612923478596965
30.44062529500343 -0.8278708973757699
30.50313171244697 -0.7912159650505949
30.56563812989051 -0.7514707169967155
30.628144547334042 -0.7087903894209723
30.690650964777582 -0.6633416823059641
30.753157382221122 -0.6153021083165695
30.815663799664662 -0.564859299474458
30.878170217108202 -0.5122102743086412
30.94067663455174 -0.4575606683443869
31.00318305199528 -0.4011239309360228
31.065689469438816 -0.34312049158067587
31.128195886882356 -0.2837768989690593
31.190702304325896 -0.22332493613608229
