0.0 0.0
0.08907210585613332 0.08895437192994037
0.17814421171226663 0.17720346058740838
0.2672163175684 0.264047574606025
0.35628842342453326 0.34879816209563413
0.44536052928066655 0.4307832698920258
0.5344326351368 0.5093528712020687
0.6235047409929332 0.5838840194035052
0.7125768468490665 0.6537857871370142
0.8016489527051998 0.718503951530475
0.8907210585613331 0.7775253884081836
0.9797931644174664 0.8303821406451106
1.0688652702736 0.8766551284098648
1.1579373761297331 0.9159774718793439
1.2470094819858664 0.948037400080613
1.3360815878419996 0.9725807227969749
1.425153693698133 0.9894128459394921
1.5142257995542665 0.9984003144048899
1.6032979054103995 0.9994718701871481
1.692370011266533 0.9926190173534379
1.7814421171226662 0.9778960894049405
1.8705142229787997 0.9554198184884702
1.959586328834933 0.9253684098744485
2.0486584346910663 0.8879801290393194
2.1377305405472 0.8435514125548605
2.226802646403333 0.7924345177623817
2.3158747522594663 0.7350347298665969
2.4049468581155997 0.6718071485929953
2.4940189639717327 0.6032530798860031
2.583091069827866 0.529916061256705
2.672163175683999 0.452377552293541
2.7612352815401326 0.3712523245041685
2.850307387396266 0.2871835870405835
2.9393794932523996 0.2008378869536452
3.028451599108533 0.11289982441083278
3.117523704964666 0.024066624778134506
3.206595810820799 -0.06495738939816209
3.2956679166769325 -0.15346638268035312
3.384740022533066 -0.24075860302330573
3.4738121283891994 -0.3261419456828783
3.5628842342453324 -0.40893944063478643
3.6519563401014663 -0.4884946199963938
3.7410284459575993 -0.5641767228952994
3.8301005518137323 -0.6353856965174369
3.919172657669866 -0.7015569536833797
4.008244763525999 -0.7621658492319613
4.097316869382133 -0.8167318397197734
4.186388975238266 -0.8648222934559617
4.2754610810944 -0.9060559206640949
4.364533186950532 -0.9401057965747398
4.453605292806666 -0.9667019534798629
4.542677398662799 -0.9856335211977036
4.6317495045189325 -0.9967503989772433
4.720821610375066 -0.9999644455864107
4.809893716231199 -0.9952501781482971
4.898965822087332 -0.9826449741845907
4.9880379279434655 -0.9622487752643094
5.077110033799599 -0.9342232946074829
5.166182139655732 -0.8987907349263714
5.255254245511866 -0.8562320266699435
5.344326351367998 -0.8068846006398573
5.433398457224133 -0.7511397126379735
5.522470563080265 -0.6894393413571969
5.611542668936399 -0.6222726841109972
5.700614774792532 -0.55017227818558
5.789686880648665 -0.4737097785669168
5.878758986504799 -0.39349142551933947
5.967831092360932 -0.3101532379514472
6.056903198217066 -0.22435597067915627
6.145975304073199 -0.13677987556775945
6.235047409929332 -0.04811930808973345
6.3241195157854655 0.04092277793923418
6.413191621641598 0.1296404037970204
6.502263727497732 0.2173301632751029
6.591335833353865 0.30329679970216217
6.680407939209998 0.38685871835331787
6.769480045066132 0.4673533905392904
6.858552150922265 0.5441426065286837
6.947624256778399 0.616617535655072
7.036696362634532 0.6842035534893524
7.125768468490665 0.7463647978046616
7.214840574346797 0.8026084172114566
7.303912680202933 0.852488478777042
7.392984786059065 0.8956095036476067
7.482056891915199 0.9316296026402686
7.571128997771331 0.9602631869442563
7.660201103627465 0.9812832324391995
7.749273209483599 0.9945230796776472
7.838345315339732 0.9998777552604868
7.927417421195865 0.997304804128612
8.016489527051998 0.9868246261719306
8.105561632908131 0.968520314486881
8.194633738764265 0.9425369965648439
8.283705844620398 0.9090806836349049
8.372777950476532 0.8684166372840556
8.461850056332665 0.8208672663052559
8.5509221621888 0.7668095704483795
8.639994268044932 0.7066721513415339
8.729066373901064 0.6409318142819228
8.818138479757199 0.5701097878393036
8.907210585613331 0.4947675912452679
8.996282691469466 0.41550258233412996
9.085354797325598 0.33294322133403564
9.17442690318173 0.2477440880597365
9.263499009037865 0.16058069201372985
9.352571114893998 0.07214411654436256
9.441643220750132 -0.01686446047481351
9.530715326606265 -0.1057393260010718
9.619787432462399 -0.19377582713609323
9.708859538318531 -0.28027595803406347
9.797931644174664 -0.3645538941080033
9.887003750030798 -0.4459414296558015
9.976075855886931 -0.5237932757932299
10.065147961743065 -0.5974921766887842
10.154220067599198 -0.6664538035357539
10.24329217345533 -0.7301313874592399
10.332364279311465 -0.7880200546256326
10.421436385167599 -0.8396608291832397
10.510508491023732 -0.8846442722963651
10.599580596879864 -0.9226137284204022
10.688652702735997 -0.9532681530795356
10.777724808592131 -0.9763644997267518
10.866796914448265 -0.991719646761705
10.955869020304398 -0.9992118494278963
11.04494112616053 -0.9987817050776566
11.134013232016663 -0.9904326241517363
11.223085337872797 -0.9742308031392992
11.312157443728932 -0.9503046997327078
11.401229549585064 -0.9188440143383847
11.490301655441197 -0.8800981860189381
11.57937376129733 -0.8343744147916228
11.668445867153466 -0.7820352259635277
11.757517973009598 -0.7234955958149043
11.84659007886573 -0.659219661419902
11.935662184721863 -0.589717040691253
12.024734290577998 -0.5155387918257525
12.113806396434132 -0.43727304418647944
12.202878502290265 -0.35554033526271167
12.291950608146397 -0.2709886906789012
12.38102271400253 -0.18428848626134198
12.470094819858664 -0.09612713289910917
12.559166925714798 -0.007203626340877534
12.648239031570931 0.0817769948599397
12.737311137427064 0.17010923931100932
12.826383243283196 0.2570927563372645
12.91545534913933 0.3420378887784299
13.004527454995465 0.42427114100198
13.093599560851597 0.5031405187778831
13.18267166670773 0.5780206986774121
13.271743772563864 0.6483179860099416
13.360815878419997 0.7134750219882594
13.449887984276131 0.7729752028011967
13.538960090132264 0.8263467755564985
13.628032195988396 0.8731665786189011
13.71710430184453 0.9130633966877523
13.806176407700663 0.9457209040131367
13.895248513556798 0.9708801724149392
13.98432061941293 0.9883417242197575
14.073392725269064 0.9979671138387795
14.162464831125197 0.9996800254469129
14.25153693698133 0.9934668780601299
14.340609042837464 0.9793769332135995
14.429681148693595 0.9575219043868821
14.51875325454973 0.9280750712728838
14.607825360405865 0.8912699059131937
14.696897466261996 0.8473982215925971
14.78596957211813 0.7968078591694452
14.875041677974263 0.7398999291860473
14.964113783830397 0.6771256316252412
15.053185889686532 0.6089826785280471
15.142257995542662 0.5360113478359971
15.231330101398797 0.4587901997456286
15.32040220725493 0.3779314895384756
15.409474313111064 0.29407631325630906
15.498546418967198 0.20788952470967306
15.587618524823329 0.12005446412065637
15.676690630679463 0.031267540194366804
15.765762736535596 -0.05776729142428054
15.85483484239173 -0.1463441095304553
15.943906948247864 -0.233760624323399
16.032979054103997 -0.3193237455784962
16.12205115996013 -0.40235507787962144
16.211123265816262 -0.48219629934227876
16.300195371672395 -0.5582143811818264
16.38926747752853 -0.6298066067429342
16.478339583384663 -0.6964053501964005
16.567411689240796 -0.7574825770150171
16.65648379509693 -0.8125540305459675
16.745555900953065 -0.8611830714861658
16.834628006809197 -0.9029841398188555
16.92370011266533 -0.9376258117632074
17.012772218521462 -0.9648334274995547
17.1018443243776 -0.9843912688361289
17.19091643023373 -0.9961442695514366
17.279988536089864 -0.9999992448516791
17.369060641945996 -0.9959256301953272
17.45813274780213 -0.9839557236270222
17.547204853658265 -0.9641844296994289
17.636276959514397 -0.9367685070133881
17.72534906537053 -0.9019253253423049
17.814421171226662 -0.8599311421950478
17.903493277082795 -0.811118912481784
17.99256538293893 -0.7558756486490263
18.081637488795064 -0.6946393522143294
18.170709594651196 -0.6278955410292202
18.25978170050733 -0.5561733998043388
18.34885380636346 -0.48004158441768563
18.437925912219598 -0.4001037132719309
18.52699801807573 -0.31699358144800804
18.616070123931863 -0.2313701355999868
18.705142229787995 -0.14391224943331707
18.79421433564413 -0.05531334118951498
18.883286441500264 0.03372412418688013
18.972358547356396 0.1224942046090369
19.06143065321253 0.21029307797738409
19.15050275906866 0.2964246225006579
19.239574864924798 0.3802059359643159
19.32864697078093 0.4609727501862523
19.417719076637063 0.5380846977308318
19.506791182493195 0.6109303891235294
19.595863288349328 0.6789322603110413
19.684935394205464 0.7415511519332973
19.774007500061597 0.7982905841001676
19.86307960591773 0.8487006927799194
19.952151711773862 0.892381796589345
20.041223817629994 0.9289875657059576
20.13029592348613 0.9582277677772183
20.219368029342263 0.9798705690555849
20.308440135198396 0.9937443725146293
20.397512241054528 0.9997391783725202
20.48658434691066 0.9978074562358487
20.575656452766797 0.9879645219489114
20.66472855862293 0.9702884161605724
20.753800664479062 0.944919285571488
20.842872770335198 0.9120582717675447
20.931944876191327 0.871965916449504
21.021016982047463 0.8249600957031138
21.110089087903596 0.7714134996880871
21.19916119375973 0.7117506777283944
21.288233299615865 0.6464446722322218
21.377305405471994 0.5760132681298642
21.46637751132813 0.5010148875661965
21.555449617184262 0.42204416239716086
21.644521723040395 0.33972721959401314
21.73359382889653 0.25471671693557
21.82266593475266 0.1676866683484049
21.911738040608796 0.07932709992272624
22.00081014646493 -0.00966142102563446
22.08988225232106 -0.09857334047043938
22.178954358177197 -0.1867037117278211
22.268026464033326 -0.27335378469368704
22.357098569889462 -0.3578365459509985
22.446170675745595 -0.43948216582151456
22.535242781601728 -0.5176433091746991
22.624314887457864 -0.5917002678863977
22.713386993313993 -0.6610658742541454
22.80245909917013 -0.7251901564126626
22.891531205026265 -0.7835646988385185
22.980603310882394 -0.8357266733714068
23.06967541673853 -0.8812625087916306
23.15874752259466 -0.9198111698591696
23.247819628450795 -0.9510670198162485
23.33689173430693 -0.9747822436576725
23.42596384016306 -0.9907688129558837
23.515035946019196 -0.9988999766623906
23.604108051875325 -0.9991112660656095
23.69318015773146 -0.9914010059372352
23.782252263587598 -0.9758303278144475
23.871324369443727 -0.9525226853126556
23.960396475299863 -0.9216628753116569
24.049468581155995 -0.8834955727758567
24.138540687012128 -0.8383233908253271
24.227612792868264 -0.7865044814386547
24.316684898724393 -0.728449695810624
24.40575700458053 -0.6646193268790782
24.494829110436662 -0.5955194598482302
24.583901216292794 -0.5216979596435397
24.67297332214893 -0.443740127112096
24.76204542800506 -0.3622640584087097
24.851117533861196 -0.2779157443612111
24.940189639717328 -0.19136394867023857
25.02926174557346 -0.10329490555203813
25.118333851429597 -0.014406878864652825
25.207405957285726 0.07459537414405538
25.296478063141862 0.16300619057190135
25.385550168997995 0.25012459677835125
25.474622274854127 0.3352598661213247
25.563694380710263 0.41773699544963266
25.652766486566392 0.49690205693021183
25.74183859242253 0.5721273827777245
25.83091069827866 0.6428165417787711
25.919982804134793 0.7084090681540244
26.00905490999093 0.76838490526492
26.098127015847062 0.8222685289326063
26.187199121703195 0.8696327176770334
26.276271227559327 0.9101019399834384
26.36534333341546 0.9433553317399912
26.454415439271596 0.9691292402396923
26.54348754512773 0.9872193145761513
26.63255965098386 0.9974821258593614
26.721631756839994 0.9998363044054097
26.810703862696126 0.9942631848838251
26.899775968552262 0.9808069543074404
26.988848074408395 0.959574301691424
27.077920180264528 0.9307335721591845
27.16699228612066 0.894513432201909
27.256064391976793 0.8512010566743491
27.34513649783293 0.8011398519014291
27.43420860368906 0.7447267329482605
27.523280709545194 0.682408976640954
27.612352815401326 0.6146806752893982
27.70142492125746 0.5420788192289736
27.790497027113595 0.4651790392411544
27.879569132969728 0.384591042609642
27.96864123882586 0.30095377899764975
28.057713344681993 0.21493037447420732
28.14678545053813 0.12720287385549278
28.23585755639426 0.038466833047083704
28.324929662250394 -0.05057419573779564
28.414001768106527 -0.1392142421594843
28.50307387396266 -0.22675051510545968
28.592145979818795 -0.3124889748371051
28.681218085674928 -0.3957498357503525
28.770290191531064 -0.4758729561210894
28.85936229738719 -0.5522230721021226
28.948434403243326 -0.6241948344735899
29.03750650909946 -0.6912176082122711
29.126578614955594 -0.7527599968261527
29.21565072081173 -0.8083340555825004
29.30472282666786 -0.8574991602244684
29.393794932523992 -0.8998655005028191
29.482867038380128 -0.9350971708238647
29.57193914423626 -0.9629148335091994
29.661011250092397 -0.9830979335512907
29.750083355948526 -0.9954864473050087
29.83915546180466 -0.9999821512504569
29.928227567660795 -0.9965494007675677
30.017299673516927 -0.9852154127478964
30.106371779373063 -0.9660700498028826
30.195443885229192 -0.9392651077795185
30.284515991085325 -0.9050131122324034
30.37358809694146 -0.8635856333945002
30.462660202797593 -0.815311133006491
30.55173230865373 -0.7605723600763401
30.64080441450986 -0.6998033162170801
30.72987652036599 -0.6334858146233593
30.818948626222127 -0.5621456599693196
30.90802073207826 -0.4863484795157914
30.997092837934396 -0.40669523848026834
31.086164943790525 -0.3238174752265498
31.175237049646658 -0.23837229405219576
31.264309155502794 -0.15103715527408726
31.353381261358926 -0.0625045039193039
31.442453367215062 0.026523720391730603
31.53152547307119 0.11534164884084408
31.620597578927324 0.20324507996080343
31.70966968478346 0.2895370629641794
31.798741790639593 0.3735334235845369
31.88781389649573 0.45456818861776893
31.976886002351858 0.5319988661545119
32.065958108207994 0.6052115396389299
32.155030214064126 0.6736257353649863
32.24410231992026 0.7366990248179479
32.3331744257764 0.7939313253708965
32.422246531632524 0.8448688652377971
32.51131863748866 0.8891077812466839
32.60039074334479 0.9262973209075236
32.68946284920093 0.9561426233870093
32.77853495505706 0.9784070573409541
32.86760706091319 0.9929140970686204
32.95667916676933 0.9995487221136684
33.04575127262546 0.9982583292148743
33.13482337848159 0.9890531493761425
33.22389548433773 0.9720061667490031
33.31296759019386 0.9472525399707737
33.40203969604999 0.914988530546319
33.49111180190613 0.8754699467698926
33.58018390776226 0.8290101155245378
33.669256013618394 0.775977398039816
33.75832811947452 0.7167922693044735
33.84740022533066 0.6519239842901231
33.93647233118679 0.5818868574182298
34.025544437042925 0.5072361847688247
34.114616542899064 0.428563841362276
34.2036886487552 0.34649358842142325
34.29276075461132 0.26167612782084565
34.38183286046746 0.174783942934609
34.470904966323594 0.08650596678737596
34.55997707217973 -0.0024578802172471937
34.64904917803586 -0.09140223968274938
34.73812128389199 -0.17962190772144318
34.827193389748125 -0.26641742623114834
34.91626549560426 -0.35110062861586344
35.0053376014604 -0.4330000959806545
35.09440970731653 -0.5114664805407555
35.183481813172655 -0.5858776540378149
35.272553919028795 -0.6556436403434831
35.36162602488493 -0.7202112931417004
35.45069813074106 -0.7790686816023921
35.53977023659719 -0.8317491492741426
35.628842342453325 -0.8778350140146487
35.71791444830946 -0.9169608796236598
35.80698655416559 -0.9488165329218082
35.89605866002173 -0.9731494033055668
35.98513076587786 -0.9897665652775046
36.07420287173399 -0.9985362680746143
36.16327497759013 -0.999388980266871
36.25234708344626 -0.9923179410438446
36.34141918930239 -0.9773792138184384
36.43049129515853 -0.9546912417227358
36.51956340101466 -0.9244339085202755
36.60863550687079 -0.8868471123803524
36.69770761272692 -0.8422288638223863
36.78677971858306 -0.7909329229109114
36.875851824439195 -0.7333659944349835
36.96492393029532 -0.6699845033102186
37.05399603615146 -0.6012909757700485
37.14306814200759 -0.5278300550383135
37.232140247863725 -0.4501841830731542
37.321212353719865 -0.36896898262008443
37.41028445957599 -0.28482837618801593
37.49935656543212 -0.19842948064780025
37.58842867128826 -0.11045731793217103
37.677500777144395 -0.021609383773622086
37.76657288300053 0.06740988245746372
37.85564498885665 0.15589468296791417
37.94471709471279 0.2431434575273298
38.033789200568926 0.3284644458556111
38.12286130642506 0.4111811723107792
38.2119334122812 0.4906378093909786
38.30100551813732 0.5662043775257238
38.390077623993456 0.6372817399294289
38.479149729849595 0.7033063529148383
38.56822183570573 0.7637547340032305
38.65729394156186 0.8181476124055006
38.74636604741799 0.8660537289665734
38.835438153274126 0.9070932554449969
38.92451025913026 0.940940806017596
39.01358236498639 0.9673280171321915
39.10265447084253 0.9860456752537714
39.191726576698656 0.996945375634071
39.28079868255479 0.9999406989528692
39.36987078841093 0.9950078965018481
39.45894289426706 0.9821860784785136
39.54801500012319 0.9615769038972384
39.637087105979326 0.9333437745760137
39.72615921183546 0.8977105395894585
39.81523131769159 0.8549597204599536
39.904303423547724 0.8054302711586461
39.99337552940386 0.749514890676363
40.08244763525999 0.68765690947201
40.17151974111612 0.6203467744844449
40.26059184697226 0.5481181605769097
40.349663952828394 0.47154373924467374
40.438736058684526 0.3912306381341098
40.52780816454066 0.30781562737292195
40.61688027039679 0.22196007087708827
40.705952376252924 0.1343446826635996
40.795024482109056 0.045664129744065134
40.884096587965196 -0.04337847560934516
40.97316869382132 -0.1320771505569742
41.062240799677454 -0.2197286391444277
41.151312905533594 -0.3056379881348175
41.240385011389726 -0.38912405701218505
41.32945711724586 -0.46952491846946737
41.41852922310199 -0.5462031065626313
41.507601328958124 -0.6185506709205789
41.59667343481426 -0.6859939969379935
41.685745540670396 -0.7479983537337778
41.77481764652653 -0.804072133816129
41.863889752382654 -0.853770750839731
41.95296185823879 -0.8967001645512427
42.04203396409493 -0.9325200049752372
42.13110606995106 -0.9609462710702132
42.22017817580719 -0.9817535824581144
42.309250281663324 -0.9947769663742678
42.39832238751946 -0.9999131656697806
42.48739449337559 -0.9971214574957515
42.57646659923173 -0.9864239761782844
42.66553870508786 -0.967905537724364
42.75461081094399 -0.9417129673500049
42.84368291680013 -0.908053935362429
42.93275502265626 -0.8671953106261346
43.02182712851239 -0.8194610446674753
43.110899234368524 -0.7652296031939138
43.19997134022466 -0.7049309653923472
43.28904344608079 -0.6390432147978694
43.37811555193692 -0.5680887487625939
43.46718765779306 -0.4926301365781202
43.556259763649194 -0.4132656590909559
43.64533186950532 -0.33062456517539296
43.73440397536146 -0.24536208267342646
43.82347608121759 -0.15815422335800505
43.912548187073725 -0.06969242310876297
44.00162029292986 0.019321940203657025
44.09069239878599 0.1081831076593508
44.17976450464212 0.19618653496646246
44.268836610498255 0.282634478508199
44.357908716354395 0.366841527470047
44.44698082221053 0.44814003818514964
0.0 0.0
0.14577985212901937 0.14526405398174994
0.29155970425803873 0.28744645373705835
0.4373395563870581 0.423530919731371
0.5831194085160775 0.5506305349450299
0.7288992606450968 0.6660489883797791
0.8746791127741163 0.7673377750194966
1.0204589649031357 0.8523481387962935
1.166238817032155 0.9192766566358209
1.3120186691611744 0.966703496554762
1.4577985212901936 0.9936225381972756
1.603578373419213 0.9994627168286561
1.7493582255482325 0.9841001379914015
1.8951380776772517 0.947860705821499
2.0409179298062714 0.8915132092674117
2.1866977819352904 0.8162530128817994
2.33247763406431 0.7236766981720429
2.4782574861933293 0.6157481934719169
2.6240373383223488 0.49475711086056967
2.769817190451368 0.3632701739758933
2.915597042580387 0.22407676714020244
3.0613768947094067 0.08012976092753314
3.207156746838426 -0.06551713049181714
3.3529365989674456 -0.20977413131848305
3.498716451096465 -0.349580951108229
3.644496303225484 -0.4819717062492387
3.7902761553545035 -0.6041378386781854
3.936056007483523 -0.7134876970676525
4.081835859612543 -0.807701516520338
4.227615711741562 -0.8847806304222552
4.373395563870581 -0.9430898704670317
4.519175415999601 -0.9813922553705908
4.66495526812862 -0.9988752323844339
4.81073512025764 -0.9951679149159823
4.956514972386659 -0.9703489505744157
5.102294824515678 -0.9249448527280635
5.2480746766446975 -0.8599188309679472
5.3938545287737165 -0.7766503574297615
5.539634380902736 -0.6769059024575074
5.685414233031755 -0.5628014604269727
5.831194085160774 -0.43675766071205097
5.976973937289794 -0.3014484160768518
6.122753789418813 -0.159744197874593
6.268533641547832 -0.014651141422015308
6.414313493676852 0.13075272662261078
6.560093345805871 0.27338278599557425
6.705873197934891 0.4102132604415926
6.85165305006391 0.5383414070017245
6.99743290219293 0.6550490952538179
7.143212754321949 0.7578604701538874
7.288992606450968 0.8445944752099618
7.434772458579988 0.9134111217536071
7.580552310709007 0.9628505227456146
7.726332162838027 0.9918638630466324
7.872112014967046 0.9998356491445969
8.017891867096065 0.9865967663297935
8.163671719225086 0.9524280663206017
8.309451571354105 0.8980544092314768
8.455231423483124 0.8246292862777803
8.601011275612143 0.7337103494337968
8.746791127741162 0.6272263671615712
8.892570979870182 0.5074363072168744
9.038350831999201 0.37688141455601915
9.18413068412822 0.23833130097024244
9.32991053625724 0.09472519011055985
9.475690388386258 -0.050890435659751314
9.62147024051528 -0.1954264638156673
9.767250092644298 -0.3358166845838039
9.913029944773317 -0.4690828379932857
10.058809796902336 -0.5923977951458134
10.204589649031355 -0.7031455333676682
10.350369501160376 -0.7989766329214463
10.496149353289395 -0.877858117961644
10.641929205418414 -0.9381165844003347
10.787709057547433 -0.9784736997616601
10.933488909676452 -0.998073321925727
11.079268761805473 -0.996499661460649
11.225048613934492 -0.973786102244201
11.37082846606351 -0.9304144932530451
11.51660831819253 -0.8673049265436236
11.662388170321549 -0.785796218276219
11.808168022450568 -0.6876175068607756
11.953947874579589 -0.5748515707458267
12.099727726708608 -0.44989064403266843
12.245507578837627 -0.31538566724918826
12.391287430966646 -0.17419004988535067
12.537067283095665 -0.0292991377206349
12.682847135224685 0.11621333090704097
12.828626987353704 0.2592604318643104
12.974406839482723 0.39680754171088095
13.120186691611742 0.5259367146730051
13.265966543740761 0.6439085843988004
13.411746395869782 0.7482204773019494
13.557526247998801 0.8366595046682636
13.70330610012782 0.9073495072209282
13.84908595225684 0.9587908562550957
13.99486580438586 0.9898922669943899
14.140645656514879 0.9999939492758211
14.286425508643898 0.9888816044408887
14.432205360772917 0.9567909715006391
14.577985212901936 0.9044028261316337
14.723765065030957 0.8328285385949006
14.869544917159976 0.7435864969544276
15.015324769288995 0.6385698957566927
15.161104621418014 0.520006573507209
15.306884473547033 0.39041175095809055
15.452664325676054 0.2525346728239543
15.598444177805073 0.10930028487710627
15.744224029934092 -0.0362528163068452
15.89000388206311 -0.18103684460917083
16.03578373419213 -0.32198032914282554
16.18156358632115 -0.45609327291339213
16.32734343845017 -0.5805305830801926
16.47312329057919 -0.6926524271981602
16.61890314270821 -0.790080235033773
16.764682994837226 -0.8707471579237824
16.910462846966247 -0.9329419152241228
17.056242699095268 -0.9753450976835456
17.202022551224285 -0.9970571575966211
17.347802403353306 -0.9976174919486203
17.493582255482323 -0.9770142137194806
17.639362107611344 -0.9356844040568976
17.785141959740365 -0.8745048399689035
17.930921811869382 -0.7947733942401006
18.076701663998403 -0.6981815021566113
18.22248151612742 -0.5867782791349525
18.36826136825644 -0.4629270504689801
18.51404122038546 -0.32925521537967944
18.65982107251448 -0.18859850895958358
18.8056009246435 -0.04394084444761606
18.951380776772517 0.10164898797026649
19.097160628901538 0.24508242295323426
19.24294048103056 0.38331664131090215
19.388720333159576 0.5134191208427352
19.534500185288596 0.6326298473199603
19.680280037417614 0.738419865856514
19.826059889546634 0.8285449305512134
19.971839741675655 0.9010931142692146
20.117619593804672 0.9545253685615221
20.263399445933693 0.9877081732780755
20.40917929806271 0.9999375832404409
20.55495915019173 0.990954161844281
20.700739002320752 0.9609484847878118
20.84651885444977 0.9105570971693148
20.99229870657879 0.8408490097204462
21.138078558707807 0.7533030206463799
21.283858410836828 0.6497763441707486
21.42963826296585 0.5324652113043635
21.575418115094866 0.4038582786590815
21.721197967223887 0.26668383369950066
21.866977819352904 0.12385191642852167
22.012757671481925 -0.021607414653745338
22.158537523610946 -0.16660836268208384
22.304317375739963 -0.30807485500065157
22.450097227868984 -0.4430057994465715
22.595877079998 -0.5685387499856533
22.74165693212702 -0.6820106310876346
22.887436784256042 -0.781014232624505
23.03321663638506 -0.8634492768004405
23.17899648851408 -0.9275669737715129
23.324776340643098 -0.9720071207453242
23.47055619277212 -0.9958269575345371
23.616336044901136 -0.9985211664180585
23.762115897030156 -0.9800325920297451
23.907895749159177 -0.9407534538612251
24.053675601288194 -0.881517025656624
24.199455453417215 -0.8035799582137955
24.345235305546232 -0.7085956205989253
24.491015157675253 -0.5985790253180858
24.636795009804274 -0.4758640815286571
24.78257486193329 -0.34305408312758806
24.928354714062312 -0.20296648206990145
25.07413456619133 -0.05857311850489313
25.21991441832035 0.08706282430287575
25.36569427044937 0.23085180281958467
25.511474122578388 0.369743455299045
25.65725397470741 0.5007913126310557
25.803033826836426 0.6212153051951934
25.948813678965447 0.7284607396900029
26.094593531094468 0.8202524947938705
26.240373383223485 0.8946432859424807
26.386153235352506 0.9500549753263259
26.531933087481523 0.9853120507515513
26.677712939610544 0.9996665631384103
26.823492791739564 0.9928139936293253
26.96927264386858 0.9648997136992825
27.115052495997602 0.9165159012227552
27.26083234812662 0.8486889779202105
27.40661220025564 0.7628578346881367
27.55239205238466 0.6608433067438608
27.69817190451368 0.5448095461441459
27.8439517566427 0.41721811112697227
27.98973160877172 0.28077574623237744
28.135511460900737 0.13837696100293853
28.281291313029758 -0.006957374591705786
28.427071165158775 -0.15214411536004385
28.572851017287796 -0.29410324721017095
28.718630869416817 -0.42982322704758275
28.864410721545834 -0.5564248701186203
29.010190573674855 -0.6712224294834905
29.155970425803872 -0.7717805718693993
29.301750277932893 -0.8559660412092616
29.447530130061914 -0.9219929138675638
29.59330998219093 -0.9684604855020472
29.73908983431995 -0.9943829858234047
29.88486968644897 -0.9992104908794555
30.03064953857799 -0.9828405892273732
30.17642939070701 -0.9456205545059536
30.322209242836028 -0.8883399783186517
30.46798909496505 -0.8122140197145356
30.613768947094066 -0.7188576266152998
30.759548799223086 -0.6102512760589537
30.905328651352107 -0.4886989600520308
31.051108503481125 -0.35677930832493954
31.196888355610145 -0.21729088487993228
31.342668207739163 -0.07319281881927088
31.488448059868183 0.0724579710796528
31.634227911997204 0.21657162631451812
31.78000776412622 0.3560908973967576
31.925787616255242 0.4880560008175503
32.07156746838426 0.6096674083553344
32.217347320513284 0.7183452367027903
32.3631271726423 0.8117839775124017
32.50890702477132 0.8880014068090301
32.65468687690034 0.9453806361974937
32.80046672902935 0.9827044137843673
32.94624658115838 0.9991809471489276
33.0920264332874 0.994460700550646
33.23780628541642 0.9686438100347518
33.383586137545436 0.9222779591305915
33.52936598967445 0.8563467602080865
33.67514584180348 0.7722488879719835
33.820925693932494 0.671768407759223
33.96670554606151 0.5570369280994754
34.112485398190536 0.43048838044038434
34.25826525031955 0.29480738534743717
34.40404510244857 0.15287230054585355
34.549824954577595 0.007694158992300335
34.69560480670661 -0.13764720764637609
34.84138465883563 -0.28006850502101693
34.98716451096465 -0.4165483855858283
35.13294436309367 -0.5441915439349817
35.27872421522269 -0.6602901382616239
35.424504067351705 -0.7623812349350121
35.57028391948073 -0.8482990575574658
35.71606377160974 -0.9162209320815845
35.861843623738764 -0.9647059533009124
36.00762347586779 -0.9927255524369716
36.153403327996806 -0.9996853173572762
36.29918318012582 -0.9854376025267231
36.44496303225484 -0.9502846611829245
36.590742884383864 -0.8949722332890317
36.73652273651288 -0.8206737252902215
36.8823025886419 -0.7289653172869149
37.02808244077092 -0.6217925257050703
37.17386229289994 -0.5014289308082586
37.31964214502896 -0.3704279446124308
37.46542199715798 -0.2315686424064267
37.611201849287 -0.08779680701673652
37.75698170141602 0.057837563487423055
37.902761553545034 0.20224495892732838
38.04854140567406 0.3423618983640424
38.194321257803075 0.47521591925932827
38.34010110993209 0.5979886357581271
38.48588096206112 0.7080755283642596
38.63166081419013 0.8031411966219443
38.77744066631915 0.8811689026642212
38.923220518448176 0.9405033546035569
39.06900037057719 0.9798858221513446
39.21478022270621 0.9984808395179464
39.36056007483523 0.995893929113843
39.50633992696425 0.9721799700585513
39.65211977909327 0.9278420339664565
39.797899631222286 0.8638207127073613
39.94367948335131 0.781474164544318
40.08945933548033 0.6825493019530899
40.235239187609345 0.5691447323492609
40.38101903973837 0.4436662379042442
40.52679889186739 0.3087757389082743
40.672578743996404 0.16733482337946554
40.81835859612542 0.022344040890707097
40.964138448254445 -0.12312075155550649
41.10991830038346 -0.2659736412357242
41.25569815251248 -0.40318412473788595
41.401478004641504 -0.5318413975318582
41.547257856770514 -0.6492161042292779
41.69303770889954 -0.752818239553178
41.83881756102856 -0.840449971696998
41.98459741315758 -0.9102522674702849
42.1303772652866 -0.9607443301178317
42.276157117415615 -0.9908550131722602
42.42193696954464 -0.9999455439217243
42.567716821673656 -0.9878230744335321
42.71349667380267 -0.9547447726601765
42.8592765259317 -0.901412366838402
43.005056378060715 -0.8289572589172985
43.15083623018973 -0.7389165228214319
43.29661608231876 -0.6332002967256308
43.442395934447774 -0.5140512610867823
43.58817578657679 -0.38399706207190243
43.73395563870581 -0.2457966896793772
43.87973549083483 -0.10238194809616458
44.02551534296385 0.04320474005202889
44.17129519509287 0.1878748761273994
44.31707504722189 0.32855940537031897
44.4628548993509 0.4622738243041482
44.608634751479926 0.5861814944560848
44.75441460360895 0.6976538192466738
44.90019445573797 0.7943260074463794
45.045974307866985 0.8741472402244016
45.191754159996 0.9354241775381925
45.337534012125026 0.9768568809124019
45.48331386425404 0.9975663905357977
45.62909371638306 0.9971133716513715
45.774873568512085 0.9755074346721704
45.9206534206411 0.9332069313045074
46.06643327277012 0.8711092310035944
46.212213124899144 0.7905316840383975
46.35799297702816 0.693183675018229
46.50377282915718 0.5811303597418515
46.649552681286195 0.45674885466129234
46.79533253341522 0.3226778083638327
46.94111238554424 0.18176142487065308
47.08689223767326 0.03698912625047266
47.23267208980227 -0.10856786544494318
47.37845194193129 -0.2518216815629713
47.52423179406031 -0.3897333133757572
47.67001164618934 -0.5193770820838797
47.815791498318355 -0.6380027046212872
47.961571350447365 -0.7430936385878736
48.10735120257639 -0.8324204685712241
48.25313105470541 -0.9040882013117607
48.39891090683443 -0.9565764663844128
48.544690758963455 -0.9887717695731972
48.690470611092465 -0.9999911147106227
48.83625046322149 -0.989996492864592
48.98203031535051 -0.9589999314968841
49.12781016747953 -0.9076589964796143
49.27359001960855 -0.8370628423905976
49.41936987173756 -0.748709107018785
49.56514972386658 -0.6444721402433462
49.71092957599561 -0.5265632412839525
49.856709428124624 -0.3974837478553004
50.00248928025365 -0.2599719723999127
50.14826913238266 -0.11694511110228914
50.294048984511676 0.028562641964583142
50.4398288366407 0.17346446270398141
50.585608688769724 0.3146863813617792
50.73138854089874 0.4492324941987513
50.87716839302775 0.5742485190583001
51.022948245156776 0.68708234655191
51.1687280972858 0.7853403023200125
51.31450794941482 0.8669379268120511
51.46028780154384 0.9301441953354753
51.60606765367285 0.9736182402826777
51.75184750580188 0.9964377965049264
51.897627357930894 0.9981187663885934
52.04340721005992 0.978625489577214
52.189187062188935 0.93837149947583
52.334966914317945 0.8782107504890394
52.48074676644697 0.7994195020994728
52.626526618575994 0.7036692441007274
52.77230647070501 0.5929912373529923
52.918086322834036 0.4697334222993286
53.063866174963046 0.3365106093921038
53.20964602709206 0.19614900809744532
53.35542587922109 0.05162627124826925
53.50120573135011 -0.09399167334588442
53.64698558347913 -0.23761566396809353
53.79276543560814 -0.3761988389510192
53.93854528773716 -0.5068012732740462
54.08432513986619 -0.6266523465897091
54.230104991995205 -0.7332095195945553
54.37588484412423 -0.8242122718532412
54.52166469625324 -0.897730056830471
54.667444548382264 -0.9522032568054002
54.81322440051128 -0.9864762688444016
54.959004252640305 -0.9998220199414056
55.10478410476932 -0.9919573912576767
55.25056395689833 -0.9630492242488863
55.39634380902736 -0.913710781264519
55.54212366115638 -0.8449887357050581
55.6879035132854 -0.7583409677297296
55.83368336541442 -0.6556056365601206
55.97946321754344 -0.5389621854846919
56.12524306967245 -0.4108851068099761
56.271022921801475 -0.27409144759604626
56.4168027739305 -0.1314831697977969
56.562582626059516 0.013914412407193136
56.70836247818854 0.15901681210400778
56.85414233031755 0.3007458044253189
56.999922182446575 0.43609472849239905
57.14570203457559 0.5621922711863747
57.29148188670462 0.6763633796312339
57.437261738833634 0.7761860101813932
57.58304159096265 0.8595425100322075
57.72882144309167 0.9246645414357926
57.87460129522069 0.9701705954929526
58.02038114734971 0.995095299697753
58.166160999478734 0.9989098974999683
58.311940851607744 0.9815334654287395
58.45772070373677 0.9433346298156644
58.603500555865786 0.885123746698497
58.74928040799481 0.8081357108021542
58.89506026012383 0.7140037582900457
59.04084011225284 0.6047248190381537
59.18661996438186 0.4826171534541527
59.332399816510886 0.3502711725407302
59.4781796686399 0.21049448451379535
59.62395952076893 0.06625233376524965
59.76973937289794 -0.0793953042925164
59.91551922502696 -0.2233586380208622
60.06129907715598 -0.3625836068750135
60.207078929285004 -0.4941166707193801
60.35285878141402 -0.6151674666871403
60.49863863354304 -0.7231680043719818
60.644418485672055 -0.8158271435758192
60.79019833780108 -0.8911791989131864
60.9359781899301 -0.9476256401666102
61.08175804205912 -0.9839690037552017
61.22753789418813 -0.9994382959132183
61.373317746317156 -0.993705348671698
61.51909759844617 -0.9668917816647653
61.6648774505752 -0.9195664220718054
61.810657302704215 -0.8527332374292503
61.956437154833225 -0.7678100373071576
62.10221700696225 -0.6665983956765391
62.24799685909127 -0.551245432039074
62.39377671122029 -0.42419826210014905
62.539556563349315 -0.288152084275796
62.685336415478325 -0.14599300333450257
62.83111626760735 -0.0007368041218493203
62.97689611973637 0.14453502576799418
63.12267597186539 0.28674066714927704
63.26845582399441 0.4228633474359643
63.414235676123425 0.5500153389244653
63.56001552825244 0.6654992194980862
63.70579538038147 0.7668650961592132
63.851575232510484 0.8519625774402475
63.99735508463951 0.9189863921425693
64.14313493676852 0.9665146866403889
64.28891478889754 0.9935391883046646
64.43469464102657 0.9994865951553864
64.58047449315558 0.9842307379789386
64.7262543452846 0.9480952569013997
64.87203419741361 0.8918467356366053
65.01781404954264 0.8166784390600276
65.16359390167166 0.7241849991022158
65.30937375380068 0.6163285859790714
65.4551536059297 0.49539728240783254
65.6009334580587 0.36395654386453014
65.74671331018773 0.22479477461266742
65.89249316231675 0.08086417406167154
66.03827301444578 -0.06478189165041764
66.1840528665748 -0.20905366424091681
66.32983271870381 -0.34889053989508223
66.47561257083284 -0.4813259973913442
66.62139242296185 -0.6035505303436353
66.76717227509087 -0.7129712485067806
66.9129521272199 -0.8072668837532094
67.0587319793489 -0.8844370338159601
67.20451183147793 -0.9428445991334047
67.35029168360695 -0.9812505125338358
67.49607153573596 -0.9988400249991257
67.64185138786499 -0.9952399898770682
67.787631239994 -0.9705267788724671
67.93341109212302 -0.9252246618859142
68.07919094425205 -0.8602946850706178
68.22497079638107 -0.7771142830498793
68.37075064851008 -0.6774480578048472
68.5165305006391 -0.5634103441336927
68.66231035276812 -0.4374203558245411
68.80809020489714 -0.30215086407795
68.95387005702617 -0.1604714969231879
69.09964990915519 -0.015387862483011265
69.2454297612842 0.13002221246433027
69.39120961341322 0.2726739759809562
69.53698946554223 0.40954119137647693
69.68276931767126 0.5377203362637639
69.82854916980028 0.6544921983342085
69.9743290219293 0.757379561150457
70.12010887405832 0.8441997562010893
70.26588872618734 0.9131109663697149
70.41166857831635 0.9626512985296791
70.55744843044538 0.9917697963721497
70.70322828257439 0.9998487355566235
70.84900813470341 0.9867167282111504
70.99478798683243 0.9526523587812854
71.14056783896146 0.8983782740963522
71.28634769109047 0.8250458530272569
71.43212754321948 0.7342107809560865
71.5779073953485 0.6278000472245454
71.72368724747753 0.5080710656824834
71.86946709960655 0.3775637855594807
72.01524695173558 0.2390468085869954
72.16102680386459 0.09545865545079091
72.30680665599361 -0.05015457244382104
72.45258650812262 -0.19470381344069487
72.59836636025165 -0.3351225774672154
72.74414621238067 -0.4684319990313699
