0.0 0.0
0.10677540832476858 0.10657263309617002
0.21355081664953715 0.2119313868431876
0.32032622497430574 0.3148762081719827
0.4271016332990743 0.41423453909010666
0.5338770416238429 0.5088746723049479
0.6406524499486115 0.5977186415509373
0.7474278582733801 0.6797544997978546
0.8542032665981486 0.7540478454894759
0.9609786749229172 0.8197524655268614
1.0677540832476857 0.876119973770998
1.1745294915724545 0.9225083352807111
1.281304899897223 0.958389179193409
1.3880803082219915 0.983353816953781
1.4948557165467602 0.997117897341856
1.6016311248715285 0.999524645278913
1.7084065331962972 0.9905466475207213
1.815181941521066 0.9702861648987791
1.9219573498458344 0.9389739675530759
2.028732758170603 0.89696670642326
2.1355081664953715 0.8447428509373498
2.24228357482014 0.782897239168364
2.349058983144909 0.712134302533459
2.4558343914696774 0.6332600422073366
2.562609799794446 0.5471728486398518
2.6693852081192144 0.45485326874499316
2.776160616443983 0.35735283731458334
2.8829360247687514 0.2557820998686906
2.9897114330935204 0.1512979633643988
3.096486841418289 0.04509051884039163
3.203262249743057 -0.06163051391046813
3.310037658067826 -0.16764956524320937
3.4168130663925944 -0.271759061193571
3.5235884747173634 -0.3727731779387459
3.630363883042132 -0.46954134852052376
3.7371392913669 -0.5609613679871092
3.843914699691669 -0.6459919476839434
3.9506901080164374 -0.7236645756981472
4.057465516341206 -0.7930945483642334
4.164240924665974 -0.8534910471804622
4.271016332990743 -0.9041661463581561
4.377791741315512 -0.9445426484065433
4.48456714964028 -0.9741606585045642
4.591342557965048 -0.9926828227764969
4.698117966289818 -0.9998981708065964
4.804893374614585 -0.9957245186258994
4.911668782939355 -0.9802094048007857
5.018444191264123 -0.9535295489610974
5.125219599588892 -0.9159888389352693
5.23199500791366 -0.8680148694193218
5.338770416238429 -0.8101540716048324
5.445545824563197 -0.7430654892402004
5.552321232887966 -0.6675132720168655
5.659096641212735 -0.5843579717820099
5.765872049537503 -0.494546740715282
5.872647457862271 -0.3991025431138597
5.979422866187041 -0.2991125036653748
6.086198274511808 -0.19571552492371463
6.192973682836578 -0.09008931502662999
6.299749091161346 0.016563026588447737
6.406524499486114 0.12302671267957749
6.513299907810883 0.22808910482143513
6.620075316135652 0.3305535255510669
6.726850724460421 0.42925288871574385
6.833626132785189 0.5230629927710393
6.940401541109957 0.6109153256163695
7.047176949434727 0.6918092351188406
7.153952357759494 0.7648233267012081
7.260727766084264 0.8291259581735984
7.367503174409032 0.8839847122711566
7.4742785827338 0.9287747390039315
7.581053991058569 0.9629858727982739
7.687829399383338 0.9862284433643761
7.794604807708106 0.9982377141032476
7.901380216032875 0.9988768974989493
8.008155624357643 0.9881387131502953
8.114931032682412 0.9661454706957882
8.22170644100718 0.9331476766872582
8.328481849331949 0.8895211812801426
8.435257257656717 0.8357628972400554
8.542032665981486 0.7724851400268506
8.648808074306254 0.7004086534235263
8.755583482631025 0.6203544001491713
8.862358890955793 0.5332342109621955
8.96913429928056 0.44004039876203666
9.075909707605328 0.34183445598640283
9.182685115930097 0.2397349640425111
9.289460524254867 0.13490485248580955
9.396235932579636 0.028538153066208726
9.503011340904404 -0.07815360048467888
9.60978674922917 -0.1839551720166533
9.71656215755394 -0.2876614646951991
9.82333756587871 -0.38809124724731164
9.930112974203478 -0.48410060837476643
10.036888382528247 -0.5745959860869108
10.143663790853015 -0.6585466235467676
10.250439199177784 -0.7349963095563953
10.357214607502552 -0.8030742699554843
10.46399001582732 -0.8620050858784212
10.57076542415209 -0.9111175258992827
10.677540832476858 -0.9498521914652149
10.784316240801628 -0.9777678885354896
10.891091649126395 -0.9945466528522435
10.997867057451163 -0.9999973716042743
11.104642465775932 -0.9940579602325449
11.2114178741007 -0.9767960695832512
11.31819328242547 -0.948408315353854
11.424968690750239 -0.9092180386088166
11.531744099075006 -0.8596716228731244
11.638519507399774 -0.800333409752484
11.745294915724543 -0.7318792709921104
11.852070324049313 -0.6550889101893621
11.958845732374082 -0.5708369818449738
12.06562114069885 -0.48008312890828597
12.172396549023617 -0.3838610522904568
12.279171957348385 -0.28326673684562037
12.385947365673156 -0.1794459679279812
12.492722773997924 -0.07358128071323382
12.599498182322693 0.03312150906637541
12.706273590647461 0.13944703955623663
12.813048998972228 0.2441842459454332
12.919824407296998 0.3461401546887916
13.026599815621767 0.44415347166649316
13.133375223946535 0.5371078095099945
13.240150632271304 0.6239444034328372
13.346926040596072 0.7036741707310353
13.453701448920842 0.7753889765933887
13.56047685724561 0.8382719779023345
13.667252265570378 0.8916069272078132
13.774027673895146 0.9347863309003563
13.880803082219915 0.967318368660541
13.987578490544685 0.9888324953711487
14.094353898869453 0.9990836616853591
14.20112930719422 0.997955105178036
14.307904715518989 0.9854596802884361
14.414680123843757 0.9617397119060898
14.521455532168527 0.9270653742675274
14.628230940493296 0.881831613628484
14.735006348818064 0.8265536497628257
14.841781757142831 0.7618611075268639
14.9485571654676 0.6884908453314559
15.05533257379237 0.6072785622067693
15.162107982117139 0.5191492790565657
15.268883390441907 0.42510680252203936
15.375658798766676 0.32622229146350856
15.482434207091442 0.22362205628954554
15.589209615416213 0.11847473010113523
15.695985023740981 0.011977957773618876
15.80276043206575 -0.09465524541015018
15.909535840390518 -0.20021031019802682
16.016311248715287 -0.3034849475067637
16.123086657040055 -0.40330284268710986
16.229862065364824 -0.4985270539359482
16.336637473689592 -0.5880729622454142
16.44341288201436 -0.6709206253870009
16.55018829033913 -0.7461263952167955
16.656963698663898 -0.81283366597888
16.763739106988666 -0.8702826311820013
16.870514515313435 -0.9178189379171223
16.977289923638203 -0.954901140041792
17.08406533196297 -0.9811068653383738
17.19084074028774 -0.9961376264012087
17.29761614861251 -0.9998222204559436
17.404391556937277 -0.9921186793865328
17.51116696526205 -0.9731147477587972
17.617942373586814 -0.9430268833957792
17.724717781911586 -0.9021977918884815
17.83149319023635 -0.8510925231243476
17.93826859856112 -0.790293174294588
18.04504400688589 -0.7204922597140141
18.151819415210657 -0.6424848229721528
18.25859482353543 -0.5571593812594794
18.365370231860194 -0.4654878050144397
18.472145640184962 -0.36851424816355605
18.578921048509734 -0.26734325504110285
18.6856964568345 -0.163127179452347
18.79247186515927 -0.05705305917922327
18.899247273484036 0.04967090456994916
19.00602268180881 0.15582910876567208
19.112798090133577 0.26021239447029265
19.21957349845834 0.36163181935187905
19.326348906783114 0.4589321999276835
19.43312431510788 0.5510052692888795
19.53989972343265 0.6368023004380915
19.64667513175742 0.7153460514577105
19.753450540082184 0.7857418964517845
19.860225948406956 0.8471880154781656
19.96700135673172 0.8989845274059705
20.073776765056493 0.9405414616737153
20.180552173381262 0.9713854781484161
20.28732758170603 0.9911652585454848
20.3941029900308 0.9996555080002151
20.500878398355567 0.9967595212123549
20.607653806680336 0.982510283934954
20.714429215005104 0.9570700972613579
20.821204623329873 0.9207287289897762
20.92798003165464 0.8739001131216799
21.034755439979413 0.8171176350872682
21.14153084830418 0.7510280564000538
21.248306256628947 0.6763841479396824
21.355081664953715 0.5940361157711435
21.461857073278484 0.5049219171615953
21.568632481603256 0.41005657709695936
21.67540788992802 0.31052062698488025
21.78218329825279 0.20744779722900925
21.888958706577558 0.1020121038582718
21.995734114902326 -0.00458552370363277
22.1025095232271 -0.11113092141659019
22.209284931551863 -0.21641052014681164
22.316060339876636 -0.3192251684135519
22.4228357482014 -0.4184037909163613
22.52961115652617 -0.5128167272702532
22.63638656485094 -0.6013885990182696
22.743161973175706 -0.6831105583642361
22.849937381500478 -0.7570517791106645
22.956712789825243 -0.8223700589180927
23.06348819815001 -0.8783214121245719
23.170263606474784 -0.9242685438614161
23.27703901479955 -0.9596881089437665
23.38381442312432 -0.9841766728560274
23.490589831449086 -0.9974553069355561
23.597365239773858 -0.9993727654147887
23.704140648098626 -0.9899072081347347
23.81091605642339 -0.9691664493078873
23.917691464748163 -0.9373867294970809
24.024466873072928 -0.8949300247976779
24.1312422813977 -0.8422799238718872
24.23801768972247 -0.7800361197965183
24.344793098047234 -0.7089075794628338
24.451568506372006 -0.6297044683301755
24.55834391469677 -0.543328922511732
24.665119323021543 -0.450764773299773
24.77189473134631 -0.353066341169798
24.87867013967108 -0.2513464269015327
24.985445547995848 -0.14676363659994565
25.092220956320613 -0.04050918498626509
25.198996364645385 0.06620667272838139
25.305771772970154 0.17216842584350156
25.412547181294922 0.27616915303070916
25.51932258961969 0.3770242693608182
25.626097997944456 0.4735850189157935
25.732873406269228 0.5647515593025445
25.839648814593996 0.6494854890337936
25.946424222918765 0.7268216750872559
26.053199631243533 0.7958792459252283
26.1599750395683 0.8558716247624004
26.26675044789307 0.9061154888013401
26.37352585621784 0.9460385523885303
26.480301264542607 0.975186085439563
26.587076672867376 0.9932260928875861
26.693852081192144 0.999953096160254
26.800627489516913 0.9952904736135559
26.907402897841685 0.9792913332646049
27.01417830616645 0.9521379078828259
27.12095371449122 0.9141394793295362
27.227729122815987 0.8657288557880478
27.334504531140755 0.8074574420091808
27.441279939465527 0.7399889587228902
27.548055347790292 0.6640918827529279
27.65483075611506 0.5806306939427925
27.76160616443983 0.4905560285919663
27.868381572764598 0.39489385155629075
27.97515698108937 0.2947337703440407
28.081932389414135 0.19121662431201755
28.188707797738907 0.08552149032263318
28.295483206063672 -0.021147747130226203
28.40225861438844 -0.12757610835833344
28.509034022713212 -0.23255135729220563
28.615809431037977 -0.3348778090439685
28.72258483936275 -0.43338994894964666
28.829360247687514 -0.5269657079676897
28.936135656012286 -0.6145392432250082
29.042911064337055 -0.6951130781378513
29.14968647266182 -0.7677694638297848
29.256461880986592 -0.8316808324382867
29.363237289311357 -0.886119223245141
29.47001269763613 -0.9304645742655686
29.576788105960897 -0.9642117848534536
29.683563514285662 -0.9869764688785684
29.790338922610434 -0.9984993329461166
29.8971143309352 -0.9986491297899993
30.00388973925997 -0.9874241532001878
30.11066514758474 -0.9649522574567285
30.21744055590951 -0.931489401049027
30.324215964234277 -0.8874167312676856
30.430991372559042 -0.8332362428758582
30.537766780883814 -0.7695650603085378
30.644542189208583 -0.697128408526484
30.75131759753335 -0.6167513525878194
30.85809300585812 -0.5293494000249663
30.964868414182884 -0.43591807306731584
31.071643822507657 -0.33752156948367446
31.178419230832425 -0.23528064119937203
31.285194639157194 -0.13035982875241098
31.391970047481962 -0.023954196990356124
31.49874545580673 0.08272427690956617
31.6055208641315 0.1884605080545077
31.712296272456268 0.2920501438474164
31.819071680781036 0.39231328175588737
31.925847089105805 0.488107908590864
32.03262249743057 0.578342908219654
32.139397905755345 0.6619904895533287
32.24617331408011 0.7380978932517235
32.352948722404875 0.8057982438048459
32.45972413072965 0.8643204233836727
32.56649953905441 0.9129978549956389
32.673274947379184 0.9512760949033028
32.780050355703956 0.9787191478272358
32.88682576402872 0.9950144330020545
32.99360117235349 0.9999763445213702
33.10037658067826 0.9935483654187658
33.20715198900303 0.9758037114050917
33.313927397327795 0.946944496929804
33.42070280565257 0.9072994330650245
33.52747821397733 0.857320083433831
33.6342536223021 0.7975757208282956
33.74102903062687 0.7287468431012692
33.84780443895164 0.6516174221869272
33.954579847276406 0.567065974534949
34.06135525560118 0.4760555546675201
34.16813066392594 0.3796227858342167
34.274906072250715 0.2788660527072214
34.38168148057548 0.1749329906041489
34.48845688890025 0.06900741373803235
34.59523229722502 -0.037704168615990956
34.70200770554979 -0.14398629445449532
34.808783113874554 -0.24862839335247816
34.915558522199326 -0.35043857505432263
35.0223339305241 -0.4482572052945363
35.129109338848856 -0.5409701142176637
35.23588474717363 -0.6275212869513178
35.3426601554984 -0.7069248917845297
35.44943556382317 -0.7782765089487801
35.55621097214794 -0.8407634321039099
35.6629863804727 -0.8936739251934299
35.769761788797474 -0.9364053292321143
35.87653719712224 -0.9684709266882995
35.98331260544701 -0.9895054852744929
36.09008801377178 -0.9992694180015698
36.19686342209654 -0.997651512112939
36.30363883042131 -0.9846701958156363
36.410414238746085 -0.9604733283800977
36.51718964707086 -0.9253365159994036
36.62396505539562 -0.8796599725906281
36.73074046372039 -0.8239639612942563
36.83751587204516 -0.7588828685937422
36.944291280369924 -0.6851579785519377
37.051066688694696 -0.6036290294669335
37.15784209701947 -0.5152246491184674
37.26461750534423 -0.42095177754886215
37.371392913669 -0.3218841978547572
37.47816832199377 -0.2191503056257775
37.58494373031854 -0.11392025633816973
37.69171913864331 -0.007392637096617784
37.79849454696807 0.09921918546474201
37.905269955292844 0.20470088562248306
38.01204536361762 0.3078510099282309
38.11882077194238 0.4074946619557618
38.225596180267154 0.5024968845593721
38.33237158859192 0.5917755872173857
38.43914699691668 0.6743138712164415
38.545922405241456 0.7491716122905846
38.65269781356623 0.8154961687871245
38.759473221891 0.8725320933915501
38.86624863021576 0.9196297377933498
38.97302403854053 0.9562526522842747
39.0797994468653 0.9819836960063438
39.18657485519007 0.9965297882530098
39.29335026351484 0.999725246705314
39.400125671839604 0.9915336745800143
39.50690108016437 0.9720483751947744
39.61367648848914 0.9414912892284384
39.72045189681391 0.9002104667811799
39.827227305138685 0.8486761030281481
39.93400271346344 0.7874751826211721
40.040778121788215 0.7173047938395887
40.14755353011299 0.638964188643213
40.25432893843775 0.553345679064561
40.361104346762524 0.4614244736319585
40.46787975508729 0.364247569588351
40.57465516341206 0.26292182742507386
40.681430571736826 0.1586013635637414
40.7882059800616 0.0524744047854217
40.89498138838637 -0.05425024586254162
41.001756796711135 -0.16035697752674194
41.1085322050359 -0.2646372175499171
41.21530761336067 -0.3659031973069469
41.322083021685444 -0.46300148107959616
41.42885843001021 -0.5548261038739809
41.53563383833498 -0.6403311685388884
41.642409246659746 -0.718542758701696
41.74918465498451 -0.7885700318317825
41.85596006330928 -0.8496153660795218
41.962735471634055 -0.900983445316813
42.06951087995883 -0.9420891788990858
42.176286288283585 -0.972464365941385
42.28306169660836 -0.9917630282014057
42.38983710493313 -0.9997653508270263
42.496612513257894 -0.9963801860826773
42.603387921582666 -0.9816460915366311
42.71016332990743 -0.955730890884132
42.816938738232196 -0.91892976240864
42.92371414655697 -0.8716618768539353
43.03048955488174 -0.8144656230022618
43.13726496320651 -0.7479924753399146
43.24404037153127 -0.6729995736585772
43.35081577985604 -0.5903410991118647
43.457591188180814 -0.500958544955322
43.56436659650558 -0.4058699927875139
43.67114200483035 -0.30615851643764586
43.777917413155116 -0.20295984558133526
43.88469282147989 -0.09744942959776709
43.99146822980465 0.009170950986825036
44.098243638129425 0.11568687297176712
44.2050190464542 0.22088510295653377
44.311794454778955 0.3235674162633871
44.41856986310373 0.4225642449082931
44.5253452714285 0.5167479991673807
44.63212067975327 0.6050459110044357
44.738896088078036 0.686452253070523
44.8456714964028 0.7600397940994863
44.95244690472757 0.8249703602204691
45.05922231305234 0.8805043818924544
45.16599772137711 0.9260093177197406
45.27277312970188 0.9609668591996577
45.37954853802664 0.9849788343393867
45.48632394635141 0.9977717428986971
45.593099354676184 0.9991998716014409
45.699874763000956 0.9892469538331052
45.80665017132572 0.9680263549201532
45.913425579650486 0.9357797808808064
46.02020098797526 0.8928745253548082
46.12697639630002 0.8397992860700894
46.233751804624795 0.7771585984974042
46.34052721294957 0.705665950094578
46.44730262127433 0.6261356535701528
46.5540780295991 0.5394735717312844
46.66085343792387 0.44666679956138333
46.76762884624864 0.3487724210502715
46.874404254573406 0.24690546883832912
46.98117966289817 0.14222622381623198
47.08795507122294 0.03592699933990285
47.194730479547715 -0.07078143940944108
47.30150588787248 -0.17668366623451343
47.40828129619725 -0.2805734378209099
47.51505670452202 -0.3812674330414837
47.62183211284678 -0.4776187311734369
47.728607521171554 -0.5685298755089087
47.835382929496326 -0.6529653735625274
47.9421583378211 -0.7299634914965806
48.048933746145856 -0.7986472084233485
48.15570915447063 -0.8582342058134269
48.2624845627954 -0.9080457782289427
48.369259971120165 -0.9475145638871604
48.47603537944494 -0.9761910070020007
48.5828107877697 -0.9937484782963844
48.68958619609447 -0.9999869953619933
48.79636160441924 -0.9948355004909027
48.90313701274401 -0.97835267003425
49.00991242106878 -0.9507262460692046
49.11668782939354 -0.9122708979866644
49.22346323771831 -0.863424638356504
49.330238646043085 -0.8047438338943262
49.43701405436785 -0.736896868355504
49.54378946269262 -0.6606565295372102
49.65056487101739 -0.5768912071017462
49.75734027934216 -0.4865550014792534
49.864115687666924 -0.390676856511142
49.970891095991696 -0.29034883961499625
50.07766650431647 -0.18671370296193332
50.184441912641226 -0.08095186734645245
50.291217320966 0.025732022995404627
50.39799272929077 0.13212282147663504
50.50476813761554 0.2370087198734552
50.61154354594031 0.339195051014913
50.71831895426507 0.43751789623320586
50.825094362589844 0.5308573425835909
50.93186977091461 0.6181502388320628
51.03864517923938 0.6984023049181217
51.14542058756415 0.7706994569637667
51.25219599588891 0.8342182188351916
51.35897140421368 0.8882351016677824
51.465746812538455 0.9321348445200378
51.57252222086323 0.9654174222942069
51.67929762918799 0.9877037411021782
51.78607303751276 0.9987399562055472
51.89284844583753 0.9984003633478119
51.999623854162294 0.9866888305459777
52.106399262487066 0.9637387540332227
52.21317467081184 0.9298115388544539
52.3199500791366 0.8852936214210052
52.42672548746137 0.8306920679380513
52.53350089578614 0.7666287988393707
52.64027630411091 0.6938335050140708
52.74705171243568 0.6131353365105592
52.85382712076044 0.5254534583847648
52.960602529085214 0.43178658126303626
53.06737793740999 0.3332015858682669
53.17415334573475 0.23082137107768305
53.280928754059524 0.12581206392487765
