0.0 0.0
0.10525715012750776 0.10506289925013107
0.21051430025501552 0.2089628738034644
0.3157714503825233 0.31054987119364774
0.42102860051003105 0.408699440934527
0.5262857506375388 0.5023251808856091
0.6315429007650466 0.5903907624663753
0.7368000508925544 0.6719214016142395
0.8420572010200621 0.7460146485159233
0.9473143511475699 0.81185037668241
1.0525715012750776 0.8686998607999791
1.1578286514025855 0.9159338428760148
1.2630858015300932 0.9530294973966925
1.368342951657601 0.9795762184003088
1.4736001017851088 0.995280164410049
1.5788572519126163 0.9999675109190482
1.6841144020401242 0.9935863744265022
1.789371552167632 0.9762073867279715
1.8946287022951398 0.9480229131031522
1.9998858524226475 0.9093449230548709
2.105143002550155 0.860601537167755
2.210400152677663 0.8023322883088609
2.315657302805171 0.7351821496232805
2.4209144529326787 0.6598943954279067
2.5261716030601864 0.5773023740249955
2.631428753187694 0.4883202835009639
2.736685903315202 0.3939330526116493
2.8419430534427095 0.29518543876092085
2.9472002035702176 0.19317046374540162
3.0524573536977253 0.08901731526822557
3.1577145038252326 -0.016121151861937064
3.2629716539527407 -0.12108117649931881
3.3682288040802484 -0.2247009726500185
3.4734859542077565 -0.32583358909832855
3.578743104335264 -0.42335960482922813
3.6840002544627715 -0.5161995197234247
3.7892574045902796 -0.6033257033742806
3.8945145547177873 -0.6837737697670504
3.999771704845295 -0.7566532519159049
4.105028854972803 -0.8211574583028521
4.21028600510031 -0.8765724020191914
4.315543155227819 -0.9222847037742378
4.420800305355326 -0.9577883812941541
4.5260574554828334 -0.9826904499601106
4.631314605610342 -0.9967152726931792
4.736571755737849 -0.999707610937781
4.841828905865357 -0.9916343429728267
4.947086055992865 -0.9725848305308339
5.052343206120373 -0.9427699296669738
5.1576003562478805 -0.9025196568265821
5.262857506375388 -0.8522795359450631
5.368114656502896 -0.7926056670135673
5.473371806630404 -0.7241585706957087
5.578628956757912 -0.6476958771282927
5.683886106885419 -0.5640639398325727
5.789143257012927 -0.47418846756031746
5.894400407140435 -0.3790642777693329
5.999657557267942 -0.2797442851455891
6.104914707395451 -0.17732784705626287
6.210171857522958 -0.07294859493607071
6.315429007650465 0.0322381137006772
6.420686157777974 0.13706798373057066
6.525943307905481 0.24038066982057352
6.63120045803299 0.34103262010790725
6.736457608160497 0.43790973399563715
6.8417147582880045 0.5299396939568497
6.946971908415513 0.6161038348485868
7.05222905854302 0.6954484193559948
7.157486208670528 0.7670951947605675
7.262743358798036 0.830251114181258
7.368000508925543 0.8842171146855992
7.4732576590530515 0.9283958551072831
7.578514809180559 0.9622983279215165
7.683771959308067 0.9855492719923555
7.789029109435575 0.9978913262791587
7.894286259563082 0.9991878785254416
7.99954340969059 0.989424577398444
8.104800559818097 0.9687094913417739
8.210057709945605 0.9372719123828114
8.315314860073114 0.8954598181353468
8.42057201020062 0.843736020090138
8.525829160328128 0.7826730408273558
8.631086310455638 0.7129467768542476
8.736343460583145 0.6353290172130824
8.841600610710652 0.5506789006696934
8.94685776083816 0.4599334060416987
9.052114910965667 0.36409698092743753
9.157372061093175 0.26423042363357485
9.262629211220684 0.16143914136560633
9.36788636134819 0.05686091464946745
9.473143511475698 -0.048346696582045816
9.578400661603206 -0.15301916583799066
9.683657811730715 -0.2559978900297265
9.788914961858222 -0.35614301386616387
9.89417211198573 -0.45234604673259354
9.999429262113237 -0.5435421323988329
10.104686412240746 -0.6287218357452613
10.209943562368254 -0.7069423160412818
10.315200712495761 -0.7773377631009869
10.420457862623268 -0.8391289807998454
10.525715012750776 -0.8916320118739708
10.630972162878285 -0.9342657085354307
10.736229313005792 -0.9665581651056524
10.8414864631333 -0.9881519414651105
10.946743613260807 -0.9988080195017517
11.052000763388314 -0.9984084487648628
11.157257913515824 -0.9869576520400449
11.262515063643331 -0.964582376394097
11.367772213770838 -0.9315302902316801
11.473029363898346 -0.8881672418927239
11.578286514025853 -0.8349732101347334
11.683543664153364 -0.7725369913234554
11.78880081428087 -0.7015496821385837
11.894057964408377 -0.6227970299333638
11.999315114535884 -0.5371507354208107
12.104572264663393 -0.44555880395570313
12.209829414790901 -0.3490350522125147
12.31508656491841 -0.2486478864081963
12.420343715045917 -0.1455084762819118
12.525600865173423 -0.04075845573206783
12.63085801530093 0.06444271374962994
12.73611516542844 0.16893057697495528
12.841372315555947 0.27154857423036177
12.946629465683456 0.37116084305445296
13.051886615810963 0.466664790920783
13.15714376593847 0.5570032996610168
13.26240091606598 0.6411764265395605
13.367658066193487 0.7182524724623192
13.472915216320994 0.7873782948073534
13.578172366448502 0.8477887507262826
13.683429516576009 0.8988151663900522
13.788686666703518 0.9398927384343176
13.893943816831026 0.9705667856789874
13.999200966958533 0.9904977819226508
14.10445811708604 0.9994651141046661
14.209715267213548 0.9973695242364065
14.314972417341057 0.9842342080723154
14.420229567468564 0.9602045583597524
14.525486717596072 0.9255465555095522
14.630743867723579 0.8806438235007216
14.736001017851086 0.825993383606987
14.841258167978596 0.7622001529465382
14.946515318106103 0.6899702487496582
15.05177246823361 0.6101031724582183
15.157029618361118 0.5234829601700524
15.262286768488625 0.43106839738252467
15.367543918616134 0.333882406346745
15.472801068743642 0.2330007235021709
15.57805821887115 0.1295399923192568
15.683315368998656 0.024645403348614984
15.788572519126165 -0.08052198171295324
15.893829669253673 -0.18479808163164574
15.99908681938118 -0.28702868066863474
16.104343969508687 -0.3860822044124307
16.209601119636194 -0.4808622449979483
16.314858269763704 -0.5703196970726152
16.42011541989121 -0.6534643701783976
16.52537257001872 -0.7293759490141623
16.630629720146228 -0.7972141802608818
16.735886870273735 -0.8562281732134007
16.84114402040124 -0.905764711271464
16.946401170528752 -0.945275482291464
17.051658320656255 -0.9743231477672583
17.156915470783765 -0.9925861836612768
17.262172620911276 -0.9998624393034784
17.36742977103878 -0.9960713749653113
17.47268692116629 -0.9812549533412889
17.577944071293796 -0.9555771750705316
17.683201221421303 -0.9193222634394997
17.788458371548813 -0.8728915183591676
17.89371552167632 -0.8167988744394719
17.998972671803827 -0.7516652123279898
18.104229821931334 -0.6782114862797719
18.209486972058844 -0.5972507440281538
18.31474412218635 -0.5096791272873662
18.420001272313858 -0.41646595250091994
18.525258422441368 -0.3186429816304535
18.63051557256887 -0.2172930017449741
18.73577272269638 -0.11353783982116489
18.841029872823892 -0.008525945417179595
18.946287022951395 0.09658032133479164
19.051544173078906 0.20061755570991258
19.156801323206412 0.30243418593445526
19.26205847333392 0.4009032197525657
19.36731562346143 0.49493471892616103
19.472572773588936 0.5834878635897413
19.577829923716443 0.6655824729216933
19.68308707384395 0.7403098546115301
19.78834422397146 0.8068428630320685
19.893601374098967 0.8644450547841904
19.998858524226474 0.9124788402729382
20.104115674353984 0.950412541086388
20.20937282448149 0.9778262750603121
20.314629974608998 0.9944166038877811
20.41988712473651 0.9999998918300217
20.52514427486401 0.9945143383515098
20.630401424991522 0.9780206621803714
20.735658575119032 0.9507014292223384
20.840915725246536 0.9128590317674722
20.946172875374046 0.8649123413574862
21.051430025501553 0.8073920723625903
21.15668717562906 0.7409349075876362
21.26194432575657 0.6662764509303587
21.367201475884077 0.5842430850976098
21.472458626011584 0.4957428245052205
21.57771577613909 0.40175526460934596
21.6829729262666 0.30332073891852657
21.788230076394107 0.20152880370582488
21.893487226521614 0.09750617788189572
21.998744376649125 -0.007595728479301122
22.104001526776628 -0.11261355891738392
22.20925867690414 -0.2163848875951566
22.31451582703165 -0.3177610860072098
22.419772977159152 -0.41562003696809585
22.525030127286662 -0.5088785551508724
22.63028727741417 -0.5965043766949706
22.735544427541676 -0.6775275851724428
22.840801577669186 -0.7510513474402434
22.946058727796693 -0.8162618405451366
23.0513158779242 -0.8724372598019006
23.156573028051707 -0.918955808335778
23.261830178179217 -0.9553025796542274
23.367087328306727 -0.9810752570658483
23.47234447843423 -0.9959885668605244
23.57760162856174 -0.9998774359592261
23.682858778689244 -0.9926988190819369
23.788115928816755 -0.9745321752090861
23.893373078944265 -0.9455785880626009
23.998630229071768 -0.9061585403418372
24.10388737919928 -0.8567083663510078
24.209144529326785 -0.7977754222834575
24.314401679454296 -0.730012027622086
24.419658829581802 -0.6541682447176702
24.52491597970931 -0.5710835764667362
24.63017312983682 -0.4816776739861249
24.735430279964323 -0.38694015713952984
24.840687430091833 -0.28791966059094
24.945944580219344 -0.185712226632621
25.051201730346847 -0.08144917326546132
25.156458880474357 0.023715428181952613
25.26171603060186 0.12861752728719333
25.36697318072937 0.23209597922497394
25.47223033085688 0.33300539729642653
25.577487480984388 0.43022883103423404
25.682744631111895 0.5226901295515679
25.7880017812394 0.6093658532868773
25.893258931366912 0.6892966022953316
25.99851608149442 0.7615976356958066
26.103773231621926 0.8254686647284712
26.209030381749436 0.8802027110251106
26.31428753187694 0.9251939320414121
26.41954468200445 0.9599443270327577
26.52480183213196 0.9840692493460688
26.630058982259463 0.9973016640130858
26.735316132386973 0.9994951035184043
26.84057328251448 0.9906252890253469
26.945830432641987 0.9707903991145889
27.051087582769497 0.940209983060898
27.156344732897004 0.8992225306767697
27.26160188302451 0.8482817256219586
27.366859033152018 0.7879514236504541
27.472116183279528 0.718899411379877
27.577373333407035 0.6418900146665159
27.682630483534542 0.5577756384027011
27.787887633662052 0.46748733138121074
27.893144783789555 0.3720244806627271
27.998401933917066 0.2724437495177123
28.103659084044576 0.16984738138700914
28.20891623417208 0.06537099932264905
28.31417338429959 -0.03982896404500639
28.419430534427097 -0.14458806687800338
28.524687684554603 -0.24774674715427694
28.629944834682114 -0.3481631576771646
28.73520198480962 -0.4447258050023104
28.840459134937127 -0.5363658523836916
28.945716285064634 -0.6220689505593314
29.050973435192144 -0.7008864654236453
29.15623058531965 -0.7719459783090473
29.261487735447158 -0.8344609426508954
29.36674488557467 -0.8877393901476169
29.47200203570217 -0.9311915900489307
29.577259185829682 -0.9643365767927262
29.682516335957192 -0.986807473737155
29.787773486084696 -0.998355554060452
29.893030636212206 -0.9988529938789791
29.998287786339713 -0.9882942871096728
30.10354493646722 -0.9667963064160129
30.20880208659473 -0.9345970095629026
30.314059236722237 -0.8920528054996235
30.419316386849744 -0.8396346093252623
30.52457353697725 -0.7779226298035962
30.62983068710476 -0.7075999471235972
30.735087837232268 -0.6294449519923354
30.840344987359774 -0.5443227297507326
30.945602137487285 -0.4531754848800781
31.050859287614788 -0.35701211188892523
31.1561164377423 -0.2568970280185229
31.26137358786981 -0.15393839137593365
31.366630737997312 -0.04927583490633253
31.471887888124822 0.055932148024727804
31.57714503825233 0.16052102681200833
31.682402188379836 0.2633331236166159
31.787659338507346 0.36323042751979007
31.892916488634853 0.4591071909866503
31.99817363876236 0.5499021692116556
32.10343078888987 0.6346103668703225
32.20868793901737 0.7122941622543066
32.31394508914489 0.7820936856585332
32.41920223927239 0.8432363371436112
32.5244593893999 0.8950453383230174
32.62971653952741 0.9369472235164858
32.734973689654915 0.9684781873514139
32.84023083978242 0.9892892185515164
32.94548798990993 0.9991499630877199
33.05074514003744 0.9979512739306555
33.15600229016494 0.9857064191819523
33.261259440292456 0.9625509352117014
33.36651659041996 0.9287411264277184
33.47177374054747 0.8846512282823791
33.577030890674976 0.8307692649193006
33.68228804080248 0.7676916473109017
33.78754519092999 0.6961165716792124
33.892802341057504 0.6168362912717705
33.99805949118501 0.5307283470351333
34.10331664131251 0.4387458542522227
34.208573791440024 0.34190695265925136
34.31383094156753 0.24128353681727763
34.41908809169504 0.1379893914799424
34.52434524182255 0.033167863285345524
34.62960239195005 -0.07202079476792035
34.73485954207756 -0.17641226597867898
34.84011669220507 -0.27885105758142953
34.94537384233258 -0.37820329071392217
35.050630992460086 -0.4733692511438667
35.15588814258759 -0.5632955618326666
35.2611452927151 -0.646986842600084
35.366402442842606 -0.7235167278307998
35.47165959297012 -0.7920381202696206
35.57691674309763 -0.851792567407661
35.68217389322513 -0.9021186566738221
35.78743104335264 -0.942459336506443
35.89268819348015 -0.9723680822693413
35.997945343607654 -0.991513838762767
36.10320249373517 -0.9996846846212903
36.20845964386267 -0.9967901780380465
36.313716793990174 -0.9828623578508627
36.41897394411769 -0.9580553889094018
36.524231094245195 -0.9226438556487111
36.6294882443727 -0.8770197227573165
36.73474539450021 -0.8216879965817788
36.840002544627716 -0.7572611352909212
36.94525969475522 -0.6844522696727481
37.050516844882736 -0.6040673096019816
37.15577399501024 -0.5169960235505158
37.26103114513774 -0.42420218988020825
37.36628829526526 -0.32671292893186366
37.47154544539276 -0.22560733399189045
37.57680259552027 -0.12200452697847887
37.682059745647784 -0.017051271057243477
37.787316895775284 0.08809072269974845
37.89257404590279 0.192257654111072
37.997831196030305 0.2942965158069278
38.10308834615781 0.3930778556862637
38.20834549628532 0.48750827864436036
38.313602646412825 0.5765425491911369
38.41885979654033 0.6591951609982966
38.52411694666784 0.7345512453137735
38.62937409679535 0.8017766974999699
38.73463124692286 0.8601274096066993
38.83988839705036 0.908957506785002
38.94514554717787 0.9477264963741951
39.05040269730538 0.9760052505300454
39.15565984743289 0.9934807561733698
39.2609169975604 0.9999595796825311
39.3661741476879 0.995370007979756
39.47143129781541 0.9797628423119071
39.57668844794292 0.9533108359394737
39.68194559807043 0.9163067819579281
39.787202748197934 0.869160272417021
39.89245989832544 0.8123931646108519
39.99771704845295 0.7466338047216105
40.102974198580455 0.6726100727545754
40.20823134870797 0.5911413257488864
40.313488498835476 0.5031293284434517
40.41874564896298 0.4095482717849418
40.52400279909049 0.3114339897615422
40.629259949217996 0.2098724939195548
40.7345170993455 0.10598795247251022
40.83977424947302 0.0009302470601289687
40.94503139960052 -0.1041377551105497
41.05028854972802 -0.20805307285930374
41.15554569985554 -0.3096654838883864
41.260802849983044 -0.40785025641205336
41.36606000011055 -0.5015205986357563
41.471317150238065 -0.589639688283446
41.576574300365564 -0.6712321490201477
41.68183145049307 -0.745394846739163
41.787088600620585 -0.811306886211307
41.89234575074809 -0.8682386974450178
41.9976029008756 -0.9155601111817926
42.102860051003105 -0.9527473341405145
42.20811720113061 -0.9793887468028504
42.31337435125812 -0.9951894595649177
42.41863150138563 -0.9999745768238999
42.52388865151314 -0.9936911328699476
42.62914580164064 -0.9764086781552889
42.73440295176815 -0.9483185094512094
42.83966010189566 -0.9097315524142146
42.94491725202317 -0.8610749199988551
43.05017440215068 -0.8028871848116579
43.15543155227818 -0.7358124177357245
43.26068870240569 -0.6605930588114493
43.3659458525332 -0.5780616992845957
43.47120300266071 -0.48913186578483275
43.576460152788215 -0.3947879086432151
43.68171730291572 -0.2960741062733092
43.78697445304323 -0.19408310621777858
43.892231603170735 -0.08994383080469744
43.99748875329825 0.015191018716034219
44.102745903425756 0.12015772124138288
44.208003053553256 0.22379441686095797
44.31326020368077 0.3249539673015104
44.41851735380828 0.4225166534198783
44.52377450393578 0.5154025691980285
44.6290316540633 0.602583575052783
44.7342888041908 0.6830946781510336
44.839545954318304 0.7560447137635958
44.94480310444582 0.8206262094272898
45.050060254573324 0.8761243227305661
45.15531740470083 0.9219247537916754
45.26057455482834 0.9575205448473629
45.365831704955845 0.9825176916885673
45.47108885508335 0.9966395048310026
45.576346005210866 0.9997296721475133
45.68160315533837 0.991753989062409
45.78686030546587 0.9728007371565325
45.892117455593386 0.9430797069923257
45.99737460572089 0.902919875975128
46.1026317558484 0.8527657669540353
46.20788890597591 0.7931725278684472
46.31314605610341 0.724799786902916
46.41840320623092 0.6484043511665423
46.523660356358434 0.5648318297142292
46.62891750648594 0.4750072736331387
46.734174656613455 0.3799249367977586
46.839431806740954 0.2806372706302973
46.94468895686846 0.17824327468145829
47.04994610699597 0.07387633197744099
47.15520325712348 -0.031308336218441896
47.26046040725099 -0.13614645736808217
47.36571755737849 -0.23947759480810063
47.470974707506 -0.3401579924406483
47.57623185763351 -0.43707323478958526
47.68148900776102 -0.5291505822900721
47.78674615788853 -0.615370845273924
47.89200330801603 -0.6947796652196859
47.997260458143536 -0.7664980783969022
48.10251760827105 -0.8297322449772948
48.20777475839856 -0.8837822359228922
48.31303190852607 -0.9280497803904167
48.41828905865357 -0.962044887897061
48.52354620878108 -0.9853912719480578
48.62880335890859 -0.9978305150926431
48.7340605090361 -0.9992249293061602
48.839317659163605 -0.9895590800371364
48.944574809291105 -0.9689399570499023
49.04983195941862 -0.9375957901717209
49.155089109546125 -0.8958735230527665
49.26034625967364 -0.8442349729014423
49.365603409801146 -0.7832517187024055
49.470860559928646 -0.7135987744987249
49.57611771005616 -0.6360471177676612
49.681374860183666 -0.5514551555923558
49.78663201031117 -0.46075922308887596
49.89188916043869 -0.36496321926019504
49.99714631056619 -0.2651274949961524
50.102403460693694 -0.16235711621626794
50.20766061082121 -0.05778963206905496
50.312917760948714 0.04741751642047948
50.41817491107622 0.15209980788341593
50.52343206120372 0.25509853051064546
50.628689211331235 0.3552736076515657
50.73394636145874 0.4515162171430303
50.839203511586256 0.5427610646874389
50.94446066171376 0.6279981754276004
51.04971781184126 0.7062840731995143
51.154974961968776 0.7767522237215441
51.26023211209628 0.8386226261259601
51.36548926222379 0.8912104466658363
51.4707464123513 0.9339335990319919
51.5760035624788 0.9663191873747307
51.68126071260631 0.988008740713601
51.786517862733824 0.9987621807962362
51.89177501286133 0.9984604794867578
51.99703216298884 0.9871069762694786
52.102289313116344 0.9648273412846748
52.20754646324385 0.931868184305581
52.31280361337136 0.8885943250536232
52.41806076349887 0.8354847550663339
52.52331791362638 0.7731273358154226
