0.0 0.0
0.12201230624865728 0.12170979858242427
0.24402461249731455 0.24160994973424366
0.36603691874597183 0.3579177128463355
0.4880492249946291 0.4689037608872968
0.6100615312432863 0.5729178929775797
0.7320738374919437 0.6684135704729984
0.854086143740601 0.7539709117417843
0.9760984499892582 0.8283178037363458
1.0981107562379153 0.8903488164614116
1.2201230624865727 0.9391416391079659
1.34213536873523 0.9739707934716019
1.4641476749838873 0.9943184207567384
1.5861599812325444 0.9998819813826323
1.708172287481202 0.9905787533062854
1.830184593729859 0.966547061978736
1.9521968999785164 0.9281442236470775
2.0742092062271738 0.8759412325823074
2.1962215124758306 0.8107142712261896
2.3182338187244884 0.7334331694888788
2.4402461249731453 0.6452469847907494
2.5622584312218026 0.5474669172521895
2.68427073747046 0.4415468140576207
2.8062830437191173 0.32906155286543987
2.9282953499677746 0.2116836256711005
3.0503076562164315 0.09115827128717986
3.172319962465089 -0.030722473815767922
3.294332268713746 -0.15214642048136656
3.416344574962404 -0.2713081714806621
3.5383568812110613 -0.386435965139295
3.660369187459718 -0.495818018852971
3.7823814937083755 -0.5978279808015193
3.904393799957033 -0.690949111431622
4.02640610620569 -0.773796835164792
4.1484184124543475 -0.8451393270195455
4.270430718703004 -0.9039158280546825
4.392443024951661 -0.9492524173097141
4.514455331200319 -0.9804750057366476
4.636467637448977 -0.9971193589222991
4.758479943697634 -0.9989379995778443
4.880492249946291 -0.9859038871656456
5.002504556194949 -0.9582108199526592
5.124516862443605 -0.9162705535124821
5.246529168692263 -0.8607066785197044
5.36854147494092 -0.7923453488648615
5.490553781189577 -0.7122029979494011
5.612566087438235 -0.6214712258014718
5.734578393686892 -0.5214990817191097
5.856590699935549 -0.413773005872111
5.978603006184207 -0.29989472810175577
6.100615312432863 -0.1815574525310413
6.222627618681521 -0.060520682085576295
6.344639924930178 0.06141594275213992
6.466652231178836 0.18243940197546968
6.588664537427492 0.3007502530203985
6.71067684367615 0.41458938585552807
6.832689149924808 0.5222641783860327
6.954701456173464 0.6221736632788504
7.076713762422123 0.7128323320150713
7.198726068670779 0.7928922222379113
7.320738374919436 0.8611629599896161
7.442750681168094 0.9166294588383872
7.564762987416751 0.9584670127351191
7.686775293665408 0.9860535581911377
7.808787599914066 0.9989789234562207
7.930799906162722 0.9970509271750952
8.05281221241138 0.9802982358442713
8.174824518660037 0.9489699375829942
8.296836824908695 0.9035318385557137
8.418849131157351 0.8446595371128844
8.540861437406008 0.7732283786275216
8.662873743654666 0.6903004403844747
8.784886049903323 0.5971087400381568
8.90689835615198 0.4950389024359453
9.028910662400637 0.3856085573949198
9.150922968649295 0.27044477475694845
9.272935274897954 0.15125987223003082
9.39494758114661 0.02982595571802215
9.516959887395268 -0.09205142931303198
9.638972193643925 -0.2125601436661272
9.760984499892581 -0.329908398283732
9.882996806141238 -0.44235139554126635
10.005009112389898 -0.5482172718464293
10.127021418638554 -0.64593195581568
10.24903372488721 -0.7340425724230428
10.371046031135867 -0.8112390451355708
10.493058337384525 -0.8763735748432253
10.615070643633183 -0.9284777059598325
10.73708294988184 -0.9667767259470648
10.859095256130496 -0.9907011841614922
10.981107562379155 -0.999895358756225
11.103119868627811 -0.994222545746656
11.22513217487647 -0.9737670915995993
11.347144481125127 -0.9388331391241811
11.469156787373784 -0.8899401053112636
11.59116909362244 -0.8278149583593362
11.713181399871099 -0.7533814087162576
11.835193706119757 -0.6677461748503134
11.957206012368413 -0.5721825279585634
12.07921831861707 -0.4681113602786989
12.201230624865726 -0.35708005849104835
12.323242931114386 -0.240739496332456
12.445255237363043 -0.12081948850838013
12.567267543611699 0.0008969291322654197
12.689279849860355 0.1226000107431209
12.811292156109014 0.2424802087651669
12.933304462357672 0.35875507926325634
13.055316768606328 0.46969578427124564
13.177329074854985 0.5736527970944453
13.299341381103643 0.6690804283689765
13.4213536873523 0.7545598082112607
13.543365993600958 0.8288199827465675
13.665378299849616 0.8907568113419368
13.787390606098272 0.9394493835691783
13.909402912346929 0.9741737118016031
14.031415218595585 0.9944134958555189
14.153427524844245 0.9998677996219534
14.275439831092902 0.990455525548272
14.397452137341558 0.9663166204406646
14.519464443590214 0.9278099946589737
14.641476749838873 0.8755081856424084
14.763489056087531 0.8101888451117439
14.885501362336187 0.7328231765209097
15.007513668584844 0.6445614946762152
15.129525974833502 0.5467161222306535
15.251538281082158 0.4407418773574969
15.373550587330817 0.3282144427230409
15.495562893579473 0.21080693738040174
15.617575199828131 0.09026503992613659
15.739587506076788 -0.031618967197835586
15.861599812325444 -0.1530328463336393
15.983612118574104 -0.272171349941828
16.10562442482276 -0.3872630620028813
16.227636731071417 -0.4965967363933103
16.349649037320074 -0.5985467406230143
16.47166134356873 -0.6915972266226242
16.59367364981739 -0.7743646691964147
16.715685956066046 -0.845618437026805
16.837698262314703 -0.904299090369611
16.95971056856336 -0.9495341333799223
17.081722874812016 -0.9806509868545005
17.203735181060676 -0.9971869885048967
17.325747487309332 -0.9988962720717981
17.44775979355799 -0.9857534229981929
17.569772099806645 -0.9579538563068146
17.691784406055305 -0.9159109110633816
17.81379671230396 -0.8602497046267364
17.935809018552618 -0.7917978380642174
18.057821324801274 -0.7115730909292192
18.179833631049934 -0.6207682883616592
18.30184593729859 -0.5207335655155476
18.423858243547247 -0.412956293015747
18.545870549795907 -0.2990389619231916
18.667882856044564 -0.1806753570269032
18.78989516229322 -0.05962537273121149
18.911907468541877 0.062311154010681234
19.033919774790537 0.1833212046506793
19.155932081039193 0.30160553599086887
19.27794438728785 0.41540543230923516
19.399956693536506 0.5230288549008076
19.521968999785162 0.6228756002286966
19.643981306033822 0.71346109261994
19.765993612282475 0.7934384577434149
19.888005918531135 0.8616185486694017
20.010018224779795 0.9169876267523656
20.132030531028448 0.9587224344480901
20.254042837277108 0.9862024359542618
20.37605514352576 0.9990190436740046
20.49806744977442 0.9969816933183373
20.62007975602308 0.9801206773195797
20.742092062271734 0.9486866944270127
20.864104368520394 0.9031471221816172
20.98611667476905 0.8441790676928042
21.108128981017707 0.7726593000419147
21.230141287266367 0.6896512140030264
21.35215359351502 0.5963890189115437
21.47416589976368 0.4942593877690184
21.596178206012336 0.3847808394353891
21.718190512260993 0.2695811604652755
21.840202818509653 0.15037320229284687
21.96221512475831 0.028929413625830975
22.084227431006966 -0.09294451328516072
22.206239737255622 -0.21343649066033582
22.328252043504282 -0.33075497829664813
22.45026434975294 -0.443155621161166
22.572276656001595 -0.5489671854097227
22.694288962250255 -0.6466164071999605
22.816301268498908 -0.7346513848331467
22.938313574747568 -0.8117631664177198
23.060325880996224 -0.8768052120773506
23.18233818724488 -0.9288104413289568
23.30435049349354 -0.9670056121608909
23.426362799742197 -0.9908228180153995
23.548375105990853 -0.9999079317319696
23.670387412239513 -0.9941258709024013
23.792399718488166 -0.9735626063494704
23.914412024736826 -0.9385238838660069
24.036424330985486 -0.8895306782202914
24.15843663723414 -0.8273114470200681
24.2804489434828 -0.7527912996089249
24.402461249731452 -0.6670782420378338
24.524473555980112 -0.571446702628986
24.646485862228772 -0.4673185830829202
24.768498168477425 -0.3562421168712699
24.890510474726085 -0.23986884926007127
25.012522780974738 -0.11992908123723296
25.134535087223398 0.0017938575429674703
25.256547393472058 0.12349012427431635
25.37855969972071 0.24335027272511772
25.50057200596937 0.3595921570681617
25.622584312218027 0.4704874297933762
25.744596618466684 0.5743872397179447
25.866608924715344 0.6697467480017744
25.988621230964 0.7551480976509323
26.110633537212657 0.8293214949860067
26.232645843461313 0.8911640896246126
26.35465814970997 0.9397563722602424
26.47667045595863 0.9743758464263594
26.598682762207286 0.9945077709665118
26.720695068455942 0.9998528134855973
26.8427073747046 0.990331500986587
26.96471968095326 0.9660854015182362
27.086731987201915 0.927475019264401
27.20874429345057 0.8750744343719068
27.33075659969923 0.8096627672149312
27.452768905947885 0.732212594009865
27.574781212196545 0.6438754860235395
27.6967935184452 0.5459648873858218
27.818805824693857 0.4399365860884525
27.940818130942517 0.3273670685380195
28.06283043719117 0.20993007949931136
28.18484274343983 0.08937173594849165
28.30685504968849 -0.03251543514301588
28.428867355937143 -0.15391914907373805
28.550879662185803 -0.2730343094460325
28.672891968434456 -0.38808984732028956
28.794904274683116 -0.497375054430499
28.916916580931776 -0.5992650189244156
29.03892888718043 -0.6922447854360867
29.16094119342909 -0.7749318802655757
29.282953499677745 -0.8460968667492277
29.404965805926402 -0.9046816251921713
29.526978112175062 -0.9498150855669846
29.648990418423715 -0.9808261790562569
29.771002724672375 -0.9972538158684816
29.89301503092103 -0.998853740971651
30.015027337169688 -0.9856021658098252
30.137039643418348 -0.9576961220043052
30.259051949667004 -0.9155505317804123
30.38106425591566 -0.8597920386783399
30.503076562164317 -0.7912496902764407
30.625088868412977 -0.7109426114612687
30.747101174661633 -0.6200648515249144
30.86911348091029 -0.5199676303911895
30.991125787158946 -0.41213924794346524
31.113138093407603 -0.2981829551731614
31.235150399656263 -0.17979311617268884
31.35716270590492 -0.05873001540930578
31.479175012153576 0.06320631514101888
31.601187318402236 0.1842028598472723
31.72319962465089 0.30246057632510026
31.84521193089955 0.4162211445767359
31.96722423714821 0.5237931106482714
32.089236543396865 0.6235770360863189
32.21124884964552 0.7140892792581798
32.33326115589418 0.7939840549419411
32.455273462142834 0.8620734441925479
32.57728576839149 0.9173450569662739
32.69929807464015 0.9589770848860912
32.821310380888804 0.9863505203352474
32.94332268713746 0.9990583601989204
33.065334993386124 0.9969116574077226
33.18734729963478 0.9799423303054164
33.30935960588344 0.9484026880696316
33.43137191213209 0.9027616792418902
33.55338421838075 0.8436979191458338
33.675396524629406 0.7720895998657857
33.79740883087807 0.6890014328095682
33.91942113712672 0.5956688180006804
34.04143344337538 0.4934794754792927
34.16344574962403 0.3839528119265908
34.285458055872695 0.2687173293003982
34.40747036212135 0.14948641138312388
34.52948266837001 0.028032848260446396
34.651494974618664 -0.0938375224851005
34.77350728086732 -0.2143126659487249
34.89551958711598 -0.33160129222312285
35.01753189336464 -0.4439594902703336
35.13954419961329 -0.5497166573387788
35.261556505861954 -0.6473003383929598
35.38356881211061 -0.7352596062294168
35.50558111835927 -0.8122866346509878
35.62759342460792 -0.877236143937439
35.74960573085658 -0.9291424294867723
35.871618037105236 -0.9672337204360776
35.99363034335389 -0.990943654770154
36.11564264960255 -0.9999197002997512
36.23765495585121 -0.9940283963017482
36.35966726209987 -0.9733573378857184
36.481679568348525 -0.9382138735822334
36.60369187459718 -0.8891205355178767
36.72570418084584 -0.8268072701236076
36.847716487094495 -0.7522005848945227
36.96972879334315 -0.6664097725728931
37.091741099591815 -0.5707104175808022
37.213753405840464 -0.4665254299377485
37.33576571208913 -0.3554038886611067
37.457778018337784 -0.23899800921750772
37.57979032458644 -0.11903857748528798
37.7018026308351 0.002690784510543363
37.82381493708375 0.12438013845991888
37.94582724333241 0.24422014091414884
38.06783954958107 0.3604289455876419
38.18985185582972 0.471278696816821
38.311864162078386 0.5751212202572343
38.433876468327036 0.6704125288353421
38.5558887745757 0.7557357795875279
38.677901080824356 0.829822340051206
38.79991338707301 0.8915706509817932
38.92192569332167 0.9400626049341931
39.043937999570325 0.9745771971832556
39.16595030581898 0.9946012460138736
39.287962612067645 0.9998370229856198
39.4099749183163 0.9902066797210048
39.53198722456495 0.965853405397465
39.653999530813614 0.9271392977328426
39.77601183706227 0.8746399791197478
39.89802414331093 0.809136037958975
40.02003644955959 0.7316014224469402
40.14204875580824 0.6431889593846097
40.264061062056896 0.5452132133220523
40.38607336830556 0.43913094089832694
40.508085674554216 0.32651943099207587
40.63009798080287 0.2090530527332392
40.75211028705152 0.08847836007289821
40.874122593300186 -0.0334118769301058
40.99613489954884 -0.1548053279886473
41.1181472057975 -0.2738970492990381
41.24015951204616 -0.38891632042639945
41.36217181829481 -0.4981529723383911
41.48418412454347 -0.5999828151278696
41.60619643079213 -0.6928917873510616
41.72820873704079 -0.7754984679159646
41.850221043289444 -0.8465746158019253
41.9722333495381 -0.9050634322146213
42.09424565578676 -0.9500952736448764
42.216257962035414 -0.9810005822009776
42.33827026828408 -0.9973198409592924
42.460282574532734 -0.9988104063116184
42.58229488078138 -0.9854501157222268
42.70430718703004 -0.9574376172524783
42.8263194932787 -0.9151894159534926
42.94833179952736 -0.8593336810426985
43.07034410577602 -0.7907009059425023
43.19235641202467 -0.7103115600527677
43.31436871827333 -0.6193609158571418
43.436381024521985 -0.5192012769622196
43.55839333077065 -0.41132187131256137
43.680405637019305 -0.29732670854029525
43.802417943267955 -0.17891073067815036
43.92443024951662 -0.05783461084015804
44.046442555765275 0.0641014254230118
44.16845486201393 0.18508436685597118
44.290467168262595 0.30331537333524333
44.412479474511244 0.4170365220018021
44.5344917807599 0.5245569450135811
44.656504087008564 0.6242779702874185
44.77851639325722 0.7147168914244265
44.90052869950588 0.7945290133945607
45.022541005754526 0.8625276461930962
45.14455331200319 0.9177017491925699
45.266565618251846 0.9592309638442602
45.38857792450051 0.9864978112149657
45.510590230749166 0.9990968729993385
45.632602536997815 0.9968408194995947
45.75461484324647 0.9797631949452592
45.876627149495135 0.9481179187393317
45.99863945574379 0.902375510046615
46.12065176199245 0.8432160918590487
46.242664068241105 0.771519278557448
46.36467637448976 0.6883510973268462
46.48668868073842 0.5949481378849572
46.60870098698708 0.4926991661941999
46.73071329323574 0.38312447553464507
46.852725599484394 0.2678532819572617
46.97473790573305 0.14859950021426918
47.09675021198171 0.027136260343139137
47.21876251823036 -0.09473045619443968
47.34077482447903 -0.2151886688264323
47.46278713072768 -0.33244733938232685
47.58479943697633 -0.44476300222205956
47.70681174322499 -0.5504656870306655
47.82882404947365 -0.6479837488444686
47.95083635572231 -0.7358672361225438
48.07284866197097 -0.8128094494142591
48.19486096821962 -0.8776663700768134
48.31687327446828 -0.9294736701662
48.438885580716935 -0.9674610505891182
48.5608978869656 -0.9910636943285468
48.682910193214255 -0.9999306644501026
48.804922499462904 -0.9939301220231136
48.92693480571157 -0.97315128637348
49.048947111960224 -0.9379031085222581
49.17095941820888 -0.888709677533967
49.292971724457544 -0.8263024280755519
49.414984030706194 -0.7516092650482646
49.53699633695485 -0.6657407669932658
49.659008643203514 -0.569973673406346
49.78102094945217 -0.4657319014812393
49.90303325570083 -0.354565374534905
50.025045561949476 -0.2381269769053474
50.14705786819814 -0.11814797796895007
50.269070174446796 0.00358770931343147
50.39108248069545 0.12527005258393864
50.513094786944116 0.2450898126324721
50.635107093192765 0.36126544414850226
50.75711939944142 0.47206958470502614
50.879131705690085 0.5758547381218342
51.00114401193874 0.6710777703340881
51.1231563181874 0.7563228535482696
51.245168624436054 0.8303225175392446
51.36718093068471 0.8919764950864066
51.48919323693337 0.9403680813446709
51.61120554318203 0.9747777639103121
51.73321784943069 0.994693920922407
51.85523015567934 0.9998204281347246
51.977242461928 0.9900810618519432
52.09925476817666 0.9656206322649817
52.22126707442531 0.9268028303343797
52.34327938067398 0.8742048202354393
52.465291686922626 0.8086086577676143
52.58730399317128 0.7309896623238276
52.70931629941994 0.6425019153117175
52.8313286056686 0.5444611006440411
52.95334091191726 0.4383249424352538
53.07535321816591 0.3256715307671242
53.19736552441457 0.20817585778774628
53.31937783066323 0.08758491301803988
53.441390136911885 -0.03430829183794469
53.56340244316055 -0.15569138236545899
53.6854147494092 -0.27475956880679275
53.807427055657854 -0.38974248065630523
53.92943936190652 -0.49893048949117796
54.051451668155174 -0.6007001286559417
54.17346397440383 -0.6935382318470421
54.29547628065248 -0.7760644316917671
54.41748858690114 -0.8470516838005573
54.5395008931498 -0.905444511129804
54.66151319939846 -0.950374697388197
54.78352550564712 -0.9811741961483599
54.90553781189577 -0.997385063724212
55.027550118144426 -0.9987662681265631
55.14956242439309 -0.985297272857717
55.271574730641746 -0.9571783422592894
55.3935870368904 -0.9148275638731335
55.51559934313906 -0.8588746320885529
55.637611649387715 -0.7901514855039027
55.75962395563637 -0.7096799372113787
55.881636261885035 -0.618656481924634
56.00364856813369 -0.5184345058451433
56.12566087438234 -0.4105041637806131
56.247673180631004 -0.2964702227134385
56.36968548687966 -0.1780282012531301
56.49169779312832 -0.05693915974410517
56.61371009937698 0.06499648413656695
56.73572240562563 0.18596572496762637
56.857734711874286 0.30416992633360557
56.97974701812294 0.41785156392848366
57.101759324371606 0.5253203573822668
57.22377163062026 0.6249784022681092
57.34578393686891 0.7153439286137726
57.467796243117576 0.7950733326628666
57.58980854936623 0.8629811543056598
57.71182085561489 0.9180577031442996
57.83383316186355 0.9594840711183581
57.9558454681122 0.9866443084749198
58.07785777436086 0.9991345820442754
58.19987008060952 0.9967691796509395
58.32188238685818 0.979583271383215
58.443894693106834 0.9478323866652039
58.56590699935549 0.9019886149064574
58.68791930560415 0.8427335862200701
58.809931611852804 0.7709483365757147
58.93194391810147 0.6877002080780258
59.053956224350124 0.5942269791441425
59.17596853059877 0.4919184605414878
59.29798083684743 0.38229583092595665
59.41999314309609 0.26698901913097317
59.54200544934475 0.1477124694997869
59.66401775559341 0.026239650595190966
59.78603006184206 -0.09562331369482914
59.90804236809072 -0.21606449858870871
60.030054674339375 -0.333293119093607
60.15206698058804 -0.44556615636995534
60.274079286836695 -0.5512142738828046
60.396091593085345 -0.6486666380046904
60.51810389933401 -0.7364742740237027
60.640116205582665 -0.8133316102869261
60.76212851183132 -0.8780958901493645
60.884140818079985 -0.9298041631007651
0.0 0.0
0.13051465568299933 0.13014443839268505
0.26102931136599866 0.2580751317189066
0.391543967048998 0.3816159905145444
0.5220586227319973 0.4986655960017916
0.6525732784149966 0.6072329450315389
0.783087934097996 0.7054713168659519
0.9136025897809953 0.7917096857303471
1.0441172454639946 0.8644811448097183
1.174631901146994 0.9225478582003117
1.3051465568299931 0.9649221163858261
1.4356612125129926 0.9908831370864978
1.566175868195992 0.9999893257001581
1.696690523878991 0.9920857867862739
1.8272051795619906 0.9673069588233103
1.9577198352449896 0.9260743274224332
2.0882344909279893 0.8690892558955772
2.2187491466109885 0.7973210551292671
2.349263802293988 0.7119904956945509
2.479778457976987 0.6145490426505592
2.6102931136599863 0.5066541662557931
2.7408077693429855 0.3901411485496963
2.8713224250259852 0.266991865371998
3.0018370807089845 0.13930107483484028
3.132351736391984 0.00924078567770867
3.262866392074983 -0.12097668840377934
3.393381047757982 -0.24913636001273423
3.523895703440982 -0.3730582447852614
3.654410359123981 -0.49063444272632284
3.7849250148069804 -0.5998649933970396
3.915439670489979 -0.6988918950599512
4.0459543261729785 -0.7860307091196724
4.176468981855979 -0.8597992122702784
4.306983637538978 -0.9189426089789976
4.437498293221977 -0.9624548754441622
4.568012948904976 -0.9895958719686206
4.698527604587976 -0.9999039326687059
4.829042260270975 -0.9932037183689492
4.959556915953974 -0.9696091991055157
5.090071571636973 -0.9295217155062503
5.220586227319973 -0.8736231520230804
5.351100883002973 -0.8028643381394742
5.481615538685971 -0.7184488748473637
5.61213019436897 -0.6218126615036778
5.7426448500519705 -0.514599471312814
5.873159505734969 -0.39863299089385784
6.003674161417969 -0.27588579953696374
6.134188817100968 -0.1484458158089551
6.264703472783968 -0.018480782248292152
6.395218128466967 0.11179860773844312
6.525732784149966 0.24017631357044267
6.656247439832966 0.3644686421414979
6.786762095515964 0.48256139224123096
6.917276751198965 0.592445816925503
7.047791406881964 0.6922527921193206
7.178306062564962 0.7802846102474488
7.308820718247962 0.8550438580859379
7.439335373930962 0.9152588876249371
7.569850029613961 0.9599054466857507
7.70036468529696 0.9882241013572866
7.830879340979958 0.9997331538978492
7.9613939966629585 0.9942368363699376
8.091908652345957 0.971828640635067
8.222423308028958 0.9328897280657011
8.352937963711957 0.8780824460249593
8.483452619394955 0.8083390613981767
8.613967275077956 0.7248459028179282
8.744481930760955 0.6290231813218391
8.874996586443954 0.5225008326919283
9.005511242126953 0.4070907923951268
9.136025897809953 0.2847561747256969
9.266540553492952 0.1575778804095402
9.397055209175951 0.027719200672011567
9.52756986485895 -0.10261098014917326
9.65808452054195 -0.23119575752572666
9.788599176224949 -0.35584791608329075
9.919113831907948 -0.4744471339361296
10.049628487590947 -0.5849760491696605
10.180143143273947 -0.6855545749832358
10.310657798956946 -0.7744718797957152
10.441172454639945 -0.8502154883351403
10.571687110322944 -0.911497008705621
10.702201766005945 -0.9572740478163659
10.832716421688945 -0.9867679423933972
10.963231077371942 -0.9994770039710605
11.093745733054941 -0.9951850525672199
11.22426038873794 -0.9739650938851004
11.354775044420942 -0.936178077492914
11.485289700103941 -0.8824667571045175
11.61580435578694 -0.8137447573971655
11.746319011469938 -0.7311810333388051
11.876833667152937 -0.6361799863703281
12.007348322835938 -0.5303575756647323
12.137862978518937 -0.415513830808486
12.268377634201936 -0.29360223346188435
12.398892289884936 -0.16669648881359184
12.529406945567937 -0.03695525204388688
12.659921601250934 0.09341459020371616
12.790436256933933 0.22219545876367697
12.920950912616933 0.3471968027684315
13.051465568299932 0.4662923607195293
13.181980223982933 0.5774563280024368
13.312494879665932 0.6787978156388721
13.44300953534893 0.7685930141364443
13.573524191031929 0.8453145153314178
13.704038846714928 0.9076572934627241
13.83455350239793 0.9545609035415324
13.965068158080928 0.9852275194241075
14.095582813763928 0.9991355047619924
14.226097469446925 0.9960482859888758
14.356612125129924 0.9760183764154492
14.487126780812925 0.9393864829827652
14.617641436495925 0.8867757108681442
14.748156092178924 0.8190809645227478
14.878670747861923 0.737453725428216
15.00918540354492 0.6432824655013394
15.139700059227922 0.538169029312965
15.27021471491092 0.42390138685747275
15.40072937059392 0.3024232203456909
15.53124402627692 0.17580086234718398
15.661758681959917 0.046188147661081945
15.79227333764292 -0.08421022321807216
15.922787993325917 -0.2131761858552928
16.053302649008916 -0.3385160409495963
16.183817304691914 -0.45809776895966753
16.314331960374915 -0.5698872955624676
16.444846616057916 -0.6719830910725485
16.575361271740913 -0.762648515289155
16.705875927423914 -0.8403413575881798
16.836390583106912 -0.9037400697846705
16.96690523878991 -0.9517662455473369
17.09741989447291 -0.9836029639922086
17.22793455015591 -0.9987086854326085
17.35844920583891 -0.99682646292
17.48896386152191 -0.9779883128882216
17.619478517204907 -0.9425146705568598
17.74999317288791 -0.8910089393572874
17.880507828570906 -0.8243472270951566
18.011022484253907 -0.7436634434362538
18.141537139936904 -0.6503300122061761
18.272051795619905 -0.5459345265857988
18.402566451302906 -0.43225274429560256
18.533081106985904 -0.31121838211826564
18.6635957626689 -0.18489022355196402
18.794110418351902 -0.05541709909022429
18.9246250740349 0.07499866518942364
19.0551397297179 0.20413870899185055
19.185654385400902 0.3298063719112666
19.3161690410839 0.44986405842505045
19.446683696766897 0.5622695981992802
19.577198352449898 0.6651109832204658
19.7077130081329 0.756638890878044
19.838227663815896 0.8352964397829726
19.968742319498897 0.8997456721786362
20.099256975181895 0.9488903124806473
20.229771630864892 0.9818944148248947
20.360286286547893 0.9981965824306943
20.490800942230894 0.9975195169089957
20.621315597913892 0.9798747350827761
20.751830253596893 0.9455623730869246
20.88234490927989 0.8951660810798757
21.01285956496289 0.8295430954074631
21.14337422064589 0.7498096570906132
21.27388887632889 0.6573220246670359
21.40440353201189 0.553653404356801
21.53491818769489 0.44056718996753935
21.66543284337789 0.31998696772606405
21.795947499060883 0.19396379625153787
21.926462154743884 0.06464131823477076
22.056976810426885 -0.06578070272904221
22.187491466109883 -0.1950837999191324
22.318006121792884 -0.3210685394064185
22.44852077747588 -0.4415919322246795
22.579035433158882 -0.5546038864180919
22.709550088841883 -0.6581820789190141
22.84006474452488 -0.7505646540886323
22.970579400207882 -0.8301801927212232
23.10109405589088 -0.8956744417419804
23.23160871157388 -0.9459333499287264
23.36212336725688 -0.9801020178219174
23.492638022939875 -0.9975992394867443
23.623152678622876 -0.9981273887732506
23.753667334305874 -0.9816774819100824
23.884181989988875 -0.9485293303176261
24.014696645671876 -0.8992467810411836
24.145211301354873 -0.8346681257639889
24.275725957037874 -0.7558918415418722
24.40624061272087 -0.6642579058084092
24.536755268403873 -0.5613250034805678
24.667269924086874 -0.44884401386997724
24.79778457976987 -0.32872822838499177
24.928299235452872 -0.20302080561774885
25.058813891135873 -0.07386001740226714
25.189328546818867 0.056557122995079694
25.31984320250187 0.18601223187153254
25.450357858184866 0.312303289593026
25.580872513867867 0.4332820967480342
25.711387169550868 0.5468908148242544
25.841901825233865 0.6511969698546469
25.972416480916866 0.7444263236239541
26.102931136599864 0.8249930532994375
26.233445792282865 0.891526726133126
26.363960447965866 0.9428956103982656
26.494475103648863 0.9782259260431214
26.624989759331864 0.9969167076102285
26.755504415014858 0.9986500266041889
26.88601907069786 0.9833963994264802
27.01653372638086 0.9514152888887853
27.147048382063858 0.9032506907741544
27.27756303774686 0.8397218805181801
27.408077693429856 0.7619094774083233
27.538592349112857 0.6711370633480519
27.66910700479586 0.5689486688489953
27.799621660478856 0.45708250921229426
27.930136316161857 0.3374414176443279
28.060650971844854 0.21206047823686963
28.191165627527855 0.08307240937165657
28.321680283210856 -0.04732871362538853
28.45219493889385 -0.17692477950600852
28.58270959457685 -0.30351137097033515
28.71322425025985 -0.4249352616047249
28.84373890594285 -0.5391310420673604
28.97425356162585 -0.6441562525133746
29.104768217308848 -0.7382244236602467
29.23528287299185 -0.8197354644679073
29.365797528674847 -0.8873028795418598
29.496312184357848 -0.9397773532938202
29.62682684004085 -0.9762662996953831
29.757341495723846 -0.996149045085234
29.887856151406847 -0.9990873857717054
30.01837080708984 -0.9850313408468264
30.148885462772842 -0.954220002357023
30.279400118455843 -0.9071774683691457
30.40991477413884 -0.8447039281099953
30.54042942982184 -0.7678620508203079
30.67094408550484 -0.6779589098475829
30.80145874118784 -0.5765237494472437
30.93197339687084 -0.4652819724768826
31.06248805255384 -0.34612579145049244
31.19300270823684 -0.22108204217560157
31.323517363919834 -0.09227770746046104
31.45403201960284 0.03809626267021796
31.58454667528584 0.16782221883595988
31.715061330968833 0.2946935343149367
31.845575986651834 0.41655213956392223
31.97609064233483 0.5313252307850053
32.10660529801783 0.637060528129807
32.237119953700834 0.7319594838022065
32.36763460938383 0.8144078751928676
32.49814926506683 0.8830032626590986
32.62866392074983 0.9365788448956605
32.75917857643283 0.9742233061189218
32.88969323211583 0.9952963174654915
33.020207887798826 0.999439428927977
33.15072254348183 0.9865821665570255
33.28123719916483 0.9569432312167948
33.41175185484783 0.9110267785031368
33.54226651053083 0.8496138431027409
33.672781166213824 0.7737490534641162
33.803295821896825 0.6847228627626258
33.93381047757982 0.5840495984093121
34.06432513326282 0.4734417034792533
34.19483978894582 0.35478060821056046
34.32535444462882 0.23008472704703517
34.45586910031182 0.10147512559196639
34.58638375599482 -0.028860558524961916
34.71689841167782 -0.15870532716491592
34.84741306736082 -0.2858505326166779
34.97792772304382 -0.40813344649346844
35.10844237872682 -0.5234740475461985
35.238957034409815 -0.62991040263583
35.369471690092816 -0.7256320390377458
35.49998634577582 -0.8090107404181834
35.63050100145881 -0.878628242646081
35.76101565714181 -0.9333003583370302
35.89153031282481 -0.9720971197730149
36.022044968507814 -0.994358597568774
36.152559624190815 -0.9997061260106497
36.28307427987381 -0.9880487441259561
36.41358893555681 -0.9595847429208529
36.54410359123981 -0.9147982924683594
36.67461824692281 -0.8544512062194235
36.80513290260581 -0.7795699826253731
36.93564755828881 -0.6914283444925766
37.06616221397181 -0.5915255730732722
37.1966768696548 -0.48156100542779295
37.3271915253378 -0.36340512885560305
37.457706181020804 -0.2390677640764084
37.588220836703805 -0.11066387836239085
37.718735492386806 0.01962238986282768
37.8492501480698 0.14957488302021807
37.9797648037528 0.27698312101433475
38.1102794594358 0.3996799012987563
38.2407941151188 0.5155781627944219
38.371308770801804 0.6227064866088579
38.5018234264848 0.7192426296923243
38.6323380821678 0.8035445210264633
38.7628527378508 0.8741781931030201
38.893367393533794 0.9299421735808236
39.023882049216795 0.9698879222210982
39.154396704899796 0.9933359654706813
39.2849113605828 0.9998874542454085
39.4154260162658 0.9894309483167756
39.54594067194879 0.9621443119000966
39.67645532763179 0.9184916882003634
39.806969983314794 0.8592156043785293
39.937484638997795 0.7853243412319951
40.067999294680796 0.698074782429903
40.19851395036379 0.5989510350361841
40.32902860604679 0.48963918498329106
40.459543261729785 0.37199861690379615
40.590057917412786 0.24803038616676945
40.72057257309579 0.11984318110789728
40.85108722877879 -0.010382545567445405
40.98160188446179 -0.14043166608649646
41.11211654014478 -0.2680920567311513
41.242631195827784 -0.39119222586134533
41.373145851510785 -0.5076382507904137
41.503660507193786 -0.615449395219674
41.63417516287679 -0.7127918013828042
41.76468981855978 -0.7980096837997388
41.89520447424278 -0.869653494037186
42.02571912992578 -0.926504577395681
42.156233785608784 -0.9675959021152631
42.28674844129178 -0.9922285084978003
42.41726309697478 -0.9999833981479203
42.54777775265778 -0.99072866109762
42.67829240834078 -0.9646217195828365
42.80880706402378 -0.9221066503055214
42.939321719706776 -0.8639066307293134
43.06983637538978 -0.7910116378966068
43.20035103107278 -0.7046616090090728
43.33086568675578 -0.6063253502085609
43.46138034243878 -0.49767555231814953
43.59189499812177 -0.38056033852331145
43.72240965380477 -0.25697182796447865
43.85292430948777 -0.12901224997163052
43.98343896517077 0.0011418146655590316
44.11395362085377 0.13127645713908245
44.244468276536765 0.25917809901016386
44.374982932219766 0.38267114497730775
44.50549758790277 0.4996549895545666
44.63601224358577 0.6081397481799322
44.76652689926877 0.7062801049708405
44.89704155495176 0.792406701379584
45.02755621063476 0.865054531830476
45.158070866317765 0.9229878633314896
45.288585522000766 0.9652212551801406
45.41910017768377 0.9910363212202496
45.54961483336676 0.999993949525157
45.68012948904976 0.9919417716516773
45.81064414473276 0.9670167544134659
45.941158800415764 0.9256428700879713
46.071673456098765 0.8685238846865356
46.20218811178176 0.7966313869585212
46.33270276746476 0.7111882617549878
46.46321742314776 0.6136478888685648
46.59373207883076 0.5056694211752806
46.72424673451376 0.38908956259496813
46.85476139019675 0.2658913259245651
46.98527604587975 0.1381703019706469
47.11579070156275 0.008099013740383777
47.24630535724575 -0.12211003797737387
47.376820012928754 -0.2502420090493766
47.50733466861175 -0.37411738629533864
47.63784932429475 -0.4916290608090355
47.76836397997775 -0.6007781696892148
47.89887863566075 -0.6997080965158701
48.02939329134375 -0.7867360522267649
48.159907947026745 -0.8603816992064064
48.29042260270975 -0.9193923316943324
48.42093725839275 -0.9627641841961969
48.55145191407575 -0.9897595054435999
48.68196656975875 -0.9999191074760948
48.81248122544174 -0.9930701763866538
48.942995881124745 -0.9693292118705152
49.073510536807746 -0.9291000455759597
49.20402519249075 -0.8730669719646821
49.33453984817375 -0.802183108525203
49.46505450385674 -0.7176541833310357
49.59556915953974 -0.6209180257157413
49.726083815222744 -0.5136201089266967
49.856598470905745 -0.3975855607747184
49.987113126588746 -0.2747881183759149
50.11762778227175 -0.14731655506276217
50.24814243795473 -0.017339150539609105
50.378657093637734 0.11293319135804583
50.509171749320736 0.24128454993673237
50.63968640500374 0.36553168025462573
50.77020106068674 0.4835611499195281
50.90071571636973 0.5933652883817357
51.03123037205273 0.6930763372276082
51.16174502773573 0.780998220580363
51.292259683418735 0.8556353951965838
51.422774339101736 0.9157182895208358
51.55328899478473 0.9602248989824118
51.68380365046773 0.9883981702001856
51.81431830615073 0.9997588783917916
51.94483296183373 0.9941137789436193
52.075347617516734 0.9715588944841226
52.20586227319973 0.9324778815476402
52.33637692888273 0.8775355046116132
52.46689158456573 0.807666328513266
52.59740624024873 0.7240588215866731
52.72792089593173 0.6281351399244336
52.858435551614726 0.5215269366318216
52.98895020729773 0.4060476075557651
53.11946486298073 0.2836614455863682
53.24997951866373 0.15645022821338958
53.38049417434673 0.026577806680387853
53.511008830029716 -0.10374670092821524
53.64152348571272 -0.23230648658499065
53.77203814139572 -0.3569147600224478
53.90255279707872 -0.47545194583675443
54.03306745276172 -0.5859017372726643
54.163582108444714 -0.6863853934181293
54.294096764127715 -0.7751936964164509
54.42461141981072 -0.8508160251066146
54.55512607549372 -0.9119660505519418
54.68564073117672 -0.957603616378364
54.81615538685971 -0.9869524317397909
54.94667004254271 -0.9995132759548403
55.077184698225714 -0.995072490205238
55.207699353908716 -0.9737056118529015
55.33821400959172 -0.935776089556278
55.46872866527471 -0.881929101041707
55.59924332095771 -0.813080578688931
55.72975797664071 -0.730401629604596
55.86027263232371 -0.6352986151968135
55.990787288006715 -0.5293892290954548
56.12130194368971 -0.4144749803305679
56.25181659937271 -0.29251054982751357
56.38233125505571 -0.16557054146215086
56.51284591073871 -0.0358141932374728
56.64336056642171 0.0945513511585361
56.7738752221047 0.22330858566638126
56.9043898777877 0.34826736143160647
57.0349045334707 0.46730214103763174
57.1654191891537 0.5783881537040468
57.2959338448367 0.6796358364535129
57.4264485005197 0.7693229754062342
57.5569631562027 0.8459240004815172
57.6874778118857 0.908135935206134
57.8179924675687 0.9549005602257067
57.9485071232517 0.9854224135197245
58.079021778934695 0.9991823211382017
58.209536434617696 0.9959462283033744
58.3400510903007 0.9757691806601895
58.4705657459837 0.9389943879548915
58.6010804016667 0.886247386068437
58.73159505734969 0.8184253967080272
58.862109713032694 0.7366820657474132
58.992624368715695 0.6424078398154766
59.1231390243987 0.5372063149254545
59.2536536800817 0.4228669594525303
59.38416833576469 0.301334675439448
59.51468299144769 0.17467671598953655
59.64519764713069 0.04504752147938281
59.775712302813695 -0.08534792727615402
59.906226958496696 -0.21429161554715606
60.03674161417968 -0.3395902229175637
60.16725626986268 -0.4591124314661262
60.297770925545684 -0.5708251792904159
60.428285581228685 -0.6728282427050308
60.55880023691169 -0.7633865588737326
60.68931489259468 -0.8409597390705633
60.81982954827768 -0.9042282705520637
60.95034420396068 -0.9521159613490648
61.08085885964368 -0.9838082461942728
61.211373515326684 -0.9987660422034128
61.34188817100968 -0.9967349186260872
61.47240282669268 -0.9777494246897097
61.60291748237568 -0.9421325019202882
61.73343213805868 -0.8904899909364248
61.86394679374168 -0.8237003261554653
61.994461449424676 -0.7428995937039189
62.12497610510768 -0.6494622066957012
62.25549076079068 -0.5449775265900326
62.38600541647368 -0.4312228282974786
62.51652007215668 -0.31013306889528547
62.64703472783967 -0.18376797418340535
62.777549383522675 -0.05427700293581255
62.90806403920568 0.07613721519773727
63.03857869488868 0.2052563462219194
63.16909335057168 0.33088408545540443
63.299608006254665 0.45088351647382996
63.430122661937666 0.5632134598639771
63.56063731762067 0.6659631934999608
63.69115197330367 0.7573849537529519
63.82166662898667 0.8359236647916128
63.95218128466966 0.9002433902806234
64.08269594035266 0.9492500575363161
64.21321059603567 0.9821100676035495
64.34372525171867 0.9982644746981725
64.47423990740167 0.9974384938239993
64.60475456308465 0.9796461748406177
64.73526921876766 0.9451901634765455
64.86578387445066 0.8946565533529118
64.99629853013366 0.8289049165842332
65.12681318581666 0.7490536825348854
