0.0 0.0
0.059139609832543155 0.05910514246088354
0.11827921966508631 0.11800362531616716
0.17741882949762947 0.17648951154022977
0.23655843933017262 0.2343583067409256
0.29569804916271575 0.2914076741689501
0.35483765899525893 0.3474381421830632
0.4139772688278021 0.4022538016975363
0.47311687866034524 0.45566299117321535
0.5322564884928883 0.5074789667571479
0.5913960983254315 0.5575205552276463
0.6505357081579747 0.6056127874617827
0.7096753179905179 0.651587510210413
0.7688149278230609 0.6952839740416733
0.8279545376556042 0.7365493953972222
0.8870941474881473 0.7752394907960087
0.9462337573206905 0.8112189813177424
1.0053733671532337 0.8443620656021467
1.0645129769857766 0.8745528597101697
1.12365258681832 0.9016858023091878
1.182792196650863 0.9256660237654797
1.2419318064834062 0.9464096778534548
1.3010714163159494 0.9638442349218165
1.3602110261484925 0.9779087354916168
1.4193506359810357 0.9885540033995018
1.4784902458135787 0.9957428177408979
1.5376298556461219 0.9994500430119442
1.596769465478665 0.9996627169951332
1.6559090753112085 0.9963800960813701
1.7150486851437516 0.9896136578699827
1.7741882949762946 0.9793870610375911
1.8333279048088378 0.9657360626161561
1.892467514641381 0.9487083929694389
1.9516071244739241 0.928363588905016
2.0107467343064673 0.9047727855053678
2.06988634413901 0.8780184674058977
2.1290259539715533 0.8481941803895329
2.1881655638040964 0.8154042043063079
2.24730517363664 0.7797631884615599
2.3064447834691832 0.7413957507475907
2.365584393301726 0.7004360419204213
2.4247240031342696 0.6570272765451338
2.4838636129668124 0.6113212322498434
2.5430032227993555 0.5634777190391326
2.6021428326318987 0.5136640205224979
2.661282442464442 0.46205430901152367
2.720422052296985 0.40882903653088826
2.7795616621295283 0.3541743038725165
2.8387012719620714 0.2982812098989621
2.8978408817946146 0.24134518337116537
2.9569804916271574 0.18356529963683357
3.016120101459701 0.12514358456862187
3.0752597112922437 0.0662843081858871
3.1343993211247874 0.007193270429828888
3.19353893095733 -0.05192291841068755
3.2526785407898733 -0.11085756010668227
3.311818150622417 -0.16940459120408055
3.3709577604549597 -0.2273593035192634
3.4300973702875033 -0.28451905989595394
3.489236980120046 -0.3406840027207997
3.548376589952589 -0.39565775272036713
3.6075161997851324 -0.4492480955961998
3.6666558096176756 -0.5012676540971558
3.7257954194502187 -0.5515345431791306
3.784935029282762 -0.5998730059614216
3.8440746391153047 -0.6461140282561257
3.9032142489478483 -0.6900959295218888
3.962353858780391 -0.7316649281757426
4.021493468612935 -0.7706756792864468
4.080633078445477 -0.8069917827692865
4.13977268827802 -0.8404862603054526
4.198912298110564 -0.8710419993184555
4.2580519079431065 -0.8985521624552262
4.31719151777565 -0.9229205611401672
4.376331127608193 -0.9440619918960229
4.4354707374407365 -0.9619025342556411
4.49461034727328 -0.9763798092229781
4.553749957105823 -0.9874431973796489
4.6128895669383665 -0.9950540158744187
4.672029176770909 -0.9991856536767924
4.731168786603452 -0.9998236646217975
4.790308396435995 -0.9969658179206267
4.849448006268539 -0.9906221059605329
4.908587616101082 -0.9808147093667064
4.967727225933625 -0.9675779194482895
5.026866835766167 -0.9509580182997001
5.086006445598711 -0.9310131169764815
5.145146055431255 -0.9078129523114981
5.204285665263797 -0.8814386430818969
5.26342527509634 -0.8519824063793965
5.322564884928884 -0.8195472351756048
5.3817044947614265 -0.7842465382097534
5.44084410459397 -0.7462037434579639
5.499983714426513 -0.705551866570517
5.5591233242590565 -0.6624330457860601
5.618262934091599 -0.6169980449489275
5.677402543924143 -0.5694057263672434
5.7365421537566865 -0.5198224953549656
5.795681763589229 -0.4684217183999963
5.854821373421772 -0.4153831169927293
5.913960983254315 -0.3608921392344977
5.973100593086859 -0.3051393114230703
6.032240202919402 -0.24831957188237413
6.091379812751945 -0.19063158936566424
6.1505194225844875 -0.13227706841536094
6.209659032417031 -0.07346004410831884
6.268798642249575 -0.014386168652447778
6.3279382520821175 0.04473800767092773
6.38707786191466 0.10370575870479956
6.446217471747204 0.1623109052291483
6.505357081579747 0.2203485358612636
6.56449669141229 0.2776157235231129
6.623636301244834 0.3339122349706279
6.682775911077377 0.38904123090407855
6.741915520909919 0.44280995421160746
6.801055130742462 0.4950304039394957
6.8601947405750066 0.5455199926326488
6.919334350407549 0.5941021847469166
6.978473960240092 0.6406071139010772
7.037613570072635 0.6848721768102506
7.096753179905178 0.7267426018240905
7.155892789737722 0.7660719900818643
7.215032399570265 0.8027228273922942
7.2741720094028075 0.8365669650483798
7.333311619235351 0.8674860678960439
7.392451229067894 0.8953720280899451
7.4515908389004375 0.9201273430897721
7.51073044873298 0.9416654565753568
7.569870058565524 0.9599110610886182
7.629009668398067 0.9748003613441432
7.688149278230609 0.9862812972877582
7.747288888063154 0.9943137261231644
7.806428497895697 0.9988695626701889
7.865568107728239 0.9999328775638938
7.924707717560782 0.9974999529511885
7.983847327393325 0.9915792954902078
8.04298693722587 0.9821916066070006
8.102126547058413 0.9693697101135285
8.161266156890955 0.9531584374400546
8.220405766723498 0.9336144708832018
8.27954537655604 0.9108061454177694
8.338684986388586 0.8848132097652509
8.397824596221128 0.8557265475544958
8.456964206053671 0.8236478595494358
8.516103815886213 0.7886893080549967
8.575243425718757 0.7509731247444861
8.6343830355513 0.7106311832797075
8.693522645383844 0.6678045382181009
8.752662255216386 0.6226429318191244
8.81180186504893 0.575304270474302
8.870941474881473 0.525954072591608
8.930081084714017 0.47476488986461923
8.98922069454656 0.42191570394997135
9.048360304379102 0.36759130066261647
9.107499914211646 0.3119816238769824
9.166639524044188 0.25528111139312787
9.225779133876733 0.19768801508997655
9.284918743709275 0.13940370774275815
9.344058353541818 0.08063197892827145
9.40319796337436 0.021578322479907864
9.462337573206904 -0.037550782016250575
9.521477183039448 -0.0965485911719641
9.58061679287199 -0.15520882066976316
9.639756402704533 -0.21332636653074732
9.698896012537078 -0.2706980222553464
9.75803562236962 -0.3271231893296018
9.817175232202164 -0.38240457861271027
9.876314842034706 -0.436348900153395
9.93545445186725 -0.4887675390232489
9.994594061699793 -0.539477214803953
10.053733671532335 -0.5883006224225358
10.11287328136488 -0.6350670520939912
10.172012891197422 -0.6796129862036219
10.231152501029966 -0.7217826710421795
10.29029211086251 -0.7614286613946754
10.349431720695051 -0.7984123360787757
10.408571330527595 -0.8326043826301922
10.467710940360137 -0.8638852494403697
10.52685055019268 -0.8921455637656086
10.585990160025226 -0.9172865141460351
10.645129769857768 -0.939220195897322
10.704269379690311 -0.9578699184671545
10.763408989522853 -0.9731704735817615
10.822548599355397 -0.9850683632449659
10.88168820918794 -0.9935219867925463
10.940827819020482 -0.9985017863478863
10.999967428853026 -0.9999903501703284
11.05910703868557 -0.9979824735348748
11.118246648518113 -0.9924851769303746
11.177386258350657 -0.9835176815125659
11.236525868183199 -0.9711113418978005
11.295665478015742 -0.9553095365324356
11.354805087848286 -0.9361675160212178
11.413944697680828 -0.9137522099449684
11.473084307513373 -0.8881419928430271
11.532223917345915 -0.8594264101787061
11.591363527178459 -0.8277058652458773
11.650503137011002 -0.7930912681114545
11.709642746843544 -0.7557036478212029
11.768782356676088 -0.7156737292248002
11.82792196650863 -0.6731414758997802
11.887061576341173 -0.628255600772486
11.946201186173719 -0.5811730461471667
12.00534079600626 -0.532058434961263
12.064480405838804 -0.4810834951855408
12.123620015671346 -0.42842645938168733
12.18275962550389 -0.37427144151674546
12.241899235336433 -0.3188077932133886
12.301038845168975 -0.26222944168685347
12.36017845500152 -0.2047342116834285
12.419318064834062 -0.14652313379135146
12.478457674666606 -0.08779974154252064
12.53759728449915 -0.02876935976277108
12.596736894331691 0.030361613341088157
12.655876504164235 0.08938642784728401
12.715016113996777 0.14809870501483402
12.77415572382932 0.2062931588815033
12.833295333661866 0.2637663140408642
12.892434943494408 0.32031721708880345
12.951574553326951 0.37574813925192974
13.010714163159493 0.4298652677411097
13.069853772992037 0.48247938341289953
13.12899338282458 0.5334065223693859
13.188132992657122 0.582468619183214
13.247272602489668 0.6294941294987654
13.30641221232221 0.6743186298325552
13.365551822154753 0.7167853924757199
13.424691431987297 0.7567459334883919
13.483831041819839 0.7940605318699704
13.542970651652382 0.8285987180899971
13.602110261484924 0.8602397302714966
13.661249871317468 0.8888729364317706
13.720389481150013 0.9143982213042657
13.779529090982555 0.9367263363890194
13.838668700815099 0.9557792120077437
13.89780831064764 0.9714902302724339
13.956947920480184 0.9838044580130996
14.016087530312728 0.9926788388501733
14.07522714014527 0.9980823437400326
14.134366749977813 0.99999607946725
14.193506359810357 0.9984133547042328
14.2526459696429 0.9933397034072778
14.311785579475444 0.9847928654672361
14.370925189307986 0.972802724682442
14.43006479914053 0.9574112042707827
14.489204408973071 0.9386721202862507
14.548344018805615 0.9166509934524961
14.60748362863816 0.8914248200713097
14.666623238470702 0.8630818028070427
14.725762848303246 0.8317210422882584
14.784902458135788 0.7974521906049508
14.844042067968331 0.7603950679128332
14.903181677800875 0.7206792434852619
14.962321287633417 0.6784435826776124
15.02146089746596 0.6338357613881433
15.080600507298502 0.5870117497130374
15.139740117131048 0.538135266600972
15.198879726963591 0.4873772074140552
15.258019336796133 0.4349150463965889
15.317158946628677 0.38093221614095324
15.376298556461219 0.32561746622029025
15.435438166293762 0.26916420323047835
15.494577776126308 0.21176981454896973
15.55371738595885 0.15363497817492036
15.612856995791393 0.09496296106372795
15.671996605623935 0.035958908409386064
15.731136215456479 -0.023170873640409182
15.790275825289022 -0.08221963932836922
15.849415435121564 -0.1409809261688243
15.908555044954108 -0.19924927683848273
15.96769465478665 -0.25682095755264855
16.026834264619193 -0.31349467041515666
16.08597387445174 -0.3690722572512627
16.14511348428428 -0.4233593924625869
16.204253094116826 -0.47616626248157096
16.263392703949368 -0.5273082294496955
16.32253231378191 -0.5766064767990106
16.381671923614455 -0.6238886344796418
16.440811533446997 -0.6689893816472146
16.49995114327954 -0.711751024702937
16.55909075311208 -0.7520240486651893
16.618230362944626 -0.7896676399448029
16.67736997277717 -0.8245501786961357
16.736509582609713 -0.8565496990224714
16.795649192442255 -0.8855543154266339
16.854788802274797 -0.9114626140157353
16.913928412107342 -0.9341840070922387
16.973068021939884 -0.9536390498915005
17.032207631772426 -0.9697597183583484
17.09134724160497 -0.9824896469914295
17.150486851437513 -0.9917843259237309
17.20962646127006 -0.9976112565501858
17.2687660711026 -0.9999500651582027
17.327905680935142 -0.9987925741638296
17.387045290767688 -0.9941428307044626
17.44618490060023 -0.9860170924881366
17.50532451043277 -0.9744437709488668
17.564464120265317 -0.9594633319068024
17.62360373009786 -0.9411281540805349
17.682743339930404 -0.9195023459462522
17.741882949762946 -0.8946615215841154
17.801022559595488 -0.8666925362955694
17.860162169428033 -0.8356931829160257
17.919301779260575 -0.8017718498847426
17.97844138909312 -0.7650471422674313
18.037580998925662 -0.7256474670567192
18.096720608758204 -0.6837105842003991
18.15586021859075 -0.6393831249273313
18.21499982842329 -0.5928200790551446
18.274139438255833 -0.5441842530723217
18.333279048088375 -0.4936457008895232
18.39241865792092 -0.4413811292504715
18.451558267753466 -0.38757327988138945
18.510697877586008 -0.3324102905392641
18.56983748741855 -0.2760850371930268
18.62897709725109 -0.218794459637714
18.688116707083637 -0.1607388728995487
18.74725631691618 -0.10212126683963361
18.80639592674872 -0.0431465964051185
18.865535536581266 0.01597893499047409
18.924675146413808 0.075048596452153
18.983814756246353 0.13385585243272366
19.042954366078895 0.19219508487897152
19.10209397591144 0.24986231216990804
19.16123358574398 0.306655902333214
19.220373195576524 0.3623772780462696
19.279512805409066 0.4168316109565916
19.33865241524161 0.46982850289418115
19.397792025074157 0.5211826515937864
19.456931634906695 0.5707144985994987
19.51607124473924 0.6182508570862819
19.575210854571782 0.6636255174031979
19.634350464404328 0.7066798282211986
19.69349007423687 0.747263251253379
19.75262968406941 0.7852338876082322
19.811769293901953 0.8204589739354513
19.8709089037345 0.8528153466295629
19.930048513567044 0.8821898724682902
19.989188123399586 0.9084798441799498
20.048327733232128 0.9315933395567804
20.10746734306467 0.951449542858565
20.166606952897215 0.967979027382784
20.22574656272976 0.9811239982132863
20.284886172562302 0.9908384942987257
20.344025782394844 0.997088549154191
20.403165392227386 0.9998523096241422
20.46230500205993 0.9991201122914058
20.521444611892473 0.9948945172650638
20.58058422172502 0.9871902992290977
20.639723831557557 0.9760343957830899
20.698863441390102 0.961465813255595
20.758003051222648 0.9435354903195272
20.81714266105519 0.9223061198864003
20.876282270887735 0.8978519299021771
20.935421880720273 0.8702584238111818
20.99456149055282 0.8396220815954948
21.05370110038536 0.8060500224352082
21.112840710217906 0.7696596301689548
21.17198032005045 0.7305781428643606
21.23111992988299 0.6889422079334218
21.290259539715535 0.6448974043483352
21.349399149548077 0.5985977336284121
21.408538759380622 0.5502050813777078
21.467678369213164 0.4998886512562089
21.526817979045706 0.44782437336358166
21.585957588878248 0.39419428910412957
21.645097198710793 0.3391859146837138
21.70423680854334 0.2829915854641876
21.76337641837588 0.22580778346776004
21.822516028208423 0.16783445038266756
21.881655638040964 0.10927428847223022
21.94079524787351 0.05033205183161124
21.99993485770605 -0.00878616952957973
22.059074467538597 -0.0678736702757124
22.11821407737114 -0.1267238524849802
22.17735368720368 -0.18513094801372812
22.236493297036226 -0.2428907379594471
22.295632906868768 -0.2998012667068872
22.354772516701313 -0.3556635480606795
22.41391212653385 -0.41028226099540377
22.473051736366397 -0.4634664325905537
22.532191346198942 -0.5150301057623835
22.591330956031484 -0.5647929894580768
22.65047056586403 -0.6125810890387654
22.70961017569657 -0.6582273146472752
22.768749785529113 -0.7015720654335205
22.827889395361655 -0.7424637875947462
22.8870290051942 -0.7807595042794948
22.946168615026746 -0.8163253155024711
23.005308224859288 -0.8490368663223913
23.06444783469183 -0.87877978164583
23.12358744452437 -0.9054500661367777
23.182727054356917 -0.9289544678336521
23.24186666418946 -0.9492108042023714
23.301006274022004 -0.9661482494854732
23.360145883854543 -0.9797075823425377
23.419285493687088 -0.9898413929160876
23.478425103519633 -0.9965142485989205
23.537564713352175 -0.9997028179233123
23.59670432318472 -0.9993959521388913
23.65584393301726 -0.9955947241939556
23.714983542849804 -0.9883124249839352
23.774123152682346 -0.9775745168801233
23.83326276251489 -0.963418544701147
23.892402372347437 -0.9458940044384821
23.951541982179975 -0.9250621701949964
24.01068159201252 -0.90099587994162
24.069821201845063 -0.8737792808412762
24.128960811677608 -0.8435075350304807
24.18810042151015 -0.8102864868874016
24.24724003134269 -0.7742322929497089
24.306379641175237 -0.7354710157762431
24.36551925100778 -0.6941381831725381
24.424658860840324 -0.6503783143213294
24.483798470672866 -0.6043444144749806
24.542938080505408 -0.5561974399765478
24.60207769033795 -0.5061057354800897
24.661217300170495 -0.454244445337923
24.72035691000304 -0.4007949012129218
24.779496519835583 -0.3459439880570322
24.838636129668124 -0.2898834906728525
24.897775739500666 -0.232809423143029
24.95691534933321 -0.17492134347206686
25.016054959165754 -0.11642165583693034
25.0751945689983 -0.05751490288603589
25.134334178830837 0.001592949438808868
25.193473788663383 0.06069523205704876
25.252613398495928 0.11958529536244279
25.31175300832847 0.17805723176810528
25.370892618161015 0.23590659565707758
25.430032227993554 0.2929311182211249
25.4891718378261 0.3489314146884467
25.54831144765864 0.40371168146733905
25.607451057491186 0.4570803807684413
25.66659066732373 0.5088509103116484
25.72573027715627 0.5588422557761755
25.784869886988815 0.6068796237124807
25.844009496821357 0.6527950527030129
25.903149106653903 0.6964280006350092
25.962288716486444 0.7376259060318257
26.021428326318986 0.7762447214802218
26.080567936151528 0.8121494172884146
26.139707545984074 0.8452144536139153
26.19884715581662 0.8753242194103448
26.25798676564916 0.9023734366584779
26.317126375481703 0.9262675284681251
26.376265985314244 0.9469229497637827
26.43540559514679 0.9642674793978366
26.494545204979335 0.9782404726699391
26.553684814811877 0.9887930733696408
26.61282442464442 0.9958883846008717
26.67196403447696 0.9995015977909828
26.731103644309506 0.9996200794332819
26.790243254142048 0.996243415259764
26.849382863974594 0.9893834116895873
26.908522473807132 0.9790640545482369
26.967662083639677 0.9653214252016976
27.026801693472223 0.9482035743988971
27.085941303304764 0.9277703542634987
27.14508091313731 0.9040932090224912
27.204220522969848 0.8772549252033031
27.263360132802394 0.8473493421728275
27.322499742634935 0.8144810240305204
27.38163935246748 0.7787648940027028
27.440778962300026 0.7403258326164813
27.499918572132565 0.6992982410582039
27.55905818196511 0.6558255712431617
27.61819779179765 0.6100598242397006
27.677337401630197 0.5621610188013777
27.73647701146274 0.5122966318655421
27.79561662129528 0.46064101297452487
27.854756231127823 0.4073747746669745
27.913895840960368 0.3526841609707693
27.973035450792914 0.296760396205589
28.032175060625455 0.23979901637200907
28.091314670457997 0.18199918546491242
28.15045428029054 0.12356299910173045
28.209593890123084 0.06469477790032414
28.268733499955626 0.005600353077229683
28.32787310978817 -0.053513653235904096
28.387012719620714 -0.11244055044123949
28.446152329453255 -0.17097430216311715
28.5052919392858 -0.22891024664891668
28.564431549118343 -0.2860458123635838
28.623571158950888 -0.34218122627580005
28.682710768783426 -0.3971202123592019
28.741850378615972 -0.4506706778664824
28.800989988448517 -0.5026453849766831
28.86012959828106 -0.552862605467427
28.919269208113604 -0.6011467561229653
28.978408817946143 -0.6473290126563368
29.037548427778688 -0.6912478999991651
29.09668803761123 -0.7327498568950315
29.155827647443775 -0.771689772822476
29.21496725727632 -0.807931495370173
29.27410686710886 -0.8413483062903294
29.333246476941405 -0.8718233645657825
29.392386086773946 -0.899250114941575
29.451525696606492 -0.9235326604926791
29.510665306439034 -0.9445860979251038
