0.0 0.0
0.113486178262299 0.11324273486946626
0.226972356524598 0.22502856843943145
0.340458534786897 0.33391934287679825
0.453944713049196 0.43851414614103384
0.5674308913114949 0.537467335132187
0.680917069573794 0.6295058477876261
0.794403247836093 0.7134455814022507
0.907889426098392 0.7882066264602421
1.021375604360691 0.8528271599905937
1.1348617826229899 0.9064758197042954
1.248347960885289 0.9484623997162328
1.361834139147588 0.9782467302481724
1.4753203174098868 0.9954456270728276
1.588806495672186 0.9998378212923509
1.7022926739344848 0.9913668060281909
1.815778852196784 0.9701415633988092
1.929265030459083 0.9364351624324715
2.042751208721382 0.8906812459533818
2.156237386983681 0.8334684516384072
2.2697235652459797 0.7655328390191519
2.383209743508279 0.6877484198582374
2.496695921770578 0.6011159137293046
2.610182100032877 0.5067498734635242
2.723668278295176 0.40586434609756
2.8371544565574744 0.299757253799133
2.9506406348197736 0.18979369571419596
3.0641268130820727 0.07738838556241019
3.177612991344372 -0.03601254907356108
3.291099169606671 -0.14895017160739973
3.4045853478689696 -0.25997150610010344
3.5180715261312687 -0.36764823022546633
3.631557704393568 -0.4705950510595305
3.745043882655867 -0.5674875272840469
3.858530060918166 -0.6570791085160166
3.9720162391804648 -0.7382171725472979
4.085502417442764 -0.8098578541704463
4.198988595705063 -0.8710794748135493
4.312474773967362 -0.9210944002078364
4.425960952229661 -0.9592591735356549
4.5394471304919595 -0.9850827936928671
4.6529333087542595 -0.9982330321633729
4.766419487016558 -0.9985407072372942
4.879905665278856 -0.9860018605837454
4.993391843541156 -0.9607778081759308
5.106878021803454 -0.9231930649134071
5.220364200065754 -0.8737311696418546
5.333850378328052 -0.8130284642827232
5.447336556590352 -0.7418659071060748
5.560822734852651 -0.6611590254713134
5.674308913114949 -0.571946137296739
5.787795091377249 -0.4753749927922295
5.901281269639547 -0.3726880083131074
6.014767447901847 -0.26520628230601095
6.128253626164145 -0.15431259898639765
6.2417398044264445 -0.041433638410350075
6.355225982688744 0.0719783781865776
6.468712160951043 0.18446437164535975
6.582198339213342 0.2945771763687095
6.695684517475641 0.4009001585347921
6.809170695737939 0.5020654415106099
6.922656874000239 0.5967715039897278
7.0361430522625374 0.683799924449071
7.149629230524837 0.7620310565024353
7.263115408787136 0.8304584334826085
7.376601587049434 0.8882017169329218
7.490087765311734 0.9345180224220426
7.603573943574032 0.9688114769720431
7.717060121836332 0.9906408851406217
7.83054630009863 0.999725405131041
7.9440324783609295 0.9959481619049632
8.057518656623229 0.9793577508144073
8.171004834885528 0.950167612408164
8.284491013147827 0.9087532864559652
8.397977191410126 0.8556475805182009
8.511463369672423 0.7915337152189664
8.624949547934724 0.7172365344105213
8.738435726197022 0.6337118933130205
8.851921904459322 0.5420343611541941
8.96540808272162 0.4433833965182229
9.078894260983919 0.3390281732619581
9.192380439246218 0.2303112522176438
9.305866617508519 0.11863130875045556
9.419352795770816 0.005425138385984396
9.532838974033115 -0.10785082798945228
9.646325152295415 -0.2197392615431921
9.759811330557712 -0.32880068446297916
9.873297508820013 -0.43363198926505425
9.986783687082312 -0.5328844901871815
10.100269865344611 -0.6252812744301542
10.213756043606908 -0.7096336300188634
10.327242221869207 -0.7848563389336757
10.440728400131508 -0.849981638761432
10.554214578393806 -0.9041716732453124
10.667700756656105 -0.9467292715535612
10.781186934918404 -0.9771069175885628
10.894673113180705 -0.9949137939434859
11.008159291443002 -0.9999208098838874
11.121645469705301 -0.9920635486678143
11.2351316479676 -0.9714430962862521
11.348617826229898 -0.9383247409619351
11.462104004492199 -0.8931345601378421
11.575590182754498 -0.836453938864797
11.689076361016797 -0.7690120901107164
11.802562539279094 -0.6916766732199633
11.916048717541393 -0.6054426312190835
12.029534895803694 -0.5114193905803098
12.143021074065993 -0.4108165881216526
12.25650725232829 -0.3049285086712241
12.36999343059059 -0.19511743370986687
12.483479608852889 -0.08279611521672905
12.59696578711519 0.0305903998030746
12.710451965377487 0.14358336027585034
12.823938143639786 0.2547290783236392
12.937424321902085 0.36259763138898393
13.050910500164383 0.4658012586118388
13.164396678426684 0.563012214783763
13.277882856688983 0.6529798521829719
13.391369034951282 0.7345467105274364
13.50485521321358 0.8066634080439647
13.618341391475878 0.8684021420752969
13.73182756973818 0.9189686255358768
13.845313748000478 0.9577123056502879
13.958799926262776 0.98413473350725
14.072286104525075 0.9978959767523823
14.185772282787374 0.9988189929185478
14.299258461049673 0.9868919071295923
14.412744639311972 0.9622681648741399
14.526230817574271 0.9252645578839684
14.63971699583657 0.8763571485146219
14.753203174098868 0.8161751450623118
14.866689352361169 0.7454928068129604
14.980175530623468 0.6652194829673467
15.093661708885765 0.5763879135944987
15.207147887148064 0.4801409431250536
15.320634065410363 0.3777168173194283
15.434120243672664 0.2704332528696322
15.547606421934962 0.15967048458404176
15.66109260019726 0.04685350825807862
15.77457877845956 -0.0665662523184244
15.888064956721859 -0.17912961835785254
16.001551134984158 -0.2893884288417697
16.115037313246457 -0.3959241715410194
16.228523491508756 -0.4973662325953769
16.342009669771056 -0.5924095298665087
16.455495848033355 -0.6798313032059358
16.568982026295654 -0.7585068456262323
16.682468204557953 -0.827423972989288
16.795954382820252 -0.8856960460548122
16.90944056108255 -0.9325733773565701
17.022926739344847 -0.9674528761535134
17.13641291760715 -0.989885807370659
17.24989909586945 -0.9995835647086287
17.363385274131744 -0.9964213836491149
17.476871452394043 -0.9804399465873297
17.590357630656342 -0.9518448594409509
17.703843808918645 -0.9110040064691389
17.81732998718094 -0.8584428173326701
17.93081616544324 -0.7948375072858301
18.04430234370554 -0.7210063774670485
18.157788521967838 -0.6378992872125612
18.271274700230137 -0.546585433834929
18.384760878492436 -0.44823959708317235
18.498247056754735 -0.34412702525361083
18.611733235017038 -0.2355871573960637
18.725219413279333 -0.12401639103406993
18.838705591541633 -0.010850117097434598
18.95219176980393 0.1024557468068681
19.06567794806623 0.21444348720562018
19.17916412632853 0.3236723486746154
19.29265030459083 0.4287370695835988
19.406136482853128 0.528285961203042
19.519622661115424 0.6210382975796932
19.633108839377726 0.7058007924550231
19.746595017640026 0.7814829512460805
19.86008119590232 0.8471111005810703
19.973567374164624 0.9018409148954469
20.08705355242692 0.9449682789301718
20.200539730689222 0.9759383463829364
20.31402590895152 0.9943526781700328
20.427512087213817 0.9999743684631017
20.54099826547612 0.9927310925527231
20.654484443738415 0.97271603732721
20.767970622000714 0.9401867023957085
20.881456800263017 0.8955615872795176
20.994942978525312 0.8394148072918947
21.10842915678761 0.7724687073746193
21.22191533504991 0.695584568916547
21.33540151331221 0.6097515291136286
21.448887691574512 0.516073855426137
21.562373869836808 0.415756738850986
21.675860048099107 0.31009078878283536
21.78934622636141 0.2004354289422859
21.902832404623705 0.08820140798737976
22.016318582886004 -0.025167350185442833
22.129804761148304 -0.13821232294958172
22.243290939410603 -0.2494791532735507
22.356777117672905 -0.35753636045462
22.4702632959352 -0.46099375654170266
22.5837494741975 -0.558520331514819
22.697235652459796 -0.6488613771228952
22.8107218307221 -0.730854629076787
22.924208008984397 -0.803445219923315
23.037694187246696 -0.8656992502272751
23.151180365508996 -0.9168158034640569
23.26466654377129 -0.9561372500477746
23.378152722033594 -0.9831577079305267
23.491638900295893 -0.9975295509246532
23.60512507855819 -0.9990678810165345
23.71861125682049 -0.9877529071342527
23.832097435082787 -0.9637301997655929
23.94558361334509 -0.9273088181506287
24.05906979160739 -0.878957334143139
24.172555969869684 -0.819297803895023
24.286042148131987 -0.7490977649197964
24.399528326394282 -0.6692603614953405
24.51301450465658 -0.5808127254454424
24.626500682918884 -0.4848927617849124
24.73998686118118 -0.3827345092347975
24.85347303944348 -0.27565226394897924
24.966959217705778 -0.16502367070520496
25.080445395968077 -0.052271999097277956
25.19393157423038 0.06115216724949944
25.307417752492675 0.17378959286596335
25.420903930754974 0.28419116393531096
25.534390109017274 0.3909365315711991
25.647876287279573 0.4926523850265525
25.761362465541872 0.5880301197427671
25.87484864380417 0.6758426729346524
25.98833482206647 0.7549603101163251
26.101821000328766 0.8243651594697254
26.21530717859107 0.8831643070668161
26.328793356853367 0.9306012844715145
26.442279535115663 0.9660658009300265
26.555765713377966 0.9891015949420109
26.66925189164026 0.9994123041998099
26.782738069902564 0.9968652783772577
26.896224248164863 0.9814932857153809
27.00971042642716 0.9534940914492821
27.12319660468946 0.9132279134998543
27.236682782951757 0.8612127881636304
27.350168961214056 0.7981179054224923
27.46365513947636 0.7247549996165129
27.577141317738654 0.6420679062414346
27.690627496000957 0.551120419225652
27.804113674263252 0.45308260490652164
27.91759985252555 0.3492157487805957
28.031086030787854 0.24085612869244702
28.14457220905015 0.129397823224715
28.25805838731245 0.016274776464516007
28.371544565574748 -0.09705765011159412
28.485030743837047 -0.2091414012937631
28.598516922099346 -0.31853448645064064
28.712003100361645 -0.4238295311656234
28.825489278623945 -0.5236718835252521
28.93897545688624 -0.6167770421169991
29.052461635148543 -0.701947181520117
29.165947813410842 -0.7780865626841575
29.27943399167314 -0.8442156299361793
29.39292016993544 -0.8994836132543763
29.506406348197736 -0.9431794736762046
29.61989252646004 -0.974741051025081
29.733378704722337 -0.9937622962674205
29.846864882984633 -0.9999984954536395
29.960351061246936 -0.993369418035537
30.07383723950923 -0.9739603490560443
30.18732341777153 -0.9420209919319044
30.300809596033833 -0.8979622559453143
30.41429577429613 -0.8423509697744029
30.52778195255843 -0.7759025890745104
30.641268130820727 -0.6994719919294622
30.754754309083026 -0.6140424805919799
30.86824048734533 -0.520713131009202
30.981726665607624 -0.4206846528853451
31.095212843869923 -0.31524394219596746
31.208699022132222 -0.20574752489040327
31.32218520039452 -0.0936041047839311
31.435671378656824 0.019743559833731505
31.54915755691912 0.1328372177108072
31.66264373518142 0.24422188546743356
31.776129913443718 0.3524645663874276
31.889616091706017 0.45617268634516794
32.003102269968316 0.5540120096838648
32.116588448230615 0.6447238045521655
32.230074626492915 0.7271410368619583
32.343560804755214 0.8002033845273112
32.45704698301751 0.8629708788219218
32.57053316127981 0.9146359973549749
32.68401933954211 0.9545340530856954
32.79750551780441 0.9821517457188486
32.91099169606671 0.9971337654649559
33.02447787432901 0.9992873642058938
33.13796405259131 0.9885848352564794
33.25145023085361 0.9651638698191755
33.364936409115906 0.9293257855460195
33.4784225873782 0.8815316499978556
33.591908765640504 0.8223963488736892
33.7053949439028 0.7526806753242213
33.8188811221651 0.6732815421227658
33.9323673004274 0.5852204426169869
34.04585347868969 0.48963030891466225
34.159339656952 0.38774093637678186
34.2728258352143 0.2808631619363198
34.38631201347659 0.17037199979308038
34.4997981917389 0.05768895144906321
34.61328437000119 -0.055736282328997716
34.72677054826349 -0.16844445233915095
34.840256726525794 -0.2789855346170204
34.953742904788086 -0.38593738542325867
35.06722908305039 -0.4879240375437195
35.180715261312685 -0.5836334025148012
35.294201439574984 -0.6718341510299533
35.40768761783729 -0.7513915543555666
35.52117379609958 -0.821282082951974
35.63465997436188 -0.8806065744839431
35.74814615262418 -0.9286018018101889
35.86163233088648 -0.9646502921264556
35.975118509148786 -0.9882882709358871
36.08860468741108 -0.9992116286451828
36.20209086567338 -0.9972798330245305
36.315577043935676 -0.9825177371963245
36.429063222197975 -0.9551152598923959
36.542549400460274 -0.9154249420933174
36.65603557872258 -0.8639574114843472
36.76952175698487 -0.8013748130791496
36.88300793524717 -0.7284822905281898
36.99649411350947 -0.6462176277074156
37.10998029177177 -0.5556391838511281
37.223466470034076 -0.4579122774471967
37.33695264829637 -0.354294194069856
37.45043882655867 -0.2461180110286229
37.563925004820966 -0.13477544693423402
37.677411183083265 -0.02169895682679308
37.790897361345564 0.09165669678226421
37.90438353960786 0.20383315986043243
38.01786971787016 0.3133872490103802
38.13135589613246 0.4189095184514823
38.24484207439476 0.5190423929569284
38.35832825265706 0.6124976334608049
38.47181443091935 0.6980729106349404
38.58530060918166 0.7746672732115815
38.69878678744396 0.8412953120472387
38.812272965706256 0.897099837703012
38.925759143968556 0.9413629084403901
39.03924532223085 0.9735150667542032
39.152731500493154 0.9931426656119717
39.26621767875545 0.9999931901453868
39.37970385701775 0.9939785063288413
39.49319003528005 0.9751759948497453
39.60667621354234 0.9438275555830853
39.72016239180464 0.9003364954779306
39.83364857006695 0.8452623398941791
39.94713474832925 0.7793136341432111
40.06062092659155 0.7033388278427386
40.17410710485384 0.6183153593613838
40.28759328311614 0.5253370807847587
40.401079461378444 0.42560018518467185
40.51456563964074 0.3203878172412378
40.62805181790304 0.21105356520677473
40.741537996165334 0.09900404659236092
40.85502417442763 -0.014319188382783014
40.96851035268993 -0.12745820276146463
41.08199653095224 -0.2389574296390009
41.19548270921454 -0.3473823984622029
41.30896888747683 -0.45133818991762514
41.42245506573913 -0.549487381981372
41.53594124400143 -0.6405672562492278
41.649427422263734 -0.7234060431826729
41.76291360052603 -0.7969379972707682
41.876399778788326 -0.8602171081615995
41.989885957050625 -0.9124292713654306
42.103372135312924 -0.9529027619498889
42.21685831357522 -0.9811168764800403
42.33034449183753 -0.9967086320221843
42.44383067009982 -0.9994774360267218
42.55731684836212 -0.9893876670106788
42.67080302662442 -0.9665691328386218
42.78428920488672 -0.931315400706065
42.897775383149025 -0.8840800203106114
43.01126156141132 -0.8254706888008776
43.124747739673616 -0.7562414325727882
43.238233917935915 -0.6772829064968641
43.351720096198214 -0.5896109353796969
43.46520627446051 -0.49435344507717194
43.57869245272282 -0.3927359513945034
43.69217863098511 -0.2860657934627286
43.80566480924741 -0.17571531443380084
43.91915098750971 -0.063104205879845
44.03263716577201 0.05031875695912352
44.146123344034315 0.16309435409744258
44.25960952229661 0.27377169410075586
44.373095700558906 0.3809268802337924
44.486581878821205 0.4831813293132139
44.600068057083504 0.5792195075883094
44.71355423534581 0.6678058554720435
44.8270404136081 0.7478006833807936
44.9405265918704 0.8181748341781997
45.0540127701327 0.878022923586261
45.167498948395 0.9265749882220571
45.2809851266573 0.9632063914045427
45.39447130491959 0.9874458592903161
45.5079574831819 0.9989815439510992
45.6214436614442 0.9976650353896175
45.734929839706496 0.9835132708781505
45.848416017968795 0.9567083170555054
45.96190219623109 0.9175950275858273
46.07538837449339 0.8666766065141343
46.18887455275569 0.8046081343973762
46.30236073101799 0.7321881404991645
46.41584690928029 0.6503483294744755
46.52933308754258 0.5601415947135202
46.64281926580489 0.4627284725566342
46.75630544406719 0.3593622116508445
46.86979162232949 0.25137264953505495
46.983277800591786 0.14014910388655757
47.09676397885408 0.02712249853793206
47.21025015711638 -0.08625304578158616
47.32373633537868 -0.1985189191396146
47.43722251364098 -0.3082307878490955
47.55070869190328 -0.4139771762486809
47.66419487016557 -0.514397625754823
47.77768104842787 -0.6082001975641257
47.89116722669018 -0.6941780938283809
48.00465340495248 -0.7712251834660552
48.11813958321478 -0.8383502328660504
48.23162576147707 -0.8946896584014523
48.34511193973937 -0.939518636688496
48.45859811800167 -0.9722604296538964
48.572084296263974 -0.9924938044408689
48.68557047452627 -0.9999584526944914
48.799056652788565 -0.9945583395057407
48.912542831050864 -0.9763629389290109
49.02602900931316 -0.9456063401778463
49.13951518757547 -0.9026842359979235
49.25300136583777 -0.848148831962781
49.36648754410006 -0.7827017421856726
49.47997372236236 -0.7071849628463425
49.59345990062466 -0.6225700396609982
49.70694607888696 -0.5299455686591158
49.820432257149264 -0.4305031910733364
49.933918435411556 -0.32552226252236155
50.047404613673855 -0.21635339372221526
50.160890791936154 -0.10440107447971879
50.27437697019845 0.008894395484580172
50.38786314846076 0.12207543641858506
50.50134932672305 0.23368594073351243
50.61483550498535 0.34229000625904255
50.72832168324765 0.4464904095496412
50.84180786150995 0.5449465815777447
50.95529403977225 0.6363918545510484
51.06878021803455 0.7196497579685386
51.182266396296846 0.7936491542616774
51.295752574559145 0.8574380192962362
51.409238752821445 0.9101956904445447
51.522724931083744 0.9512434246530799
51.636211109346036 0.9800531306727288
51.74969728760834 0.9962541631090108
51.86318346587064 0.9996380908847589
51.97666964413294 0.9901613787676298
52.09015582239524 0.9679459474637451
52.20364200065753 0.9332776050717279
52.31712817891984 0.8866023700769124
52.43061435718214 0.8285207331915526
52.544100535444436 0.7597799318640611
52.657586713706735 0.6812643368480957
52.77107289196903 0.5939840745110773
52.884559070231326 0.49906203125949306
52.99804524849363 0.397719407272973
53.11153142675593 0.291260005402556
53.22501760501823 0.1810534573611038
53.33850378328052 0.06851760300599
53.45198996154282 -0.04489975059032441
53.56547613980513 -0.1577394556067372
53.67896231806743 -0.2685497958420737
53.792448496329726 -0.37590516347370145
53.90593467459202 -0.4784243999240575
54.01942085285432 -0.5747885648745502
54.13290703111662 -0.6637579048230791
54.24639320937892 -0.744187802879762
54.35987938764122 -0.8150435046020124
54.473365565903514 -0.8754134304166629
54.58685174416581 -0.9245209033609866
54.70033792242811 -0.9617341412616661
54.81382410069042 -0.9865743847994521
54.92731027895272 -0.9987220568894907
55.04079645721501 -0.9980208741351118
55.15428263547731 -0.9844798574599729
55.26776881373961 -0.9582732160512087
55.381254992001914 -0.9197381061066779
55.49474117026421 -0.8693702932207017
55.608227348526505 -0.8078177742129564
55.721713526788804 -0.7358724404575989
55.8351997050511 -0.6544598899663909
55.9486858833134 -0.5646275192963216
56.06217206157571 -0.46753104848291155
56.175658239838 -0.3644196523599389
56.2891444181003 -0.25661988955543363
56.4026305963626 -0.14551863592238123
56.5161167746249 -0.03254524197038197
56.629602952887204 0.08084685615168774
0.0 0.0
0.12375045816812234 0.12343484388642578
0.2475009163362447 0.24498179599993997
0.37125137450436707 0.36278183919682
0.4950018326724894 0.4750332639645991
0.6187522908406117 0.5800192249244174
0.7425027490087341 0.6761339993668136
0.8662532071768564 0.7619075462060466
0.9900036653449787 0.83602798973253
1.113754123513101 0.8973616842824267
1.2375045816812233 0.9449705529424663
1.3612550398493457 0.9781264351006937
1.4850054980174683 0.9963222234024974
1.6087559561855904 0.9992796197761573
1.7325064143537128 0.9869533919022794
1.856256872521835 0.9595320650259356
1.9800073306899575 0.9174350385304944
2.10375778885808 0.8613061713741113
2.227508247026202 0.7920039344973331
2.3512587051943243 0.7105882808172175
2.4750091633624467 0.6183044336267138
2.598759621530569 0.5165638413499305
2.7225100796986914 0.4069225899434977
2.846260537866814 0.2910576031186192
2.9700109960349366 0.17074099439290574
3.0937614542030585 0.04781296324817377
3.217511912371181 -0.07584635006221525
3.341262370539303 -0.19834562058582375
3.4650128287074256 -0.3178112658095812
3.5887632868755484 -0.43241610143396375
3.71251374504367 -0.5404072875030961
3.8362642032117926 -0.6401331374647259
3.960014661379915 -0.7300683801250675
4.083765119548038 -0.8088374881259837
4.20751557771616 -0.8752357161437682
4.331266035884282 -0.9282475270378222
4.455016494052404 -0.9670621241278661
4.578766952220526 -0.9910858520390637
4.702517410388649 -0.9999512764485758
4.826267868556772 -0.9935228038620604
4.950018326724893 -0.971898755467655
5.073768784893017 -0.9354098633485821
5.197519243061138 -0.884614212054272
5.3212697012292605 -0.8202887028968564
5.445020159397383 -0.7434171715235726
5.568770617565505 -0.6551753405025496
5.692521075733628 -0.556912837066795
5.81627153390175 -0.45013255104855915
5.940021992069873 -0.3364676487170691
6.063772450237995 -0.21765659408479
6.187522908406117 -0.09551655972235606
6.311273366574239 0.02808436624571375
6.435023824742362 0.1512557518804924
6.558774282910485 0.2721137349087641
6.682524741078606 0.38880983572245303
6.806275199246729 0.4995592292128612
6.930025657414851 0.6026680430320965
7.0537761155829735 0.6965592647645794
7.177526573751097 0.7797968617676925
7.301277031919218 0.8511077447772414
7.42502749008734 0.9094012393522513
7.548777948255463 0.9537857673503005
7.672528406423585 0.9835824832962062
7.796278864591708 0.9983356570806828
7.92002932275983 0.9978196441893039
8.043779780927952 0.9820423368546164
8.167530239096076 0.9512450433472672
8.291280697264197 0.9058987972523445
8.41503115543232 0.8466971531792225
8.538781613600442 0.7745455790919676
8.662532071768563 0.6905476075007941
8.786282529936686 0.5959879573271595
8.910032988104808 0.4923128845875317
9.033783446272931 0.3811080624250703
9.157533904441053 0.2640743288062588
9.281284362609176 0.14300167281274562
9.405034820777297 0.01974185739880191
9.52878527894542 -0.10381990266052654
9.652535737113544 -0.22579377445487175
9.776286195281665 -0.3443142112567407
9.900036653449787 -0.45756848539123324
10.023787111617908 -0.5638244132572398
10.147537569786033 -0.6614568484558587
10.271288027954155 -0.7489725378230884
10.395038486122276 -0.8250329602027084
10.518788944290398 -0.8884747986484377
10.642539402458521 -0.938327732940402
10.766289860626644 -0.9738292802857196
10.890040318794766 -0.994436457220009
11.013790776962889 -0.9998340843451988
11.13754123513101 -0.9899396068856519
11.261291693299132 -0.9649043573339203
11.385042151467257 -0.9251112408744175
11.508792609635378 -0.871168878985628
11.6325430678035 -0.8039023007923496
11.756293525971621 -0.7243403245404241
11.880043984139746 -0.6336998221897694
12.003794442307868 -0.5333671077931542
12.12754490047599 -0.42487673431875994
12.251295358644112 -0.3098880232115966
12.375045816812234 -0.19015968566570174
12.498796274980357 -0.06752292376567333
12.622546733148479 0.05614657709400593
12.746297191316602 0.17895733614598108
12.870047649484723 0.29903100677158573
12.993798107652845 0.4145311051403244
13.11754856582097 0.5236910985729717
13.241299023989091 0.6248414240268347
13.365049482157213 0.716435023465149
13.488799940325334 0.7970710055562086
13.612550398493457 0.8655160718050575
13.73630085666158 0.9207233794126997
13.860051314829702 0.9618485523621567
13.983801772997825 0.9882625958475365
14.107552231165947 0.9995615165245335
14.231302689334068 0.9955725014440876
14.355053147502193 0.9763565611646049
14.478803605670315 0.9422075966172998
14.602554063838436 0.8936479039966051
14.726304522006558 0.8314201864267542
14.85005498017468 0.7564761945832312
14.973805438342804 0.6699621700067182
15.097555896510926 0.5732013137488595
15.221306354679047 0.4676735484855965
15.34505681284717 0.3549928836293555
15.468807271015292 0.23688272963257262
15.592557729183415 0.11514953904143985
15.716308187351538 -0.008344822549438555
15.84005864551966 -0.1317115530651547
15.963809103687781 -0.25306380250243315
16.087559561855905 -0.3705455316253225
16.211310020024026 -0.48235989942122326
16.33506047819215 -0.5867967451412884
16.458810936360273 -0.6822587445971721
16.582561394528394 -0.7672858406629958
16.706311852696516 -0.840577574326676
16.83006231086464 -0.9010129747452212
16.953812769032762 -0.9476677040926913
17.077563227200883 -0.9798281949765332
17.201313685369005 -0.997002564195531
17.325064143537126 -0.9989281359173784
17.44881460170525 -0.9855754592115483
17.572565059873373 -0.9571487584907405
17.696315518041494 -0.9140828099715571
17.820065976209616 -0.8570362919278314
17.943816434377737 -0.7868817104421011
18.067566892545862 -0.7046920547372514
18.191317350713984 -0.6117243861902707
18.315067808882105 -0.5094006120282449
18.438818267050227 -0.3992857377660797
18.56256872521835 -0.2830639310070942
18.686319183386473 -0.16251276270212905
18.810069641554595 -0.03947601983783784
18.93382009972272 0.08416449462556648
19.05757055789084 0.2065177432572782
19.181321016058963 0.3257123768968211
19.305071474227088 0.4399253562698882
19.42882193239521 0.5474098347217591
19.55257239056333 0.6465218756118909
19.676322848731452 0.7357455957366309
19.800073306899574 0.8137163502204441
19.9238237650677 0.8792416042710239
20.047574223235817 0.9313191725722495
20.17132468140394 0.9691525473500368
20.295075139572067 0.9921630806737364
20.418825597740184 0.999998834669209
20.54257605590831 0.992539964282686
20.666326514076427 0.9699005502679857
20.790076972244552 0.9324268543621985
20.913827430412677 0.8806920233363149
21.037577888580795 0.8154873229204324
21.16132834674892 0.737810035677509
21.285078804917042 0.6488482079234108
21.408829263085163 0.5499624789835653
21.53257972125329 0.442665270701316
21.65633017942141 0.32859765548697484
21.78008063758953 0.2095042567024556
21.903831095757653 0.08720656527118223
22.027581553925778 -0.03642491937387172
22.1513320120939 -0.15949929790974138
22.27508247026202 -0.2801341917520829
22.398832928430146 -0.39648453336210493
22.522583386598264 -0.5067707858944065
22.64633384476639 -0.6093061605763539
22.770084302934514 -0.7025224155387922
22.89383476110263 -0.7849938415143474
23.017585219270757 -0.8554590675505706
23.141335677438875 -0.9128403532273132
23.265086135607 -0.9562600723108752
23.388836593775125 -0.9850541357332147
23.512587051943242 -0.9987821485966493
23.636337510111368 -0.9972341458562445
23.760087968279493 -0.9804338036600465
23.88383842644761 -0.9486380772308751
24.007588884615735 -0.902333270828119
24.131339342783857 -0.8422275998980979
24.25508980095198 -0.7692403591721957
24.378840259120103 -0.6844878623828654
24.502590717288225 -0.589266368644512
24.626341175456346 -0.4850322566341165
24.750091633624468 -0.37337974980046645
24.87384209179259 -0.25601653328690893
24.997592549960714 -0.13473763549808
25.121343008128836 -0.011397973782721404
25.245093466296957 0.11211601586350943
25.36884392446508 0.2339152311616227
25.492594382633204 0.3521367966927491
25.616344840801325 0.46497255591113135
25.740095298969447 0.5706967262515628
25.86384575713757 0.6676922943562357
25.98759621530569 0.75447574771548
26.111346673473815 0.8297197644608345
26.23509713164194 0.8922735142780831
26.358847589810058 0.9411802599451677
26.482598047978183 0.9756919902856898
26.6063485061463 0.9952808607322006
26.730098964314426 0.999647266520017
26.85384942248255 0.9887244250348894
26.97759988065067 0.9626793972292003
27.101350338818794 0.9219105324844619
27.225100796986915 0.8670413760000649
27.348851255155036 0.7989111318925445
27.47260171332316 0.7185618278688832
27.596352171491283 0.6272223777855738
27.720102629659404 0.5262897858508682
27.843853087827526 0.4173077799452625
27.96760354599565 0.30194320085589715
28.091354004163772 0.18196050854311704
28.215104462331894 0.05919479535667311
28.33885492050002 -0.06447628104517142
28.462605378668137 -0.1871612157976938
28.586355836836262 -0.30698358671988596
28.710106295004387 -0.4221107535202934
28.833856753172505 -0.5307818873745864
28.95760721134063 -0.6313349021724304
29.081357669508748 -0.7222318755298149
29.205108127676873 -0.8020825707617036
29.328858585844998 -0.8696657000546735
29.452609044013116 -0.9239476036270704
29.57635950218124 -0.9640980591855375
29.70010996034936 -0.9895029798779229
29.823860418517484 -0.9997738065319852
29.94761087668561 -0.994753450528896
30.071361334853727 -0.9745186964174672
30.19511179302185 -0.9393790275219435
30.318862251189973 -0.8898718925052973
30.442612709358094 -0.8267544852842176
30.56636316752622 -0.7509921640190755
30.69011362569434 -0.6637436863062699
30.813864083862462 -0.5663434863953741
30.937614542030584 -0.4602812654947515
31.06136500019871 -0.34717920732457447
31.18511545836683 -0.22876716739724698
31.308865916534952 -0.1068562154962556
31.432616374703077 0.01668906398816841
31.556366832871195 0.13997909021014476
31.68011729103932 0.26112818633113866
31.803867749207445 0.3782834202724752
31.927618207375563 0.48965294464853554
32.051368665543684 0.5935334024314218
32.17511912371181 0.6883359791872199
32.298869581879934 0.7726107034243049
32.42262004004805 0.8450686233885153
32.54637049821618 0.9046015211190656
32.6701209563843 0.9502988622457168
32.79387141455242 0.9814617222862013
32.917621872720545 0.9976134764461093
33.04137233088867 0.9985070894245744
33.16512278905679 0.9841288937308225
33.28887324722491 0.9546987987235456
33.41262370539303 0.9106669271759518
33.536374163561156 0.8527067308089868
33.66012462172928 0.7817046900882353
33.7838750798974 0.6987467558223734
33.907625538065524 0.6051017399340799
34.03137599623364 0.5022019094356878
34.15512645440177 0.3916210804176456
34.27887691256989 0.27505054709455695
34.40262737073801 0.15427321406528818
34.526377828906135 0.03113632742502017
34.65012828707425 -0.09247677820279396
34.77387874524238 -0.21467548459570326
34.8976292034105 -0.33359080626146886
35.02137966157862 -0.44740397590247666
35.145130119746746 -0.5543742618108278
35.268880577914864 -0.6528655917369419
35.39263103608299 -0.7413715760292847
35.516381494251114 -0.8185385473250697
35.64013195241923 -0.8831862644082569
35.76388241058736 -0.9343259635766759
35.887632868755475 -0.9711754814290526
36.0113833269236 -0.9931712177744009
36.135133785091725 -0.9999767556952736
36.25888424325984 -0.9914880069241572
36.38263470142797 -0.9678348038362757
36.506385159596086 -0.9293789137098708
36.63013561776421 -0.876708505625108
36.753886075932336 -0.8106291546284536
36.87763653410045 -0.7321515207505657
37.00138699226858 -0.642475891322717
37.1251374504367 -0.5429738230115471
37.24888790860482 -0.43516716435057046
37.37263836677295 -0.32070477961134475
37.49638882494107 -0.2013373300144294
37.62013928310919 -0.0788904979923772
37.743889741277314 0.04476293596987442
37.86764019944544 0.16773173684240744
37.99139065761356 0.2881351408134531
38.11514111578168 0.40413162089898624
38.23889157394981 0.5139470524390157
38.362642032117925 0.6159018476995091
38.48639249028605 0.7084366445658526
38.610142948454175 0.7901361564284283
38.73389340662229 0.8597508184849453
38.85764386479042 0.9162158993870135
38.981394322958536 0.9586677859251352
39.10514478112666 0.9864571916837742
39.228895239294786 0.9991590876447509
39.352645697462904 0.9965792028540137
39.47639615563103 0.9787569957263674
39.60014661379915 0.9459650505431406
39.72389707196727 0.8987049083731231
39.8476475301354 0.837699396181379
39.97139798830352 0.7638815714494331
40.09514844647163 0.6783804513949455
40.21889890463976 0.5825037450572835
40.34264936280788 0.4777178523557149
40.46639982097601 0.36562543602727454
40.59015027914413 0.24794090947363503
40.713900737312244 0.12646421542155023
40.83765119548037 0.0030532964428032806
40.961401653648494 -0.1204043216125831
41.08515211181662 -0.24202039864893146
41.208902569984744 -0.3599348602815569
41.332653028152855 -0.47234424700894373
41.45640348632098 -0.5775292974806036
41.580153944489105 -0.673881243984211
41.70390440265723 -0.7599264179722081
41.827654860825355 -0.8343487892949542
41.95140531899347 -0.8960100944109939
42.07515577716159 -0.9439672457206691
42.198906235329716 -0.9774867557535143
42.32265669349784 -0.996055955596676
42.446407151665966 -0.9993908359825144
42.570157609834084 -0.9874403911087316
42.69390806800221 -0.9603873987538651
42.81765852617033 -0.9186456247565687
42.94140898433845 -0.8628534946151414
43.06515944250658 -0.7938643289979705
43.188909900674695 -0.7127332925092189
43.31266035884282 -0.620701255323719
43.436410817010945 -0.5191758145216535
43.56016127517906 -0.40970976539483334
43.68391173334719 -0.29397735199826985
43.807662191515305 -0.17374866018643417
43.93141264968343 -0.050862544783387496
44.055163107851556 0.07280149504377285
44.17891356601968 0.19535206205222677
44.3026640241878 0.3149147891675148
44.426414482355916 0.4296610072573243
44.55016494052404 0.5378357139715649
44.673915398692166 0.6377844158753708
44.79766585686029 0.7279784333342376
44.92141631502841 0.807038281122068
45.04516677319653 0.873754767154146
45.16891723136465 0.927107486647418
45.29266768953278 0.9662804288465499
45.4164181477009 0.9906744576164761
45.54016860586903 0.9999164750152149
45.66391906403714 0.9938651276933985
45.78766952220526 0.9726129688431729
45.91141998037339 0.9364850426302428
46.03517043854151 0.8860339127596547
46.15892089670964 0.8220312112116333
46.28267135487775 0.7454558364065383
46.406421813045874 0.6574789813037342
46.530172271214 0.559446220424375
46.653922729382124 0.4528569297705097
46.77767318755025 0.33934135440560736
46.90142364571836 0.22063567443961848
47.025174103886485 0.09855545077533408
47.14892456205461 -0.025032143245942492
47.272675020222735 -0.1482368795926402
47.39642547839086 -0.2691743859043363
47.520175936558985 -0.38599496629279034
47.643926394727096 -0.4969118917787316
47.76767685289522 -0.6002287276723645
47.891427311063346 -0.6943652799348976
48.01517776923147 -0.7778817636810338
48.138928227399596 -0.8495008241736298
48.262678685567714 -0.9081270735073678
48.38642914373583 -0.952863844174853
48.51017960190396 -0.9830269032753068
48.63393006007208 -0.9981549176119668
48.75768051824021 -0.9980165096182771
48.881430976408325 -0.9826137961949807
49.00518143457645 -0.9521823563328762
49.12893189274457 -0.9071876280164504
49.25268235091269 -0.8483177895164232
49.37643280908082 -0.7764732339493393
49.500183267248936 -0.6927527980870024
49.62393372541706 -0.59843695604119
49.74768418358518 -0.4949682348702965
49.871434641753304 -0.3839291516440603
49.99518509992143 -0.2670180094112384
50.11893555808955 -0.14602292226210337
50.24268601625767 -0.022794466763188272
50.3664364744258 0.10078262194913071
50.490186932593915 0.2228182765182174
50.61393739076204 0.34144600527116026
50.73768784893016 0.45485143954104057
50.86143830709828 0.5613000837865754
50.98518876526641 0.6591638440807815
51.10893922343453 0.7469459292250928
51.23268968160265 0.8233037436351863
51.35644013977077 0.8870694218600855
51.48019059793889 0.9372676906663638
51.60394105610702 0.9731307854932991
51.72769151427514 0.9941101931371381
51.85144197244327 0.9998850410642889
51.97519243061138 0.9903670050419175
52.098942888779504 0.9657016600254813
52.22269334694763 0.9262662536418775
52.346443805115754 0.8726639363219645
52.47019426328388 0.8057145363305259
52.59394472145199 0.7264420207863012
52.717695179620115 0.6360588344512362
52.84144563778824 0.5359473558217105
52.965196095956365 0.42763875414400754
53.08894655412449 0.3127895707285457
53.2126970122926 0.1931563827432509
53.336447470460726 0.07056893699421185
53.46019792862885 -0.05309783539696299
53.583948386796976 -0.17595249539386465
53.7076988449651 -0.29611602492858496
53.83144930313322 -0.4117505658107562
53.95519976130134 -0.521087529111017
54.07895021946946 -0.6224546450958801
54.20270067763759 -0.7143015399949659
54.32645113580571 -0.7952234484131239
54.45020159397383 -0.8639826987145235
54.57395205214195 -0.9195276427675042
54.69770251031007 -0.9610087405264638
54.8214529684782 -0.9877915534428914
54.94520342664632 -0.9994664479759787
55.06895388481444 -0.9958548607910578
55.192704342982566 -0.977012029821915
55.316454801150684 -0.9432261494263607
55.44020525931881 -0.8950139625566327
55.563955717486934 -0.8331128573608405
55.68770617565505 -0.758469589095072
55.81145663382318 -0.6722257998404788
55.9352070919913 -0.5757005574961443
56.05895755015942 -0.4703701811075129
56.182708008327545 -0.3578456610947873
56.30645846649566 -0.23984801973089984
56.43020892466379 -0.11818198872156847
56.55395938283191 0.00529159352037174
56.67770984100004 0.12868424273272192
56.801460299168156 0.25010871249500644
56.925210757336274 0.3677078589872485
57.0489612155044 0.4796830453402054
57.172711673672524 0.5843216511427284
57.29646213184065 0.6800232663582049
57.420212590008774 0.7653241690234438
57.543963048176884 0.8389197123523819
57.66771350634501 0.8996842788419146
57.791463964513134 0.946688496188814
57.91521442268126 0.9792134517066188
58.038964880849385 0.9967616878379401
58.162715339017495 0.9990648105898158
58.28646579718562 0.9860875945238015
58.410216255353745 0.9580285215164468
58.53396671352187 0.9153167450500119
58.657717171689995 0.8586055264635044
58.781467629858106 0.7887622435542411
58.90521808802623 0.7068551243447474
59.028968546194356 0.6141369089174081
59.15271900436248 0.5120256892030994
59.276469462530606 0.4020832197725
59.40021992069872 0.2859910313587331
59.52397037886684 0.1655247124463926
59.64772083703497 0.042526752281047034
59.77147129520309 -0.08112163934459118
59.89522175337122 -0.20352930452134532
60.018972211539335 -0.32282406180714235
60.14272266970745 -0.43718134057233354
60.26647312787558 -0.544852087154638
60.3902235860437 -0.6441895160090937
60.51397404421183 -0.7336742967037758
60.637724502379946 -0.811937791535134
60.76147496054807 -0.8777829883519943
60.88522541871619 -0.9302028084280968
61.008975876884314 -0.9683955093709167
61.13272633505244 -0.9917769474846755
61.25647679322056 -0.9999895120391775
61.38022725138868 -0.9929075947979745
61.50397770955681 -0.9706395111513977
61.627728167724925 -0.9335258434714216
61.75147862589305 -0.8821342320261345
