0.0 0.0
0.09658794303681824 0.09643783120744102
0.19317588607363648 0.19197667086990555
0.28976382911045473 0.28572590782372403
0.38635177214727295 0.3768116135460931
0.4829397151840912 0.4643846888993881
0.5795276582209095 0.547628779416441
0.6761156012577277 0.6257678853406508
0.7727035442945459 0.698073595480285
0.8692914873313642 0.7638718774431261
0.9658794303681824 0.8225493609530286
1.0624673734050007 0.8735590556754376
1.159055316441819 0.9164254502504112
1.255643259478637 0.9507489450000637
1.3522312025154555 0.976209576988816
1.4488191455522736 0.9925700027115202
1.5454070885890918 0.9996777106048949
1.6419950316259102 0.9974664427572851
1.7385829746627284 0.9859568125635985
1.8351709176995465 0.9652561125676464
1.9317588607363647 0.9355573142831853
2.028346803773183 0.8971372693173012
2.1249347468100015 0.8503541285652341
2.22152268984682 0.7956440035348536
2.318110632883638 0.7335169009238546
2.414698575920456 0.6645519683474609
2.511286518957274 0.5893920955358725
2.6078744619940926 0.5087379213289841
2.704462405030911 0.42334130233505035
2.8010503480677293 0.3339983041383335
2.8976382911045473 0.24154178039155583
2.9942262341413652 0.14683360897070827
3.0908141771781836 0.05075665756662826
3.187402120215002 -0.045793446390058584
3.2839900632518204 -0.14191666475003967
3.3805780062886384 -0.2367169387830464
3.4771659493254568 -0.32931054221952255
3.5737538923622747 -0.41883431932933424
3.670341835399093 -0.5044537312423271
3.7669297784359115 -0.585370635503077
3.8635177214727294 -0.6608307263389909
3.9601056645095483 -0.730130566283722
4.056693607546366 -0.7926241436072402
4.153281550583184 -0.8477288944243389
4.249869493620003 -0.8949311333435868
4.346457436656821 -0.9337908420323322
4.44304537969364 -0.9639457710588534
4.539633322730457 -0.9851148167743556
4.636221265767276 -0.9971006417555983
4.732809208804094 -0.999791514380428
4.829397151840912 -0.9931623503877409
4.92598509487773 -0.9772749467124644
5.022573037914548 -0.9522774054157596
5.119160980951367 -0.9184027530805505
5.215748923988185 -0.8759667685423541
5.312336867025003 -0.8253650392052513
5.408924810061822 -0.7670692733839732
5.50551275309864 -0.7016229030483726
5.602100696135459 -0.6296360179614016
5.698688639172277 -0.551779678434478
5.795276582209095 -0.46877965971660035
5.8918645252459125 -0.3814096863319107
5.9884524682827305 -0.2904842194350642
6.085040411319549 -0.19685086442053928
6.181628354356367 -0.10138246956200714
6.278216297393185 -0.004968989338074828
6.374804240430004 0.0914908117056661
6.471392183466822 0.18709773722186018
6.567980126503641 0.28096054135186505
6.664568069540459 0.3722042369019173
6.761156012577277 0.45997825195636083
6.8577439556140956 0.5434643588921296
6.9543318986509135 0.6218843018803782
7.0509198416877314 0.6945070517718482
7.147507784724549 0.7606556207360591
7.244095727761367 0.8197133731284035
7.340683670798186 0.8711297737553662
7.437271613835004 0.914425519952649
7.533859556871823 0.9491970096350807
7.630447499908641 0.9751201036672261
7.727035442945459 0.9919531474819646
7.823623385982277 0.9995392237795581
7.9202113290190965 0.9978076153075993
8.016799272055914 0.9867744640858334
8.113387215092732 0.9665426209305698
8.20997515812955 0.9373006866814185
8.306563101166368 0.8993212540680127
8.403151044203188 0.8529583666060024
8.499738987240006 0.7986442182104456
8.596326930276824 0.7368851242927195
8.692914873313642 0.6682568018983267
8.78950281635046 0.5933990028840441
8.88609075938728 0.5130095501638325
8.982678702424096 0.42783783261751596
9.079266645460914 0.33867781930252916
9.175854588497732 0.2463606580901666
9.272442531534551 0.15174692772164294
9.36903047457137 0.05571861551018765
9.465618417608187 -0.04082910452716233
9.562206360645005 -0.13699621646394308
9.658794303681823 -0.23188625239483626
9.755382246718643 -0.3246146492916592
9.85197018975546 -0.4143169948823183
9.948558132792279 -0.5001570856848322
10.045146075829097 -0.5813347220795569
10.141734018865915 -0.6570931677541314
10.238321961902734 -0.7267262039843352
10.334909904939552 -0.7895847129909892
10.43149784797637 -0.8450827290029932
10.528085791013188 -0.8927029006185883
10.624673734050006 -0.9320013135448384
10.721261677086826 -0.9626116287578425
10.817849620123644 -0.9842484975078298
10.914437563160462 -0.9967102213345341
11.01102550619728 -0.9998806322962279
11.107613449234098 -0.9937301758849658
11.204201392270917 -0.9783161865331192
11.300789335307735 -0.9537823531429401
11.397377278344553 -0.9203573796214684
11.493965221381371 -0.8783528529072595
11.59055316441819 -0.8281603383631388
11.687141107455007 -0.7702477296116746
11.783729050491825 -0.705154886840132
11.880316993528643 -0.6334886042345418
11.976904936565461 -0.5559169534563637
12.073492879602279 -0.47316305589174185
12.170080822639099 -0.3859983417283197
12.266668765675917 -0.29523535869837636
12.363256708712735 -0.20172019752501302
12.459844651749552 -0.10632460468126194
12.55643259478637 -0.009937855986796872
12.65302053782319 0.08654153320357771
12.749608480860008 0.18221418394219116
12.846196423896826 0.27618823768118456
12.942784366933644 0.3675876701601533
13.039372309970462 0.4555604576868858
13.135960253007282 0.5392865196852823
13.2325481960441 0.6179853634701732
13.329136139080918 0.6909233599846202
13.425724082117735 0.7574205826753915
13.522312025154553 0.8168571457547735
13.618899968191373 0.8686789827635589
13.715487911228191 0.9124030115675589
13.812075854265009 0.9476216376396581
13.908663797301827 0.9740065536478887
14.005251740338645 0.9913117999298512
14.101839683375463 0.999376057323797
14.19842762641228 0.9981241509826471
14.295015569449099 0.987567751152421
14.391603512485917 0.9678052643824362
14.488191455522735 0.9390209161814111
14.584779398559554 0.9014830336709365
14.681367341596372 0.8555415442453848
14.77795528463319 0.8016247135556943
14.874543227670008 0.7402351532254893
14.971131170706826 0.6719451355155174
15.067719113743646 0.5973912586130123
15.164307056780464 0.5172685122760565
15.260894999817282 0.43232379915286634
15.3574829428541 0.3433489721701625
15.454070885890918 0.2511734528959305
15.550658828927737 0.15665649968805423
15.647246771964554 0.060679197704997516
15.743834715001373 -0.03586375455254277
15.840422658038193 -0.13207238560324777
15.93701060107501 -0.22704984050144122
16.03359854411183 -0.3199107413010707
16.130186487148645 -0.409789440531292
16.226774430185465 -0.49584809074500713
16.323362373222285 -0.5772844549160834
16.4199503162591 -0.65333938487697
16.51653825929592 -0.7233038980828295
16.613126202332737 -0.7865257867327036
16.709714145369556 -0.842415697637687
16.806302088406376 -0.8904526261596182
16.902890031443192 -0.9301887730059656
16.999477974480012 -0.9612537186059312
17.096065917516828 -0.9833578761543156
17.192653860553648 -0.9962951911339661
17.289241803590468 -0.9999450621518833
17.385829746627284 -0.9942734651830112
17.482417689664103 -0.979333270741521
17.57900563270092 -0.9552637510229312
17.67559357573774 -0.9222892816114662
17.77218151877456 -0.8807172498553264
17.868769461811375 -0.8309351894079394
17.96535740484819 -0.7734071676469437
18.06194534788501 -0.708669459647324
18.158533290921827 -0.6373255490358332
18.255121233958647 -0.5600405023286067
18.351709176995463 -0.4775347691943436
18.448297120032283 -0.39057746643679775
18.544885063069103 -0.2999792083032464
18.64147300610592 -0.20658454995458703
18.73806094914274 -0.1112641145389092
18.834648892179555 -0.014906477259843565
18.931236835216374 0.0815901179038462
19.027824778253194 0.1773261316107483
19.12441272129001 0.27140911464466816
19.22100066432683 0.36296202730848653
19.317588607363646 0.4511314151707538
19.414176550400466 0.5350953649509564
19.510764493437286 0.6140711663787527
19.607352436474102 0.6873226086035598
19.70394037951092 0.7541668431374718
19.800528322547738 0.8139807493552684
19.897116265584557 0.8662067432125123
19.993704208621377 0.9103579750329092
20.090292151658193 0.9460228679113171
20.186880094695013 0.9728689544254756
20.28346803773183 0.9906459758906968
20.38005598076865 0.9991882152663559
20.47664392380547 0.9984160419668433
20.573231866842285 0.988336654176304
20.669819809879105 0.9690440117473054
20.76640775291592 0.940717960308963
20.86299569595274 0.903622554749557
20.95958363898956 0.8581035977021195
21.056171582026376 0.8045854159791647
21.152759525063196 0.7435669050065712
21.249347468100012 0.6756168781303574
21.345935411136832 0.6013687641499617
21.44252335417365 0.5215147025075855
21.539111297210468 0.43679909117806964
21.635699240247288 0.3480116474057633
21.732287183284104 0.2559800459760969
21.828875126320924 0.16156220364766408
21.925463069357743 0.06563828166927926
22.02205101239456 -0.030897519065692252
22.11863895543138 -0.12714529374229339
22.215226898468195 -0.22220782251874208
22.311814841505015 -0.3151989343919844
22.408402784541835 -0.40525176806614016
22.50499072757865 -0.49152685281627784
22.60157867061547 -0.5732199340178292
22.698166613652287 -0.649569470392187
22.794754556689107 -0.7198637330793849
22.891342499725926 -0.7834474403603587
22.987930442762742 -0.8397278661801116
23.08451838579956 -0.8881803655282163
23.18110632883638 -0.9283532651691655
23.277694271873195 -0.9598720741312883
23.374282214910014 -0.9824429747041522
23.47087015794683 -0.9958555614014079
23.56745810098365 -0.9999848023565562
23.664046044020466 -0.9947922048675174
23.760633987057286 -0.9803261742248361
23.857221930094106 -0.9567215624785254
23.953809873130922 -0.924198411349939
24.05039781616774 -0.8830599010072152
24.146985759204558 -0.833689523825787
24.243573702241378 -0.7765475094800709
24.340161645278197 -0.7121665346916058
24.436749588315013 -0.6411467576272417
24.533337531351833 -0.5641502232366324
24.62992547438865 -0.48189469168239846
24.72651341742547 -0.39514694739413925
24.82310136046229 -0.30471565111924837
24.919689303499105 -0.2114438016034966
25.016277246535925 -0.11620087717347509
25.11286518957274 -0.019874730476947357
25.20945313260956 0.07663668806190718
25.30604107564638 0.17243370091846819
25.402629018683196 0.2666232902436808
25.499216961720016 0.3583274225586982
25.595804904756832 0.4466912337654889
25.692392847793652 0.5308909981729878
25.788980790830472 0.6101418072515862
25.885568733867288 0.6837048865348487
25.982156676904108 0.7508944824604071
26.078744619940924 0.8110842549510151
26.175332562977744 0.8637131161443139
26.271920506014563 0.9082904608427128
26.36850844905138 0.944400739925294
26.4650963920882 0.9717073340884577
26.561684335125015 0.9899556918043684
26.658272278161835 0.9989757022452443
26.754860221198655 0.998683281053106
26.85144816423547 0.9890811541724923
26.94803610727229 0.9702588324392583
27.044624050309107 0.9423917771623453
27.141211993345927 0.905739764476943
27.237799936382746 0.8606444637165287
27.334387879419562 0.8075262523781322
27.430975822456382 0.7468802973716607
27.5275637654932 0.679271939083824
27.624151708530018 0.605331421286273
27.720739651566838 0.5257480160157093
27.817327594603654 0.441263598193657
27.913915537640474 0.35266572988318573
28.01050348067729 0.26078031865104023
28.10709142371411 0.16646391847369948
28.203679366750926 0.07059574495826619
28.300267309787742 -0.02593052068796464
28.39685525282456 -0.12221506253594004
28.493443195861378 -0.21736031800103747
28.590031138898198 -0.3104793449036563
28.686619081935017 -0.400704089526556
28.783207024971833 -0.48719347859435896
28.879794968008653 -0.569141259741909
28.97638291104547 -0.6457835173827665
29.07297085408229 -0.7164057939151391
29.16955879711911 -0.7803497498814204
29.266146740155925 -0.8370193009955317
29.362734683192745 -0.885886174828791
29.45932262622956 -0.9264948353549745
29.55591056926638 -0.9584667294481096
29.6524985123032 -0.9815038157471778
29.749086455340016 -0.9953913429917608
29.845674398376836 -0.9999998519290207
29.942262341413652 -0.9952863821302784
30.038850284450472 -0.981294872467276
30.135438227487292 -0.9581557515148895
30.232026170524108 -0.9260847216985473
30.328614113560928 -0.8853807485205049
30.425202056597744 -0.836423273609386
30.521789999634564 -0.7796686775728536
30.618377942671383 -0.7156460256266717
30.7149658857082 -0.644952135659279
30.81155382874502 -0.5682460147072915
30.908141771781835 -0.4862427157050292
31.004729714818655 -0.3997066717752575
31.101317657855475 -0.3094445701988374
31.197905600892295 -0.21629783249192136
31.294493543929107 -0.12113477069132013
31.391081486965927 -0.024842492966932805
31.487669430002747 0.07168136598293202
31.584257373039566 0.1675370126643935
31.680845316076386 0.2618308826450503
31.7774332591132 0.35368397034384536
31.87402120215002 0.4422400231036418
31.970609145186838 0.5266735231614263
32.06719708822366 0.6061973831085092
32.163785031260474 0.6800702831036883
32.26037297429729 0.747603581442077
32.356960917334106 0.8081677340593754
32.45354886037093 0.8611981631291271
32.550136803407746 0.9062005200459764
32.64672474644457 0.9427552937335637
32.74331268948138 0.9705217213184095
32.8399006325182 0.9892409647146752
32.93648857555502 0.9987385235076228
33.03307651859184 0.9989258616430325
33.12966446162866 0.989801232758531
33.22625240466547 0.9714496964631487
33.32284034770229 0.9440423254133349
33.41942829073911 0.9078346105770536
33.51601623377593 0.8631640795520713
33.61260417681275 0.8104471501403815
33.70919211984956 0.7501752485097658
33.805780062886384 0.6829102281287798
33.9023680059232 0.6092791321799526
33.998955948960024 0.5299683482756511
34.09554389199684 0.4457172099664525
34.192131835033656 0.3573111046884464
34.28871977807047 0.26557415239719545
34.385307721107296 0.17136152313788316
34.48189566414411 0.07555146516718463
34.578483607180935 -0.020962882059568103
34.675071550217744 -0.11728181371656671
34.77165949325457 -0.21250744663810794
34.868247436291384 -0.30575208936751247
34.96483537932821 -0.39614651719931726
35.06142332236502 -0.4828480750746351
35.15801126540184 -0.5650485327949054
35.254599208438655 -0.6419816193277076
35.35118715147548 -0.7129301659701012
35.447775094512295 -0.7772327917809935
35.54436303754912 -0.834290068961158
35.64095098058593 -0.8835701107072184
35.73753892362275 -0.9246135294499008
35.83412686665957 -0.9570377192557705
35.93071480969638 -0.9805404224721728
36.027302752733206 -0.9949025473670453
36.12389069577002 -0.9999902104976881
36.22047863880684 -0.99575598476956
36.317066581843655 -0.9822393415507066
36.41365452488048 -0.9595662827204515
36.510242467917294 -0.9279481660823897
36.60683041095411 -0.8876797350911354
36.70341835399093 -0.8391363712597041
36.80000629702775 -0.7827705948605073
36.896594240064566 -0.7191078465403872
36.99318218310139 -0.6487415891733249
37.089770126138205 -0.572327775611366
37.18635806917502 -0.49057873390514234
37.28294601221184 -0.404256526995967
37.37953395524866 -0.31416584878023723
37.47612189828548 -0.22114652276895885
37.5727098413223 -0.1260656732696286
37.66929778435911 -0.0298096420707428
37.76588572739593 0.06672427401881512
37.86247367043275 0.16263618775268687
37.95906161346957 0.25703201017814137
38.05564955650639 0.3490317853154513
38.152237499543205 0.4377778930900881
38.24882544258002 0.522443044049976
38.345413385616844 0.6022379913413277
38.44200132865366 0.676418888052099
38.53858927169048 0.7442942213381524
38.63517721472729 0.8052312586921925
38.731765157764116 0.8586619462636756
38.82835310080093 0.9040882042454469
38.924941043837755 0.9410865699638479
39.02152898687457 0.9693121453893101
39.11811692991139 0.988501812268949
39.214704872948204 0.9984766849096735
39.31129281598503 0.999143777747064
39.40788075902184 0.9904968721549543
39.50446870205867 0.9726165744153406
39.601056645095476 0.9456695643082302
39.6976445881323 0.9099070413260281
39.794232531169115 0.8656623829968904
39.89082047420594 0.8133480371460082
39.987408417242754 0.7534516770652092
40.08399636027957 0.6865316554322028
40.18058430331639 0.6132117993580354
40.27717224635321 0.5341755950831556
40.373760189390026 0.4501598165322946
40.47034813242685 0.3619476571225481
40.56693607546366 0.270361428849971
40.66352401850048 0.17625489671342182
40.7601119615373 0.08050531993431351
40.85669990457412 -0.01599472583648729
40.95328784761094 -0.11234566909106733
41.049875790647754 -0.20764932825222615
41.14646373368457 -0.3010172845042512
41.243051676721386 -0.3915791636154599
41.33963961975821 -0.4784907495494876
41.436227562795025 -0.560941854230367
41.53281550583184 -0.6381638700997011
41.62940344886866 -0.7094369350610139
41.72599139190548 -0.7740966430199119
41.8225793349423 -0.8315402374644656
41.91916727797912 -0.8812322303494617
42.01575522101593 -0.922709393905276
42.11234316405275 -0.955585078837972
42.20893110708957 -0.9795528186662887
42.30551905012639 -0.9943891865961171
42.40210699316321 -0.9999558783006147
42.498694936200025 -0.9962010011903999
42.59528287923684 -0.9831595581552333
42.691870822273664 -0.9609531212677749
42.78845876531048 -0.9297886984911471
42.8850467083473 -0.8899568039548056
42.98163465138411 -0.8418287497876231
43.078222594420936 -0.7858531847535689
43.17481053745775 -0.7225519119569016
43.271398480494575 -0.65251502460396
43.36798642353139 -0.5763954051660672
43.46457436656821 -0.49490263922208017
43.561162309605024 -0.40879640071575213
43.65775025264185 -0.31887937029032326
43.75433819567866 -0.2259897527155509
43.85092613871549 -0.1309934631594658
43.947514081752296 -0.0347760551444547
44.04410202478912 0.06176553456515108
44.140689967825935 0.15773134718965975
44.23727791086276 0.2522267913319534
44.333865853899574 0.34437098234064123
44.43045379693639 0.43330495389931317
44.52704173997321 0.5181996652934341
44.62362968301003 0.5982637297114134
44.720217626046846 0.6727507915367033
44.81680556908367 0.7409664838600565
44.91339351212048 0.8022749013539996
45.0099814551573 0.8561045281697092
45.10656939819412 0.9019535655963278
45.20315734123094 0.9393946098186189
45.29974528426776 0.9680786361668026
45.396333227304574 0.9877382527176083
45.49292117034139 0.998190192916455
45.58950911337821 0.9993370239846321
45.68609705641503 0.9911680551857247
45.78268499945185 0.973759437484446
45.87927294248866 0.9472734536688648
45.975860885525485 0.9119570055534633
46.0724488285623 0.8681393123653588
46.16903677159912 0.8162288417691916
46.26562471463594 0.7567095021396831
46.36221265767276 0.6901361315774046
46.45880060070957 0.6171293257190099
46.55538854374639 0.5383696525570665
46.65197648678321 0.4545913081987515
46.74856442982003 0.3665752727043633
46.845152372856845 0.27514202980669167
46.94174031589366 0.181143918377999
47.038328258930484 0.08545718694398785
47.1349162019673 -0.011026174687504527
47.23150414500412 -0.10740675053780802
47.32809208804093 -0.2027860827952258
47.424680031077756 -0.2962750472209746
47.52126797411457 -0.3870021415475617
47.617855917151395 -0.4741216096056767
47.71444386018821 -0.5568213254463249
47.81103180322503 -0.6343303639628214
47.907619746261844 -0.7059261874392805
48.00420768929867 -0.7709413810328478
48.10079563233548 -0.8287698744015761
48.19738357537231 -0.8788725914801341
0.0 0.0
0.09789644030450921 0.09774014665199003
0.19579288060901842 0.1945443276480308
0.2936893209135277 0.289485540196862
0.39158576121803684 0.38165462140765755
0.489482201522546 0.4701689544897872
0.5873786418270553 0.5541809207454902
0.6852750821315645 0.632886016418658
0.7831715224360737 0.7055305566722853
0.8810679627405829 0.771418892920825
0.978964403045092 0.8299200744038302
1.0768608433496014 0.8804738902092435
1.1747572836541107 0.9225962338875469
1.2726537239586198 0.955883739284898
1.370550164263129 0.9800176432022293
1.468446604567638 0.9947668378912474
1.5663430448721474 0.9999900841564456
1.6642394851766567 0.9956373638703272
1.7621359254811657 0.9817503589500706
1.860032365785675 0.958462052208927
1.957928806090184 0.9259954539046211
2.0558252463946936 0.884661466179407
2.153721686699203 0.8348559058420315
2.251618127003712 0.7770557140016283
2.3495145673082214 0.7118143888503222
2.4474110076127302 0.6397566853304983
2.5453074479172395 0.5615726324430462
2.643203888221749 0.47801092548720825
2.741100328526258 0.3898717565083435
2.8389967688307673 0.2979991516096853
2.936893209135276 0.20327288850646416
3.0347896494397855 0.10660007172039337
3.1326860897442947 0.008906446090979344
3.230582530048804 -0.08887246821400217
3.3284789703533133 -0.1858003342971724
3.426375410657822 -0.2809489649512689
3.5242718509623314 -0.373407211036933
3.6221682912668407 -0.4622896867029068
3.72006473157135 -0.5467452478954037
3.8179611718758593 -0.6259651429659167
3.915857612180368 -0.6991907573267477
4.013754052484877 -0.7657208779909604
4.111650492789387 -0.8249184084310697
4.209546933093896 -0.8762164694545743
4.307443373398406 -0.9191238276739732
4.4053398137029145 -0.9532295995878948
4.503236254007424 -0.9782071862267808
4.601132694311933 -0.9938174006847044
4.699029134616443 -0.9999107585878941
4.796925574920952 -0.9964289095662907
4.8948220152254605 -0.9834051960202798
4.99271845552997 -0.9609643338318149
5.090614895834479 -0.9293212180774617
5.188511336138989 -0.8887788651799263
5.286407776443498 -0.839725511204156
5.384304216748006 -0.7826308940849002
5.482200657052516 -0.7180417553873562
5.580097097357025 -0.6465766046763155
5.677993537661535 -0.5689197966305243
5.7758899779660435 -0.48581497762019366
5.873786418270552 -0.3980579645036145
5.971682858575062 -0.3064891238359771
6.069579298879571 -0.21198532446755355
6.167475739184081 -0.11545154059364904
6.2653721794885895 -0.017812185666053047
6.363268619793098 0.07999773984703815
6.461165060097608 0.17704160208301045
6.559061500402117 0.27239010304830635
6.656957940706627 0.3651301796331747
6.7548543810111354 0.45437374716016193
6.852750821315644 0.5392662037376116
6.950647261620154 0.6189946139799396
7.048543701924663 0.6927954937268848
7.146440142229173 0.7599621212147915
7.244336582533681 0.8198513046876807
7.34223302283819 0.8718895416410702
7.4401294631427 0.9155785107172283
7.538025903447209 0.9504998436611453
7.6359223437517185 0.9763191316406777
7.733818784056227 0.9927891275660912
7.831715224360736 0.9997521137433995
7.929611664665245 0.9971414121887032
8.027508104969755 0.9849820231406639
8.125404545274264 0.9633903856566813
8.223300985578774 0.9325732625853186
8.321197425883282 0.8928257605925469
8.419093866187792 0.8445285042021595
8.516990306492302 0.7881439909119244
8.614886746796811 0.7242121622890973
8.71278318710132 0.6533452334567658
8.810679627405829 0.5762218304841699
8.908576067710337 0.4935804918217337
9.006472508014848 0.40621259601142573
9.104368948319356 0.31495478339718563
9.202265388623866 0.22068094440550948
9.300161828928374 0.12429385111699598
9.398058269232886 0.026716512265359472
9.495954709537394 -0.07111666555095358
9.593851149841903 -0.16826882580384767
9.691747590146411 -0.26380963343129255
9.789644030450921 -0.35682418378311404
9.88754047075543 -0.44642176380418425
9.98543691105994 -0.5317443815574288
10.083333351364448 -0.6119749824073843
10.181229791668958 -0.6863452731856479
10.279126231973466 -0.7541430794135014
10.377022672277977 -0.8147191651285359
10.474919112582485 -0.8674934500081442
10.572815552886995 -0.9119605642543848
10.670711993191503 -0.9476946880462378
10.768608433496013 -0.9743536292164091
10.866504873800523 -0.9916821001045664
10.964401314105032 -0.9995141622076789
11.06229775440954 -0.9977748152173282
11.16019419471405 -0.9864807152272744
11.258090635018558 -0.9657400152336778
11.35598707532307 -0.9357513294553543
11.453883515627577 -0.8968018313918046
11.551779955932087 -0.849264503832113
11.649676396236595 -0.7935945671488258
11.747572836541105 -0.7303251200796578
11.845469276845614 -0.6600620347411976
11.943365717150124 -0.5834781547602509
12.041262157454632 -0.5013068520818881
12.139158597759142 -0.4143350041545862
12.23705503806365 -0.3233954587433944
12.334951478368161 -0.22935905852849706
12.43284791867267 -0.13312630186216584
12.530744358977179 -0.03561871954112852
12.628640799281687 0.062229949828999424
12.726537239586197 0.1594827013720486
12.824433679890706 0.25520823675760884
12.922330120195216 0.3484898823711291
13.020226560499724 0.4384343674368276
13.118123000804234 0.524180378033589
13.216019441108742 0.6049068050900377
13.313915881413253 0.6798406073755221
13.411812321717761 0.7482642141904693
13.509708762022271 0.8095223968675578
13.607605202326779 0.8630285432817211
13.705501642631289 0.9082702752839477
13.803398082935798 0.9448143552659432
13.901294523240308 0.9723108348701182
13.999190963544816 0.9904964061165833
14.097087403849326 0.9991969228565603
14.194983844153834 0.9983290684066126
14.292880284458345 0.9879011533943309
14.390776724762853 0.9680130361752534
14.488673165067363 0.9388551665831084
14.58656960537187 0.9007067621704966
14.68446604567638 0.8539331344044294
14.78236248598089 0.7989821904212561
14.8802589262854 0.7363801438403745
14.978155366589908 0.6667264757102491
15.076051806894418 0.5906881938410128
15.173948247198926 0.508993445496662
15.271844687503437 0.4224245446120588
15.369741127807945 0.3318104803065908
15.467637568112455 0.23801897843335515
15.565534008416963 0.14194819218303756
15.663430448721472 0.04451810131370163
15.761326889025982 -0.05333829763194662
15.85922332933049 -0.15068392575884187
15.957119769635002 -0.24658659534470173
16.05501620993951 -0.3401279365269712
16.15291265024402 -0.4304121916691361
16.25080909054853 -0.5165747931909259
16.348705530853035 -0.5977906427206443
16.44660197115755 -0.6732820122879377
16.544498411462058 -0.7423259918946455
16.642394851766564 -0.8042614121454326
16.740291292071074 -0.8584951756465792
16.838187732375584 -0.9045079365430917
16.936084172680093 -0.9418590738065621
17.033980612984603 -0.9701909106492347
17.13187705328911 -0.9892321396589244
17.229773493593623 -0.9988004208554854
17.32766993389813 -0.9988041277896706
17.42556637420264 -0.9892432249636511
17.52346281450715 -0.9702092681709418
17.621359254811658 -0.9418845277524932
17.719255695116168 -0.904540243164695
17.817152135420674 -0.858534025573661
17.915048575725184 -0.8043064333487001
18.012945016029697 -0.7423767532482825
18.110841456334203 -0.6733380276981064
18.208737896638713 -0.5978513757803321
18.30663433694322 -0.5166396623166151
18.404530777247732 -0.4304805756700861
18.502427217552242 -0.3401991805537859
18.600323657856748 -0.24666001716020017
18.698220098161258 -0.15075882227120305
18.79611653846577 -0.053413951627554496
18.894012978770277 0.04444241430215334
18.991909419074787 0.1418731969390302
19.089805859379293 0.23794539311595628
19.187702299683806 0.3317390095733309
19.285598739988316 0.42235587287107357
19.383495180292822 0.5089282303527607
19.481391620597332 0.5906270597984306
19.579288060901842 0.6666700081923365
19.67718450120635 0.7363288835835573
19.77508094151086 0.7989366282969049
19.872977381815367 0.8538937067182478
19.97087382211988 0.900673846484436
20.068770262424387 0.9388290780998005
20.166666702728897 0.9679940247196198
20.264563143033406 0.9878894010212406
20.362459583337916 0.9983246876575124
20.460356023642426 0.9991999556817731
20.558252463946932 0.9905068234735888
20.65614890425144 0.9723285370016644
20.754045344555955 0.9448391726553288
20.85194178486046 0.9083019702783278
20.94983822516497 0.863066812367879
21.047734665469477 0.8095668735783715
21.14563110577399 0.7483144726142175
21.2435275460785 0.6798961662344484
21.341423986383006 0.6049671323490973
21.439320426687516 0.5242448959952332
21.537216866992026 0.4385024582730888
21.635113307296535 0.34856089403996965
21.733009747601045 0.2552814892469219
21.83090618790555 0.15955749321149446
21.928802628210065 0.06230556480731649
22.02669906851457 -0.03554300551761811
22.12459550881908 -0.13305121383560986
22.22249194912359 -0.22928531554645795
22.3203883894281 -0.3233237669732003
22.41828482973261 -0.41426605012104134
22.516181270037116 -0.501241296093054
22.614077710341626 -0.5834166245843134
22.71197415064614 -0.6600051195949073
22.809870590950645 -0.7302733649859506
22.907767031255155 -0.7935484677176652
23.00566347155966 -0.8492245015144861
23.103559911864174 -0.8967683092523681
23.201456352168684 -0.9357246085041759
23.29935279247319 -0.9657203513522274
23.3972492327777 -0.9864682967180924
23.49514567308221 -0.9977697610008219
23.59304211338672 -0.9995165206833363
23.69093855369123 -0.9916918486874794
23.78883499399574 -0.9743706745535482
23.88673143430025 -0.9477188669104061
23.984627874604755 -0.9119916451072927
24.082524314909264 -0.8675311352176319
24.180420755213778 -0.8147630938187165
24.278317195518284 -0.7541928309205421
24.376213635822793 -0.6864003710860526
24.4741100761273 -0.6120348990802741
24.572006516431813 -0.5318085432370516
24.669902956736323 -0.446489556074354
24.76779939704083 -0.3568949574608851
24.86569583734534 -0.26388271078357056
24.96359227764985 -0.16834350703741072
25.061488717954358 -0.07119223551371744
25.159385158258868 0.02664077723600803
25.257281598563374 0.12421867626434913
25.355178038867887 0.2206070496085904
25.453074479172393 0.31488287627710587
25.550970919476903 0.4061433651551951
25.648867359781413 0.49351460018828625
25.746763800085922 0.5761599090558434
25.844660240390432 0.6532878751969649
25.94255668069494 0.7241599164640444
26.040453120999448 0.7880973578308551
26.13834956130396 0.8444879304263282
26.236246001608468 0.8927916346589228
26.334142441912977 0.9325459112859434
26.432038882217483 0.9633700709092785
26.529935322521997 0.9849689394805059
26.627831762826506 0.9971356849057235
26.725728203131013 0.9997537976824121
26.823624643435522 0.9927982066015928
26.921521083740032 0.9763355188312658
27.019417524044542 0.9505233820820748
27.11731396434905 0.9156089749631324
27.215210404653558 0.8719266399844584
27.31310684495807 0.8198946818725311
27.411003285262577 0.7600113618585176
27.508899725567087 0.6928501262980523
27.606796165871597 0.6190541153136861
27.704692606176106 0.5393300040455062
27.802589046480616 0.45444123548653126
27.900485486785122 0.3652007097056577
27.998381927089632 0.2724629994665885
28.096278367394145 0.17711616678650238
28.19417480769865 0.08007325879956086
28.29207124800316 -0.01773643563863819
28.389967688307667 -0.1153762848782601
28.48786412861218 -0.2119112837175559
28.58576056891669 -0.306417007070144
28.683657009221196 -0.3979884623165271
28.781553449525706 -0.48574875556907443
28.879449889830216 -0.5688574888618078
28.977346330134726 -0.6465188078530263
29.075242770439235 -0.7179890229754298
29.17313921074374 -0.7825837310531535
29.271035651048255 -0.8396843691886868
29.36893209135276 -0.8887441381592013
29.46682853165727 -0.9292932385995686
29.56472497196178 -0.9609433698299552
29.66262141226629 -0.9833914482470244
29.7605178525708 -0.996422509671162
29.858414292875306 -0.9999117678566813
29.956310733179816 -0.9938258094525877
30.05420717348433 -0.9782229139708809
30.152103613788835 -0.9532524956983683
30.250000054093345 -0.919153672896257
30.34789649439785 -0.8762529779889862
30.445792934702364 -0.8249612306696347
30.543689375006874 -0.7657696038652902
30.64158581531138 -0.6992449202348751
30.73948225561589 -0.6260242242404993
30.8373786959204 -0.5468086817705227
30.93527513622491 -0.4623568657318724
31.03317157652942 -0.37347749190923174
31.131068016833925 -0.28102167465294847
31.22896445713844 -0.18587477655565016
31.326860897442945 -0.0889479301656396
31.424757337747454 0.008830687074475974
31.522653778051964 0.10652474111202573
31.620550218356478 0.20319870767677473
31.71844665866098 0.29792683091885186
31.81634309896549 0.38980198850375614
31.914239539270003 0.47794437827157304
32.01213597957451 0.561509943276587
32.11003241987902 0.6396984545285319
32.20792886018353 0.71176117403459
32.30582530048804 0.7770080247604784
32.40372174079255 0.8348141988505703
32.50161818109706 0.8846261408263499
32.59951462140157 0.9259668484677216
32.69741106170607 0.9584404406156061
32.79530750201058 0.9817359481542779
32.8932039423151 0.99563029187073
32.99110038261961 0.9999904186749456
33.088996822924116 0.9947745757244748
33.18689326322862 0.9800327102522185
33.28478970353313 0.9559059912686507
33.38268614383764 0.922625457718698
33.48058258414215 0.8805098060385884
33.57847902444666 0.8299623382991781
33.67637546475117 0.7714671001605142
33.77427190505568 0.7055842456208236
33.87216834536019 0.6329446729473718
33.9700647856647 0.5542439831558529
34.067961225969206 0.47023581889227833
34.16585766627371 0.38172464750465274
34.26375410657822 0.28955805741414314
34.36165054688273 0.19461864155626493
34.459546987187245 0.09781554561661404
34.557443427491755 7.576199589812869e-05
34.65533986779626 -0.09766474712634325
34.75323630810077 -0.1944700126231376
34.85113274840528 -0.28941302131797153
34.94902918870979 -0.3815845931200144
35.0469256290143 -0.47010208738858106
35.1448220693188 -0.5541178551541888
35.242718509623316 -0.6328273562572544
35.340614949927826 -0.705476863674087
35.438511390232335 -0.7713706812532852
35.536407830536845 -0.8298778057448425
35.63430427084135 -0.8804379693260825
35.73220071114586 -0.9225670047608031
35.83009715145037 -0.9558614818144869
35.92799359175488 -0.9800025705270564
36.025890032059394 -0.9947590943481778
36.123786472363896 -0.9999897438981225
36.221682912668406 -0.9956444301550857
36.319579352972916 -0.9817647641107332
36.417475793277426 -0.9584836583007891
36.515372233581935 -0.9260240540264181
36.61326867388644 -0.8846967864546167
36.71116511419095 -0.8348976080415234
36.809061554495464 -0.7771033987825704
36.906957994799974 -0.7118675995803233
37.004854435104484 -0.6398149124603347
37.10275087540899 -0.5616353183861473
37.200647315713496 -0.4780774699591219
37.298543756018006 -0.3899415222751138
37.396440196322516 -0.2980714705900385
37.494336636627025 -0.20334706816939593
37.59223307693154 -0.10667540171688232
37.690129517236045 -0.008982205056359896
37.788025957540555 0.0887970057522492
37.885922397845064 0.18572589097222217
37.983818838149574 0.2808762536369802
38.081715278454084 0.37333692802132323
38.179611718758586 0.46222250502045
38.277508159063096 0.5466818108820295
38.37540459936761 0.6259060580983725
38.47330103967212 0.6991365904053537
38.57119747997663 0.765672147721487
38.669093920281135 0.8248755814575701
38.766990360585645 0.8761799558907858
38.864886800890154 0.919093977176028
38.962783241194664 0.9532066980059976
39.060679681499174 0.9781914528678881
39.158576121803684 0.9938089862124286
39.25647256210819 0.9999097435797393
39.3543690024127 0.996435303742037
39.45226544271721 0.983418938148907
39.55016188302172 0.960985292317854
39.648058323326225 0.9293491922211637
39.745954763630735 0.8888135870991689
39.84385120393525 0.8397666483997005
39.94174764423976 0.7826780526244349
40.03964408454427 0.7180944836778066
40.137540524848774 0.6466343977883339
40.23543696515328 0.568982101133711
40.33333340545779 0.48588119688279324
40.4312298457623 0.39812746440589536
40.52912628606681 0.30656123884260106
40.62702272637132 0.21205936400078085
40.72491916667583 0.11552679564635646
40.82281560698034 0.017887935591226325
40.92071204728485 -0.07992222043534156
41.01860848758936 -0.17696703636332095
41.116504927893864 -0.27231720506653595
41.214401368198374 -0.3650596474648866
41.31229780850288 -0.45430625622573867
41.4101942488074 -0.5392024003343981
41.50809068911191 -0.6189351090932423
41.60598712941641 -0.6927408571791541
41.70388356972092 -0.7599128762089739
41.80178001002543 -0.8198079227969813
41.89967645032994 -0.8718524382931423
41.99757289063445 -0.9155480412160133
42.095469330938954 -0.950476299784459
42.19336577124347 -0.9763027388461355
42.29126221154798 -0.9927800428320994
42.38915865185249 -0.9997504240659297
42.487055092157 -0.9971471337482106
42.5849515324615 -0.9849951011471438
42.68284797276601 -0.963410694874339
42.78074441307052 -0.9326006085318364
42.87864085337503 -0.8928598814014583
42.97653729367955 -0.8445690731304966
43.07443373398405 -0.7881906194691417
43.17233017428856 -0.7242644039572592
43.27022661459307 -0.6534025879664433
43.36812305489758 -0.5762837486050523
43.46601949520209 -0.4936463806220852
43.56391593550659 -0.40628182453605133
43.6618123758111 -0.31502668870946604
43.75970881611562 -0.22075483793574643
43.85760525642013 -0.124369025256204
43.95550169672464 -0.026792247141361338
44.05339813702914 0.07104109517998505
44.15129457733365 0.16819414360443824
44.24919101763816 0.26373655456477885
44.34708745794267 0.3567534080572149
44.44498389824718 0.446353968971604
44.54288033855169 0.531680216825654
44.6407767788562 0.6119150622218344
44.73867321916071 0.6862901713457035
44.83656965946522 0.7540933235777724
44.93446609976973 0.8146752317619629
45.03236254007423 0.8674557598193463
45.13025898037874 0.9119294781669312
45.22815542068325 0.9476705037424145
45.32605186098777 0.9743365782865978
45.42394830129228 0.9916723458295175
45.52184474159678 0.9995117979949301
45.61974118190129 0.9977798637067269
45.7176376222058 0.9864931280741754
45.81553406251031 0.9657596735718955
45.91343050281482 0.9357780450354336
46.01132694311932 0.8968353483837094
46.10922338342384 0.8493045012750617
46.20711982372835 0.7936406620248467
46.30501626403286 0.7303768709813839
46.40291270433737 0.660118946098811
46.50080914464187 0.5835396815870965
46.59870558494638 0.501372405193281
46.69660202525089 0.414403955809901
46.7944984655554 0.32346714865733733
46.892394905859916 0.22943280019403925
46.99029134616442 0.13320138912459278
47.08818778646893 0.03569443336019174
47.18608422677344 -0.062154334493489914
47.28398066707795 -0.15940790861719464
47.38187710738246 -0.25513498280343117
47.47977354768696 -0.34841886870199185
47.57766998799148 -0.43836627408400897
47.67556642829599 -0.5241158570632155
47.7734628686005 -0.6048464743588914
47.87135930890501 -0.6797850446143923
47.96925574920951 -0.7482139514717719
48.06715218951402 -0.8094779155101826
48.16504862981853 -0.8629902692418828
48.26294507012304 -0.9082385750762051
48.360841510427555 -0.9447895324534376
48.45873795073206 -0.9722931271576243
48.55663439103657 -0.9904859830742476
48.65453083134108 -0.999193884296077
48.75242727164559 -0.9983334434254236
48.8503237119501 -0.9879129000969872
