0.0 0.0
0.12467525200546009 0.12435251261409414
0.24935050401092018 0.2467746023840324
0.3740257560163803 0.3653658139530776
0.49870100802184036 0.4782851617302152
0.6233762600273004 0.5837797089720386
0.7480515120327605 0.6802117800124238
0.8727267640382207 0.7660843832029323
0.9974020160436807 0.8400644499034433
1.1220772680491407 0.9010035287656996
1.2467525200546008 0.9479556140559642
1.371427772060061 0.9801918312535722
1.496103024065521 0.9972117519491632
1.620778276070981 0.9987511623924415
1.7454535280764414 0.9847861650921237
1.870128780081901 0.955533549795682
1.9948040320873615 0.911447428089866
2.1194792840928214 0.8532121838657782
2.2441545360982813 0.7817318490840275
2.3688297881037417 0.6981160697684041
2.4935050401092016 0.6036628800891044
2.618180292114662 0.49983855194709137
2.742855544120122 0.38825483287051155
2.8675307961255823 0.27064392557737255
2.992206048131042 0.14883159761662001
3.116881300136502 0.02470883852800644
3.241556552141962 -0.09979749549081417
3.3662318041474224 -0.22275459370381867
3.4909070561528828 -0.3422536953931745
3.6155823081583427 -0.45643972106826325
3.740257560163802 -0.5635400703383665
3.8649328121692625 -0.6618921393967598
3.989608064174723 -0.7499691309404437
4.114283316180183 -0.8264037558576321
4.238958568185643 -0.8900094587428669
4.363633820191103 -0.9397988377392242
4.488309072196563 -0.9749989727617747
4.612984324202023 -0.9950634241501011
4.737659576207483 -0.9996807154852608
4.862334828212943 -0.9887791688856888
4.987010080218403 -0.9625280177198957
5.111685332223864 -0.9213347794624424
5.236360584229324 -0.8658389294764346
5.361035836234783 -0.7969019739294342
5.485711088240244 -0.7155940759488023
5.610386340245704 -0.6231774426292953
5.7350615922511645 -0.5210867307895771
5.8597368442566236 -0.4109067756546776
5.984412096262084 -0.29434798819972646
6.109087348267544 -0.17321980308157472
6.233762600273004 -0.049402589347117
6.358437852278465 0.07518154002926421
6.483113104283924 0.19859856663240336
6.607788356289385 0.3189325899106854
6.732463608294845 0.4343155692223681
6.857138860300305 0.5429563229145229
6.9818141123057655 0.6431683342588196
7.106489364311225 0.7333959325905373
7.231164616316685 0.8122384432201899
7.355839868322145 0.8784719312194772
7.480515120327604 0.9310682015355278
7.605190372333065 0.9692107604795456
7.729865624338525 0.992307490806994
7.854540876343986 0.9999998436239902
7.979216128349446 0.9921684044266281
8.103891380354906 0.9689347468671923
8.228566632360366 0.9306595454697689
8.353241884365826 0.8779369765930742
8.477917136371286 0.8115854945587992
8.602592388376745 0.7326351261349601
8.727267640382205 0.6423114806120811
8.851942892387667 0.5420167236965017
8.976618144393125 0.43330781057818485
9.101293396398587 0.3178723160783763
9.225968648404047 0.1975022370849957
9.350643900409507 0.07406617396129087
9.475319152414967 -0.05051967722208758
9.599994404420427 -0.17432127132099884
9.724669656425887 -0.295416737837071
9.849344908431346 -0.4119262156402618
9.974020160436806 -0.5220410355466204
10.098695412442266 -0.624051797726913
10.223370664447728 -0.7163749080781917
10.348045916453188 -0.7975771616131231
10.472721168458648 -0.8663979912396127
10.597396420464106 -0.9217690365452167
10.722071672469566 -0.962830728804579
10.846746924475028 -0.9889456347476276
10.971422176480488 -0.9997083519426324
11.096097428485947 -0.9949518021802221
11.220772680491407 -0.9747498251611609
11.345447932496867 -0.9394160322240132
11.470123184502329 -0.889498937907187
11.594798436507789 -0.8257734449219958
11.719473688513247 -0.7492288147222511
11.844148940518707 -0.6610533104128036
11.968824192524169 -0.5626157503973641
12.093499444529629 -0.4554442591229779
12.218174696535089 -0.34120254479022
12.342849948540549 -0.22166407228908314
12.467525200546008 -0.09868453229457452
12.59220045255147 0.02582696609387258
12.71687570455693 0.14993753196961854
12.84155095656239 0.2717204984199413
12.966226208567848 0.38928533170713864
13.090901460573308 0.5008069795256666
13.21557671257877 0.6045542027389671
13.34025196458423 0.6989164507799552
13.46492721658969 0.7824288635069683
13.58960246859515 0.8537950113914842
13.71427772060061 0.9119070210236329
13.838952972606071 0.9558627735112796
13.963628224611531 0.9849799087882651
14.08830347661699 0.9988064184318133
14.21297872862245 0.9971276625483689
14.337653980627909 0.9799697017991844
14.46232923263337 0.9475988928399718
14.58700448463883 0.9005177534549331
14.71167973664429 0.8394571615739722
14.83635498864975 0.7653650092739501
14.961030240655209 0.6793914878969323
15.085705492660672 0.5828712327162171
15.21038074466613 0.47730260433271854
15.33505599667159 0.36432442843297047
15.45973124867705 0.24569055499606376
15.58440650068251 0.12324263188708007
15.709081752687972 -0.0011184845058000424
15.833757004693432 -0.12546223777512389
15.958432256698892 -0.24785834105500507
16.08310750870435 -0.3664067423976362
16.20778276070981 -0.47926712078915773
16.33245801271527 -0.5846874549147837
16.45713326472073 -0.6810312211775508
16.58180851672619 -0.7668027987542366
16.70648376873165 -0.8406706873055826
16.83115902073711 -0.9014881769138601
16.95583427274257 -0.9483111493719173
17.08050952474803 -0.9804127344801562
17.20518477675349 -0.9972945938300972
17.32986002875895 -0.9986946569073946
17.45453528076441 -0.9845911894206307
17.579210532769874 -0.9552031306999871
17.703885784775334 -0.9109866949280915
17.828561036780794 -0.8526282889648199
17.95323628878625 -0.7810338567083057
18.07791154079171 -0.69731481540808
18.202586792797174 -0.6027708022521602
18.327262044802634 -0.49886949906649697
18.451937296808094 -0.38722384832398826
18.576612548813554 -0.2695670141570938
18.701287800819014 -0.1477254770741059
18.825963052824473 -0.023590680051186995
18.950638304829933 0.10091033383959136
19.075313556835393 0.22384483645077966
19.199988808840853 0.34330441783402377
19.324664060846313 0.4574346120038139
19.449339312851773 0.5644636852862434
19.574014564857233 0.6627301403483679
19.698689816862693 0.7507085089412681
19.823365068868153 0.8270330329555735
19.948040320873613 0.8905188661696097
20.072715572879076 0.94018046755859
20.197390824884533 0.9752469006308921
20.322066076889993 0.9951738012876947
20.446741328895456 0.9996518284193358
20.571416580900912 0.9886114660531187
20.696091832906376 0.9622241025049795
20.820767084911832 0.9208993697825065
20.945442336917296 0.8652787845418454
21.070117588922756 0.7962257893150148
21.194792840928212 0.7148123486055152
21.319468092933676 0.622302307931722
21.444143344939132 0.5201317741488778
21.568818596944595 0.4098868216214361
21.693493848950055 0.29327887033069955
21.818169100955515 0.17211811814279449
21.942844352960975 0.048285439669112855
22.06751960496643 -0.07629681204452565
22.192194856971895 -0.19969464773141915
22.31687010897736 -0.3199924647557809
22.441545360982815 -0.435322784534308
22.566220612988275 -0.5438952428898494
22.690895864993735 -0.6440243832968375
22.815571116999195 -0.7341558215619496
22.940246369004658 -0.8128903757648067
23.064921621010114 -0.8790057868704823
23.189596873015578 -0.9314756928275371
23.314272125021034 -0.9694855616015017
23.438947377026494 -0.9924453358027691
23.563622629031958 -0.9999985926162048
23.688297881037414 -0.9920280768356703
23.812973133042878 -0.9686575211097376
23.937648385048337 -0.9302497251414905
24.062323637053797 -0.8774009236605064
24.186998889059257 -0.8109315305974771
24.311674141064717 -0.7318734031469917
24.436349393070177 -0.6414538234285534
24.56102464507564 -0.5410764464112318
24.685699897081097 -0.43229950986247073
24.810375149086557 -0.31681164458526445
24.935050401092017 -0.19640566046071406
25.059725653097477 -0.07295071523594454
25.18440090510294 0.051636701896541425
25.309076157108397 0.1754225214831204
25.43375140911386 0.29648511790572135
25.558426661119316 0.41294514030286256
25.68310191312478 0.5229946872261642
25.80777716513024 0.6249253721307539
25.932452417135696 0.7171548440168513
26.05712766914116 0.7982513515214179
26.181802921146616 0.8669559691319875
26.30647817315208 0.9222021404875711
26.43115342515754 0.9631322353803373
26.555828677163 0.9891108634306848
26.68050392916846 0.999734737756877
26.805179181173916 0.9948389355176981
26.92985443317938 0.974499458140736
27.05452968518484 0.9390320514918477
27.1792049371903 0.8889873043012377
27.30388018919576 0.8251421009371902
27.42855544120122 0.7484875612128304
27.55323069320668 0.6602136544458784
27.677905945212142 0.5616907266195654
27.8025811972176 0.4544482274132907
27.927256449223062 0.3401509673401567
28.05193170122852 0.22057327357082496
28.17660695323398 0.09757144564319782
28.301282205239442 -0.02694506134999756
28.4259574572449 -0.15104327874956397
28.550632709250362 -0.2727967313379974
28.675307961255818 -0.3903153435447089
28.79998321326128 -0.5017747805907165
28.92465846526674 -0.6054447690866975
29.049333717272198 -0.6997159574414462
29.17400896927766 -0.7831248991051568
29.298684221283118 -0.8543767708128153
29.42335947328858 -0.912365473154439
29.54803472529404 -0.9561908014349181
29.6727099772995 -0.9851724202666792
29.79738522930496 -0.9988604249563843
29.922060481310417 -0.9970423257329109
30.04673573331588 -0.9797463463948781
30.171410985321344 -0.9472409861702011
30.2960862373268 -0.9000308515892708
30.42076148933226 -0.838848823076893
30.54543674133772 -0.7646446778672338
30.67011199334318 -0.6785703458572654
30.794787245348644 -0.5819620272838323
30.9194624973541 -0.4763194498258551
31.044137749359564 -0.36328258714009287
31.16881300136502 -0.24460620024725027
31.29348825337048 -0.12213259698255009
31.418163505375944 0.0022369676123670415
31.5428387573814 0.12657180598188952
31.667514009386863 0.2489417696532152
31.79218926139232 0.367447212464433
31.916864513397783 0.4802484802811077
32.04153976540324 0.585594469408857
32.1662150174087 0.6818498103671855
32.29089026941416 0.7675202550291206
32.41556552141962 0.8412758730219835
32.54024077342508 0.9019716972931172
32.66491602543054 0.9486654983430546
32.789591277436 0.9806324112025852
32.91426652944146 0.997376188087535
33.03894178144692 0.9986369020473612
33.16361703345238 0.9843949820177014
33.28829228545784 0.9548715166375539
33.4129675374633 0.910524822114693
33.53764278946876 0.8520433274190696
33.66231804147422 0.7803348872529942
33.78699329347968 0.6965126887013544
33.91166854548514 0.6018779703441349
34.0363437974906 0.49789982209618083
34.16101904949606 0.3861923793573436
34.28569430150152 0.26848976550633186
34.41036955350698 0.1466191717258441
34.53504480551245 0.022472492062234534
34.6597200575179 -0.10202304594873245
34.78439530952336 -0.22493479916606118
34.90907056152882 -0.3443547107983043
35.03374581353428 -0.4584289306850122
35.15842106553975 -0.5653865940855487
35.2830963175452 -0.6635673122192794
35.40777156955067 -0.75144694779976
35.53244682155612 -0.8276612754285891
35.65712207356159 -0.8910271595501463
35.78179732556705 -0.9405609212046866
35.9064725775725 -0.9754936084583532
36.03114782957797 -0.9952829334549211
36.15582308158342 -0.9996216907809953
36.28049833358889 -0.9884425264597134
36.40517358559435 -0.9619189835400318
36.52984883759981 -0.9204628080501065
36.65452408960527 -0.8647175571365909
36.77919934161072 -0.7955486086157831
36.90387459361619 -0.7140297270262702
37.02854984562165 -0.6214263947289949
37.15322509762711 -0.5191761668191711
37.27790034963257 -0.40886635481650935
37.40257560163803 -0.2922093855674643
37.52725085364349 -0.1710162178828739
37.65192610564895 -0.04716822958563744
37.77660135765441 0.07741198861187515
37.90127660965987 0.20079047901083774
38.02595186166533 0.32105193928774406
38.15062711367079 0.43632945525397177
38.27530236567625 0.5448334824478875
38.39997761768171 0.644879626655214
38.524652869687166 0.7349147920985711
38.649328121692626 0.8135412913770732
38.774003373698086 0.879538542878234
38.898678625703546 0.9318820188360186
39.023353877709006 0.9697591498892835
39.148029129714466 0.9925819392415086
39.272704381719926 0.9999960906021992
39.397379633725386 0.9918865082096705
39.522054885730846 0.9683790835539939
39.646730137736306 0.9298387410633828
39.771405389741766 0.8768637730923822
39.896080641747226 0.8102765521543404
40.020755893752685 0.7311107645795573
40.14543114575815 0.6405953637811703
40.27010639776361 0.5401354922350107
40.394781649769065 0.4312906683366228
40.519456901774525 0.3157505767582585
40.644132153779985 0.19530883813138541
40.76880740578545 0.07183516524866593
40.89348265779091 -0.052753661973067315
41.018157909796365 -0.1765235521902658
41.142833161801825 -0.29755312706911446
41.267508413807285 -0.41396354836779553
41.39218366581275 -0.5239476846351786
41.51685891781821 -0.6257981647479655
41.641534169823665 -0.7179338827890773
41.766209421829124 -0.798924542810897
41.89088467383459 -0.8675128624555292
42.01555992584005 -0.922634090747687
42.14023517784551 -0.963432537069982
42.264910429850964 -0.9892748547281566
42.389585681856424 -0.9997598728949857
42.51426093386189 -0.9947248243037252
42.63893618586735 -0.9742478720137114
42.76361143787281 -0.9386468960230915
42.888286689878264 -0.8884745585650782
43.01296194188373 -0.82450972469303
43.13763719388919 -0.7477453713394971
43.26231244589465 -0.6593731725464025
43.38698769790011 -0.5607650001621893
43.51166294990556 -0.4534516271852488
43.63633820191103 -0.3390989643585236
43.76101345391649 -0.2194821989136394
43.88568870592195 -0.09645823692916215
44.01036395792741 0.0280631228976322
44.13503920993286 0.1521488365731587
44.25971446193833 0.27387262298516213
44.38438971394379 0.391344867094671
44.50906496594925 0.5027419539315067
44.63374021795472 0.6063345780181927
44.75841546996017 0.7005145887526925
44.88309072196563 0.7838199550078442
45.00776597397109 0.8549574614019892
45.13244122597655 0.9128227839087553
45.25711647798202 0.9565176331562344
45.38179172998747 0.9853636992865326
45.50646698199293 0.9989131818985916
45.63114223399839 0.9969557416095456
45.755817486003856 0.9795217653200726
45.880492738009316 0.9468818944943974
46.00516799001477 0.8995428237778308
46.12984324202023 0.8382394351732422
46.25451849402569 0.7639233898839239
46.379193746031156 0.6777483549206776
46.503868998036616 0.5810520938123067
46.62854425004207 0.47533569943956
46.75321950204753 0.3622402913778077
46.87789475405299 0.24352153949412983
47.002570006058455 0.12102240928916125
47.127245258063915 -0.003355447920469704
47.25192051006937 -0.12768121584631573
47.37659576207483 -0.25002488682327784
47.501271014080295 -0.368487222851841
47.625946266085755 -0.48122923897837605
47.750621518091215 -0.5865007513195755
47.875296770096675 -0.6826675465572657
47.99997202210213 -0.7682367511300354
48.124647274107595 -0.8418800062955529
48.249322526113055 -0.9024540892985824
48.373997778118515 -0.9490186605260823
48.49867303012398 -0.9808508611460426
48.623348282129434 -0.9974565346194015
48.748023534134894 -0.9985778978845933
48.872698786140354 -0.984197543128793
48.997374038145814 -0.9545387080232314
49.12204929015128 -0.9100618102274707
49.246724542156734 -0.8514572999603147
49.371399794162194 -0.7796349415925107
49.496075046167654 -0.6957096906516963
49.620750298173114 -0.6009843854819623
49.74542555017858 -0.4969295222492043
49.870100802184034 -0.3851604272609468
49.994776054189494 -0.2674121809727271
50.119451306194954 -0.14551268295582476
50.24412655820042 -0.0213542759600187
50.36880181020588 0.10313563042623942
50.49347706221133 0.2260244804861172
50.61815231421679 0.3454045729720967
50.74282756622225 0.4594226758679627
50.86750281822772 0.5663087955817094
50.99217807023318 0.6644036539621955
51.11685332223863 0.7521844465921157
51.24152857424409 0.8282884824907457
51.36620382624956 0.8915343382485934
51.49087907825502 0.9409401982015643
51.61555433026048 0.9757390959355269
51.74022958226593 0.9953908205152535
51.86490483427139 0.9995903026079416
51.98958008627686 0.9882723503168193
52.11425533828232 0.9616126612067586
52.23893059028778 0.9200250948113889
52.36360584229323 0.8641552479627748
52.48828109429869 0.7948704326788886
52.61295634630416 0.7132462121901405
52.73763159830962 0.6205497041168883
52.86230685031508 0.5182199099959393
52.98698210232053 0.40784537651651614
53.111657354326 0.2911395352479556
53.23633260633146 0.1699141036802999
53.36100785833692 0.04605096049433036
53.48568311034238 -0.07852706833620554
53.61035836234783 -0.20188605909975765
53.7350336143533 -0.3221110121811722
53.85970886635876 -0.4373355801220047
53.98438411836422 -0.545771040414891
54.10905937036968 -0.6457340632640308
54.23373462237514 -0.7356728432509224
54.3584098743806 -0.8141911892426934
54.48308512638606 -0.8800701985762489
54.60776037839152 -0.9322871790526585
54.732435630396985 -0.970031525000631
54.85711088240244 -0.9927173009523205
54.9817861344079 -0.9999923375851032
55.10646138641336 -0.9917436987257326
55.23113663841882 -0.9680994345482873
55.355811890424285 -0.9294265937495851
55.48048714242974 -0.8763255255606779
55.6051623944352 -0.8096205600487679
55.72983764644066 -0.7303472113867191
55.854512898446124 -0.6397361027438774
55.979188150451584 -0.5391938623449779
56.10386340245704 -0.4302812872627034
56.2285386544625 -0.3146891139247576
56.35321390646796 -0.19421177146913804
56.477889158473424 -0.07071952539502581
56.602564410478884 0.05387055605434105
56.72723966248434 0.1776243620650421
56.8519149144898 0.29862076399117765
56.97659016649526 0.4149814385610289
57.101265418500724 0.524900026581458
57.22594067050618 0.6266701744866784
57.350615922511636 0.7187120234202887
57.475291174517096 0.799596734639401
57.59996642652256 0.8680686705135545
57.72464167852802 0.9230648867851919
57.84931693053348 0.9637316334978338
57.973992182538936 0.9894376084348908
58.098667434544396 0.9997837573255145
58.22334268654986 0.9946094686810587
58.34801793855532 0.9739950670948236
58.47269319056078 0.938260566299577
58.597368442566236 0.8879607013401517
58.7220436945717 0.8238763169806238
58.84671894657716 0.7470022460307365
58.97139419858262 0.6585318657658252
59.09606945058808 0.5598385721833198
59.220744702593535 0.452454459685596
59.345419954599 0.33804653716137634
59.47009520660446 0.21839084968247136
59.59477045860992 0.09534490754510223
59.71944571061538 -0.029181149338079672
59.844120962620835 -0.15325420405735163
59.9687962146263 -0.2749481720154931
60.09347146663176 -0.39237390106908093
60.21814671863722 -0.5037084983381032
60.34282197064269 -0.6072236284202888
60.46749722264814 -0.7013123437145975
60.5921724746536 -0.7845140303455145
60.71684772665906 -0.8555370824325557
60.84152297866452 -0.913278952714485
60.96619823066999 -0.9568432682663566
61.09087348267544 -0.9855537456085346
61.2155487346809 -0.9989646891924362
61.34022398668636 -0.9968679102865909
61.46489923869183 -0.9792959588557217
61.58957449069729 -0.9465216182617866
61.71424974270274 -0.8990536706311374
61.8389249947082 -0.8376289986253662
61.96360024671366 -0.7632011462263543
62.08827549871913 -0.6769255161154913
62.21295075072459 -0.5801414334399744
0.0 0.0
0.08539516878353355 0.08529141825902511
0.1707903375670671 0.1699612408142451
0.25618550635060067 0.2533924020919298
0.3415806751341342 0.3349768637633439
0.42697584391766774 0.41412004606996833
0.5123710127012013 0.4902451610639481
0.5977661814847349 0.5627974161835249
0.6831613502682684 0.6312480575281977
0.768556519051802 0.6950982233666103
0.8539516878353355 0.7538825797931653
0.9393468566188691 0.8071727120370504
1.0247420254024027 0.8545802467081386
1.1101371941859361 0.8957596822251329
1.1955323629694699 0.9304109067980671
1.2809275317530031 0.9582813856143448
1.3663227005365368 0.9791680012883156
1.4517178693200705 0.992918534161367
1.537113038103604 0.9994327716642465
1.6225082068871375 0.9986632386566878
1.707903375670671 0.9906155434216952
1.7932985444542047 0.9753483367929132
1.8786937132377381 0.9529728847129567
1.9640888820212719 0.9236522573378565
2.0494840508048053 0.8876001405973495
2.134879219588339 0.8450792788722467
2.2202743883718723 0.7963995601385007
2.305669557155406 0.7419157575332569
2.3910647259389397 0.6820249438021405
2.476459894722473 0.6171635974710405
2.5618550635060062 0.5478044218323329
2.64725023228954 0.47445289992846673
2.7326454010730736 0.3976436106398711
2.818040569856607 0.3179363327251672
2.903435738640141 0.23591196520708294
2.988830907423674 0.1521682938359014
3.074226076207208 0.06731563448404675
3.1596212449907415 -0.018027614777651916
3.245016413774275 -0.1032394805059966
3.330411582557809 -0.18769894676842233
3.415806751341342 -0.27079048104775283
3.501201920124876 -0.3519085201843558
3.5865970889084093 -0.43046188366256216
3.6719922576919424 -0.5058780820777614
3.7573874264754763 -0.5776074893844617
3.84278259525901 -0.6451273485183705
3.9281777640425437 -0.7079455811999165
4.013572932826077 -0.7656043741537127
4.098968101609611 -0.817683515607952
4.184363270393145 -0.8638034577576308
4.269758439176678 -0.9036280828726749
4.355153607960212 -0.9368671528918306
4.440548776743745 -0.96327842464991
4.5259439455272785 -0.9826694153228267
4.611339114310812 -0.9948988052240184
4.6967342830943455 -0.9998774677288151
4.782129451877879 -0.9975691188207609
4.8675246206614124 -0.987990581526057
4.952919789444946 -0.9712116633089556
5.038314958228479 -0.9473546473216324
5.1237101270120124 -0.916593401216262
5.209105295795547 -0.8791521100141867
5.29450046457908 -0.8353036422669127
5.379895633362614 -0.7853675614161836
5.465290802146147 -0.7297077968461665
5.55068597092968 -0.668729991600883
5.636081139713214 -0.6028785460964775
5.721476308496748 -0.532633379373464
5.806871477280282 -0.45850643149262915
5.892266646063815 -0.3810379325648036
5.977661814847348 -0.3007924656054493
6.063056983630882 -0.218354851907609
6.148452152414416 -0.13432588892022382
6.23384732119795 -0.049317971693749324
6.319242489981483 0.036049370196435684
6.404637658765016 0.12115398772236012
6.49003282754855 0.2053756465661075
6.575427996332083 0.288100547328238
6.660823165115618 0.3687257988391492
6.746218333899151 0.44666381197228355
6.831613502682684 0.5213465819375298
6.917008671466217 0.5922298278458342
7.002403840249752 0.6587969593762993
7.087799009033285 0.7205628416370589
7.173194177816819 0.7770773307820079
7.258589346600352 0.8279285546161192
7.343984515383885 0.8727459142806371
7.42937968416742 0.9112027851421347
7.514774852950953 0.9430188972016208
7.6001700217344865 0.9679623776755074
7.68556519051802 0.98585144086229
7.770960359301553 0.9965557129793657
7.856355528085087 0.999997182314699
7.9417506968686205 0.996150767768722
8.027145865652153 0.9850445016429916
8.112541034435687 0.9667593253434543
8.197936203219221 0.9414284994872165
8.283331372002754 0.909236632711906
8.36872654078629 0.8704183362655635
8.454121709569822 0.8252565141822962
8.539516878353355 0.7740803015047135
8.62491204713689 0.7172626655791985
8.710307215920423 0.6552176879055402
8.795702384703956 0.588397546350537
8.88109755348749 0.517289219718927
8.966492722271022 0.4424109386984071
9.051887891054557 0.36430840904391204
9.13728305983809 0.28355083452624086
9.222678228621623 0.20072676862937144
9.308073397405158 0.11643982522893036
9.393468566188691 0.03130427951196827
9.478863734972226 -0.05405940880190093
9.564258903755759 -0.13902911731161674
9.649654072539292 -0.22298559490327857
9.735049241322825 -0.3053169747930665
9.820444410106358 -0.3854232337538792
9.905839578889893 -0.4627205650272619
9.991234747673426 -0.5366456330512535
10.076629916456959 -0.6066596789961258
10.162025085240492 -0.6722524471872323
10.247420254024025 -0.7329459037995935
10.33281542280756 -0.7882977207227228
10.418210591591095 -0.8379044992056127
10.503605760374628 -0.8814047097882772
10.58900092915816 -0.9184813270939005
10.674396097941694 -0.9488641402794784
10.759791266725228 -0.9723317223066155
10.845186435508761 -0.9887130436806146
10.930581604292295 -0.9978887188970895
11.015976773075828 -0.9997918765121072
11.10137194185936 -0.9944086464948801
11.186767110642895 -0.9817782613112247
11.272162279426428 -0.9619927700011013
11.357557448209963 -0.9351963673340076
11.442952616993496 -0.9015843429312838
11.52834778577703 -0.8614016580140159
11.613742954560564 -0.8149411601490717
11.699138123344097 -0.7625414490040278
11.78453329212763 -0.7045844086651518
11.869928460911163 -0.641492424502687
11.955323629694696 -0.5737253048666457
12.040718798478231 -0.5017769300475046
12.126113967261764 -0.4261716529238584
12.211509136045297 -0.3474604775287532
12.296904304828832 -0.266217043384964
12.382299473612365 -0.1830334448749885
12.4676946423959 -0.09851591611377045
12.553089811179433 -0.013280412772429704
12.638484979962966 0.07205187694780593
12.723880148746499 0.1568590594758287
12.809275317530032 0.240523068171556
12.894670486313567 0.32243416773652794
12.9800656550971 0.40199539790647504
13.065460823880633 0.4786269240406747
13.150855992664166 0.5517702629013833
13.2362511614477 0.620892352826294
13.321646330231236 0.6854894386309754
13.407041499014769 0.7450907429285084
13.492436667798302 0.7992618971100851
13.577831836581835 0.8476081069819079
13.663227005365368 0.889777029987539
13.748622174148903 0.9254613430467746
13.834017342932434 0.9544009822968743
13.919412511715969 0.9763850384131428
14.004807680499503 0.9912532936959201
14.090202849283035 0.9988973897218676
14.17559801806657 0.9992616170497993
14.260993186850103 0.9923433212257635
14.346388355633637 0.9781929221284492
14.431783524417172 0.9569135465139307
14.517178693200703 0.9286602764377272
14.602573861984238 0.8936390190316004
14.68796903076777 0.8521050058720687
14.773364199551304 0.8043609328770623
14.85875936833484 0.7507547542870165
14.94415453711837 0.691677146807623
15.029549705901905 0.6275586623953323
15.114944874685438 0.558866590435865
15.200340043468973 0.48610155218381856
15.285735212252506 0.4097938522828277
15.37113038103604 0.33049961395599936
15.456525549819574 0.24879672603302364
15.541920718603105 0.1652806313516265
15.62731588738664 0.08055998722706433
15.712711056170175 -0.004747770384189586
15.798106224953706 -0.0900209266986893
15.883501393737241 -0.17463801910394292
15.968896562520772 -0.2579823663185061
16.054291731304307 -0.33944656270624446
16.139686900087842 -0.4184369049905274
16.225082068871373 -0.49437771910697065
16.310477237654908 -0.5667155556610015
16.395872406438443 -0.6349232234141269
16.481267575221974 -0.6985036314032983
16.56666274400551 -0.7569934116923447
16.652057912789044 -0.8099662963531846
16.73745308157258 -0.8570362240657524
16.822848250356113 -0.8978601536959953
16.908243419139644 -0.9321405643468677
16.99363858792318 -0.9596276236621962
17.07903375670671 -0.9801210085810027
17.164428925490245 -0.9934713652728332
17.24982409427378 -0.999581397614193
17.33521926305731 -0.9984065762733976
17.420614431840846 -0.9899554632360849
17.506009600624377 -0.974289649406283
17.591404769407912 -0.9515233057377867
17.676799938191447 -0.9218223511671614
17.76219510697498 -0.8854032434123935
17.847590275758513 -0.8425314014497247
17.932985444542044 -0.7935192711655346
18.01838061332558 -0.738724048280571
18.103775782109114 -0.6785450751416933
18.189170950892645 -0.613420930353013
18.27456611967618 -0.5438262324569403
18.35996128845971 -0.47026818095963074
18.445356457243246 -0.39328285990944234
18.53075162602678 -0.3134313309676524
18.616146794810316 -0.23129554444468658
18.701541963593847 -0.14747409810188808
18.786937132377382 -0.06257787462823483
18.872332301160917 0.022774410414286166
18.95772746994445 0.10796071773056955
19.043122638727983 0.1923602176553105
19.128517807511518 0.2753578147002783
19.21391297629505 0.3563486303114173
19.299308145078584 0.43474241116595935
19.38470331386212 0.5099678308821984
19.47009848264565 0.5814766537915611
19.555493651429185 0.6487477304277657
19.640888820212716 0.7112907956142982
19.72628398899625 0.76865004147018
19.811679157779785 0.8204074392942178
19.897074326563317 0.8661857861182302
19.98246949534685 0.9056514537262299
20.067864664130383 0.9385168201049598
20.153259832913918 0.964542365605647
20.238655001697452 0.9835384185402979
20.324050170480984 0.9953665374908367
20.40944533926452 0.9999405202569281
20.49484050804805 0.9972270320893704
20.580235676831585 0.9872458486305634
20.66563084561512 0.9700697117915167
20.751026014398654 0.945823799615755
20.83642118318219 0.9146848139937023
20.92181635196572 0.876879692876195
21.007211520749255 0.8326839563723826
21.09260668953279 0.7824196987855153
21.17800185831632 0.7264532412204467
21.263397027099856 0.665192461870427
21.348792195883387 0.5990838234398342
21.434187364666922 0.5286091193666388
21.519582533450457 0.4542819625578981
21.604977702233988 0.37664404222797526
21.690372871017523 0.29626117611931096
21.775768039801054 0.21371918687682265
21.86116320858459 0.12961963262843654
21.946558377368124 0.04457542288697438
22.031953546151655 -0.04079364827580206
22.11734871493519 -0.12586541922915456
22.20274388371872 -0.21001989503784
22.288139052502256 -0.2926437659259652
22.37353422128579 -0.37313487701998665
22.458929390069322 -0.4509066167958836
22.544324558852857 -0.525392192247884
22.62971972763639 -0.596048759621695
22.715114896419927 -0.66236138060791
22.80051006520346 -0.7238467751631853
22.885905233986993 -0.7800568436089991
22.971300402770527 -0.8305819323392877
23.05669557155406 -0.8750538193367537
23.142090740337594 -0.9131483977397498
23.22748590912113 -0.9445880379020921
23.31288107790466 -0.969143610731393
23.398276246688194 -0.9866361575599861
23.483671415471726 -0.9969381943785852
23.56906658425526 -0.9999746409275635
23.654461753038795 -0.9957233678747063
23.739856921822327 -0.984215358091671
23.82525209060586 -0.9655344808537778
23.910647259389393 -0.9398168806087512
23.996042428172927 -0.9072499847689921
24.081437596956462 -0.8680711377585184
24.166832765739994 -0.8225658712694863
24.25222793452353 -0.7710658233345041
24.33762310330706 -0.7139463213803624
24.423018272090594 -0.6516236468776069
24.50841344087413 -0.5845520015209859
24.593808609657664 -0.5132201970509047
24.6792037784412 -0.43814809284018563
24.76459894722473 -0.3598828072086526
24.849994116008265 -0.2789947300770987
24.9353892847918 -0.19607336602008266
25.02078445357533 -0.11172303801292738
25.106179622358866 -0.026558483183628218
25.191574791142397 0.05879962733255242
25.276969959925932 0.14372921178502104
25.362365128709467 0.22761131148016578
25.447760297492998 0.3098346016931638
25.533155466276533 0.3897998469441533
25.618550635060064 0.46692426816911003
25.7039458038436 0.540645789957988
25.789340972627134 0.61042713690656
25.874736141410665 0.6757597492282196
25.9601313101942 0.7361674890891025
26.04552647897773 0.7912101106550908
26.130921647761266 0.8404864685613923
26.2163168165448 0.8836374414215983
26.301711985328332 0.9203485490700305
26.387107154111867 0.9503522444631325
26.4725023228954 0.973429863536741
26.557897491678936 0.989413218808891
26.64329266046247 0.9981858251141069
26.728687829246002 0.9996837485361543
26.814082998029537 0.9938960723523103
26.89947816681307 0.980864976593396
26.984873335596603 0.9606854306397412
27.070268504380138 0.9335045010934218
27.15566367316367 0.8995202799709198
27.241058841947204 0.8589804410274365
27.326454010730735 0.8121804347342492
27.41184917951427 0.759461335063902
27.497244348297805 0.7012073537757096
27.58263951708134 0.6378430403171711
27.668034685864868 0.5698301877481846
27.753429854648402 0.4976644672373435
27.838825023431937 0.4218718156578721
27.924220192215472 0.3430046026099418
28.009615360999007 0.2616376048038285
28.095010529782535 0.17836381714219401
28.18040569856607 0.09379013102988826
28.265800867349604 0.008532911407441474
28.35119603613314 -0.07678649525773577
28.436591204916674 -0.16154628928500955
28.521986373700205 -0.24512874939715767
28.60738154248374 -0.3269247346140079
28.692776711267275 -0.40633812361365673
28.77817188005081 -0.48279015920769763
28.863567048834344 -0.5557236662682874
28.948962217617872 -0.624607112367215
29.034357386401407 -0.6889384815334553
29.11975255518494 -0.7482489328975472
29.205147723968476 -0.8021062175590596
29.29054289275201 -0.8501178287752564
29.37593806153554 -0.8919338625127167
29.461333230319074 -0.9272495675144985
29.54672839910261 -0.9558075662981499
29.632123567886143 -0.9773997308982137
29.71751873666968 -0.9918686996829433
29.802913905453206 -0.9991090241908323
29.88830907423674 -0.999067937628925
29.973704243020276 -0.9917457394321565
30.05909941180381 -0.9771957930811025
30.144494580587345 -0.955524137194032
30.229889749370876 -0.9268887127275951
30.31528491815441 -0.8914982119182218
30.400680086937946 -0.849610557353058
30.48607525572148 -0.8015310222547989
30.571470424505012 -0.7476100056796247
30.656865593288543 -0.6882404788423646
30.74226076207208 -0.6238551211798489
30.827655930855613 -0.5549231670245354
30.913051099639148 -0.4819469858695391
30.998446268422683 -0.4054584211477865
31.08384143720621 -0.3260149142079189
31.169236605989745 -0.24419544173499888
31.25463177477328 -0.16059629622381036
31.340026943556815 -0.07582674025612582
31.42542211234035 0.009495433746747358
31.510817281123877 0.09474840593607556
31.596212449907412 0.17931086079934896
31.681607618690947 0.2625665152483066
31.767002787474482 0.34390861003120526
31.852397956258017 0.4227443317362431
31.937793125041544 0.49849913315903505
32.02318829382508 0.5706209205477463
32.108583462608614 0.6385840772095464
32.19397863139215 0.7018932941548519
32.279373800175684 0.7600871798618929
32.36476896895921 0.8127416228540172
32.450164137742746 0.8594728825836119
32.53555930652628 0.8999403860965082
32.620954475309816 0.9338492100951367
32.70634964409335 0.9609522303113249
32.791744812876885 0.9810519225243437
32.87713998166041 0.9940018020985459
32.96253515044395 0.9997074915493941
33.04793031922748 0.9981274083575395
33.13332548801102 0.9892730680182545
33.21872065679455 0.9732090001176014
33.30411582557809 0.9500522780469776
33.38951099436162 0.9199716657834293
33.47490616314516 0.883186387953918
33.56030133192869 0.8399645321471936
33.645696500712226 0.7906210951170716
33.731091669495754 0.7355156871162059
33.81648683827929 0.6750499110909204
33.901882007062824 0.6096644358373512
33.98727717584636 0.5398357844493628
34.07267234462989 0.46607286146379184
34.15806751341342 0.3889132440128333
34.243462682196956 0.3089192640132575
34.32885785098049 0.22667390994518954
34.414253019764026 0.14277657808776492
34.49964818854756 0.05783870417634576
34.58504335733109 -0.02752069268266798
34.67043852611462 -0.1126795213639463
34.75583369489816 -0.19701715246384618
34.84122886368169 -0.2799189413882117
34.92662403246523 -0.36078070782341926
35.012019201248755 -0.4390131389447469
35.09741437003229 -0.5140460842719381
35.182809538815825 -0.585332710871366
35.26820470759936 -0.6523534886222111
35.353599876382894 -0.714619976502317
35.43899504516642 -0.7716783822996685
35.52439021394996 -0.8231128698066755
35.60978538273349 -0.8685485893946792
35.695180551517026 -0.9076544098822347
35.78057572030056 -0.9401453317875067
35.86597088908409 -0.9657845643772492
35.951366057867624 -0.9843852513750444
36.03676122665116 -0.9958118327519716
36.12215639543469 -0.9999810326751505
36.20755156421823 -0.9968624664140484
36.292946733001756 -0.9864788617814934
36.37834190178529 -0.9689058934955426
36.463737070568826 -0.944271631669376
36.54913223935236 -0.9127556084485495
36.634527408135895 -0.8745875095978795
36.71992257691942 -0.8300455005735465
36.80531774570296 -0.7794541992798242
36.89071291448649 -0.723182310284842
36.97610808327003 -0.6616399377369222
37.06150325205356 -0.5952755965647482
37.1468984208371 -0.5245729437434353
37.23229358962063 -0.4500472534487268
37.31768875840417 -0.37224166178805135
37.403083927187694 -0.29172320847649497
37.48847909597123 -0.20907870430552972
37.573874264754764 -0.1249104545220953
37.6592694335383 -0.039831869285503335
37.74466460232183 0.045537006807165194
37.83005977110537 0.13057401354681727
37.9154549398889 0.21465940935648334
38.00085010867243 0.2971803879086864
38.086245277455966 0.37753554419940955
38.1716404462395 0.4551392575302397
38.257035615023035 0.5294259594560693
38.34243078380657 0.5998542555938584
38.4278259525901 0.6659108712531445
38.51322112137363 0.7271143921329474
38.59861629015717 0.7830187728231461
38.6840114589407 0.8332165875408166
38.76940662772424 0.8773419994103877
38.854801796507765 0.9150734266478197
38.9401969652913 0.9461358862179209
39.025592134074834 0.9703029978844047
39.11098730285837 0.9873986340474269
39.196382471641904 0.9972982033446951
39.28177764042543 0.9999295586614081
39.36717280920897 0.9952735229315327
39.4525679779925 0.9833640288984266
39.537963146776036 0.9642878718162501
39.62335831555957 0.9381840768944489
39.7087534843431 0.9052428860953199
39.79414865312663 0.8657043716687615
39.87954382191017 0.8198566865286807
39.9649389906937 0.7680339642220887
40.05033415947724 0.7106138837957499
40.135729328260766 0.6480149173073948
40.2211244970443 0.5806932800413415
40.306519665827835 0.5091396056551408
40.39191483461137 0.43387537048835667
40.477310003394905 0.355449093092853
40.56270517217843 0.27443233668202366
40.64810034096197 0.1914155436326986
40.7334955097455 0.10700373239757828
40.81889067852904 0.021812088188553687
40.90428584731257 -0.06353852043430969
40.9896810160961 -0.14842606639348566
41.075076184879634 -0.2322318973679009
41.16047135366317 -0.31434524447187556
41.245866522446704 -0.3941676734804108
41.33126169123024 -0.471117446160613
41.416656860013774 -0.5446337599243305
41.50205202879731 -0.6141808349038121
41.58744719758084 -0.6792518186641721
41.67284236636438 -0.7393724800954882
41.75823753514791 -0.7941046655638023
41.84363270393144 -0.8430494921329207
41.929027872714975 -0.8858502545851418
42.01442304149851 -0.9221950250547634
42.099818210282045 -0.9518189263285692
42.18521337906558 -0.9745060622456373
42.27060854784911 -0.9900910911279225
42.35600371663264 -0.9984604307746074
42.44139888541618 -0.9995530862383178
42.52679405419971 -0.9933610943504741
42.61218922298325 -0.9799295817561018
