0.0 0.0
0.1056791499598985 0.105482554190198
0.211358299919797 0.20978816644862683
0.3170374498796955 0.31175302679999484
0.422716599839594 0.41023944265962925
0.5283957497994924 0.504148532857798
0.634074899759391 0.5924324886181873
0.7397540497192895 0.6741062646863036
0.845433199679188 0.748258570161785
0.9511123496390864 0.8140620364022861
1.0567914995989849 0.870782448548594
1.1624706495588835 0.9177869376684503
1.268149799518782 0.9545510421136587
1.3738289494786804 0.9806645593020227
1.479508099438579 0.9958361226317292
1.5851872493984773 0.9998964524603737
1.690866399358376 0.9928002448752019
1.7965455493182745 0.974626677180249
1.9022246992781728 0.9455785244603074
2.0079038492380716 0.9059798970788299
2.1135829991979698 0.8562726243540729
2.2192621491578683 0.7970113247633074
2.324941299117767 0.7288572176802485
2.4306204490776655 0.6525707456924326
2.536299599037564 0.5690030898164598
2.641978748997462 0.47908667228172347
2.747657898957361 0.3838247528496455
2.8533370489172594 0.2842802347494963
2.959016198877158 0.18156380513072226
3.0646953488370565 0.07682154235697354
3.1703744987969547 -0.028777871584161875
3.2760536487568532 -0.13405619087571807
3.381732798716752 -0.23783875237617647
3.4874119486766504 -0.3389675821499035
3.593091098636549 -0.4363143157845545
3.698770248596447 -0.5287927883345134
3.8044493985563457 -0.6153711534156505
3.9101285485162443 -0.6950833962302552
4.015807698476143 -0.7670401120633573
4.121486848436041 -0.8304384299872795
4.2271659983959395 -0.8845709710487809
4.332845148355839 -0.9288337409860845
4.438524298315737 -0.9627328694112814
4.544203448275635 -0.9858901202643872
4.649882598235534 -0.9980471120550903
4.755561748195432 -0.999068200804038
4.861240898155331 -0.9889419935166831
4.966920048115229 -0.9677814753028174
5.072599198075128 -0.9358227487234287
5.178278348035026 -0.8934223994308652
5.283957497994924 -0.8410535174956809
5.3896366479548234 -0.7793004188129782
5.495315797914722 -0.7088521254851743
5.600994947874621 -0.6304946779250699
5.706674097834519 -0.5451023644584267
5.812353247794417 -0.4536279662834361
5.918032397754316 -0.35709212663083817
6.023711547714214 -0.25657196274033295
6.129390697674113 -0.15318904771734174
6.235069847634011 -0.04809689636488941
6.340748997593909 0.05753190538017404
6.446428147553808 0.16251878380079543
6.5521072975137065 0.2656923275631521
6.6577864474736055 0.3659013579644226
6.763465597433504 0.46202777343106427
6.869144747393402 0.5529990249526572
6.974823897353301 0.6378000832542355
7.080503047313199 0.7154847641810841
7.186182197273098 0.7851862859308401
7.291861347232996 0.8461269403385343
7.397540497192894 0.897626770305361
7.503219647152793 0.9391111565510776
7.608898797112691 0.9701172290393903
7.71457794707259 0.990299031539612
7.8202570970324885 0.9994313816999918
7.925936246992387 0.9974123835632138
8.031615396952287 0.9842645644901821
8.137294546912184 0.9601346238066497
8.242973696872083 0.9252917959772113
8.348652846831982 0.8801248465698676
8.454331996791879 0.8251377345292592
8.560011146751776 0.7609439891575941
8.665690296711677 0.6882598645431901
8.771369446671576 0.6078963478174241
8.877048596631473 0.5207501104094735
8.982727746591372 0.4277935032619982
9.08840689655127 0.3300637076380717
9.19408604651117 0.2286511625712908
9.299765196471068 0.12468739808207989
9.405444346430967 0.01933240991334402
9.511123496390864 -0.08623828334561892
9.616802646350761 -0.19084675633439163
9.722481796310662 -0.29332581985070594
9.828160946270561 -0.39253204398895053
9.933840096230458 -0.48735851617977066
10.039519246190356 -0.5767471917804313
10.145198396150256 -0.6597006994118727
10.250877546110155 -0.7352934693221224
10.356556696070053 -0.8026820606092328
10.462235846029952 -0.861114572075728
10.567914995989849 -0.9099390317111493
10.67359414594975 -0.948610671195448
10.779273295909647 -0.9766980042565191
10.884952445869546 -0.9938876410614681
10.990631595829443 -0.9999877849240753
11.096310745789342 -0.9949303723132967
11.201989895749241 -0.9787718322852313
11.30766904570914 -0.9516924568650507
11.413348195669037 -0.9139943894039739
11.519027345628936 -0.8660982533565819
11.624706495588834 -0.808538459093545
11.730385645548735 -0.7419572411148898
11.836064795508632 -0.667097492194776
11.94174394546853 -0.5847944744121493
12.047423095428428 -0.4959664995531004
12.153102245388325 -0.4016046828700825
12.258781395348226 -0.30276188452243086
12.364460545308125 -0.20054096208619088
12.470139695268022 -0.09608246520810712
12.575818845227921 0.00944809029691749
12.681497995187819 0.11487322691318709
12.78717714514772 0.21901664335658702
12.892856295107617 0.3207163393828905
12.998535445067516 0.4188375810295016
13.104214595027413 0.5122855616283596
13.209893744987312 0.6000176173223939
13.315572894947211 0.6810548607884874
13.42125204490711 0.7544931033614866
13.526931194867007 0.8195129436935261
13.632610344826906 0.8753889103825248
13.738289494786804 0.9214975565591923
13.843968644746704 0.9573244161156607
13.949647794706602 0.9824697439602454
14.0553269446665 0.9966529762503717
14.161006094626398 0.999715860837725
14.266685244586295 0.9916242229971036
14.372364394546196 0.9724683467375018
14.478043544506095 0.9424619674408778
14.583722694465992 0.9019398870684276
14.689401844425891 0.8513542385431625
14.795080994385788 0.79126944098967
14.90076014434569 0.722355902118923
15.006439294305586 0.645382538025026
15.112118444265485 0.5612081938556579
15.217797594225383 0.4707720610817968
15.323476744185282 0.37508319828782577
15.42915589414518 0.27520927240587667
15.53483504410508 0.17226464601621977
15.640514194064977 0.06739794363196662
15.746193344024876 -0.03822076430035691
15.851872493984773 -0.1434130166873546
15.957551643944674 -0.24700511069559192
16.063230793904573 -0.34784119756719
16.16890994386447 -0.44479617922516557
16.274589093824368 -0.5367882617721007
16.380268243784265 -0.622791025814083
16.485947393744166 -0.7018448789329549
16.591626543704063 -0.7730677625236857
16.697305693663964 -0.8356649935333055
16.80298484362386 -0.8889381312902368
16.908663993583758 -0.9322927704907384
17.01434314354366 -0.9652451733906554
17.120022293503553 -0.9874276672025442
17.225701443463453 -0.9985927464756833
17.331380593423354 -0.9986158346858391
17.43705974338325 -0.987496674221857
17.542738893343152 -0.965359329260003
17.648418043303046 -0.9324508014940069
17.754097193262947 -0.8891382741660407
17.859776343222848 -0.8359050151489269
17.965455493182745 -0.7733449847916842
18.071134643142642 -0.7021562086924346
18.17681379310254 -0.6231329893432416
18.28249294306244 -0.5371570435469374
18.38817209302234 -0.44518766449193864
18.493851242982235 -0.34825101825357707
18.599530392942135 -0.2474286941482804
18.705209542902033 -0.14384563669232406
18.810888692861933 -0.038657593816500725
18.91656784282183 0.06696177861417517
19.022246992781728 0.17183401209204602
19.12792614274163 0.27478897445634265
19.233605292701522 0.3746779258683156
19.339284442661423 0.4703863360974604
19.444963592621324 0.5608463201073638
19.55064274258122 0.6450485531888729
19.656321892541122 0.7220535326951052
19.762001042501016 0.7910020607233128
19.867680192460917 0.8511248307811364
19.973359342420817 0.9017510114720579
20.07903849238071 0.9423157314260375
20.184717642340612 0.9723663819607177
20.290396792300513 0.9915676671500273
20.39607594226041 0.9997053449531222
20.50175509222031 0.9966886176612519
20.607434242180204 0.9825511449906971
20.713113392140105 0.9574506685179938
20.818792542100006 0.9216672516478913
20.924471692059903 0.8756001547519262
21.0301508420198 0.8197633803438589
21.135829991979698 0.7547799379975481
21.2415091419396 0.6813748929975327
21.3471882918995 0.6003672762833592
21.452867441859393 0.5126609459539916
21.558546591819294 0.41923450229681847
21.66422574177919 0.32113036886634416
21.769904891739092 0.2194431614424002
21.87558404169899 0.11530747464360626
21.981263191658886 0.00988522246917907
22.086942341618787 -0.09564732598048088
22.192621491578684 -0.20011267095301025
22.29830064153858 -0.3023452202245724
22.403979791498482 -0.4012042944197697
22.50965894145838 -0.49558685436164873
22.61533809141828 -0.5844398084439677
22.721017241378174 -0.6667717627037647
22.826696391338075 -0.741664082490641
22.932375541297976 -0.8082811423099169
23.038054691257873 -0.8658796494751896
23.14373384121777 -0.9138169375397627
23.249412991177667 -0.9515581369714028
23.35509214113757 -0.9786821430622529
23.46077129109747 -0.9948863144857816
23.566450441057363 -0.9999898500757266
23.672129591017264 -0.9939358061499584
23.77780874097716 -0.9767917318705891
23.88348789093706 -0.9487489155511751
23.98916704089696 -0.9101202503204882
24.094846190856856 -0.8613367429571108
24.200525340816757 -0.8029427048482227
24.30620449077665 -0.7355896787303831
24.41188364073655 -0.6600291689758292
24.517562790696452 -0.5771042565376072
24.62324194065635 -0.487740192111308
24.72892109061625 -0.392934072472066
24.834600240576144 -0.2937437151751102
24.940279390536045 -0.191275855752442
25.045958540495945 -0.08667379909783937
25.151637690455843 0.018895337177907777
25.25731684041574 0.12425364508672425
25.362995990375637 0.2282255689986758
25.468675140335538 0.3296510221305235
25.57435429029544 0.4273983304376221
25.680033440255333 0.520376859485225
25.785712590215233 0.6075491834124482
25.89139174017513 0.6879426602112524
25.99707089013503 0.7606602841671755
26.10275004009493 0.8248906943734788
26.208429190054826 0.8799172276468844
26.314108340014727 0.9251259148351809
26.419787489974624 0.9600123312963891
26.52546663993452 0.9841872251139488
26.631145789894422 0.9973808602500069
26.73682493985432 0.9994460261772546
26.84250408981422 0.9903596804087664
26.948183239774114 0.970223205598989
27.053862389734014 0.9392612783472265
27.159541539693915 0.8978193623251812
27.265220689653813 0.8463598536994408
27.37089983961371 0.7854569218571108
27.476578989573607 0.7157901030002033
27.582258139533508 0.6381367180894671
27.68793728949341 0.5533631997359357
27.793616439453302 0.46241542481205034
27.899295589413203 0.36630816064810084
28.0049747393731 0.266113742570166
28.110653889333 0.1629501091119657
28.2163330392929 0.05796832840020098
28.322012189252796 -0.04766024510997986
28.427691339212696 -0.15275704024810105
28.53337048917259 -0.2561494192633675
28.63904963913249 -0.35668376175645167
28.74472878909239 -0.4532383364214322
28.85040793905229 -0.5447358169790955
28.95608708901219 -0.6301553026525725
29.061766238972083 -0.7085437090645275
29.167445388931984 -0.7790264024598532
29.273124538891885 -0.8408169586003577
29.378803688851782 -0.8932259374448172
29.48448283881168 -0.9356685757091364
29.590161988771577 -0.9676713114754071
29.695841138731478 -0.9888770680502958
29.80152028869138 -0.9990492381170798
29.907199438651272 -0.9980743237273962
30.012878588611173 -0.985963202676478
30.11855773857107 -0.9628510071320567
30.22423688853097 -0.9289956158711508
30.329916038490868 -0.8847747769479056
30.435595188450765 -0.8306818928968563
30.541274338410666 -0.7673205154990392
30.646953488370563 -0.6953976115366594
30.75263263833046 -0.6157156746749258
30.85831178829036 -0.5291637714842947
30.96399093825026 -0.43670762150883796
31.06967008821016 -0.33937882206425185
31.175349238170053 -0.23826333799197927
31.281028388129954 -0.13448938479711475
31.386707538089855 -0.029214840366469565
31.492386688049752 0.07638567427717283
31.59806583800965 0.1811339010355488
31.703744987969547 0.28386109137676274
31.809424137929447 0.3834210468723327
31.915103287889348 0.4787029081270938
32.02078243784924 0.5686435494070392
32.126461587809146 0.6522394406696544
32.232140737769036 0.7285578446437582
32.33781988772894 0.7967472240254782
32.44349903768884 0.856046742669792
32.549178187648735 0.9057947547665322
32.65485733760863 0.9454361872810314
32.76053648756853 0.9745287332885105
32.866215637528434 0.9927477870988544
32.97189478748833 0.9998900661071674
33.07757393744823 0.9958758789586313
33.183253087408126 0.9807500147201524
33.28893223736802 0.9546812431377157
33.39461138732793 0.917960431555408
33.500290537287825 0.8709972995069671
33.60596968724772 0.8143158471910912
33.71164883720762 0.7485485088382201
33.817327987167516 0.6744290962036964
33.923007137127414 0.5927846109216519
34.02868628708732 0.5045260170748508
34.134365437047215 0.4106380769373581
34.240044587007105 0.31216836329960995
34.34572373696701 0.210215570973058
34.45140288692691 0.1059172578910818
34.55708203688681 0.00043715258699090006
34.66276118684671 -0.1050478303313502
34.7684403368066 -0.20936072183317006
34.8741194867665 -0.3113376307236364
34.9797986367264 -0.40984072998415844
35.085477786686305 -0.5037709522967556
35.1911569366462 -0.5920802530994611
35.29683608660609 -0.6737833043455876
35.402515236565996 -0.7479684884913471
35.50819438652589 -0.8138080700442769
35.61387353648579 -0.870567431181609
35.719552686445695 -0.9176132683902126
35.825231836405585 -0.9544206586726124
35.93091098636549 -0.980578916476549
36.03659013632539 -0.9957961759981605
36.142269286285284 -0.9999026477309748
36.24794843624519 -0.9928525129250462
36.35362758620508 -0.9747244348184967
36.459306736164976 -0.9457206809372649
36.56498588612488 -0.9061648662562001
36.67066503608478 -0.8564983424026059
36.77634418604468 -0.7972752731903622
36.88202333600457 -0.7291564514303788
36.98770248596447 -0.6529019260073853
37.09338163592437 -0.569362521488025
37.19906078588427 -0.479470344881745
37.30473993584417 -0.3842283854771302
37.410419085804065 -0.2846993237955967
37.51609823576396 -0.18199367452862064
37.62177738572387 -0.07725739575599186
37.727456535683764 0.028340897302334047
37.83313568564366 0.13362297133586334
37.93881483560356 0.23741412130882059
38.044493985563456 0.33855627745803474
38.15017313552335 0.4359209266795578
38.25585228548326 0.5284217041311661
38.361531435443155 0.6150265145574771
38.467210585403045 0.6947690480917452
38.57288973536295 0.7667595620444717
38.678568885322846 0.83019480837893
38.78424803528275 0.8843669961060281
38.88992718524265 0.9286716885986672
38.99560633520254 0.9626145477099491
39.10128548516244 0.9858168494463347
39.20696463512234 0.9980197096535925
39.312643785082244 0.9990869725666718
39.41832293504214 0.9890067299938882
39.52400208500203 0.9678914541848724
39.629681234961936 0.9359767428997539
39.73536038492183 0.8936186906817551
39.84103953488173 0.8412899156636658
39.946718684841635 0.7795742862399258
40.052397834801525 0.7091604064424845
40.15807698476142 0.630833932708532
40.263756134721326 0.5454688077673914
40.369435284681224 0.4540175094560515
40.47511443464113 0.3575004232640596
40.580793584601025 0.2569944571857754
40.686472734560915 0.1536210259117958
40.79215188452082 0.04853353842836517
40.89783103448072 -0.05709547136566227
41.00351018444062 -0.16208742743190013
41.10918933440052 -0.2652708617817036
41.21486848436041 -0.3654944853561141
41.32054763432031 -0.461640033755468
41.42622678428021 -0.55263474448994
41.53190593424011 -0.6374633265338803
41.63758508420001 -0.7151792886311188
41.7432642341599 -0.7849154999535886
41.848943384119806 -0.8458938652807454
41.954622534079704 -0.8974340067469165
42.0603016840396 -0.9389608552885389
42.165980833999505 -0.9700110670880695
42.271659983959395 -0.9902381934219417
42.37733913391929 -0.9994165462289997
42.4830182838792 -0.9974437162685269
42.588697433839094 -0.9843417157711011
42.694376583799 -0.9602567328328837
42.80005573375889 -0.9254575002937662
42.905734883718786 -0.8803322972988877
43.01141403367869 -0.8253846169992416
43.11709318363859 -0.7612275487297928
43.222772333598485 -0.6885769373470204
43.32845148355838 -0.6082433960519557
43.43413063351828 -0.5211232618171293
43.539809783478184 -0.428188594334012
43.64548893343808 -0.330476330069652
43.75116808339798 -0.22907671244812136
43.856847233357875 -0.12512112724937532
43.96252638331777 -0.01976947895431401
44.06820553327767 0.08580275111305258
44.173884683237574 0.19041762044507635
44.27956383319747 0.29290786847103883
44.38524298315737 0.39212994049201866
44.490922133117266 0.4869767471128544
44.59660128307716 0.5763900168054867
44.70228043303707 0.6593721037775364
44.807959582996965 0.7349971193975222
44.913638732956855 0.8024212629757754
45.01931788291676 0.8608922366332893
45.12499703287666 0.9097576392102836
45.23067618283656 0.948472245557951
45.33635533279646 0.9766040899931234
45.44203448275635 0.9938392860386701
45.54771363271625 0.9999855286723649
45.65339278267615 0.9949742400072367
45.75907193263605 0.9788613344625707
45.86475108259595 0.951826594887991
45.97043023255584 0.9141716666016713
46.076109382515746 0.866316691724525
46.18178853247564 0.8087956213635383
46.28746768243554 0.7422502579493364
46.393146832395445 0.6674230942018544
46.498825982355335 0.5851490286247129
46.60450513231523 0.4963460499641701
46.71018428227514 0.40200499457277594
46.815863432235034 0.3031784909617686
46.92154258219494 0.20096921489551017
47.02722173215483 0.09651758607414782
47.132900882114726 -0.009010956319099688
47.23858003207463 -0.11443895723022285
47.34425918203453 -0.21859008341616562
47.449938331994424 -0.3203022486097768
47.55561748195432 -0.4184405797213173
47.66129663191422 -0.5119100794037307
47.76697578187412 -0.5996678436966258
47.87265493183402 -0.6807346984282281
47.97833408179392 -0.7542061245399871
48.084013231753815 -0.8192623504323084
48.18969238171371 -0.8751774987242056
48.29537153167361 -0.9213276853701033
48.401050681633514 -0.9571979807663404
48.50672983159341 -0.9823881551774749
48.6124089815533 -0.9966171443767216
48.718088131513205 -0.9997261856742339
48.8237672814731 -0.9916805893424175
48.92944643143301 -0.9725701256732565
49.035125581392904 -0.9426080233489794
49.140804731352794 -0.9021285903019294
49.2464838813127 -0.851583483609356
49.352163031272596 -0.7915366700425409
49.4578421812325 -0.7226581334987991
49.5635213311924 -0.6457163995270285
49.66920048115229 -0.5615699603557288
49.77487963111219 -0.4711576961004624
49.88055878107209 -0.37548839902803566
49.98623793103199 -0.27562951776226347
50.09191708099189 -0.17269524702020386
50.19759623095178 -0.06783409576985328
50.303275380911685 0.03778392748013355
50.40895453087158 0.14298036927581792
50.51463368083148 0.24658148003963215
50.620312830791384 0.3474313104075209
50.725991980751274 0.4444046089567717
50.83167113071117 0.5364193774157395
50.937350280671076 0.6224489432680743
51.04302943063097 0.7015334150492389
51.14870858059088 0.772790392520592
51.25438773055077 0.8354248122200998
51.360066880510665 0.8887378185362267
51.46574603047057 0.9321345613240928
51.57142518043047 0.965130833060644
51.677104330390364 0.9873584714834419
51.78278348035026 0.9985694674320634
51.88846263031016 0.9986387320581191
51.99414178027006 0.9875654925281908
52.09982093022996 0.9654733006468731
52.20550008018986 0.9326086543036929
52.311179230149754 0.8893382471253924
52.41685838010965 0.8361448770211032
52.52253753006955 0.7736220592716075
52.62821668002945 0.7024674042681797
52.73389582998935 0.6234748337901889
0.0 0.0
0.08370739269747159 0.08360967166670391
0.16741478539494317 0.1666338384203857
0.25112217809241477 0.2484910955435669
0.33482957078988634 0.32860820999685475
0.4185369634873579 0.4064241346765535
0.5022443561848295 0.48139393733615293
0.5859517488823012 0.5529926166580964
0.6696591415797727 0.6207187787524999
0.7533665342772443 0.6840981483369
0.8370739269747158 0.7426868900088106
0.9207813196721875 0.7960747163527588
1.004488712369659 0.8438877611162307
1.0881961050671307 0.8857911973341452
1.1719034977646023 0.9214915820675577
1.2556108904620737 0.9507389113367667
1.3393182831595454 0.973328370858466
1.423025675857017 0.9891017703268116
1.5067330685544886 0.997948651194369
1.5904404612519603 0.9998070601953304
1.6741478539494317 0.9946639831941444
1.7578552466469033 0.9825554363213881
1.841562639344375 0.9635662137586701
1.9252700320418465 0.937829293938788
2.008977424739318 0.9055249083194212
2.0926848174367896 0.8668792792515881
2.1763922101342614 0.8221630357813662
2.260099602831733 0.7716893184787617
2.3438069955292047 0.7158115865652978
2.427514388226676 0.6549211426966569
2.5112217809241475 0.5894443927339131
2.5949291736216193 0.5198398596927374
2.6786365663190908 0.4465949727814005
2.7623439590165626 0.37022265401341325
2.846051351714034 0.29125772629820984
2.9297587444115054 0.21025316816341752
3.0134661371089773 0.12777624133629356
3.0971735298064487 0.04440451830224161
3.1808809225039205 -0.039278162341236454
3.264588315201392 -0.12268578441114437
3.3482957078988633 -0.20523425791487868
3.432003100596335 -0.2863455093373137
3.5157104932938066 -0.3654515297954747
3.599417885991278 -0.44199835271223564
3.68312527868875 -0.5154499331540316
3.7668326713862212 -0.5852919016662208
3.850540064083693 -0.651035166318602
3.9342474567811645 -0.7122193377365394
4.017954849478636 -0.7684159531327714
4.101662242176108 -0.8192314767625232
4.185369634873579 -0.8643100557902327
4.2690770275710515 -0.9033360122689997
4.352784420268523 -0.9360360537818315
4.436491812965994 -0.9621811872639295
4.520199205663466 -0.9815883226038242
4.603906598360937 -0.994121554793606
4.687613991058409 -0.9996931156495601
4.771321383755881 -0.9982639884384624
4.855028776453352 -0.989844181105408
4.938736169150824 -0.9744926561898006
5.022443561848295 -0.9523169179202935
5.106150954545767 -0.9234722593801847
5.189858347243239 -0.888160675015249
5.27356573994071 -0.8466294460995316
5.3572731326381815 -0.7991694090648623
5.440980525335653 -0.7461129188206919
5.524687918033125 -0.6878315213267923
5.608395310730597 -0.6247333517174171
5.692102703428068 -0.5572602761974258
5.775810096125539 -0.4858847977252223
5.859517488823011 -0.4111067471514928
5.943224881520483 -0.3334497829851668
6.0269322742179545 -0.2534577242981712
6.110639666915426 -0.17169074244903762
6.194347059612897 -0.088721438294118
6.278054452310369 -0.005130832357047243
6.361761845007841 0.07849570396335276
6.445469237705312 0.1615725476536351
6.529176630402784 0.24351792510831471
6.612884023100255 0.3237579861956697
6.696591415797727 0.40173082283675055
6.780298808495198 0.4768904039561379
6.86400620119267 0.5487103992486316
6.947713593890142 0.6166878649846506
7.031420986587613 0.68034676604326
7.115128379285085 0.739241309508588
7.198835771982556 0.7929590664850086
7.282543164680028 0.8411238602695256
7.3662505573775 0.8833984006559527
7.449957950074971 0.9194866459232959
7.5336653427724425 0.9491358759677064
7.617372735469914 0.9721384620602075
7.701080128167386 0.9883333208368665
7.784787520864858 0.9976070423393566
7.868494913562329 0.9998946842064238
7.9522023062598 0.9951802264546655
8.035909698957273 0.9834966836638648
8.119617091654744 0.9649258737812659
8.203324484352216 0.939597845163815
8.287031877049687 0.9076899658706977
8.370739269747158 0.8694256815837093
8.454446662444631 0.8250729508535366
8.538154055142103 0.7749423686296748
8.621861447839574 0.7193849912145773
8.705568840537046 0.6587898778735506
8.789276233234517 0.5935813663160852
8.872983625931989 0.5242161011279886
8.95669101862946 0.45117983596372585
9.040398411326931 0.37498403189269247
9.124105804024403 0.2961622757206482
9.207813196721874 0.21526654336822257
9.291520589419347 0.1328633344734423
9.375227982116819 0.04952970528704006
9.45893537481429 -0.03415077235849384
9.542642767511762 -0.11759209770739984
9.626350160209231 -0.20020994474849874
9.710057552906704 -0.28142575415508647
9.793764945604176 -0.36067078484165055
9.877472338301647 -0.43739009676507756
9.961179730999119 -0.511046437079382
10.04488712369659 -0.5811240024298856
10.128594516394063 -0.6471320510401007
10.212301909091535 -0.7086083392964589
10.296009301789006 -0.7651223587650574
10.379716694486477 -0.8162783509720992
10.463424087183949 -0.8617180788360282
10.54713147988142 -0.9011233353434647
10.630838872578892 -0.934218171901093
10.714546265276363 -0.9607708307587168
10.798253657973834 -0.9805953679710359
10.881961050671306 -0.9935529555328111
10.965668443368779 -0.9995528535687731
11.04937583606625 -0.9985530457701904
11.133083228763722 -0.990560533628236
11.216790621461193 -0.9756312874036851
11.300498014158663 -0.9538698541762951
11.384205406856136 -0.9254286257186314
11.467912799553607 -0.8905067713213098
11.551620192251079 -0.8493488430428884
11.63532758494855 -0.8022430631516336
11.719034977646022 -0.7495193057519198
11.802742370343495 -0.6915467867296013
11.886449763040966 -0.6287314781933039
11.970157155738438 -0.5615132655178621
12.053864548435909 -0.490362866898689
12.13757194113338 -0.41577853698891953
12.221279333830852 -0.3382825777032258
12.304986726528323 -0.25841768062257714
12.388694119225795 -0.17674312661348784
12.472401511923266 -0.09383086927519992
12.556108904620737 -0.010261529641782686
12.63981629731821 0.07337966981240367
12.723523690015682 0.1565070033903727
12.807231082713153 0.23853834391418027
12.890938475410625 0.31889923926673225
12.974645868108095 0.39702693518639876
13.058353260805568 0.4723743161434597
13.142060653503039 0.5444137367010333
13.22576804620051 0.6126407165301485
13.309475438897982 0.6765774732033147
13.393182831595453 0.735776268027046
13.476890224292926 0.7898225414830085
13.560597616990396 0.8383378163208022
13.64430500968787 0.8809823479725133
13.72801240238534 0.9174575037285749
13.811719795082812 0.9475078540140033
13.895427187780284 0.9709229611201051
13.979134580477753 0.9875388528654772
14.062841973175226 0.9972391708664882
14.1465493658727 0.9999559853760845
14.23025675857017 0.9956702709847487
14.313964151267642 0.9844120398523405
14.397671543965112 0.9662601315378324
14.481378936662585 0.9413416608987152
14.565086329360057 0.909831127926359
14.648793722057526 0.8719491957509917
14.732501114755 0.8279611453737353
14.816208507452469 0.7781750179469715
14.899915900149942 0.7229394576123083
14.983623292847415 0.6626412700024547
15.067330685544885 0.5977027135043695
15.151038078242358 0.5285785422525423
15.234745470939828 0.4557528215598753
15.318452863637301 0.3797355380871152
15.402160256334772 0.30105902848935273
15.485867649032244 0.22027425154911276
15.569575041729715 0.1379469299017437
15.653282434427185 0.05465358837194277
15.736989827124658 -0.029022483335700747
15.820697219822131 -0.11249531531948917
15.9044046125196 -0.195180360932409
15.988112005217074 -0.27649859026710427
16.071819397914545 -0.35588054500798727
16.155526790612015 -0.4327703262550916
16.239234183309488 -0.5066294873935275
16.322941576006958 -0.5769408047474129
16.40664896870443 -0.6432118996130568
16.490356361401904 -0.7049786863068063
16.574063754099374 -0.7618086220815119
16.657771146796847 -0.8133037361529437
16.741478539494317 -0.8591034166243581
16.82518593219179 -0.8988869357928954
16.908893324889263 -0.9323756961534305
16.992600717586733 -0.9593351813715332
17.076308110284206 -0.9795765985631638
17.160015502981675 -0.9929582003804843
17.24372289567915 -0.999386277645455
17.327430288376622 -0.9988158155799411
17.41113768107409 -0.9912508090368761
17.49484507377156 -0.9767442345249544
17.578552466469034 -0.9553976792227697
17.662259859166504 -0.9273606295803528
17.745967251863977 -0.8928294244899015
17.829674644561447 -0.852045880356507
17.91338203725892 -0.8052955976972413
17.99708942995639 -0.7529059611272679
18.080796822653863 -0.6952438467386859
18.164504215351336 -0.6327130529270267
18.248211608048805 -0.5657514726568521
18.33191900074628 -0.4948280269686334
18.41562639344375 -0.42043938120110036
18.49933378614122 -0.3431064669247421
18.583041178838695 -0.2633708339428863
18.666748571536164 -0.18179085790662022
18.750455964233637 -0.0989378301010394
18.834163356931107 -0.015391956785449502
18.91787074962858 0.06826170389659636
19.001578142326053 0.15143733898416262
19.085285535023523 0.23355248305169507
19.168992927720993 0.3140320971195357
19.252700320418462 0.39231259555822917
19.336407713115936 0.4678457927869
19.42011510581341 0.5401027421275822
19.50382249851088 0.6085774399326613
19.58752989120835 0.6727903690460131
19.67123728390582 0.7322918567835283
19.754944676603294 0.7866652239177021
19.838652069300768 0.8355297026143806
19.922359461998237 0.8785431028878964
20.00606685469571 0.9154042089018084
20.08977424739318 0.9458548883343338
20.173481640090653 0.969681900036967
20.257189032788126 0.9867183873275017
20.340896425485596 0.996845046460206
20.42460381818307 0.9999909620905217
20.50831121088054 0.9961341038836706
20.592018603578012 0.9853014807895014
20.675725996275485 0.9675689519032133
20.759433388972955 0.9430606952364691
20.843140781670424 0.9119483381190007
20.926848174367898 0.8744497553203737
21.010555567065367 0.8308275433084673
21.09426295976284 0.7813871813291682
21.17797035246031 0.7264748921849794
21.261677745157783 0.6664752176931082
21.345385137855253 0.60180832580177
21.429092530552726 0.5329270682224595
21.5127999232502 0.46031380918319115
21.59650731594767 0.38447704751036627
21.680214708645142 0.30594785569430144
21.76392210134261 0.22527616087509847
21.847629494040085 0.14302689379242317
21.931336886737558 0.05977603266757071
22.015044279435028 -0.023893430278217675
22.0987516721325 -0.10739557142333783
22.18245906482997 -0.19014563887348956
22.266166457527444 -0.27156414738398094
22.349873850224917 -0.35108093640049054
22.433581242922386 -0.42813916280057707
22.517288635619856 -0.502199200375378
22.600996028317326 -0.5727424187440507
22.6847034210148 -0.6392748152378648
22.768410813712272 -0.7013304743204237
22.85211820640974 -0.7584748303182887
22.935825599107215 -0.8103077106136166
23.019532991804684 -0.8564661379878111
23.103240384502158 -0.8966268724918819
23.18694777719963 -0.9305086750431468
23.2706551698971 -0.9578742768967293
23.354362562594574 -0.9785320411999369
23.438069955292043 -0.9923373049939198
23.521777347989516 -0.9991933922648188
23.60548474068699 -0.9990522909501384
23.68919213338446 -0.9919149891594042
23.772899526081932 -0.9778314682545909
23.856606918779402 -0.9569003528387873
23.940314311476875 -0.9292682201041594
24.02402170417435 -0.8951285733757529
24.107729096871818 -0.854720487039222
24.191436489569288 -0.8083269323418412
24.27514388226676 -0.7562727957909512
24.35885127496423 -0.69892260402667
24.442558667661704 -0.6366779711011875
24.526266060359173 -0.5699747860409894
24.609973453056647 -0.49928016038697687
24.693680845754116 -0.42508915708844836
24.77738823845159 -0.3479213236578731
24.861095631149063 -0.2683170538643026
24.944803023846532 -0.18683380344381204
25.028510416544005 -0.10404218632776356
25.112217809241475 -0.020521978726406046
25.195925201938948 0.0631419409495239
25.27963259463642 0.14636368789702747
25.36333998733389 0.22856047377670563
25.447047380031364 0.3091566878845905
25.530754772728834 0.38758792806013015
25.614462165426307 0.4633049531026212
25.69816955812378 0.5357775290178578
25.78187695082125 0.6044981421604432
25.86558434351872 0.668985553269195
25.94929173621619 0.7287881675073007
26.032999128913662 0.7834871969074142
26.116706521611135 0.8326995930755745
26.200413914308605 0.876080729616727
26.284121307006078 0.9133268154972427
26.367828699703548 0.944177022444035
26.45153609240102 0.9684153114824878
26.535243485098494 0.9858719458221976
26.618950877795964 0.996424679496077
26.702658270493437 0.9999996134289518
26.786365663190907 0.9965717129407459
26.87007305588838 0.9861649830602692
26.953780448585853 0.9688523004219117
27.037487841283326 0.9447549029224418
27.121195233980792 0.9140415407117638
27.204902626678265 0.8769272944630927
27.28861001937574 0.8336720691980452
27.372317412073212 0.7845787742140949
27.45602480477068 0.7299912018601024
27.53973219746815 0.6702916200144831
27.623439590165624 0.6058980951255193
27.707146982863094 0.5372615645601229
27.790854375560567 0.46486267876288034
27.87456176825804 0.3892084353392942
27.958269160955506 0.3108286286341218
28.04197655365298 0.23027213966784407
28.125683946350453 0.14810309241231598
28.209391339047926 0.06489690332244535
28.2930987317454 -0.01876374821151528
28.376806124442865 -0.10229300027282952
28.46051351714034 -0.18510591111388786
28.54422090983781 -0.26662255540795315
28.627928302535285 -0.34627208537179865
28.711635695232758 -0.42349672831975194
28.795343087930224 -0.49775569265496067
28.879050480627697 -0.5685289549448911
28.96275787332517 -0.6353209015606909
29.046465266022643 -0.6976637993787356
29.130172658720113 -0.7551210712395048
29.213880051417583 -0.807290353226331
29.297587444115052 -0.8538063123543667
29.381294836812526 -0.8943432049379788
29.46500222951 -0.9286171577207202
29.548709622207472 -0.9563881557935142
29.632417014904938 -0.9774617233799688
29.71612440760241 -0.9916902857185703
29.799831800299884 -0.9989742025046909
29.883539192997358 -0.9992624656554225
29.96724658569483 -0.9925530565108703
30.050953978392297 -0.9788929599705015
30.13466137108977 -0.9583778354655411
30.218368763787243 -0.9311513470715623
30.302076156484716 -0.8974041574523605
30.38578354918219 -0.8573725926803724
30.469490941879656 -0.8113369872836864
30.55319833457713 -0.7596197211089848
30.636905727274602 -0.702582961748007
30.720613119972075 -0.640626128336877
30.804320512669545 -0.5741830944889533
30.888027905367014 -0.5037191499485723
30.971735298064488 -0.4297277422427554
31.055442690761957 -0.3527270211485575
31.13915008345943 -0.27325621017454654
31.222857476156904 -0.1918718304664208
31.30656486885437 -0.10914380358006097
31.390272261551843 -0.025651460413673444
31.473979654249316 0.05802051575209087
31.55768704694679 0.14128618369595058
31.641394439644262 0.22356244750692608
31.72510183234173 0.3042731399100276
31.8088092250392 0.3828530570718676
31.892516617736675 0.4587519166310094
31.976224010434148 0.531438211235746
32.05993140313162 0.6004029306035099
32.14363879582909 0.6651631260369757
32.22734618852656 0.7252652924351369
32.31105358122403 0.7802885441156571
32.39476097392151 0.8298475622087587
32.478468366618976 0.873595292982495
32.56217575931645 0.911225378203538
32.645883152013916 0.9424743005139564
32.72959054471139 0.96712322880039
32.81329793740886 0.9849995506326578
32.89700533010634 0.9959780810405204
32.98071272280381 0.9999819391636231
33.06442011550128 0.9969830866356467
33.14812750819875 0.987002523932416
33.231834900896224 0.9701101433089877
33.315542293593694 0.9464242393555775
33.399249686291164 0.9161106805998036
33.48295707898863 0.8793817479564081
33.5666644716861 0.8364946481585843
33.65037186438358 0.7877497125811118
33.73407925708105 0.7334882940686713
33.817786649778526 0.67409037649744
33.90149404247599 0.6099719138099376
33.985201435173465 0.5415819171572521
34.068908827870935 0.4693993105471554
34.15261622056841 0.39392957701721293
34.23632361326588 0.3157012188194545
34.32003100596335 0.2352620564051372
34.40373839866082 0.15317539212737527
34.4874457913583 0.07001606552649399
34.57115318405577 -0.013633572177617933
34.654860576753244 -0.09718773619630185
34.738567969450706 -0.18006131032753298
34.82227536214818 -0.26167394442946856
34.90598275484565 -0.3414541185178706
34.98969014754312 -0.4188431450275476
35.0733975402406 -0.4932990812103504
35.15710493293807 -0.5643005242719524
35.24081232563554 -0.6313502626707345
35.32451971833301 -0.6939787580092031
35.408227111030484 -0.751747433134925
35.491934503727954 -0.8042517434248745
35.575641896425424 -0.8511240097455691
35.65934928912289 -0.8920359932501367
35.74305668182037 -0.9267011939815066
35.82676407451784 -0.954876857184936
35.91047146721532 -0.9763656732800374
35.99417885991278 -0.9910171595876152
36.077886252610256 -0.9987287141353764
36.161593645307725 -0.9994463341628155
36.2453010380052 -0.9931649942937603
36.32900843070267 -0.9799286817282615
36.41271582340014 -0.959830088207393
36.49642321609761 -0.9330099609080865
36.58013060879509 -0.899656116813573
36.66383800149256 -0.8600021274616507
36.74754539419003 -0.8143256832812307
36.8312527868875 -0.7629466489715027
36.914960179584966 -0.7062248235415405
36.99866757228244 -0.6445574206964377
37.08237496497991 -0.5783762872144464
37.16608235767739 -0.5081448787942879
37.24978975037485 -0.4343550145504292
37.33349714307233 -0.3575234328838551
37.4172045357698 -0.2781881728472959
37.500911928467275 -0.1969048063452956
37.584619321164745 -0.11424254755471128
37.668326713862214 -0.030780266810493558
37.752034106559684 0.05289756312895981
37.83574149925716 0.13620496004935076
37.91944889195463 0.2185585358184595
38.00315628465211 0.299381581758266
38.08686367734957 0.3781081072418306
38.170571070047046 0.4541868032335513
38.254278462744516 0.5270849030164546
38.337985855441985 0.596291913070814
38.42169324813946 0.6613231879770961
38.505400640836925 0.7217233243088788
38.5891080335344 0.7770693497489314
38.67281542623187 0.8269736850953907
38.75652281892935 0.8710868584158441
38.84023021162682 0.9090999523423141
38.92393760432429 0.9407467673692995
39.00764499702176 0.965805686005541
39.09135238971923 0.9841012247252218
39.1750597824167 0.995505262850513
39.25876717511418 0.9999379397598214
39.34247456781164 0.997368214138709
39.42618196050912 0.987814081357164
39.50988935320659 0.9713424474509577
39.593596745904065 0.9480686605895675
39.677304138601535 0.9181557033117437
39.761011531299005 0.881813051185323
39.844718923996474 0.8392952058839529
39.92842631669395 0.7908999129533152
40.01213370939142 0.7369660767475819
40.09584110208889 0.6778713871373954
40.17954849478636 0.6140296746092359
40.26325588748383 0.5458880122779217
40.346963280181306 0.47392358510639615
40.430670672878776 0.3986403482571758
40.51437806557625 0.3205654979763849
40.598085458273715 0.24024577972436661
40.68179285097119 0.15824365940619348
40.76550024366866 0.07513338451463936
40.84920763636614 -0.008503037231566424
40.93291502906361 -0.09207991359293766
41.01662242176108 -0.17501196931664115
41.10032981445855 -0.2567184447237391
41.184037207156024 -0.3366271626746451
41.26774459985349 -0.4141785354324141
41.35145199255097 -0.48882948336457027
41.43515938524843 -0.5600572380412622
41.51886677794591 -0.6273630030975076
41.60257417064338 -0.6902754472228128
41.68628156334085 -0.7483540048176386
41.769988956038326 -0.8011919612025136
