0.0 0.0
0.09305752062550994 0.09292327036523118
0.18611504125101988 0.1850424334155877
0.27917256187652983 0.2755603401424544
0.37223008250203976 0.3636936979363467
0.4652876031275497 0.4486798487740592
0.5583451237530597 0.5297833688453553
0.6514026443785697 0.6063024325096275
0.7444601650040795 0.6775748855123175
0.8375176856295895 0.7429839749067927
0.9305752062550994 0.8019636860980578
1.0236327268806094 0.8540036408244386
1.1166902475061193 0.8986535136927721
1.2097477681316293 0.9355269290488164
1.3028052887571393 0.9643048044614897
1.395862809382649 0.9847381118882476
1.488920330008159 0.9966500326279794
1.581977850633669 0.9999374874136362
1.675035371259179 0.9945720284040039
1.768092891884689 0.980600085355809
1.8611504125101987 0.9581425638459206
1.9542079331357087 0.9273937990204122
2.0472654537612187 0.8886198739241699
2.140322974386729 0.8421563169633046
2.2333804950122387 0.7884051984252755
2.3264380156377484 0.7278316511818509
2.4194955362632586 0.6609598456828533
2.5125530568887684 0.5883684540708937
2.6056105775142786 0.5106856426681713
2.6986680981397884 0.42858363616763456
2.791725618765298 0.3427729005670195
2.8847831393908083 0.2539959951834916
2.977840660016318 0.16302114695020045
3.0708981806418283 0.07063560259927675
3.163955701267338 -0.0223611837421341
3.257013221892848 -0.11516446859198494
3.350070742518358 -0.20697118292462893
3.4431282631438678 -0.29698688149228897
3.536185783769378 -0.38443261752105967
3.6292433043948877 -0.46855168329156105
3.7223008250203975 -0.5486161582749461
3.815358345645908 -0.6239332081602547
3.9084158662714175 -0.6938510802647658
4.001473386896927 -0.7577647434463489
4.094530907522437 -0.8151211237130677
4.187588428147947 -0.8654238902239382
4.280645948773458 -0.9082377502654052
4.373703469398968 -0.9431922160371347
4.466760990024477 -0.9699848106514314
4.559818510649987 -0.9883836856032961
4.652876031275497 -0.9982296270609715
4.7459335519010075 -0.9994374336156305
4.838991072526517 -0.9919966535679114
4.932048593152027 -0.9759716753712256
5.025106113777537 -0.9515011704491898
5.118163634403047 -0.9187968932087373
5.211221155028557 -0.8781418486329399
5.304278675654067 -0.829887843310196
5.397336196279577 -0.774452441091837
5.4903937169050865 -0.7123153497222372
5.583451237530596 -0.6440142697095571
5.676508758156107 -0.5701402413587291
5.769566278781617 -0.4913325302309287
5.862623799407126 -0.40827309528796646
5.955681320032636 -0.3216806875912772
6.048738840658146 -0.23230463062213572
6.141796361283657 -0.1409183360448214
6.234853881909166 -0.0483126110237856
6.327911402534676 0.044711184990363424
6.420968923160186 0.13734807478859737
6.514026443785696 0.22879642923731797
6.607083964411206 0.3182649041397878
6.700141485036716 0.40497928809732114
6.793199005662226 0.4881892021125908
6.8862565262877355 0.5671745929603199
6.979314046913245 0.6412519641352814
7.072371567538756 0.7097802904583755
7.165429088164266 0.7721665651590048
7.2584866087897755 0.827870931432331
7.351544129415285 0.876411354065702
7.444601650040795 0.9173677907085506
7.537659170666305 0.9503858266898662
7.630716691291816 0.975179741929512
7.723774211917325 0.9915349834040061
7.816831732542835 0.9993100217714044
7.909889253168345 0.9984375760890525
8.002946773793854 0.9889251960261806
8.096004294419366 0.9708551965331803
8.189061815044875 0.9443839455329102
8.282119335670385 0.9097405107979465
8.375176856295894 0.8672246777229854
8.468234376921403 0.817204355145492
8.561291897546916 0.7601123916632246
8.654349418172425 0.696442829998492
8.747406938797935 0.6267466318217987
8.840464459423444 0.5516269100299762
8.933521980048955 0.47173370973601414
9.026579500674465 0.38775838313310085
9.119637021299974 0.3004276069097035
9.212694541925485 0.21049709398572475
9.305752062550994 0.11874505398496168
9.398809583176504 0.02596545903333041
9.491867103802015 -0.06703882684298222
9.584924624427524 -0.15946299526504099
9.677982145053035 -0.2505072578740532
9.771039665678543 -0.3393837672637248
9.864097186304054 -0.42532343458215105
9.957154706929565 -0.5075825848073788
10.050212227555074 -0.5854493921055602
10.143269748180584 -0.658250039583596
10.236327268806093 -0.725354550133116
10.329384789431604 -0.786182237908889
10.422442310057114 -0.8402067332674951
10.515499830682623 -0.8869605376832195
10.608557351308134 -0.9260390692253901
10.701614871933643 -0.9571041635897993
10.794672392559153 -0.9798870003882127
10.887729913184664 -0.994190429373429
10.980787433810173 -0.9998906764700245
11.073844954435684 -0.9969384148477128
11.166902475061192 -0.9853591917688387
11.259959995686703 -0.9652532075162984
11.353017516312214 -0.9367944483149276
11.446075036937723 -0.9002291807495787
11.539132557563233 -0.8558738207083704
11.632190078188742 -0.8041121952921247
11.725247598814253 -0.7453922213839136
11.818305119439763 -0.6802220296205873
11.911362640065272 -0.6091655673073026
12.004420160690783 -0.5328377183250337
12.097477681316292 -0.4518989822607441
12.190535201941803 -0.367049758804091
12.283592722567313 -0.27902428687041714
12.376650243192822 -0.18858429089752066
12.469707763818333 -0.09651238929769901
12.562765284443842 -0.003605322104747468
12.655822805069352 0.08933294357988088
12.748880325694863 0.18149817067999177
12.841937846320372 0.27209281157379844
12.934995366945882 0.36033290963617876
13.028052887571391 0.445454883171841
13.121110408196902 0.5267221330349818
13.214167928822413 0.603431416756648
13.307225449447921 0.6749189340216216
13.400282970073432 0.7405660708344115
13.493340490698941 0.7998047526674587
13.586398011324452 0.8521223602683621
13.679455531949962 0.897066165587373
13.772513052575471 0.9342472494390887
13.865570573200982 0.9633438669970251
13.95862809382649 0.9841042319979073
14.051685614452001 0.9963486955627088
14.144743135077512 0.9999713007800924
14.23780065570302 0.9949406995997505
14.330858176328531 0.9813004241013378
14.42391569695404 0.9591685097915911
14.516973217579551 0.9287364741894122
14.610030738205062 0.8902676595376868
14.70308825883057 0.8440949539831034
14.796145779456081 0.7906179109436368
14.88920330008159 0.7302992915911342
14.9822608207071 0.6636610603684487
15.07531834133261 0.5912798681937637
15.16837586195812 0.5137820624379582
15.261433382583633 0.43183826685598653
15.35449090320914 0.34615757837456756
15.44754842383465 0.2574814309539985
15.54060594446016 0.1665771796229604
15.63366346508567 0.07423146020648246
15.726720985711182 -0.018756617791558718
15.81977850633669 -0.1115823862463637
15.9128360269622 -0.2034425815714361
16.005893547587707 -0.293542295723645
16.09895106821322 -0.38110185490403553
16.192008588838732 -0.46536356642972687
16.28506610946424 -0.5455982753932849
16.37812363008975 -0.6211116743717112
16.471181150715257 -0.6912503115842897
16.56423867134077 -0.7554072455080241
16.65729619196628 -0.8130272970186115
16.75035371259179 -0.8636118536078942
16.8434112332173 -0.9067231841046282
16.936468753842806 -0.9419882265613545
17.02952627446832 -0.9691018165290927
17.12258379509383 -0.9878293277840753
17.21564131571934 -0.9980087026551695
17.30869883634485 -0.9995518543825953
17.401756356970356 -0.9924454293727146
17.49481387759587 -0.9767509227527486
17.58787139822138 -0.9526041462254816
17.680928918846888 -0.920214052828834
17.7739864394724 -0.8798609287702015
17.86704396009791 -0.8318939679824511
17.96010148072342 -0.7767282503900209
18.05315900134893 -0.7148411500335794
18.146216521974438 -0.646768204135371
18.23927404259995 -0.5730984788520878
18.33233156322546 -0.49446947181755724
18.42538908385097 -0.4115615955858069
18.51844660447648 -0.32509228971182275
18.611504125101987 -0.2358098124208312
18.704561645727498 -0.14448676558959592
18.79761916635301 -0.051913409071061366
18.89067668697852 0.04110917778353486
18.98373420760403 0.1337760282285719
19.076791728229537 0.2252852538673468
19.169849248855048 0.3148449837570398
19.26290676948056 0.40168021682806115
19.35596429010607 0.4850395283207483
19.44902181073158 0.5642015722055144
19.542079331357087 0.6384813233180681
19.635136851982598 0.7072360051936833
19.728194372608108 0.769870652304231
19.82125189323362 0.8258432585654631
19.91430941385913 0.8746694675621312
20.007366934484637 0.9159267639043049
20.100424455110147 0.9492581294451845
20.193481975735658 0.9743751327214667
20.28653949636117 0.9910604248819671
20.37959701698668 0.9991696205060656
20.472654537612186 0.9986325470364099
20.565712058237697 0.9894538520139643
20.658769578863208 0.9717129628607248
20.751827099488718 0.9455633995581173
20.84488462011423 0.9112314461687857
20.937942140739736 0.8690141926976981
21.030999661365247 0.819276964237227
21.124057181990757 0.7624501596430043
21.217114702616268 0.6990255270968965
21.31017222324178 0.6295519087863675
21.403229743867286 0.5546304915234506
21.496287264492796 0.4749096044018655
21.589344785118307 0.391079108510563
21.682402305743818 0.3038644272519999
21.775459826369328 0.2140202689235579
21.868517346994835 0.1223240958834496
21.961574867620346 0.029569396815371875
22.054632388245857 -0.06344117968988836
22.147689908871367 -0.1559027708177247
22.240747429496878 -0.24701526437365004
22.333804950122385 -0.3359902225179592
22.426862470747896 -0.42205770447690766
22.519919991373406 -0.5044729291903333
22.612977511998917 -0.5825227202408689
22.706035032624428 -0.6555316772937922
22.799092553249935 -0.7228680206432544
22.892150073875445 -0.7839490582893838
22.985207594500956 -0.8382462282371214
23.078265115126467 -0.8852896723835361
23.171322635751977 -0.9246723024136521
23.264380156377484 -0.9560533225207586
23.357437677002995 -0.9791611784675053
23.450495197628506 -0.9937959074681987
23.543552718254016 -0.9998308685577241
23.636610238879527 -0.9972138384734047
23.729667759505034 -0.9859674635666426
23.822725280130545 -0.966189063833739
23.915782800756055 -0.9380497907617141
24.008840321381566 -0.9017931462766574
24.101897842007077 -0.8577328756108304
24.194955362632584 -0.8062502523225
24.288012883258094 -0.7477907789624482
24.381070403883605 -0.6828603319378219
24.474127924509116 -0.6120207839335298
24.567185445134626 -0.535885141772392
24.660242965760133 -0.45511224178834425
24.753300486385644 -0.370401048616025
24.846358007011155 -0.2824846067319596
24.939415527636665 -0.19212369708734434
25.032473048262176 -0.10010025372451736
25.125530568887683 -0.007210597346113157
25.218588089513194 0.08574145561011451
25.311645610138704 0.17795154876043878
25.404703130764215 0.2686217462367394
25.497760651389726 0.3569674375884236
25.590818172015233 0.4422241273734494
25.683875692640743 0.5236540506850493
25.776933213266254 0.600552557366944
25.869990733891765 0.6722542096715939
25.963048254517275 0.7381385405956299
26.056105775142782 0.7976354230629857
26.149163295768293 0.8502300034937587
26.242220816393804 0.8954671570663496
26.335278337019314 0.9329554261195199
26.428335857644825 0.9623704076135446
26.521393378270332 0.983457560337236
26.614450898895843 0.9960344075687976
26.707508419521353 0.9999921161298738
26.800565940146864 0.9952964381685369
26.893623460772375 0.9819880075215229
26.986680981397882 0.9601819880911655
27.079738502023392 0.9300670772797751
27.172796022648903 0.891903873105212
27.265853543274414 0.8460226191277299
27.358911063899924 0.7928203467022727
27.45196858452543 0.7327574392856143
27.545026105150942 0.666353648528941
27.638083625776453 0.5941835966304724
27.731141146401963 0.5168718038682656
27.824198667027474 0.43508728434225297
27.91725618765298 0.34953775669100795
28.010313708278492 0.2609635198805211
28.103371228904003 0.17013104706061918
28.196428749529513 0.07782635292423724
28.289486270155024 -0.015151808035152814
28.38254379078053 -0.1079988535094003
28.47560131140604 -0.1999113357922822
28.568658832031552 -0.2900938943778478
28.661716352657063 -0.3777661385765772
28.754773873282574 -0.46216940059089306
28.84783139390808 -0.5425733006126103
28.94088891453359 -0.6182820671315656
29.033946435159102 -0.6886405577628748
29.127003955784613 -0.7530399284919241
29.220061476410123 -0.8109229022784954
29.31311899703563 -0.8617885914284114
29.40617651766114 -0.9051968320025372
29.49923403828665 -0.9407719927554974
29.592291558912162 -0.9682062256436653
29.685349079537673 -0.9872621297742762
29.77840660016318 -0.9977748057433078
29.87146412078869 -0.9996532825850131
29.9645216414142 -0.9928813049850517
30.057579162039715 -0.9775174739451193
30.15063668266522 -0.953694739681835
30.24369420329073 -0.9216192511480474
30.33675172391624 -0.8815685721322128
30.42980924454175 -0.8338892793727063
30.522866765167265 -0.7789939634716998
30.61592428579277 -0.717357658561071
30.70898180641828 -0.6495137316160098
30.80203932704379 -0.5760492669880711
30.8950968476693 -0.49759998609728795
30.988154368294815 -0.4148447462456331
31.08121188892032 -0.328499666156098
31.17426940954583 -0.23931192907168544
31.26732693017134 -0.14805331703908214
31.36038445079685 -0.0555135323276153
31.453441971422365 0.03750663622359423
31.546499492047868 0.13020224279559037
31.63955701267338 0.221771150151848
31.73261453329889 0.31142097089649196
31.8256720539244 0.3983759243627998
31.918729574549914 0.4818835497960893
32.011787095175414 0.5612212177387854
32.10484461580093 0.6357023832717863
32.19790213642644 0.7046825269997752
32.29095965705195 0.7675647323706852
32.384017177677464 0.8238048510660749
32.477074698302964 0.8729162117639413
32.57013221892848 0.9144738315270285
32.66318973955399 0.9481180933733937
32.7562472601795 0.9735578582057143
32.849304780805014 0.9905729841702912
32.942362301430514 0.9990162316446043
33.03541982205603 0.9988145373687353
33.12847734268154 0.9899696466949708
33.22153486330705 0.9725580984844836
33.31459238393256 0.9467305627817529
33.40764990455806 0.9127105369981675
33.50070742518358 0.8707924118872632
33.59376494580909 0.8213389240476924
33.6868224664346 0.7647780169984679
33.77987998706011 0.7015991379890751
33.87293750768561 0.6323490025898847
33.96599502831113 0.5576268637136463
34.05905254893664 0.4780793260075947
34.15211006956215 0.394394750489362
34.24516759018766 0.3072972978460477
34.33822511081316 0.2175406619425366
34.43128263143868 0.12590154776566725
34.52434015206419 0.03317295024286624
34.6173976726897 -0.05984270790361667
34.71045519331521 -0.15234051988543687
34.80351271394071 -0.24352006007256555
34.89657023456623 -0.33259231044033966
34.98962775519174 -0.418786488301141
35.08268527581725 -0.5013567162375516
35.17574279644276 -0.5795884765188414
35.26880031706826 -0.6528047941477675
35.361857837693776 -0.7203720950331455
35.45491535831929 -0.7817056885945016
35.5479728789448 -0.836274827355593
35.64103039957031 -0.8836072997436781
35.73408792019582 -0.9232935163509646
35.827145440821326 -0.95499005429804
35.92020296144684 -0.9784226290282034
36.01326048207235 -0.9933884678164623
36.10631800269786 -0.9997580644541416
36.19937552332337 -0.9974762999249916
36.292433043948876 -0.9865629193751052
36.38549056457439 -0.9671123612491853
36.4785480851999 -0.939292940071745
36.57160560582541 -0.9033453899449746
36.66466312645092 -0.8595807813670998
36.757720647076425 -0.8083778293978849
36.85077816770194 -0.7501796164650076
36.94383568832745 -0.6854897581703389
37.03689320895296 -0.6148680452750901
37.12995072957847 -0.5389255995758346
37.223008250203975 -0.4583195855896599
37.31606577082949 -0.37374752381077364
37.409123291454996 -0.2859412547484943
37.50218081208051 -0.1956606059784774
37.59523833270602 -0.10368681700922866
37.688295853331525 -0.010815778861324439
37.78135337395704 0.08214885313949663
37.874410894582546 0.17440261375730398
37.96746841520806 0.2651471892495377
38.06052593583357 0.3535973255387962
38.153583456459074 0.4389876233735073
38.24664097708459 0.5205791616756914
38.339698497710096 0.597665891761053
38.43275601833561 0.6695807470993603
38.52581353896112 0.7357014157444302
38.618871059586624 0.7954557254824306
38.71192858021214 0.8483265950982213
38.804986100837645 0.8938565089142386
38.89804362146316 0.9316514758817329
38.99110114208867 0.9613844389644519
39.084158662714174 0.9827981053119238
39.17721618333969 0.9957071727314842
39.270273703965195 0.9999999331924142
39.36333122459071 0.9956392394863343
39.456388745216216 0.9826628266788877
39.54944626584172 0.9611829855710581
39.64250378646724 0.9313855909958019
39.735561307092745 0.8935284933586031
39.82861882771826 0.8479392873406414
39.921676348343766 0.7950124770730664
40.01473386896927 0.7352060623133294
40.10779138959479 0.6690375751650165
40.200848910220294 0.5970796016372293
40.29390643084581 0.5199548267974303
40.386963951471316 0.4383306463944359
40.48002147209682 0.3529133915794655
40.57307899272234 0.26444221670150647
40.666136513347844 0.17368270306862682
40.75919403397336 0.08142023402472459
40.852251554598865 -0.01154680132964113
40.94530907522437 -0.10441391696124984
41.03836659584989 -0.19637749148768002
41.131424116475394 -0.28664172227855317
41.22448163710091 -0.3744255118976305
41.317539157726415 -0.45896922729407436
41.41059667835192 -0.5395412732527236
41.503654198977436 -0.6154444232201584
41.59671171960294 -0.6860218527231114
41.68976924022846 -0.7506628231693625
41.782826760853965 -0.8088079668464638
41.87588428147947 -0.8599541273849621
41.968941802104986 -0.9036587137992536
42.06199932273049 -0.9395435304286409
42.15505684335601 -0.9672980496363901
42.248114363981514 -0.9866820989465599
42.34117188460702 -0.9975279393656699
42.434229405232536 -0.9997417169044802
42.52728692585804 -0.9933042747392428
42.62034444648356 -0.9782713189844078
42.713401967109064 -0.9547729366422876
42.80645948773457 -0.9230124699010624
42.899517008360085 -0.8832647565223584
42.99257452898559 -0.8358737515451262
43.08563204961111 -0.7812495508862553
43.178689570236614 -0.7198648425941442
43.27174709086212 -0.6522508164640376
43.364804611487635 -0.5789925674111822
43.45786213211314 -0.5007240323784755
43.550919652738656 -0.4181225045917782
43.64397717336416 -0.3319027726336834
43.73703469398967 -0.24281093505282128
43.830092214615185 -0.15161794403385087
43.92314973524069 -0.059112933997641386
44.016207255866206 0.033903607137775384
44.10926477649171 0.1266267649431218
44.20232229711722 0.21825416376851123
44.295379817742734 0.30799291006480134
44.38843733836824 0.39506645365201914
44.481494858993756 0.4787213075612481
44.57455237961926 0.5582335682999617
44.66760990024477 0.6329151801181817
44.760667420870284 0.7021198890677508
44.85372494149579 0.7652488353316139
44.946782462121305 0.8217557354301787
45.03983998274681 0.8711516094606462
45.13289750337232 0.9130090124625025
45.225955023997834 0.946965733293125
45.31901254462334 0.9727279290055074
45.412070065248855 0.9900726676049219
45.50512758587436 0.9988498571808294
45.59818510649987 0.9989835447204474
45.69124262712538 0.9904725733647005
45.78430014775089 0.9733905924190542
45.877357668376405 0.9478854200325763
45.97041518900191 0.9141777640602834
46.06347270962742 0.8725593121776947
46.15653023025293 0.8233902077747339
46.24958775087844 0.7670959334712184
46.342645271503955 0.7041636292222346
46.43570279212946 0.6351378768746172
