0.0 0.0
0.1327535488618897 0.13236396184865132
0.2655070977237794 0.26239863066424857
0.3982606465856692 0.3878157034684177
0.5310141954475588 0.5064081360640166
0.6637677443094485 0.616088981799103
0.7965212931713384 0.7149281168978238
0.929274842033228 0.8011862060791618
1.0620283908951176 0.8733453107488918
1.1947819397570074 0.9301356011328731
1.327535488618897 0.9705577022812399
1.4602890374807869 0.9939002807066045
1.5930425863426767 0.9997525621729861
1.725796135204566 0.9880115603519559
1.858549684066456 0.9588838891387226
1.9913032329283455 0.9128821267356796
2.124056781790235 0.8508157954869536
2.256810330652125 0.7737771161975565
2.389563879514015 0.6831217876274699
2.5223174283759047 0.5804451293961608
2.655070977237794 0.4675540081260485
2.787824526099684 0.3464350408584748
2.9205780749615737 0.21921963528694535
3.0533316238234636 0.0881464820169419
3.1860851726853534 -0.04447784110007064
3.318838721547243 -0.17631945928778983
3.451592270409132 -0.3050582715276143
3.584345819271022 -0.42842877885558345
3.717099368132912 -0.5442599517921475
3.8498529169948017 -0.650513435332187
3.982606465856691 -0.7453194191777105
4.115360014718581 -0.8270095419818759
4.24811356358047 -0.8941462505673714
4.380867112442361 -0.9455480974662743
4.51362066130425 -0.980310531604443
4.646374210166139 -0.997821816263521
4.77912775902803 -0.9977737942020162
4.911881307889919 -0.9801673104947641
5.044634856751809 -0.9453121976616071
5.177388405613699 -0.893821823346991
5.310141954475588 -0.8266022964984365
5.442895503337478 -0.7448365219896471
5.575649052199368 -0.6499633842892178
5.708402601061257 -0.5436524264931931
5.8411561499231475 -0.4277744703106924
5.973909698785037 -0.3043686940214444
6.106663247646927 -0.17560674775539656
6.2394167965088165 -0.043754537580721356
6.372170345370707 0.08886764909003311
6.504923894232596 0.21992597507697006
6.637677443094486 0.3471141234537796
6.770430991956376 0.4681938832772158
6.903184540818264 0.5810345368121643
7.0359380896801555 0.6836503551302009
7.168691638542044 0.7742355422476482
7.3014451874039334 0.851196012868907
7.434198736265824 0.9131774445217948
7.566952285127713 0.9590891104336201
7.699705833989603 0.9881230737456587
7.832459382851493 0.999768405293203
7.965212931713382 0.9938201747518474
8.097966480575273 0.9703830569270706
8.230720029437162 0.9298694897249449
8.363473578299052 0.8729924162193243
8.49622712716094 0.8007527385380014
8.628980676022831 0.714421704349774
8.761734224884721 0.6155185359086648
8.89448777374661 0.5057836953312465
9.0272413226085 0.38714825657503765
9.15999487147039 0.2616999230988113
9.292748420332279 0.13164628921368943
9.425501969194169 -0.0007240083615365571
9.55825551805606 -0.1330815650999906
9.69100906691795 -0.26309720068342674
9.823762615779838 -0.3884829470733912
9.956516164641728 -0.5070323113436302
10.089269713503619 -0.6166591047429818
10.222023262365507 -0.7154341546890076
10.354776811227397 -0.8016192536479865
10.487530360089288 -0.8736977474811736
10.620283908951176 -0.9304012249747167
10.753037457813065 -0.9707318388805367
10.885791006674957 -0.9939798656705862
11.018544555536847 -0.999736194994297
11.151298104398736 -0.9878995290542754
11.284051653260624 -0.9586781652082281
11.416805202122514 -0.9125863304275472
11.549558750984406 -0.8504351321174187
11.682312299846295 -0.7733182845426488
11.815065848708183 -0.6825928620403762
11.947819397570074 -0.5798554177176833
12.080572946431962 -0.46691388788859994
12.213326495293854 -0.34575577666601687
12.346080044155743 -0.2185131805845807
12.478833593017633 -0.08742526873850794
12.611587141879522 0.04520112130465975
12.744340690741414 0.17703207839560817
12.877094239603302 0.305747689125846
13.009847788465192 0.4290828628231751
13.142601337327081 0.5448671917964703
13.275354886188971 0.6510631453837049
13.408108435050861 0.7458019256781473
13.540861983912752 0.8274163539566928
13.67361553277464 0.8944702090868599
13.806369081636529 0.9457835016258082
13.939122630498419 0.9804532388469321
14.071876179360311 0.9978693152786279
14.2046297282222 0.9977252491192857
14.337383277084088 0.9800235755929704
14.470136825945978 0.9450758023354633
14.602890374807867 0.8934969275957794
14.735643923669759 0.8261946177198458
14.868397472531647 0.744353234367086
15.001151021393538 0.6494129925431272
15.133904570255426 0.5430446162180649
15.266658119117317 0.4271199375314822
15.399411667979207 0.30367895696880304
15.532165216841097 0.17489394417202242
15.664918765702986 0.04303121112576169
15.797672314564876 -0.08958876957975208
15.930425863426764 -0.22063219958439725
16.063179412288655 -0.3477930240959647
16.195932961150547 -0.468833513006686
16.328686510012435 -0.5816236396567352
16.461440058874324 -0.6841785642714974
16.594193607736212 -0.7746935624526224
16.726947156598104 -0.8515757840639758
16.859700705459993 -0.9134722836310909
16.99245425432188 -0.9592938289853457
17.125207803183773 -0.9882340691769295
17.257961352045662 -0.9997837243466428
17.390714900907554 -0.993739547848305
17.523468449769442 -0.9702079029095767
17.65622199863133 -0.9296028908904247
17.78897554749322 -0.8726390640774555
17.92172909635511 -0.8003188512517222
18.054482645217 -0.7139149173103141
18.187236194078892 -0.6149477673706868
18.31998974294078 -0.5051589894726416
18.45274329180267 -0.3864806067431191
18.585496840664558 -0.2610010783533709
18.71825038952645 -0.13092854757129693
18.851003938388338 0.0014480163435564917
18.98375748725023 0.13379909859154818
19.11651103611212 0.26379563279016194
19.249264584974007 0.3891499870401973
19.3820181338359 0.5076562208429024
19.514771682697788 0.6172289044414483
19.647525231559676 0.7159398174580667
19.780278780421565 0.8020518810174752
19.913032329283457 0.8740497262314262
20.045785878145345 0.9306663611112391
20.178539427007237 0.9709054666336824
20.311292975869126 0.9940589296020748
20.444046524731014 0.9997193037657152
20.576800073592903 0.9877869799113426
20.709553622454795 0.958471938749974
20.842307171316683 0.9122900557524506
20.975060720178575 0.8500540229598441
21.107814269040464 0.7728590475234405
21.240567817902352 0.6820635786461746
21.373321366764245 0.5792654020858506
21.50607491562613 0.46627352290041285
21.63882846448802 0.34507633123247183
21.771582013349914 0.2178066113401887
21.904335562211802 0.08670400963278223
22.037089111073694 -0.045924377815359956
22.16984265993558 -0.17774460470529896
22.30259620879747 -0.3064369464547533
22.435349757659363 -0.42973672187060385
22.568103306521248 -0.545474146187852
22.70085685538314 -0.6516125141556197
22.83361040424503 -0.7462840412380307
22.96636395310692 -0.827822732209639
23.099117501968813 -0.894793698735642
23.231871050830698 -0.9460184100168134
23.36462459969259 -0.9805954321474265
23.497378148554475 -0.9979162912224376
23.630131697416367 -0.9976761810407768
23.76288524627826 -0.9798793269744054
23.895638795140147 -0.9448389116117583
24.02839234400204 -0.8931715634840409
24.161145892863924 -0.8257865058598083
24.293899441725817 -0.7438695565633605
24.42665299058771 -0.6488622603824237
24.559406539449594 -0.542436521285371
24.692160088311486 -0.42646518086105095
24.824913637173374 -0.3029890607312456
24.957667186035266 -0.17418104891131156
25.090420734897158 -0.042307862114346395
25.223174283759043 0.09030984310809553
25.355927832620935 0.2213383084390367
25.488681381482827 0.3484717424291621
25.621434930344712 0.46947289697916744
25.754188479206604 0.5822124376210697
25.886942028068493 0.6847064147744807
26.019695576930385 0.7751511765723939
26.152449125792277 0.8519551088730883
26.285202674654162 0.9137666439090164
26.417956223516054 0.9594980446865897
26.550709772377942 0.9883445465875856
26.68346332123983 0.9997985193252753
26.816216870101723 0.9936584000382416
26.94897041896361 0.9700322403205717
27.081723967825504 0.9293358047690592
27.21447751668739 0.8722852545085064
27.34723106554928 0.7998845444477648
27.479984614411173 0.7134077560450931
27.612738163273058 0.6143766764843644
27.74549171213495 0.5045340188156688
27.878245260996838 0.3858127543226362
28.01099880985873 0.26030209679424604
28.143752358720622 0.1302107372977061
28.276505907582507 -0.00217202356654338
28.4092594564444 -0.1345165619471985
28.542013005306288 -0.26449392661834553
28.674766554168176 -0.3898168230191814
28.80752010303007 -0.5082798642347844
28.940273651891957 -0.6177983805958209
29.07302720075385 -0.7164451049399411
29.205780749615734 -0.8024840879608521
29.338534298477626 -0.8744012468151466
29.471287847339518 -0.9309310094034602
29.604041396201406 -0.9710785854496613
29.736794945063295 -0.9941374724596259
29.869548493925183 -0.9997018884960946
30.002302042787075 -0.9876739129821535
30.135055591648968 -0.9582652098720618
30.267809140510852 -0.9119933028656934
30.400562689372745 -0.8496724682140014
30.533316238234633 -0.7723994053806575
30.66606978709652 -0.6815339377223097
30.798823335958414 -0.5786750828099446
30.931576884820302 -0.4656329134971534
31.064330433682194 -0.3443967049139891
31.19708398254408 -0.21709992792415148
31.32983753140597 -0.08598270507783982
31.462591080267863 0.046647610253040754
31.59534462912975 0.17845703784337655
31.72809817799164 0.30712604315303643
31.86085172685353 0.43039035565511924
31.99360527571542 0.5460808146481403
32.12635882457731 0.652161541359959
32.2591123734392 0.7467657656046472
32.39186592230109 0.8282286765276989
32.52461947116298 0.8951167193441437
32.65737302002487 0.9462528225161547
32.79012656888676 0.9807371114313899
32.92288011774865 0.9979627440703274
33.05563366661054 0.9976265899922095
33.188387215472424 0.9797345647146841
33.32114076433432 0.9446015256146671
33.45389431319621 0.892845731182331
33.58664786205809 0.8253779611322462
33.719401410919986 0.7433854888320088
33.85215495978188 0.6483111880957967
33.98490850864376 0.541828142013865
34.117662057505655 0.4258102006426143
34.25041560636755 0.3022990056703999
34.38316915522944 0.1734680623469508
34.515922704091324 0.041584490925657115
34.648676252953216 -0.09103086929709235
34.78142980181511 -0.22204430127075367
34.91418335067699 -0.3491502780975857
35.046936899538885 -0.4701120348595134
35.17969044840077 -0.5828009303965254
35.31244399726266 -0.6852339063624572
35.445197546124554 -0.7756083843670815
35.57795109498644 -0.8523339870974006
35.71070464384833 -0.9140605252012715
35.84345819271022 -0.9597017574303027
35.97621174157211 -0.988454505919716
36.108965290434 -0.9998127902213455
36.24171883929589 -0.9935767313641937
36.374472388157784 -0.9698560692521346
36.50722593701967 -0.9290682315008557
36.63997948588156 -0.8719309876979388
36.77273303474345 -0.7994498183537848
36.90548658360534 -0.7129002208199664
37.03824013246723 -0.6138052635490469
37.170993681329115 -0.5039087836879319
37.30374723019101 -0.3851446996636692
37.4365007790529 -0.2596029787878433
37.569254327914784 -0.12949285876919694
37.702007876776676 0.002896029650981196
37.83476142563857 0.13523395479085754
37.96751497450046 0.2651920818019435
38.100268523362345 0.390483454660796
38.23302207222424 0.5089032411923715
38.36577562108613 0.61836753290759
38.498529169948014 0.7169500168697576
38.631282718809906 0.8029158742515606
38.7640362676718 0.874752309048074
38.89678981653368 0.9311951697126507
39.029543365395575 0.9712511952377275
39.16229691425746 0.994215494202068
39.29505046311935 0.9996839491945644
39.427804011981245 0.9875603283259777
39.56055756084313 0.9580579786828598
39.69331110970502 0.91169607192283
39.826064658566914 0.8492904680798973
39.958818207428806 0.7719393583552366
40.09157175629069 0.6810039395464129
40.22432530515258 0.5780844601994023
40.357078854014475 0.46499206001462623
40.48983240287636 0.34371689806683237
40.62258595173825 0.21639313070689206
40.755339500600144 0.08526135545177653
40.88809304946203 -0.04737081823859226
41.02084659832392 -0.17916937743638142
41.153600147185806 -0.30781497885947584
41.2863536960477 -0.4310437638341022
41.41910724490959 -0.5466871968593192
41.551860793771475 -0.6527102267089266
41.68461434263337 -0.7472470985254742
41.81736789149526 -0.8286341866980754
41.95012144035715 -0.895439270743048
42.08287498921904 -0.9464867390009548
42.21562853808093 -0.9808782766245541
42.34838208694282 -0.9980086737979462
42.481135635804705 -0.9975764759995801
42.6138891846666 -0.9795892888896868
42.74664273352849 -0.944363644468624
42.87939628239038 -0.8925194308614439
43.01214983125226 -0.8249689837513179
43.14490338011415 -0.7429010314267758
43.27765692897604 -0.647759775972113
43.410410477837935 -0.5412194787224502
43.54316402669983 -0.42515499721950195
43.67591757556171 -0.3016087921479966
43.808671124423604 -0.1727549848526898
43.941424673285496 -0.04086109793886228
44.07417822214739 0.0917518477687838
44.20693177100927 0.22275017770946634
44.33968531987116 0.34982863074556175
44.47243886873305 0.47075092631268295
44.60519241759494 0.58338911767463
44.737945966456834 0.6857610387589246
44.87069951531873 0.7760651855970268
45.003453064180604 0.8527124185383164
45.136206613042496 0.9143539273538053
45.26896016190439 0.9599049671097006
45.40171371076628 0.9885639471156825
45.53446725962817 0.9998265370273726
45.66722080849006 0.9934945418689713
45.79997435735195 0.9696793897966153
45.93272790621384 0.9288001712260677
46.065481455075734 0.8715762638314568
46.198235003937626 0.7990146731976624
46.330988552799504 0.7123923119009733
46.463742101661396 0.6132335288642732
46.59649565052329 0.5032832844171625
46.72924919938518 0.3844764431164012
46.86200274824707 0.25890372470062506
46.99475629710895 0.12877491236205876
47.12750984597084 -0.0036200342173509583
47.260263394832734 -0.13595127674647292
47.393016943694626 -0.26589009797498087
47.52577049255652 -0.3911498816156038
47.6585240414184 -0.5095263513888935
47.791277590280295 -0.6189363610784041
47.92403113914219 -0.7174545529828572
48.05678468800408 -0.8033472396632613
48.18953823686597 -0.8751029127461839
48.32229178572785 -0.9314588419003434
48.45504533458974 -0.9714232959074001
48.58779888345163 -0.9942929947885042
48.720552432313525 -0.9996654858705278
48.85330598117542 -0.9874462260023539
48.9860595300373 -0.9578502452909902
49.11881307889919 -0.9113983630796668
49.25156662776108 -0.8489080227577733
49.38432017662297 -0.7714789066883359
49.51707372548486 -0.6804735843963003
49.64982727434675 -0.577493534563824
49.78258082320864 -0.4643509627887654
49.91533437207053 -0.34303691104733497
50.048087920932424 -0.2156862200589121
50.180841469794316 -0.08453996113271882
50.313595018656194 0.04809400139292094
50.446348567518086 0.17988162311091363
50.57910211637998 0.30850375321294954
50.71185566524187 0.43169694606504394
50.84460921410376 0.5472932925035364
50.977362762965654 0.6532585699149217
51.11011631182753 0.7477280397482073
51.242869860689424 0.8290392625082088
51.37562340955132 0.8957613527632708
51.50837695841321 0.946720159348595
51.6411305072751 0.9810189276529248
51.773884056136986 0.998054080381218
51.90663760499888 0.9975258390891565
52.03939115386077 0.9794434995755665
52.17214470272266 0.9441252682983242
52.304898251584554 0.8921926626924241
52.43765180044643 0.8245595739313986
52.570405349308324 0.7424161846016012
52.703158898170216 0.6472080243004082
52.83591244703211 0.5406105317301839
52.968665995894 0.42449957093516694
53.101419544755885 0.3009184205258237
53.23417309361777 0.17204181680230837
53.36692664247966 0.04013768353317013
53.499680191341554 -0.09247277814523441
53.632433740203446 -0.22345593738517655
53.76518728906533 -0.35050680001751255
53.89794083792722 -0.4713895710037892
54.030694386789115 -0.5839769991470569
54.16344793565101 -0.6862878116875637
54.2962014845129 -0.7765215800227778
54.42895503337478 -0.8530904029974683
54.56170858223667 -0.9146468502128243
54.69446213109856 -0.9601076736182665
54.82721567996045 -0.9886728701181164
54.959969228822345 -0.9998397597361507
55.09272277768423 -0.9934118315956563
55.225476326546115 -0.969502202046625
55.35822987540801 -0.9285316240852144
55.4909834242699 -0.8712210830950062
55.62373697313179 -0.7985791092075001
55.756490521993676 -0.7118840295543484
55.88924407085557 -0.6126614727297288
56.02199761971746 -0.5026575213312462
56.15475116857935 -0.3838079850311277
56.287504717441244 -0.2582043348991356
56.42025826630312 -0.12805689845262708
56.553011815165014 0.004344036886148691
56.685765364026906 0.13666852743804353
56.8185189128888 0.26658797477157953
56.95127246175069 0.3918161035342686
57.084026010612575 0.5101491944977328
57.21677955947446 0.6195048648100959
57.34953310833635 0.7179587130147581
57.482286657198244 0.8037781839698334
57.61504020606014 0.8754530577256904
57.74779375492202 0.9317220258283272
57.88054730378391 0.9715948873684686
58.013300852645806 0.9943699741783087
58.1460544015077 0.9996464985336634
58.27880795036959 0.9873316060710937
58.41156149923147 0.9576420098053494
58.54431504809336 0.9111001764922549
58.67706859695525 0.8485251324480974
58.809822145817144 0.7710180506213093
58.942575694679036 0.6799428725499806
59.07532924354092 0.5769023062129571
59.20808279240281 0.46370962215561395
59.3408363412647 0.34235674421195145
59.47358989012659 0.21497919635077276
59.60634343898848 0.08381852249882013
59.73909698785037 -0.04881715933694984
59.87185053671226 -0.18059377449363284
60.00460408557415 -0.3091923658524035
60.13735763443604 -0.43234990200555085
60.270111183297935 -0.5478991012630808
60.40286473215981 -0.6538065706904822
60.535618281021705 -0.7482085890207477
60.6683718298836 -0.8294439037457672
60.80112537874549 -0.896082965235987
60.93387892760738 -0.9469530834367236
61.066632476469266 -0.9811590644427713
61.19938602533116 -0.998098963796342
61.33213957419304 -0.997474679287483
61.464893123054935 -0.9792971968487459
61.59764667191683 -0.9438863972287244
61.73040022077871 -0.8918654268465661
61.863153769640604 -0.8241497318870998
61.995907318502496 -0.7419309486106407
62.12866086736439 -0.6466559333699096
62.26141441622628 -0.540001301356269
62.39416796508816 -0.4238439221331889
62.52692151395005 -0.3002278911657795
62.65967506281194 -0.17132855856963372
62.792428611673834 -0.039414248087771754
62.925182160535726 0.09319366004855519
63.05793570939761 0.22416157992791952
63.1906892582595 0.351184785557943
63.323442807121396 0.4720279685980559
63.45619635598328 0.58456457450564
63.58894990484517 0.6868142248722412
63.72170345370706 0.7769775674050889
63.85445700256895 0.8534679402767178
63.98721055143084 0.914939293624779
64.11996410029273 0.9603098768497419
64.25271764915462 0.9887812748699206
64.3854711980165 0.9998524583407482
64.5182247468784 0.9933286005876047
64.65097829574029 0.9693245060950417
64.78373184460219 0.9282625902190572
64.91648539346407 0.8708654456747614
65.04923894232596 0.7981431266116108
65.18199249118784 0.7113753740465373
65.31474604004974 0.6120890954452843
65.44749958891163 0.5020314947582065
65.58025313777352 0.38313932575824644
65.71300668663541 0.2575048097499935
65.8457602354973 0.12733881741728337
65.97851378435918 -0.005068037277846546
66.11126733322108 -0.137385706489588
66.24402088208296 -0.2672857118259071
