0.0 0.0
0.08972306658453244 0.08960273316305116
0.17944613316906488 0.1784846276051116
0.2691691997535973 0.2659306436298781
0.35889226633812976 0.3512372929382569
0.44861533292266215 0.4337182980718633
0.5383383995071946 0.5127101133982406
0.6280614660917271 0.587577263222412
0.7177845326762595 0.657717454080569
0.8075075992607919 0.7225664200883639
0.8972306658453243 0.7816024623638042
0.9869537324298568 0.8343506460058668
1.0766767990143893 0.8803866208648533
1.1663998655989216 0.9193400353670398
1.2561229321834542 0.9508975159299834
1.3458459987679865 0.9748051879995976
1.435569065352519 0.9908707184276832
1.5252921319370514 0.9989648627593332
1.6150151985215837 0.9990225049825514
1.7047382651061163 0.9910431813754738
1.7944613316906486 0.9750910842369314
1.8841843982751811 0.9512945454703444
1.9739074648597137 0.9198450041754254
2.0636305314442462 0.8809954665532409
2.1533535980287786 0.8350584705144339
2.243076664613311 0.7824035713649848
2.3327997311978432 0.7234543687967437
2.4225227977823756 0.6586850991000857
2.5122458643669083 0.5886168200137589
2.6019689309514407 0.5138132189041607
2.691691997535973 0.43487607799651834
2.7814150641205053 0.35244043313942575
2.871138130705038 0.2671694650496437
2.9608611972895704 0.17974916413623362
3.0505842638741028 0.09088281182459967
3.140307330458635 0.0012853227772539832
3.2300303970431674 -0.08832250647283006
3.3197534636277 -0.1772197962075103
3.4094765302122325 -0.2646913828779767
3.499199596796765 -0.35003357247364825
3.588922663381297 -0.4325598016205847
3.67864572996583 -0.511606160866848
3.7683687965503623 -0.5865367357209189
3.858091863134894 -0.6567487224754305
3.9478149297194274 -0.721677277660283
4.03753799630396 -0.7808000621121143
4.1272610628884925 -0.8336414431038729
4.216984129473024 -0.8797763207290614
4.306707196057557 -0.9188335477580543
4.396430262642089 -0.9504989154543183
4.486153329226622 -0.9745176813301631
4.575876395811155 -0.9906966185066467
4.6655994623956865 -0.9989055701908948
4.755322528980219 -0.9990784967653215
4.845045595564751 -0.9912140070651002
4.934768662149284 -0.9753753695698479
5.024491728733817 -0.9516900034194867
5.1142147953183485 -0.9203484533489746
5.203937861902881 -0.8816028567883777
5.293660928487413 -0.8357649154602094
5.383383995071946 -0.78320338779218
5.473107061656479 -0.7243411223184816
5.562830128241011 -0.6596516559353773
5.652553194825543 -0.5896554043775547
5.742276261410076 -0.5149154755622166
5.831999327994608 -0.4360331394818334
5.921722394579141 -0.3536429910895002
6.011445461163673 -0.2684078450906728
6.1011685277482055 -0.18101340371179223
6.190891594332738 -0.09216274034271472
6.28061466091727 -0.002570643431083629
6.370337727501803 0.08704213386894245
6.460060794086335 0.1759546720330005
6.549783860670868 0.2634516848412669
6.6395069272554 0.348829273734213
6.729229993839932 0.4314005905565829
6.818953060424465 0.5105013631337734
6.908676127008997 0.5854952392282884
6.99839919359353 0.6557789058850689
7.0881222601780625 0.7207869429814131
7.177845326762594 0.7799963719355243
7.267568393347126 0.8329308629800937
7.35729145993166 0.8791645671541151
7.447014526516193 0.9183255421852143
7.5367375931007246 0.9500987447018597
7.626460659685256 0.9742285647036046
7.716183726269788 0.990520881899987
7.805906792854322 0.9988446273751911
7.895629859438855 0.9991328380151419
7.985352926023387 0.991383195214349
8.07507599260792 0.9756580435286922
8.16479905919245 0.9520838891240927
8.254522125776985 0.9208503820559609
8.344245192361516 0.8822087905668213
8.433968258946049 0.836469979676106
8.523691325530582 0.7840019103240483
8.613414392115114 0.725226679188612
8.703137458699647 0.6606171229896378
8.792860525284178 0.5906930145980007
8.88258359186871 0.5160168815514206
8.972306658453244 0.4371894806162786
9.062029725037776 0.3548449648017884
9.15175279162231 0.2696457817070907
9.24147585820684 0.18227734424319397
9.331198924791373 0.09344251660288479
9.420921991375906 0.003855959838067664
9.510645057960438 -0.08576161746663417
9.600368124544971 -0.1746892571716397
9.690091191129502 -0.2622115515677981
9.779814257714035 -0.3476243987095181
9.869537324298568 -0.4302406667949391
9.9592603908831 -0.5093957220242041
10.048983457467633 -0.5844527754651322
10.138706524052164 -0.6548080059116739
10.228429590636697 -0.7198954175226361
10.31815265722123 -0.7791913931617759
10.407875723805763 -0.832218906808449
10.497598790390295 -0.8785513611506647
10.587321856974826 -0.9178160194877725
10.67704492355936 -0.9496970043337114
10.766767990143892 -0.9739378385975592
10.856491056728425 -0.990343508898031
10.946214123312958 -0.9987820344129027
11.03593718989749 -0.9991855286422376
11.125660256482021 -0.9915507455437121
11.215383323066554 -0.9759391056464715
11.305106389651087 -0.9524762019334398
11.39482945623562 -0.9213507894671716
11.484552522820152 -0.8828132668875349
11.574275589404683 -0.8371736619973199
11.663998655989216 -0.7847991376413872
11.753721722573749 -0.7261110379441464
11.843444789158282 -0.6615814986678645
11.933167855742814 -0.5917296489609057
12.022890922327345 -0.5171174350521881
12.112613988911878 -0.43834509948951556
12.202337055496411 -0.35604635229056414
12.292060122080944 -0.27088327285376107
12.381783188665477 -0.18354098364233695
12.471506255250008 -0.0947221384908478
12.56122932183454 -0.005141269874793608
12.650952388419073 0.08448095938138828
12.740675455003606 0.17342355371395982
12.830398521588139 0.26097098510634115
12.92012158817267 0.3464189493900845
13.009844654757202 0.42908003225191027
13.099567721341735 0.5082892393647196
13.189290787926268 0.5834093461536551
13.2790138545108 0.6538360241592278
13.368736921095332 0.719002702756802
13.458459987679865 0.7783851271207375
13.548183054264397 0.8315055757651277
13.63790612084893 0.8779367037317604
13.727629187433463 0.9173049805074901
13.817352254017994 0.9492936950135707
13.907075320602527 0.973645503492322
13.99679838718706 0.9901644997938084
14.086521453771592 0.9987177914074368
14.176244520356125 0.9992365685595613
14.265967586940656 0.991716657776387
14.355690653525189 0.9762185554588553
14.445413720109723 0.9528669411994066
14.535136786694252 0.921849674755906
14.624859853278787 0.8834162847518915
14.71458291986332 0.8378759612613274
14.80430598644785 0.7855950684271323
14.894029053032385 0.7269941971240735
14.983752119616915 0.6625447813768554
15.073475186201449 0.5927653057536951
15.163198252785982 0.5182171342463423
15.252921319370513 0.43949999419239705
15.342644385955047 0.3572471515710663
15.432367452539577 0.27212031648628004
15.522090519124111 0.18480431982162246
15.611813585708644 0.09600160389259585
15.701536652293175 0.006426571417857282
15.79125971887771 -0.08320016172892541
15.880982785462239 -0.17215756375097294
15.970705852046773 -0.25972998750637716
16.060428918631306 -0.34521292776738294
16.15015198521584 -0.42791868884493134
16.23987505180037 -0.5071819169832925
16.3295981183849 -0.5823649530176602
16.419321184969434 -0.6528629622334943
16.50904425155397 -0.7181088001587271
16.5987673181385 -0.7775775751444055
16.688490384723032 -0.830790871028593
16.778213451307565 -0.8773205959128505
16.867936517892097 -0.9167924260886303
16.95765958447663 -0.9488888174077277
17.047382651061163 -0.9733515598708475
17.137105717645696 -0.9899838548830524
17.22682878423023 -0.9986518984649265
17.316551850814758 -0.9992859576827918
17.406274917399294 -0.9918809316382768
17.495997983983823 -0.9764963925041771
17.585721050568356 -0.9532561062764711
17.675444117152892 -0.9223470370979744
17.76516718373742 -0.8840178431636716
17.854890250321954 -0.838576876307893
17.944613316906487 -0.7863897013663611
18.03433638349102 -0.727876155269368
18.124059450075553 -0.6635069695252087
18.213782516660086 -0.5937999832654038
18.30350558324462 -0.5193159773171209
18.393228649829148 -0.4406541628169733
18.48295171641368 -0.358447360659513
18.572674782998217 -0.27335691056097455
18.662397849582746 -0.1860673506939475
18.75212091616728 -0.09728091069438484
18.84184398275181 -0.007711862343867654
18.931567049336344 0.08191922662519065
19.021290115920877 0.17089128937417153
19.11101318250541 0.25848856081810623
19.200736249089942 0.34400633583382606
19.29045931567447 0.42675663849260104
19.380182382259004 0.5060737567092761
19.46990544884354 0.5813195977825499
19.55962851542807 0.6518888217420309
19.649351582012603 0.7172137112051821
19.739074648597136 0.7767687385669019
19.82879771518167 0.8300747937795775
19.9185207817662 0.87670303871178
20.008243848350734 0.9162783570779626
20.097966914935267 0.9484823721850619
20.187689981519796 0.9730560082187455
20.27741304810433 0.9898015744641977
20.367136114688865 0.9985843556942304
20.456859181273394 0.9993336959303357
20.546582247857927 0.9920435668579936
20.63630531444246 0.9767726163234344
20.726028381026993 0.9536436965217089
20.815751447611525 0.9228428756717123
20.905474514196058 0.8846179411290664
20.99519758078059 0.8392764059790646
21.08492064736512 0.7871830351462991
21.174643713949653 0.7287569109229861
21.26436678053419 0.6644680615233418
21.35408984711872 0.5948336797866917
21.44381291370325 0.5204139624491773
21.533535980287784 0.4418076034564921
21.623259046872317 0.35964697757308584
21.71298211345685 0.2745930530349364
21.802705180041382 0.18733007417271347
21.892428246625915 0.09856005678272563
21.982151313210444 0.008997140529458336
22.07187437979498 -0.08063815618636316
22.161597446379513 -0.16962473267550393
22.251320512964043 -0.25724670709242875
22.341043579548575 -0.34279917558276723
22.430766646133108 -0.42559388311469726
22.52048971271764 -0.5049647603734188
22.610212779302174 -0.5802732821752973
22.699935845886706 -0.6509136042941687
22.78965891247124 -0.7163174373749094
22.87938197905577 -0.7759586187244658
22.969105045640305 -0.8293573452010796
23.058828112224838 -0.8760840331487869
23.148551178809367 -0.9157627743247554
23.2382742453939 -0.9480743600170424
23.327997311978432 -0.9727588490242853
23.417720378562965 -0.9896176588383826
23.507443445147498 -0.9985151632069329
23.59716651173203 -0.9993797832233267
23.686889578316563 -0.9922045631668535
23.776612644901093 -0.9770472264602912
23.86633571148563 -0.9540297112948007
23.95605877807016 -0.9233371896579629
24.04578184465469 -0.8852165776566836
24.135504911239224 -0.8399745491191833
24.225227977823756 -0.7879750684563107
24.31495104440829 -0.7296364626298671
24.404674110992822 -0.6654280557834789
24.494397177577355 -0.595866393609829
24.584120244161888 -0.5215110878285732
24.673843310746417 -0.44296031420541065
24.763566377330953 -0.36084600032995456
24.853289443915486 -0.2758287418659796
24.943012510500015 -0.18859248817183652
25.03273557708455 -0.09983904004439986
25.12245864366908 -0.01028240385127155
25.212181710253613 0.07935695252883689
25.301904776838146 0.16835789574739013
25.39162784342268 0.25600442838096266
25.48135091000721 0.3415914490085087
25.57107397659174 0.42443042463214975
25.660797043176277 0.5038549298078405
25.75052010976081 0.5792260079244824
25.84024317634534 0.6499373115010184
25.929966242929876 0.7154199801486005
26.019689309514405 0.7751472169554647
26.109412376098938 0.8286385264783621
26.19913544268347 0.8754635802465007
26.288858509268003 0.9152456786807827
26.378581575852536 0.9476647815777298
26.468304642437065 0.9724600827783888
26.5580277090216 0.9894321083094455
26.647750775606134 0.998444321117344
26.737473842190663 0.9994242194856261
26.8271969087752 0.9923639202988823
26.91691997535973 0.977320222461075
27.006643041944262 0.9544141499580296
27.096366108528795 0.9238299782400946
27.186089175113327 0.8858137517575391
27.27581224169786 0.8406713045748742
27.36553530828239 0.7887657999879174
27.455258374866926 0.7305148089369455
27.54498144145146 0.6663869507196509
27.634704508035988 0.5968981230287211
27.724427574620524 0.5226073516428
27.814150641205053 0.4441122931593806
27.903873707789586 0.36204442694927064
27.99359677437412 0.27706397501268476
28.08331984095865 0.18985459060573193
28.173042907543184 0.10111785836645998
28.262765974127714 0.011567650185988291
28.35248904071225 -0.07807561776923821
28.442212107296783 -0.16709078068272182
28.531935173881312 -0.25476172673601427
28.621658240465848 -0.3403831581062781
28.711381307050377 -0.42326626496706277
28.80110437363491 -0.5027442668460398
28.890827440219446 -0.5781777767602573
28.98055050680398 -0.6489599449754777
29.070273573388505 -0.7145213410088996
29.15999663997304 -0.774334534600377
29.249719706557574 -0.8279183387989573
29.339442773142107 -0.8748416810299475
29.42916583972664 -0.9147270710003137
29.51888890631117 -0.9472536375437683
29.6086119728957 -0.972159709974636
29.698335039480234 -0.9892449231839257
29.78805810606477 -0.9983718295424986
29.877781172649303 -0.9994670046438225
29.96750423923383 -0.992521637990814
30.057227305818365 -0.977591603874782
30.146950372402898 -0.9547970118762799
30.23667343898743 -0.924321240603991
30.326396505571964 -0.8864094624450698
30.416119572156493 -0.8413666711950624
30.505842638741026 -0.7895552284347827
30.59556570532556 -0.7313919483931468
30.685288771910095 -0.6673447447477132
30.775011838494628 -0.5979288663388855
30.864734905079153 -0.5237027520807752
30.95445797166369 -0.44526353841527216
31.044181038248222 -0.3632422554511603
31.133904104832755 -0.27829875043437147
31.223627171417288 -0.19111637938934012
31.313350238001817 -0.10239650963622382
31.40307330458635 -0.012852877410303404
31.492796371170883 0.07679415402439599
31.58251943775542 0.16582338957483966
31.672242504339952 0.2535186042106057
31.761965570924477 0.3391743048722323
31.851688637509014 0.42210140604268925
31.941411704093547 0.5016327733228996
32.03113477067808 0.5771285904143549
32.12085783726261 0.6479815063321995
32.21058090384714 0.7136215214404157
32.30030397043168 0.7735205730017988
32.39002703701621 0.8271967833526528
32.47975010360074 0.8742183365265376
32.569473170185276 0.914206952140117
32.6591962367698 0.9468409285943916
32.748919303354334 0.9718577311092575
32.83864236993887 0.9890561037710636
32.92836543652341 0.998297688602157
33.01808850310794 0.9995081386272329
33.107811569692466 0.9926777159820886
33.197534636277 0.9778613702530757
33.28725770286153 0.9551782964170442
33.376980769446064 0.9248109759380622
33.4667038360306 0.8870037087351305
33.55642690261513 0.8420606478309601
33.64614996919966 0.7903433524927291
33.735873035784195 0.7322678795493834
33.82559610236873 0.6683014362853397
33.91531916895326 0.5989586218374887
34.005042235537786 0.5247972873328276
34.094765302122326 0.44641404807116447
34.18448836870686 0.36443948385674796
34.27421143529139 0.2795330660911258
34.363934501875924 0.19237785243811623
34.45365756846046 0.1036749917412817
34.54338063504498 0.014138083400957515
34.633103701629516 -0.07551256341136277
34.722826768214055 -0.16455572451754394
34.81254983479859 -0.2522750628584339
34.90227290138312 -0.3379648913034837
34.99199596796765 -0.4209358497834374
35.08171903455218 -0.5005204510746624
35.17144210113671 -0.5760784506200921
35.26116516772125 -0.6470019971876293
35.350888234305785 -0.7127205229297078
35.44061130089031 -0.7727053335044374
35.53033436747484 -0.8264738613314965
35.620057434059376 -0.8735935477660686
35.70978050064391 -0.9136853229594564
35.79950356722844 -0.9464266554114202
35.889226633812974 -0.9715541466811418
35.97894970039751 -0.9888656503828005
36.06867276698204 -0.9982218984188035
36.15839583356657 -0.9995476213679014
36.248118900151105 -0.9928321540148571
36.33784196673563 -0.9781295211502866
36.42756503332017 -0.9555580029504164
36.517288099904704 -0.9252991834332339
36.60701116648924 -0.8875964896459884
36.69673423307377 -0.8427532333360795
36.786457299658295 -0.7911301708597345
36.87618036624283 -0.7331426009585734
36.96590343282736 -0.6692570237520201
37.0556264994119 -0.599987387823306
37.14534956599643 -0.5258909555907153
37.23507263258096 -0.4475638202263551
37.32479569916549 -0.3656361101881493
37.414518765750024 -0.2807669199437935
37.50424183233456 -0.19363900766804049
37.59396489891909 -0.10495330256952455
37.68368796550362 -0.015423266034708566
37.773411032088156 0.0742308480474042
37.86313409867269 0.1632877876050839
37.95285716525722 0.2510311047338979
38.042580231841754 0.3367549193980271
38.13230329842628 0.4197695981148738
38.22202636501082 0.4994073019389553
38.31174943159535 0.5750273591123637
38.401472498179885 0.6460214191599595
38.49119556476442 0.7118183469652554
38.58091863134894 0.7718888174551158
38.670641697933476 0.8257495739297973
38.76036476451801 0.872967315780728
38.85008783110255 0.9131621843200962
38.93981089768708 0.9460108186792539
39.02953396427161 0.9712489571918239
39.11925703085614 0.988673563333774
39.20898009744067 0.9981444591176483
39.298703164025206 0.9995854528006004
39.38842623060974 0.9929849518339804
39.47814929719427 0.978396056123413
39.567872363778804 0.9559361308491044
39.65759543036334 0.9257858622829661
39.74731849694787 0.8881878041983432
39.8370415635324 0.8434444265662366
39.92676463011693 0.791915682235929
40.01648769670147 0.7340161111756214
40.106210763286 0.6702115055690661
40.19593382987053 0.6010151625967706
40.285656896455066 0.526983755047662
40.37537996303959 0.4487128529813537
40.465103029624125 0.36683213246846813
40.55482609620866 0.2820003099539763
40.6445491627932 0.1948998429956042
40.73427222937773 0.10623144000909805
40.823995295962256 0.016708423188377952
40.91371836254679 -0.07294901004997083
41.00344142913132 -0.162019580932165
41.093164495715854 -0.2497867318920888
41.18288756230039 -0.335544391154813
41.27261062888492 -0.41860265296371724
41.36233369546945 -0.49829332775475
41.452056762053985 -0.5739753176276193
41.54177982863852 -0.6450397738691647
41.63150289522305 -0.7109149950375133
41.721225961807576 -0.7710710262027639
41.810949028392116 -0.8250239223441223
41.90067209497665 -0.872339641605089
41.99039516156118 -0.9126375370862849
42.080118228145714 -0.9455934190848756
42.16984129473024 -0.9709421631454953
42.25956436131477 -0.9884798429413234
42.349287427899306 -0.9980653708266252
42.439010494483846 -0.9996216328628301
42.52873356106838 -0.9931361091870266
42.618456627652904 -0.9786609747321272
42.70817969423744 -0.9563126794884181
42.79790276082197 -0.9262710116832357
42.8876258274065 -0.8887776514153073
42.97734889399104 -0.8441342263795346
43.06707196057557 -0.7926998853236003
43.1567950271601 -0.7348884087574499
43.24651809374463 -0.6711648801596313
43.336241160329166 -0.6020419444599359
43.4259642269137 -0.5280756838982905
43.51568729349823 -0.4498611444378882
43.605410360082764 -0.3680275487218029
43.6951334266673 -0.2832332340840388
43.78485649325183 -0.19616035633785162
43.87457955983636 -0.10750940194846258
43.96430262642089 -0.017993552738807858
44.05402569300542 0.07166705153673701
44.14374875958996 0.16075110659394182
44.233471826174494 0.24854194638878632
44.32319489275903 0.3343333085737077
44.41291795934355 0.4174350162578127
44.502641025928085 0.4971785303623997
44.59236409251262 0.5729223279038956
44.68208715909715 0.6440570629369773
44.77181022568169 0.7100104686388735
0.0 0.0
0.14987208282538622 0.14931165044870134
0.29974416565077244 0.2952757891039388
0.4496162484761587 0.43461995414439536
0.5994883313015449 0.5642201011005231
0.7493604141269311 0.6811706427722173
0.8992324969523174 0.7828495914155779
1.0491045797777037 0.8669773427351072
1.1989766626030898 0.931667783766054
1.348848745428476 0.9754705788271456
1.4987208282538622 0.997403685508342
1.6485929110792485 0.996975371697233
1.7984649939046349 0.974195240030516
1.948337076730021 0.9295740126064459
2.0982091595554073 0.8641120807849196
2.248081242380793 0.7792770767844349
2.3979533252061795 0.6769709699123878
2.547825408031566 0.5594874251190246
2.697697490856952 0.42946037988043556
2.8475695736823385 0.28980499229779627
2.9974416565077244 0.1436522843345559
3.1473137393331108 -0.005721054534062
3.297185822158497 -0.1549661294831112
3.4470579049838834 -0.3007369213171238
3.5969299878092698 -0.4397653029787636
3.7468020706346556 -0.5689343097446482
3.896674153460042 -0.6853480204177423
4.046546236285428 -0.7863964828059159
4.196418319110815 -0.86981422788154
4.3462904019362005 -0.9337310607563668
4.496162484761586 -0.9767139897568985
4.646034567586973 -0.9977993535659201
4.795906650412359 -0.9965144261516178
4.945778733237746 -0.9728880151097833
5.095650816063132 -0.9274498158082068
5.245522898888518 -0.8612185358131011
5.395394981713904 -0.7756790558435089
5.54526706453929 -0.6727491392966242
5.695139147364677 -0.5547364367041054
5.845011230190063 -0.42428674906353087
5.994883313015449 -0.28432470996188536
6.144755395840836 -0.13798821637587427
6.2946274786662215 0.011441921813816671
6.444499561491607 0.16061553636254228
6.594371644316994 0.3061882101904918
6.74424372714238 0.4448962579725016
6.894115809967767 0.5736298967518967
7.043987892793153 0.6895029661203314
7.1938599756185395 0.7899176348630957
7.343732058443925 0.8726226433708881
7.493604141269311 0.9357637760448165
7.643476224094698 0.977925432122024
7.793348306920084 0.9981623629194617
7.943220389745471 0.9960208639585819
8.093092472570856 0.9715489468513772
8.242964555396242 0.9252952628978551
8.39283663822163 0.8582968025274978
8.542708721047015 0.7720556463586624
8.692580803872401 0.6685052891085359
8.842452886697787 0.5499672913590993
8.992324969523173 0.41909923103040986
9.14219705234856 0.278835121469861
9.292069135173946 0.13231963196175237
9.441941217999332 -0.017162414591085657
9.591813300824718 -0.16625968617776848
9.741685383650104 -0.3116294772993626
9.891557466475492 -0.45001265118569433
10.041429549300878 -0.5783067084322641
10.191301632126263 -0.6936353438855666
10.34117371495165 -0.7934129323372283
10.491045797777035 -0.8754024972816544
10.640917880602423 -0.9377658630991423
10.790789963427809 -0.9791048662711255
10.940662046253195 -0.9984927016874046
11.09053412907858 -0.995494701272778
11.240406211903966 -0.9701780790839826
11.390278294729354 -0.9231104243954851
11.54015037755474 -0.8553469765585824
11.690022460380126 -0.7684069669267429
11.839894543205512 -0.66423955825245
11.989766626030898 -0.5451801451816263
12.139638708856284 -0.41389799557233764
12.289510791681671 -0.2733364064999794
12.439382874507057 -0.1266467166291116
12.589254957332443 0.022882345629948342
12.739127040157829 0.1718983941916298
12.888999122983215 0.317060544547078
13.038871205808602 0.4551143151550406
13.188743288633988 0.5829645917102774
13.338615371459374 0.6977450184576957
13.48848745428476 0.7968822608246675
13.638359537110146 0.8781536986271841
13.788231619935534 0.9397372563895674
13.93810370276092 0.9802522536004591
14.087975785586305 0.9987903590575189
14.237847868411691 0.9949359553158956
14.387719951237079 0.968775456677106
14.537592034062465 0.9208953718124634
14.68746411688785 0.8523691544563201
14.837336199713237 0.7647331369717019
14.987208282538623 0.659952086348863
15.13708036536401 0.5403751548584883
15.286952448189396 0.4086832129295614
15.436824531014782 0.2678287450292104
15.586696613840168 0.12096965605662797
15.736568696665554 -0.028601527712870216
15.886440779490941 -0.17753147584508266
16.036312862316326 -0.32248123417082614
16.18618494514171 -0.46020108289933925
16.336057027967097 -0.5876033941300021
16.485929110792483 -0.701831855324057
16.635801193617873 -0.8003255067717502
16.78567327644326 -0.8808761573586414
16.935545359268644 -0.9416778913909448
17.08541744209403 -0.9813675565551967
17.235289524919416 -0.9990553252872607
17.385161607744802 -0.9943446443761
17.535033690570188 -0.9673411255396077
17.684905773395574 -0.9186501776490845
17.83477785622096 -0.8493634336870113
17.984649939046346 -0.7610342767406872
18.134522021871735 -0.6556430137298711
18.28439410469712 -0.5355524776605426
18.434266187522507 -0.40345505378574165
18.584138270347893 -0.2623123173273497
18.73401035317328 -0.11528863605865422
18.883882435998665 0.03431977364683065
19.03375451882405 0.18315874676323135
19.183626601649436 0.32789136874746344
19.333498684474822 0.46527278792495774
19.483370767300208 0.5922229638600385
19.633242850125598 0.7058957207194902
19.783114932950983 0.803742557478511
19.93298701577637 0.8835697843679554
20.082859098601755 0.9435877045848688
20.23273118142714 0.9824507386306554
20.382603264252527 0.9992875917040913
20.532475347077913 0.9937207878074312
20.6823474299033 0.9658751326181959
20.832219512728685 0.9163749153921973
20.98209159555407 0.8463299126300975
21.13196367837946 0.7573105073001002
21.281835761204846 0.6513124814345814
21.43170784403023 0.5307122714375465
21.581579926855618 0.3982136892623569
21.731452009681004 0.25678730395111865
21.88132409250639 0.10960384257913794
22.031196175331775 -0.040036896269449854
22.18106825815716 -0.1887800227613802
22.330940340982547 -0.33329077119932055
22.480812423807933 -0.47032926423127225
22.630684506633322 -0.5968231496984855
22.78055658945871 -0.7099364816306963
22.930428672284094 -0.8071333011023775
23.08030075510948 -0.8862344914907411
23.230172837934866 -0.9454666334617543
23.380044920760252 -0.9835017643734918
23.529917003585638 -0.9994871507057604
23.679789086411024 -0.9930644060291721
23.82966116923641 -0.9643775258958934
23.979533252061795 -0.9140696595128033
24.129405334887185 -0.843268690574945
24.279277417712567 -0.7535619505316514
24.429149500537957 -0.646960631204488
24.579021583363343 -0.5258546946129966
24.728893666188725 -0.39295929091311205
24.878765749014114 -0.25125388573825375
25.028637831839497 -0.10391546168553914
25.178509914664886 0.045752708455114845
25.328381997490276 0.19439511985104824
25.478254080315658 0.33867926479999855
25.628126163141047 0.4753703463161111
25.77799824596643 0.601403801077881
25.92787032879182 0.7139540058006124
26.077742411617205 0.8104976266618259
26.227614494442587 0.8888701915091797
26.377486577267977 0.947314616522882
26.52735866009336 0.9845205993828628
26.67723074291875 0.9996539957605559
26.827102825744138 0.9923755205251786
26.97697490856952 0.962848354390466
27.12684699139491 0.9117344854636155
27.276719074220292 0.8401798677176008
27.426591157045678 0.7497887291283442
27.576463239871067 0.6425876054788381
27.72633532269645 0.5209799061789452
27.87620740552184 0.3876920307183058
28.02607948834722 0.2457122438015915
28.17595157117261 0.09822367956272232
28.325823653998 -0.05146702312110775
28.475695736823383 -0.2000038542459825
28.625567819648772 -0.3440566731801565
28.775439902474158 -0.4803958691811572
28.92531198529954 -0.6059647680701573
29.07518406812493 -0.7179481617327281
29.225056150950312 -0.8138354240400134
29.3749282337757 -0.8914767981548833
29.52480031660109 -0.9491315932824134
29.674672399426473 -0.9855072103115539
29.824544482251863 -0.9997881214075168
29.974416565077245 -0.9916541538431797
30.12428864790263 -0.9612876681528173
30.27416073072802 -0.9093694696765946
30.424032813553403 -0.8370635451574946
30.573904896378792 -0.7459909665904796
30.723776979204175 -0.6381935473899709
30.873649062029564 -0.5160880656907807
31.023521144854953 -0.38241208107923075
31.173393227680336 -0.2401625595231231
31.32326531050572 -0.09252868250689797
31.473137393331108 0.05717965323371141
31.623009476156493 0.20560604236820657
31.772881558981883 0.3494228203332707
31.922753641807265 0.4854056683373644
32.07262572463265 0.6105059013915195
32.22249780745804 0.721918818695393
32.37236989028342 0.81714658398839
32.52224197310881 0.8940542261117013
32.672114055934195 0.950917504269363
32.821986138759584 0.9864615648670643
32.97185822158497 0.9998895232566123
33.121730304410356 0.990900329594034
33.271602387235745 0.9596955182653507
33.42147447006113 0.9069746895604404
33.57134655288652 0.8339198248941474
33.7212186357119 0.742168787221616
33.87109071853729 0.6337786007586195
34.02096280136268 0.5111793332620332
34.17083488418806 0.3771196148125143
34.32070696701345 0.23460501454808871
34.47057904983883 0.08683065691948949
34.62045113266422 -0.06289041181437018
34.770323215489604 -0.2112015008539944
34.920195298314994 -0.354777530621416
35.070067381140376 -0.4903995798103415
35.219939463965765 -0.615027052407349
35.36981154679115 -0.7258658467260923
35.51968362961654 -0.820430998130264
35.66955571244192 -0.896602391018528
35.81942779526731 -0.9526722910295623
35.96929987809269 -0.9873836318126701
36.11917196091808 -0.9999581979888857
36.26904404374347 -0.9901140724509615
36.41891612656885 -0.9580719568403018
36.56878820939424 -0.9045502234980565
36.718660292219624 -0.8307488098238331
36.868532375045014 -0.7383223161244754
37.0184044578704 -0.6293429100892279
37.168276540695786 -0.5062538695591184
37.318148623521175 -0.3718148051444426
37.46802070634656 -0.2290397907790149
37.61789278917195 -0.0811297893010464
37.76776487199733 0.06859911194575664
37.91763695482272 0.2167900465598928
38.0675090376481 0.3601206287809973
38.21738112047348 0.49537744014570007
38.36725320329887 0.6195280731370514
38.51712528612426 0.7297891166357138
38.666997368949644 0.8236885589643475
38.816869451775034 0.8991212094720633
38.966741534600416 0.9543958961275492
39.116613617425806 0.9882733809684462
39.266485700251195 0.9999941433565627
39.41635778307658 0.9892954081487362
39.56622986590197 0.9564170370180217
39.71610194872735 0.9020961508439999
39.86597403155274 0.827550603736191
40.01584611437813 0.7344516791968804
40.16571819720351 0.6248866205652078
40.3155902800289 0.5013118357960605
40.46546236285428 0.3664978257053366
40.61533444567967 0.22346707036974
40.765206528505054 0.0754262662451541
40.915078611330436 -0.07430556677793922
41.064950694155826 -0.22237149656869512
41.21482277698121 -0.3654519399284997
41.3646948598066 -0.5003390864144328
41.51456694263199 -0.6240088162589312
41.66443902545737 -0.7336885000127483
41.81431110828276 -0.8269191598682955
41.96418319110814 -0.9016105990295272
42.11405527393353 -0.95608826314847
42.26392735675892 -0.9891307832122496
42.4137994395843 -0.9999973581831249
42.56367152240969 -0.9884443634828387
42.713543605235074 -0.9547308129652531
42.86341568806046 -0.8996125519218608
43.01328777088585 -0.8243253113108536
43.163159853711235 -0.7305570031276188
43.31303193653662 -0.6204098780441754
43.46290401936201 -0.49635339372925835
43.61277610218739 -0.3611688505238232
43.76264818501278 -0.21788703571950063
43.91252026783816 -0.0697202744322947
44.06239235066355 0.08000958953447661
44.21226443348893 0.2279456681954594
44.36213651631432 0.3707712895662092
44.51200859913971 0.5052843562182153
44.661880681965094 0.6284691351149714
44.811752764790484 0.7375638692275303
44.961624847615866 0.830122695102165
45.111496930441255 0.9040704782113815
45.261369013266645 0.9577493366999098
45.41124109609203 0.9899558104806756
45.56111317891742 0.9999678423633487
45.7109852617428 0.9875609663085866
45.86085734456819 0.9530133398733406
46.01072942739357 0.8970995080216582
46.16060151021896 0.8210730381140098
46.31047359304434 0.7266384153922876
46.46034567586973 0.6159128290531883
46.610217758695114 0.49137870565214825
46.760089841520504 0.35582805402115847
46.909961924345886 0.21229986946691304
47.059834007171276 0.06401200062375455
47.20970608999666 -0.08571099351850986
47.35957817282205 -0.23351237899347038
47.50945025564744 -0.37607850358790734
47.65932233847282 -0.5102130876947367
47.80919442129821 -0.6329088837156782
47.95906650412359 -0.7414150974363756
48.10893858694898 -0.833299059811908
48.25881066977437 -0.9065007665039748
48.40868275259976 -0.9593790624137141
48.558554835425134 -0.9907484357699781
48.708426918250524 -0.9999055968633087
48.85829900107591 -0.9866452455402145
49.008171083901296 -0.9512646739564414
49.158043166726685 -0.8945571013971539
49.30791524955207 -0.8177938905949406
49.45778733237745 -0.722696044249135
49.60765941520284 -0.6113956207839667
49.75753149802823 -0.48638793438991024
49.90740358085362 -0.3504756110055324
50.05727566367899 -0.20670575448402298
50.20714774650438 -0.05830163165553263
50.35701982932977 0.09140959211892273
50.50689191215516 0.2390714467601974
50.65676399498055 0.38137340828459015
50.806636077805926 0.5151251195230102
50.956508160631316 0.6373279167448154
51.106380243456705 0.7452420585857725
51.256252326282095 0.836448150032776
51.40612440910748 0.9089013843621874
51.55599649193286 0.9609773869477619
51.70586857475825 0.9915086331369514
51.85574065758364 0.9998106237203455
52.00561274040902 0.9856972311499366
52.15548482323441 0.9494848724496681
52.30535690605979 0.8919854152631866
52.455228988885175 0.8144879760825471
52.605101071710564 0.7187300187348525
52.75497315453595 0.6068584010880363
52.90484523736134 0.48138124329415116
53.05471732018672 0.3451116966663404
53.20458940301211 0.20110487387030632
53.3544614858375 0.052589354432175696
53.50433356866289 -0.09710519881639997
53.654205651488276 -0.24462268954327876
53.80407773431365 -0.38665583035013357
53.95394981713904 -0.5200202909286405
54.10382189996443 -0.6417260895642047
54.25369398278982 -0.7490446274164735
54.4035660656152 -0.8395698626927346
54.553438148440584 -0.9112722532120405
54.703310231265974 -0.962544257987728
54.853182314091356 -0.9922363776997769
55.003054396916745 -0.9996829260429999
55.152926479742135 -0.9847169541669563
55.30279856256751 -0.9476739936072349
55.4526706453929 -0.8893845337929247
55.60254272821829 -0.81115540278183
55.75241481104368 -0.7147404686603664
55.90228689386907 -0.6023013184719282
56.05215897669444 -0.47635879623755206
56.20203105951983 -0.339736486568403
56.35190314234522 -0.19549741094669681
56.50177522517061 -0.04687535592071035
56.651647307996 0.10279762718956056
56.801519390821376 0.25016592564645634
56.951391473646765 0.3919255968870187
57.101263556472155 0.5248984416890743
57.251135639297544 0.6461032582184214
57.40100772212293 0.7528226794676092
57.550879804948316 0.8426640956158484
57.7007518877737 0.9136132954532624
57.85062397059908 0.9640796242487691
58.00049605342447 0.9929316456388435
58.15036813624986 0.9995225080109101
58.30024021907525 0.9837044466764585
58.450112301900624 0.9458320967005244
58.599984384726014 0.8867545421151214
58.7498564675514 0.8077962797703594
58.89972855037679 0.7107275246065744
59.04960063320218 0.597724522092296
59.19947271602756 0.4713207576084606
59.34934479885295 0.3343501566462989
59.499216881678336 0.18988354924956516
59.649088964503726 0.04115982314449513
59.79896104732911 -0.10848669092104536
59.94883313015449 -0.25570097363557803
60.09870521297988 -0.39718253541191195
60.24857729580526 -0.5297594121388562
60.39844937863065 -0.6504592794395221
60.54832146145604 -0.756576091080777
60.698193544281416 -0.8457307475255951
60.848065627106806 -0.915924434461819
60.997937709932195 -0.9655834354772264
61.147809792757585 -0.993594414197521
61.297681875582974 -0.9993293748746762
61.44755395840835 -0.9826597418185582
61.59742604123374 -0.9439592420161765
61.74729812405913 -0.8840955263113346
61.89717020688452 -0.8044107169946931
62.04704228970991 -0.7066913179200759
62.19691437253528 -0.5931281617510504
62.34678645536067 -0.46626729230558545
62.49665853818606 -0.3289528831985537
62.64653062101144 -0.18426347252472555
62.79640270383683 -0.03544294317711329
62.946274786662215 0.11417220380363653
63.096146869487605 0.26122765234445317
63.24601895231299 0.4024264738613565
63.395891035138376 0.5346030431748736
63.545763117963766 0.6547940106517511
63.69563520078914 0.7603047394040501
63.84550728361453 0.8487697180482255
63.99537936643992 0.9182055945924428
64.1452514492653 0.9670556424522523
64.2951235320907 0.994224661682909
64.44499561491608 0.9991035329556873
64.59486769774146 0.9815828737872058
64.74473978056685 0.9420554908541
64.89461186339224 0.8814075734131004
65.04448394621762 0.8009988252667862
65.194356029043 0.7026319807088836
65.34422811186839 0.5885123878904166
65.49410019469379 0.46119856573254925
65.64397227751917 0.3235448428818891
65.79384436034456 0.1786373647213867
65.94371644316993 0.02972490313623553
66.09358852599533 -0.11985397974633809
66.24346060882071 -0.26674578088083073
66.39333269164611 -0.40765724059742364
66.54320477447149 -0.5394291762615271
66.69307685729687 -0.6591073099761685
66.84294894012226 -0.7640085023960553
66.99282102294765 -0.8517809077160036
67.14269310577303 -0.9204567011810881
67.29256518859842 -0.9684961969874375
67.4424372714238 -0.994822367466544
67.59230935424918 -0.9988449896459153
67.74218143707458 -0.9804738778290835
67.89205351989996 -0.9401209055254606
68.04192560272536 -0.8786907713990867
68.19179768555072 -0.7975607162603551
68.34166976837612 -0.698549645838059
68.4915418512015 -0.5838773515880555
68.6414139340269 -0.45611474379248707
68.79128601685228 -0.3181262127054144
68.94115809967766 -0.17300540998621478
69.09103018250305 -0.024005890177481302
69.24090226532844 0.1255318327804527
69.39077434815383 0.2722551786323338
69.54064643097921 0.4128746644132525
69.69051851380459 0.544237653435932
69.84039059662999 0.6633990362353374
69.99026267945537 0.7676872588299063
70.14013476228075 0.85476421797047
70.29000684510615 0.9226776805473866
70.43987892793153 0.9699050519323745
70.58975101075691 0.9953875119850804
70.7396230935823 0.9985537534076708
70.88949517640769 0.9793327902424418
71.03936725923307 0.9381555493506561
71.18923934205846 0.8759452091922213
71.33911142488384 0.7940965025072142
71.48898350770924 0.6944444469254242
71.63885559053462 0.5792232045521075
71.78872767336001 0.4510159928826165
71.93859975618538 0.31269717002488623
72.08847183901078 0.16736779265718046
72.23834392183616 0.018286091488349886
72.38821600466156 -0.1312055770656898
72.53808808748694 -0.2777556652723297
72.68796017031232 -0.4180785745387707
72.8378322531377 -0.5490283173131308
72.98770433596309 -0.6676690489578961
73.13757641878848 -0.7713408882972093
73.28744850161387 -0.8577195511657124
73.43732058443925 -0.9248684599970509
73.58719266726463 -0.9712821611742052
73.73706475009003 -0.9959200767409226
73.88693683291541 -0.9982298337733303
74.0368089157408 -0.9781596483759135
74.18668099856617 -0.9361594866572396
74.33655308139157 -0.8731709766567535
74.48642516421695 -0.7906062973936269
74.63629724704235 -0.6903165183371477
74.78616932986773 -0.5745500991162157
