0.0 0.0
0.0699037033350337 0.06984678617893136
0.1398074066700674 0.13935240306137245
0.20971111000510115 0.20817734780530045
0.2796148133401348 0.27598544233776695
0.34951851667516853 0.34244547542954346
0.4194222200102023 0.4072328205090286
0.489325923345236 0.4700310213131435
0.5592296266802697 0.5305333376300436
0.6291333300153034 0.588444243583406
0.6990370333503371 0.6434808711398666
0.7689407366853709 0.6953743917887405
0.8388444400204046 0.743871329645155
0.9087481433554382 0.7887347995626984
0.978651846690472 0.8297456642079698
1.0485555500255055 0.8667036044452588
1.1184592533605393 0.8994280978030209
1.1883629566955731 0.9277593002427877
1.2582666600306067 0.9515588269234824
1.3281703633656405 0.9707104281474644
1.3980740667006741 0.985120557186621
1.467977770035708 0.994718827214935
1.5378814733707418 0.9994583551156271
1.6077851767057754 0.9993159904835316
1.6776888800408092 0.9942924287041347
1.7475925833758428 0.984412207556938
1.8174962867108764 0.9697235873597367
1.8873999900459102 0.9502983152392525
1.957303693380944 0.9262312746795514
2.0272073967159776 0.8976400220600398
2.097111100051011 0.8646642124468362
2.167014803386045 0.827464917442263
2.2369185067210786 0.7862238384244502
2.3068222100561124 0.7411424190200087
2.3767259133911462 0.6924408611449377
2.4466296167261796 0.6403570494199512
2.5165333200612134 0.5851453892139542
2.5864370233962473 0.5270755639912986
2.656340726731281 0.4664312180325925
2.726244430066315 0.4035085709633725
2.7961481334013483 0.33861497085802167
2.8660518367363825 0.272067392986352
2.935955540071416 0.20419089153578995
3.0058592434064493 0.13531701187176895
3.0757629467414835 0.06578217109172388
3.145666650076517 -0.004073985217075978
3.2155703534115507 -0.07391024198938421
3.2854740567465845 -0.14338548135999915
3.3553777600816184 -0.21216034886701543
3.4252814634166517 -0.27989891104166187
3.4951851667516856 -0.3462702962881699
3.5650888700867194 -0.41095031103872576
3.6349925734217527 -0.4736230232893441
3.704896276756787 -0.5339823057818167
3.7747999800918204 -0.5917333312940011
3.8447036834268538 -0.6465940127346592
3.914607386761888 -0.6982963810086336
3.9845110900969214 -0.7465878939221312
4.054414793431955 -0.7912326697347256
4.124318496766989 -0.8320126393327292
4.194222200102022 -0.8687286113961141
4.264125903437057 -0.9012012453561299
4.33402960677209 -0.9292719273911604
4.403933310107124 -0.9528035451820037
4.473837013442157 -0.9716811576422296
4.543740716777191 -0.9858125563523138
4.613644420112225 -0.9951287159551838
4.683548123447259 -0.9995841313132151
4.7534518267822925 -0.9991570397798146
4.823355530117326 -0.9938495274999
4.893259233452359 -0.9836875192200445
4.963162936787394 -0.9687206516580616
5.033066640122427 -0.9490220310505613
5.102970343457461 -0.9246878760627404
5.1728740467924945 -0.8958370478046384
5.242777750127528 -0.8626104692495006
5.312681453462562 -0.8251704368901306
5.382585156797596 -0.783699827995468
5.45248886013263 -0.7384012073395796
5.522392563467663 -0.689495837766279
5.5922962668026965 -0.6372225994223075
5.66219997013773 -0.5818368229381317
5.732103673472765 -0.5236090422557171
5.802007376807798 -0.4628236731951544
5.871911080142832 -0.3997776242147083
5.941814783477865 -0.33477884615011466
6.0117184868128986 -0.26814482801694683
6.081622190147933 -0.20020104622339016
6.151525893482967 -0.13127937476828744
6.221429596818 -0.06171646418990446
6.291333300153034 0.008147902816490237
6.361237003488067 0.07797247108018096
6.4311407068231015 0.14741617982893618
6.501044410158135 0.2161398286133754
6.570948113493169 0.28380773414453664
6.640851816828202 0.3500893699517251
6.710755520163237 0.4146609808516964
6.7806592234982705 0.47720716434321403
6.8505629268333035 0.5374224112026285
6.920466630168337 0.5950125977553545
6.990370333503371 0.6496964225341971
7.060274036838405 0.7012067803071216
7.130177740173439 0.7492920667629672
7.200081443508473 0.7937174074823203
7.2699851468435055 0.8342658051905925
7.339888850178539 0.8707391996895029
7.409792553513574 0.902959435289684
7.479696256848607 0.9307691310189552
7.549599960183641 0.9540324493556988
7.619503663518675 0.972635759732423
7.6894073668537075 0.9864881935686126
7.759311070188742 0.9955220881217839
7.829214773523776 0.9996933169887346
7.899118476858809 0.9989815056426488
7.969022180193843 0.9933901309532502
8.038925883528876 0.9829465042039002
8.10882958686391 0.9677016376885892
8.178733290198945 0.9477299955404386
8.248636993533978 0.9231291300087965
8.318540696869011 0.8940192049615457
8.388444400204044 0.8605424089401006
8.458348103539079 0.8228622606340407
8.528251806874113 0.7811628101678246
8.598155510209146 0.7356477401009226
8.66805921354418 0.6865393705325668
8.737962916879214 0.6340775731707324
8.807866620214249 0.5785185996696159
8.877770323549282 0.5201338299586336
8.947674026884314 0.4592084466767821
9.01757773021935 0.39604004218714195
9.087481433554382 0.33093716497561126
9.157385136889417 0.2642178125340235
9.22728884022445 0.19620787808925821
9.297192543559483 0.1272395587653078
9.367096246894517 0.057649732953734434
9.43699995022955 -0.012221685181702895
9.506903653564585 -0.0820334060287845
9.576807356899618 -0.1514444315689701
9.646711060234653 -0.22011572099526677
9.716614763569686 -0.287711846769994
9.786518466904718 -0.3539026330334232
9.856422170239753 -0.41836476836037756
9.926325873574788 -0.48078338498724194
9.99622957690982 -0.5408535967955908
10.066133280244854 -0.5982819885400888
10.136036983579887 -0.6527880490464663
10.205940686914921 -0.7041055413790721
10.275844390249956 -0.7519838032853584
10.345748093584989 -0.7961889715652349
10.415651796920022 -0.83650512438481
10.485555500255057 -0.8727353359548373
10.555459203590091 -0.9047026384222588
10.625362906925124 -0.9322508862764476
10.695266610260157 -0.9552455190479238
10.765170313595192 -0.9735742185741084
10.835074016930225 -0.98714745762168
10.90497772026526 -0.9958989371857703
10.974881423600293 -0.9997859103299847
11.044785126935325 -0.9987893909854484
11.11468883027036 -0.9929142466889848
11.184592533605393 -0.9821891748074457
11.254496236940428 -0.9666665623643262
11.32439994027546 -0.9464222301533475
11.394303643610495 -0.9215550623888895
11.46420734694553 -0.8921865237022696
11.534111050280561 -0.8584600658431093
11.604014753615596 -0.8205404269837733
11.673918456950629 -0.7786128270494828
11.743822160285664 -0.7328820630045007
11.813725863620698 -0.6835715085135403
11.88362956695573 -0.6309220228645631
11.953533270290764 -0.5751907744823701
12.023436973625797 -0.516649984779621
12.093340676960832 -0.4555855984809234
12.163244380295867 -0.392295886914909
12.2331480836309 -0.32708999109652526
12.303051786965934 -0.26028641171592776
12.372955490300965 -0.19221145340970042
12.442859193636 -0.12319763091336686
12.512762896971035 -0.05358204488047902
12.582666600306068 0.01629526469842038
12.652570303641102 0.0860929794341309
12.722474006976134 0.15547016972149677
12.792377710311168 0.22408796002311407
12.862281413646203 0.2916111841198214
12.932185116981236 0.3577100222429191
13.00208882031627 0.4220616120914377
13.071992523651303 0.4843516258653747
13.141896226986338 0.5442758056118593
13.211799930321373 0.6015414493847402
13.281703633656404 0.655868840958432
13.351607336991439 0.7069926161125183
13.421511040326473 0.7546630588134114
13.491414743661506 0.7986473209618723
13.561318446996541 0.8387305597484519
13.631222150331572 0.8747169870613959
13.701125853666607 0.9064308258211713
13.771029557001642 0.9337171685703168
13.840933260336675 0.9564427341248464
13.91083696367171 0.974496518591286
13.980740667006742 0.9877903375694305
14.050644370341775 0.996259256892419
14.12054807367681 0.9998619098001542
14.190451777011843 0.9985806989968221
14.260355480346877 0.9924218826055566
14.33025918368191 0.9814155436003986
14.400162887016945 0.9656154428648575
14.47006659035198 0.9450987565948232
14.539970293687011 0.9199656993284886
14.609873997022046 0.8903390344446016
14.679777700357079 0.8563634745200596
14.749681403692113 0.8182049744757875
14.819585107027148 0.7760499209635912
14.88948881036218 0.730104221953432
14.959392513697214 0.6805923009680701
15.029296217032247 0.6277560008778046
15.099199920367282 0.5718534026097177
15.169103623702316 0.5131575645415327
15.23900732703735 0.4519551887375282
15.308911030372384 0.3885452205413437
15.378814733707415 0.32323738836603594
15.44871843704245 0.2563506908137883
15.518622140377484 0.18821183851506898
15.588525843712517 0.11915365829805842
15.658429547047552 0.04951346748328356
15.728333250382583 -0.020368573755711893
15.798236953717618 -0.09015112391775647
15.868140657052653 -0.1594933274696358
15.938044360387686 -0.2280564797679837
16.007948063722722 -0.29550568147506273
16.07785176705775 -0.36151147438735576
16.147755470392788 -0.42575145068679165
16.21765917372782 -0.4879118277540072
16.287562877062854 -0.5476889808515804
16.35746658039789 -0.6047909261906499
16.42737028373292 -0.6589387471368807
16.497273987067956 -0.7098679565894546
16.56717769040299 -0.7573297888783838
16.637081393738022 -0.8010924148699627
16.70698509707306 -0.8409420743450208
16.776888800408088 -0.876684120118875
16.846792503743124 -0.9081439688029631
16.916696207078157 -0.9351679535640527
16.98659991041319 -0.9576240747157791
17.056503613748227 -0.9754026444761513
17.12640731708326 -0.9884168227417127
17.196311020418293 -0.9966030412613514
17.26621472375333 -0.9999213141378479
17.33611842708836 -0.9983554331405194
17.406022130423395 -0.9919130468749418
17.475925833758428 -0.9806256234230443
17.54582953709346 -0.9645482966360597
17.615733240428497 -0.9437595968311198
17.685636943763527 -0.9183610672069263
17.755540647098563 -0.8884767678521026
17.825444350433596 -0.8542526697689675
17.89534805376863 -0.8158559418725808
17.965251757103665 -0.7734741344477932
18.0351554604387 -0.7273142630527204
18.10505916377373 -0.6776017973433239
18.174962867108764 -0.6245795597582688
18.244866570443797 -0.5685065394434391
18.314770273778834 -0.5096566272095541
18.384673977113867 -0.44831727770204777
18.4545776804489 -0.38478810531784935
18.524481383783932 -0.31937942072742254
18.594385087118965 -0.2524107151504337
18.664288790454002 -0.18420909978867503
18.734192493789035 -0.11510770803891231
18.804096197124068 -0.045444068290055664
18.8739999004591 0.02444154474714178
18.943903603794137 0.09420777212492021
19.01380730712917 0.16351383803932526
19.083711010464203 0.23202121436266748
19.153614713799236 0.2993952741970857
19.22351841713427 0.36530692637242185
19.293422120469305 0.42943422290462213
19.363325823804338 0.49146393156295615
19.43322952713937 0.5510930658648389
19.503133230474404 0.6080303650248708
19.573036933809437 0.6619977166292794
19.642940637144473 0.7127315150866351
19.712844340479506 0.7599839492194272
19.78274804381454 0.8035242127072469
19.852651747149576 0.8431396314690712
19.922555450484605 0.878636702477933
19.99245915381964 0.9098420389338725
20.062362857154675 0.9366032171783621
20.132266560489708 0.9587895212135118
20.202170263824744 0.976292581189348
20.272073967159773 0.9890269027404859
20.34197767049481 0.996930284586632
20.411881373829843 0.9999641223571066
20.481785077164876 0.9981135971553732
20.551688780499912 0.9913877479425024
20.621592483834945 0.9798194273860233
20.691496187169978 0.9634651413898109
20.761399890505015 0.9424047730888395
20.831303593840044 0.9167411926569623
20.90120729717508 0.8865997548336024
20.971111000510113 0.8521276866237555
21.041014703845146 0.8134933681620422
21.110918407180183 0.7708855102535098
21.180822110515212 0.7245122326085035
21.25072581385025 0.6746000472739612
21.32062951718528 0.6213927522266972
21.390533220520314 0.5651502405328397
21.46043692385535 0.5061472308902265
21.530340627190384 0.4446719257544356
21.600244330525417 0.3810246036028585
21.67014803386045 0.31551615221301316
21.740051737195483 0.24846655011931046
21.80995544053052 0.1802033036656703
21.879859143865552 0.11105984728828212
21.949762847200585 0.04137391484233733
22.019666550535618 -0.028514110071880077
22.08957025387065 -0.09826285672570123
22.159473957205687 -0.16753163470044663
22.22937766054072 -0.23598209800278258
22.299281363875753 -0.30327989772867764
22.369185067210786 -0.36909631520338826
22.43908877054582 -0.4331098676203924
22.508992473880856 -0.495007878336447
22.57889617721589 -0.5544880041525896
22.64879988055092 -0.6112597121210674
22.718703583885954 -0.6650456986646116
22.78860728722099 -0.7155832440763638
22.858510990556024 -0.7626254957843149
22.92841469389106 -0.8059426741121452
22.99831839722609 -0.8453231946468129
23.068222100561123 -0.8805747017307313
23.13812580389616 -0.9115250080303088
23.208029507231192 -0.9380229355915652
23.27793321056623 -0.9599390542746348
23.347836913901258 -0.9771663139602184
23.41774061723629 -0.9896205674399945
23.487644320571327 -0.9972409814368647
23.55754802390636 -0.9999903337474242
23.627451727241397 -0.9978551950552378
23.697355430576426 -0.9908459945268486
23.76725913391146 -0.9789969688701141
23.837162837246495 -0.962365995103699
23.90706654058153 -0.9410343078545684
23.976970243916565 -0.9151061025643413
24.046873947251594 -0.8847080265426843
24.116777650586627 -0.8499885603536725
24.186681353921664 -0.8111172925568113
24.256585057256697 -0.7682840913452377
24.326488760591733 -0.7216981771272614
24.396392463926762 -0.6715871005813043
24.4662961672618 -0.6181956311758868
24.536199870596832 -0.5617845615838384
24.60610357393187 -0.50262943383049
24.6760072772669 -0.4410191933981451
24.74591098060193 -0.3772547778608114
24.815814683936967 -0.31164764694311486
24.885718387272 -0.24451826118340134
24.955622090607037 -0.17619451663195318
25.02552579394207 -0.10701014323023075
25.0954294972771 -0.037303074694198086
25.165333200612135 0.03258620213583162
25.23523690394717 0.10231631041614825
25.305140607282205 0.17154665076792353
25.375044310617238 0.23993906494786219
25.444948013952267 0.3071594875950862
25.514851717287304 0.37287957798616034
25.584755420622336 0.43677832382787357
25.654659123957373 0.498543609254091
25.724562827292406 0.557873739367601
25.794466530627435 0.6144789138803899
25.86437023396247 0.6680826426542261
25.934273937297505 0.7184230962272821
26.00417764063254 0.7652543847301775
26.074081343967574 0.8083477589444206
26.143985047302607 0.8474927276367249
26.21388875063764 0.8824980857114735
26.283792453972676 0.9131928481593194
26.35369615730771 0.939427085239993
26.423599860642746 0.961072654819858
26.493503563977775 0.97802382828705
26.563407267312808 0.9901978069869328
26.633310970647845 0.9975351266552819
26.703214673982878 0.9999999478737591
26.773118377317914 0.9975802311289229
26.843022080652947 0.9902877956196903
26.912925783987976 0.9781582615260084
26.982829487323013 0.9612508760207213
27.052733190658046 0.9396482238744971
27.122636893993082 0.9134558240673503
27.192540597328115 0.8828016143771608
27.262444300663145 0.8478353264627013
27.33234800399818 0.8087277544936234
27.402251707333214 0.7656699208998259
27.47215541066825 0.7188721433150744
27.542059114003283 0.6685630072725006
27.611962817338313 0.6149882496698155
27.68186652067335 0.5584095584580373
27.751770224008382 0.4991032944167186
27.82167392734342 0.43735914125912545
27.89157763067845 0.373478690661096
27.961481334013484 0.30777396912495153
28.031385037348517 0.24056591387413348
28.10128874068355 0.17218280522306698
28.171192444018587 0.1029586630794152
28.24109614735362 0.03323161541108896
28.310999850688653 -0.03665775335275616
28.380903554023686 -0.10636806591936644
28.450807257358722 -0.1755588196028302
28.520710960693755 -0.2438920495224465
28.59061466402879 -0.3110339794051255
28.66051836736382 -0.3766566519283199
28.730422070698854 -0.44043953064013774
28.80032577403389 -0.5020710656318615
28.870229477368923 -0.5612502153153887
28.94013318070396 -0.6176879168723914
29.01003688403899 -0.6711084981926745
29.079940587374022 -0.7212510244051633
29.14984429070906 -0.7678705724242293
29.21974799404409 -0.810739427285866
29.289651697379128 -0.8496481944301475
29.359555400714157 -0.8844068224969395
29.42945910404919 -0.9148455316390527
29.499362807384227 -0.9408156428183775
29.56926651071926 -0.962190304034332
29.639170214054296 -0.9788651099373139
29.709073917389325 -0.9907586118006113
29.77897762072436 -0.9978127153598302
29.848881324059395 -0.9999929645765416
29.918785027394428 -0.9972887099401218
29.988688730729464 -0.9897131604856929
30.058592434064494 -0.9773033192740885
30.12849613739953 -0.9601198026489826
30.198399840734563 -0.938246544154051
30.2683035440696 -0.9117903845563605
30.338207247404632 -0.8808805499785686
30.408110950739662 -0.8456680206889806
30.4780146540747 -0.8063247936326559
30.54791835740973 -0.7630430423057731
30.617822060744768 -0.716034178076823
30.6877257640798 -0.6655278175397178
30.75762946741483 -0.6117706609427498
30.827533170749867 -0.5550252871717957
30.8974368740849 -0.4955688711737384
30.967340577419936 -0.43369183008481543
31.03724428075497 -0.36969640467704407
31.10714798409 -0.3038951830516013
31.177051687425035 -0.23660957379029268
31.246955390760068 -0.1681682360230816
31.316859094095104 -0.09890547407997105
31.386762797430137 -0.029159604568758327
31.456666500765166 0.04072869614538655
31.526570204100203 0.1104180559866501
31.596473907435236 0.1795680746134942
31.666377610770272 0.24784098611717278
31.736281314105305 0.31490330885219014
31.806185017440338 0.38042747434016766
31.87608872077537 0.4440934272905816
31.945992424110408 0.5055901889230681
32.015896127445444 0.5646173759551513
32.08579983078047 0.6208866678358707
32.1557035341155 0.6741232150585454
32.22560723745054 0.7240669816736809
32.295510940785576 0.7704740154444927
32.36541464412061 0.8131176394409467
32.43531834745564 0.8517895592518776
32.50522205079067 0.886300880407013
32.57512575412571 0.9164830310392222
32.645029457460744 0.9421885852802395
32.71493316079578 0.9632919833679614
32.78483686413081 0.9796901449478991
32.85474056746584 0.9913029725731138
32.924644270800876 0.9980737429432527
32.99454797413591 0.9999693839716765
33.06445167747095 0.9969806363273344
33.13435538080598 0.9891220986623198
33.20425908414101 0.9764321563041947
33.274162787476044 0.9589727937613884
33.34406649081108 0.9368292919575031
33.41397019414612 0.9101098116733785
33.483873897481146 0.8789448652316288
33.553777600816176 0.8434866790042062
33.62368130415121 0.8039084498568722
33.69358500748625 0.7604034991624984
33.763488710821285 0.7131843285154206
33.833392414156314 0.6624815817592883
33.90329611749135 0.6085429183983755
33.97319982082638 0.5516318038953033
34.04310352416142 0.4920262227638752
34.11300722749645 0.4300173207431351
34.18291093083149 0.3659079826848548
34.25281463416652 0.30001135310091276
34.32271833750155 0.23264930659693786
34.392622040836585 0.16415087566350936
34.46252574417162 0.09485064350439638
34.53242944750666 0.025087109752091268
34.60233315084169 -0.044798962946568155
34.67223685417672 -0.11446621339859163
34.74214055751175 -0.18357434925661548
34.81204426084679 -0.25178580918986443
34.881947964181826 -0.31876741171539397
0.0 0.0
0.12284869719207397 0.1225399289004701
0.24569739438414795 0.24323283407130322
0.3685460915762219 0.36025953166075736
0.4913947887682959 0.47185609794708516
0.6142434859603698 0.5763404566639925
0.7370921831524438 0.6721377326531727
0.8599408803445179 0.7578039896925775
0.9827895775365918 0.832047994704134
1.1056382747286657 0.8937506802926671
1.2284869719207396 0.9419820122604509
1.3513356691128138 0.9760150078561824
1.4741843663048877 0.9953366934636702
1.5970330634969616 0.9996558365668368
1.7198817606890358 0.9889073354484311
1.8427304578811095 0.9632532004572586
1.9655791550731836 0.9230801120534528
2.0884278522652577 0.868993592438964
2.2112765494573314 0.8018088786232946
2.3341252466494056 0.722538634493227
2.4569739438414793 0.6323776871004506
2.5798226410335534 0.5326850172344533
2.7026713382256276 0.42496327573374615
2.8255200354177017 0.31083613428261136
2.9483687326097754 0.19202381208100572
3.071217429801849 0.07031714727000425
3.1940661269939232 -0.05244939607017132
3.3169148241859974 -0.17442537848856426
3.4397635213780715 -0.29377227652597176
3.562612218570145 -0.4086911944696932
3.685460915762219 -0.5174499788059249
3.808309612954293 -0.618409326678219
3.931158310146367 -0.7100474948236077
4.054007007338441 -0.7909832365527572
4.1768557045305155 -0.8599966210489052
4.299704401722589 -0.9160474211797959
4.422553098914663 -0.9582907926662156
4.545401796106737 -0.9860900082776574
4.668250493298811 -0.9990260551147311
4.791099190490885 -0.9969039503200926
4.9139478876829585 -0.9797556800222443
5.036796584875034 -0.9478397172140017
5.159645282067107 -0.9016371258325654
5.28249397925918 -0.8418443097637374
5.405342676451255 -0.7693625160633283
5.528191373643328 -0.685284250611934
5.651040070835403 -0.5908768109576157
5.773888768027477 -0.48756318455320397
5.896737465219551 -0.3769006003058457
6.019586162411625 -0.260557056727715
6.142434859603698 -0.14028618047509556
6.265283556795773 -0.017900794228853486
6.3881322539878465 0.10475440767679443
6.510980951179921 0.22583066402160276
6.633829648371995 0.3435030127660863
6.756678345564068 0.45599779839727494
6.879527042756143 0.5616194059398271
7.002375739948216 0.6587758186752385
7.12522443714029 0.7460026143419768
7.2480731343323646 0.8219850381258165
7.370921831524438 0.885577819737935
7.493770528716513 0.9358224358812733
7.616619225908586 0.9719615579109063
7.73946792310066 0.9934504669212837
7.862316620292734 0.9999652642026351
7.985165317484808 0.9914077533117246
8.108014014676883 0.967906920170316
8.230862711868955 0.9298169888820791
8.353711409061031 0.8777120825722731
8.476560106253103 0.8123775697264897
8.599408803445177 0.7347982264636064
8.722257500637252 0.6461433931710546
8.845106197829326 0.5477493492339102
8.9679548950214 0.4410991715205664
9.090803592213474 0.32780038021464064
9.213652289405548 0.20956070893372958
9.336500986597622 0.08816236434793576
9.459349683789695 -0.03456483672139317
9.58219838098177 -0.1567710478227349
9.705047078173843 -0.27661427529868005
9.827895775365917 -0.3922881423464194
9.950744472557991 -0.5020491162313305
10.073593169750067 -0.6042427882625289
10.19644186694214 -0.697328810416684
10.319290564134214 -0.7799041127446095
10.442139261326286 -0.8507240516085094
10.56498795851836 -0.9087211699861176
10.687836655710436 -0.9530212870707756
10.81068535290251 -0.982956674651643
10.933534050094583 -0.9980761216686698
11.056382747286657 -0.9981517352409803
11.17923144447873 -0.9831823756579219
11.302080141670807 -0.9533936735577312
11.42492883886288 -0.909234629034892
11.547777536054953 -0.8513708439372546
11.670626233247027 -0.7806744893613828
11.793474930439102 -0.6982111595643663
11.916323627631176 -0.6052238104408804
12.03917232482325 -0.5031140246581274
12.162021022015322 -0.39342088583612733
12.284869719207396 -0.2777977801992736
12.407718416399472 -0.15798747536398144
12.530567113591546 -0.035795851895645936
12.653415810783619 0.0869353164252683
12.776264507975693 0.2083561233495216
12.899113205167765 0.3266364134847166
13.021961902359841 0.43999336791959964
13.144810599551915 0.5467183763535128
13.26765929674399 0.6452027906919805
13.390507993936062 0.7339621719287548
13.513356691128136 0.8116586648451906
13.636205388320212 0.8771211632768402
13.759054085512286 0.9293629619996213
13.881902782704358 0.9675966291716384
14.004751479896433 0.9912458751608403
14.127600177088507 0.9999542388616748
14.25044887428058 0.9935904605733564
14.373297571472655 0.97225046045525
14.496146268664729 0.9362558927384477
14.618994965856801 0.8861492974856671
14.741843663048876 0.8226859229761707
14.864692360240952 0.7468223419755345
14.987541057433026 0.6597020334753082
15.110389754625098 0.5626381472265738
15.233238451817172 0.45709371085469797
15.356087149009245 0.34465957789011425
15.47893584620132 0.22703044910072337
15.601784543393395 0.10597932855238867
15.724633240585469 -0.016669200583038012
15.847481937777541 -0.13906647766284966
15.970330634969615 -0.2593676291243029
16.09317933216169 -0.37575937595339853
16.216028029353765 -0.4864873649343643
16.338876726545838 -0.5898826117204775
16.46172542373791 -0.6843866571543127
16.584574120929986 -0.7685750576603845
16.707422818122062 -0.8411788556434787
16.830271515314134 -0.9011037062729758
16.953120212506207 -0.9474463723583493
17.075968909698283 -0.9795083386913545
17.198817606890355 -0.9968063406482274
17.32166630408243 -0.9990796483560509
17.444515001274503 -0.9862939966302535
17.56736369846658 -0.9586421014479721
17.69021239565865 -0.9165407551725577
17.813061092850724 -0.8606245443124084
17.9359097900428 -0.7917362845053045
18.058758487234876 -0.7109143169001186
18.181607184426948 -0.6193768574153888
18.30445588161902 -0.5185036347757502
18.427304578811096 -0.40981509409302663
18.55015327600317 -0.2949494794529023
18.673001973195245 -0.17563814093744848
18.795850670387317 -0.05367943827668122
18.91869936757939 0.06908836552507935
19.041548064771465 0.19081481201815512
19.16439676196354 0.30966513895635484
19.287245459155614 0.42384793535959986
19.410094156347686 0.5316421431502086
19.532942853539762 0.6314229983717076
19.655791550731834 0.7216865209825547
19.77864024792391 0.8010721840942642
19.901488945115982 0.8683834209642526
20.02433764230806 0.9226056606450322
20.147186339500134 0.962921620441376
20.270035036692203 0.9887236246748725
20.39288373388428 0.999622764077182
20.51573243107635 0.9954547577539908
20.638581128268427 0.9762824293632959
20.761429825460503 0.9423947601849765
20.884278522652572 0.8943025333545906
21.007127219844648 0.8327306349151055
21.12997591703672 0.7586071277315604
21.252824614228796 0.67304926295564
21.375673311420872 0.5773466398870698
21.498522008612944 0.47294176806035504
21.62137070580502 0.3614083245412752
21.74421940299709 0.24442743415728466
21.867068100189165 0.1237623301858169
21.98991679738124 0.0012317774358204176
22.112765494573313 -0.12131734168820266
22.23561419176539 -0.24203786493392915
22.35846288895746 -0.35911019216701423
22.481311586149538 -0.4707697118977766
22.604160283341614 -0.5753333989732432
22.727008980533682 -0.6712251825321012
22.84985767772576 -0.7569997018556177
22.97270637491783 -0.8313640920465201
23.095555072109907 -0.8931974711640851
23.218403769301982 -0.9415678350890118
23.341252466494055 -0.9757461054647004
23.464101163686127 -0.9952171189726466
23.586949860878203 -0.9996873923024555
23.709798558070275 -0.9890895457763988
23.83264725526235 -0.9635833189519601
23.955495952454424 -0.9235531628943645
24.0783446496465 -0.8696024454103554
24.201193346838576 -0.8025443565867736
24.324042044030644 -0.7233896517132067
24.44689074122272 -0.6333314163375625
24.569739438414793 -0.5337270830883847
24.69258813560687 -0.4260779713212169
24.815436832798945 -0.3120066579845909
24.938285529991017 -0.1932325207906904
25.061134227183093 -0.07154582232438793
25.18398292437516 0.05121927428343787
25.306831621567238 0.17321235138819813
25.429680318759313 0.2925946278653517
25.552529015951386 0.40756667474892544
25.67537771314346 0.516395537721551
25.79822641033553 0.6174408576432764
25.921075107527606 0.7091795954089105
26.043923804719682 0.790228988460149
26.166772501911755 0.8593673929329735
26.28962119910383 0.9155526972900597
26.412469896295903 0.9579380298926204
26.53531859348798 0.9858845237541344
26.658167290680055 0.998970946074928
26.781015987872124 0.9970000474132936
26.9038646850642 0.9800015347931328
27.026713382256272 0.9482316239349848
27.149562079448348 0.9021691773595787
27.272410776640424 0.842508486573637
27.395259473832496 0.7701488071308166
27.518108171024572 0.6861808043040494
27.64095686821664 0.5918701136714185
27.763805565408717 0.4886382644040162
27.886654262600793 0.3780412527959705
28.009502959792865 0.26174608899409924
28.13235165698494 0.14150567043445136
28.255200354177013 0.01913236071422121
28.378049051369086 -0.10352932785982598
28.50089774856116 -0.22463053629498433
28.623746445753234 -0.3423459264531032
28.74659514294531 -0.45490119406523444
28.869443840137382 -0.5605998125213058
28.992292537329458 -0.6578486043302803
29.115141234521534 -0.7451817548163884
29.237989931713603 -0.8212829060971041
29.36083862890568 -0.8850049983240308
29.48368732609775 -0.9353875591229631
29.606536023289827 -0.9716711806323973
29.729384720481903 -0.9933089659304349
29.852233417673975 -0.9999747723200723
29.97508211486605 -0.9915681272231931
30.09793081205812 -0.9682157425868346
30.220779509250196 -0.9302696049753243
30.343628206442272 -0.8783016701360298
30.466476903634344 -0.813095242006614
30.58932560082642 -0.7356331661065749
30.71217429801849 -0.6470830152721218
30.835022995210565 -0.548779491027243
30.95787169240264 -0.4422043058522465
31.080720389594713 -0.32896384958084063
31.20356908678679 -0.21076497655645576
31.32641778397886 -0.08938927850394544
31.449266481170937 0.03333376910273713
31.572115178363013 0.1555543824165044
31.694963875555082 0.2754303506978226
31.817812572747158 0.3911548036472406
31.94066126993923 0.5009834460573432
32.0635099671313 0.6032608492809538
32.18635866432338 0.6964454032285742
32.309207361515455 0.7791325527978666
32.43205605870753 0.8500759684963879
32.5549047558996 0.908206332156315
32.677753453091675 0.9526474545872763
32.80060215028375 0.9827294822285697
32.92345084747582 0.997998993739187
33.046299544667896 0.9982258343413921
33.16914824185997 0.9834065849049554
33.29199693905205 0.9537646134831316
33.414845636244124 0.909746708523577
33.53769433343619 0.8520163445012578
33.66054303062827 0.7814436814793125
33.78339172782034 0.6990924493328585
33.90624042501241 0.6062039143275364
34.02908912220449 0.5041781697219768
34.151937819396565 0.39455303239767475
34.27478651658864 0.2789808636038942
34.39763521378071 0.15920366319459275
34.520483910972786 0.03702681275770538
34.64333260816486 -0.08570813659771373
34.76618130535693 -0.20715122163151747
34.889030002549006 -0.3254719511571292
35.01187869974108 -0.4388868967271557
35.13472739693316 -0.5456865739503218
35.257576094125234 -0.6442612092620533
35.3804247913173 -0.7331250037705496
35.50327348850938 -0.8109385284534969
35.62612218570145 -0.8765289131463149
35.74897088289352 -0.9289075250168337
35.8718195800856 -0.967284870061598
35.994668277277675 -0.9910824930161549
36.11751697446975 -0.9999416963139199
36.24036567166182 -0.9937289466742444
36.363214368853896 -0.9725378878270834
36.48606306604597 -0.9366879290368133
36.60891176323804 -0.8867194307001366
36.73176046043012 -0.8233855595847313
36.85460915762219 -0.7476409364733076
36.97745785481426 -0.6606272473251703
37.10030655200634 -0.5636560348358368
37.22315524919841 -0.45818892977469927
37.34600394639049 -0.3458156200703533
37.46885264358256 -0.22822988971194422
37.591701340774634 -0.10720408862806893
37.71455003796671 0.015437581645439883
37.83739873515878 0.13784656384834146
37.960247432350855 0.25817780798855217
38.08309612954293 0.374617581470184
38.205944826735006 0.4854108071798103
38.32879352392708 0.5888875174684787
38.45164222111915 0.6834880252930883
38.57449091831123 0.7677864331167771
38.697339615503296 0.8405121252225355
38.82018831269537 0.900568919490153
38.94303700988745 0.9470515899648401
39.065885707079524 0.979259511175748
39.1887344042716 0.996707218545799
39.31158310146367 0.9991317257175716
39.434431798655744 0.9864964885024157
39.55728049584782 0.9589919557048582
39.680129193039896 0.9170326985198192
39.802977890231965 0.8612511617707495
39.92582658742404 0.7924881311752094
40.04867528461612 0.7117800603232383
40.17152398180819 0.6203434483867747
40.29437267900027 0.5195565040323294
40.41722137619233 0.4109383719136673
40.540070073384406 0.29612623486000206
40.66291877057648 0.1768506368947613
40.78576746776856 0.05490939903665466
40.908616164960634 -0.06785947895402611
41.0314648621527 -0.18960552243652343
41.15431355934478 -0.3084936737825396
41.277162256536855 -0.4227319518910574
41.40001095372893 -0.5305984624179836
41.522859650921006 -0.6304673515998628
41.645708348113075 -0.7208333124740818
41.768557045305144 -0.8003342741174482
41.89140574249722 -0.8677719319120193
42.014254439689296 -0.9221298093889742
42.13710313688137 -0.9625885794074086
42.25995183407344 -0.9885384137344629
42.38280053126552 -0.9995881748836714
42.50564922845759 -0.9955713116644725
42.62849792564967 -0.9765483695802886
42.751346622841744 -0.9428060782363368
42.87419532003381 -0.8948530295125391
42.99704401722589 -0.8334120116436803
43.119892714417965 -0.7594091147539785
43.24274141161004 -0.6739597720564577
43.36559010880212 -0.5783519471158135
43.48843880599418 -0.47402672059032913
43.611287503186254 -0.3625565690655418
43.73413620037833 -0.24562166337932728
43.856984897570406 -0.12498454368952037
43.97983359476248 -0.002463553002694215
44.10268229195455 0.12009457040401483
44.22553098914663 0.2408425285582528
44.3483796863387 0.3579603078039149
44.47122838353078 0.4696826115607752
44.594077080722855 0.5743254683428028
44.71692577791492 0.6703116139770192
44.839774475107 0.756194265441007
44.962623172299075 0.8306789279799366
45.08547186949115 0.8926429068082157
45.20832056668323 0.941152229299081
45.33116926387529 0.9754757225968474
45.454017961067365 0.9950960344623476
45.57686665825944 0.9997174312361597
45.69971535545152 0.9892702553823124
45.82256405264359 0.9639119754245994
45.94541274983566 0.9240248124500188
46.06826144702774 0.8702099789546317
46.19111014421981 0.8032786168687831
46.31395884141189 0.7242395713512612
46.436807538603965 0.6342841846359699
46.559656235796034 0.5347683391308999
46.68250493298811 0.4271920204307109
46.80535363018018 0.313176708286294
46.928202327372254 0.1944409363132689
47.05105102456433 0.07277438882400246
47.173899721756406 -0.0499890747829234
47.296748418948475 -0.1719990614768464
47.41959711614055 -0.2914165352578543
47.54244581333263 -0.4064415366369316
47.6652945105247 -0.5153403131225026
47.78814320771678 -0.6164714517800074
47.91099190490885 -0.7083106199728737
48.03384060210092 -0.789473541371883
48.156689299293 -0.8587368609193291
48.279537996485075 -0.9150565842539826
48.40238669367715 -0.957583813662428
48.52523539086921 -0.9856775433714597
48.64808408806129 -0.9989143213202565
48.770932785253365 -0.9970946317820243
48.89378148244544 -0.9802459026309902
49.01663017963752 -0.9486220919266654
49.139478876829585 -0.902699860046748
49.26232757402166 -0.8431713850654423
49.38517627121374 -0.7709339296698285
49.50802496840581 -0.6870763168703449
49.63087366559789 -0.5928625183547598
49.75372236278996 -0.4897126028556055
49.876571059982034 -0.3791813316930905
49.99941975717411 -0.26293472411936086
50.122268454366186 -0.14272494569061567
50.24511715155826 -0.020363898170504866
50.36796584875032 0.10230409096026781
50.4908145459424 0.2234300677417899
50.613663243134475 0.3411883207067861
50.73651194032655 0.45380389952242584
50.85936063751863 0.5595793685180204
50.982209334710696 0.6569203918472705
51.10505803190277 0.7443597646442344
51.22790672909485 0.8205795279553662
51.35075542628692 0.8844308341130834
51.473604123479 0.93495126312335
51.59645282067106 0.9713793290603039
51.71930151786314 0.9931659578155052
51.84215021505521 0.9999827631995598
51.96499891224729 0.9917269966519157
52.087847609439365 0.9685230959526228
52.210696306631434 0.9307208095926145
52.33354500382351 0.878889925073544
52.456393701015585 0.8138116805966573
52.57924239820766 0.73646698959083
52.70209109539974 0.6480216555695048
52.824939792591806 0.5498088001704989
52.94778848978388 0.4433087692378459
53.07063718697596 0.33012681981800707
53.193485884168034 0.21196892439049012
53.31633458136011 0.09061605703171906
53.43918327855217 -0.0321026509075368
53.56203197574425 -0.1543374809912987
53.68488067293632 -0.27424600819304357
53.8077293701284 -0.39002087145817715
53.930578067320475 -0.49991701575308783
54.053426764512544 -0.6022779949860377
54.17627546170462 -0.695560939340412
54.299124158896696 -0.7783598106918237
54.42197285608877 -0.8494265955842064
54.54482155328085 -0.9076901163266392
54.667670250472916 -0.952272176674442
54.79051894766499 -0.9825007987334154
54.91336764485707 -0.9979203515695572
55.036216342049144 -0.9982984188574759
55.15906503924122 -0.9836293020525549
55.28191373643328 -0.95413410628416
55.40476243362536 -0.9102574076752129
55.527611130817434 -0.8526605523211158
55.65045982800951 -0.7822116879313217
55.773308525201585 -0.699972678384988
55.896157222393654 -0.6071830984354019
56.01900591958573 -0.5052415498082736
56.141854616777806 -0.39568458031328746
56.26470331396988 -0.2801635237174861
56.38755201116196 -0.16041960946926012
56.51040070835403 -0.038257717439860284
56.633249405546096 0.0844808267272322
56.75609810273817 0.20594600560789286
56.87894679993025 0.32430699499868776
57.00179549712232 0.43777975962205706
57.12464419431439 0.5446539435898572
57.24749289150647 0.6433186503099012
57.370341588698544 0.7322867232592047
57.49319028589062 0.8102171616440516
57.616038983082696 0.8759353330793133
57.738887680274765 0.9284506786247427
57.86173637746684 0.9669716433132197
57.984585074658916 0.9909176071255636
58.10743377185099 0.9999276365784009
58.23028246904307 0.9938659250138244
58.35313116623513 0.9728238395903015
58.475979863427206 0.9371185441208553
58.59882856061928 0.8872882185162931
58.72167725781136 0.8240839468899567
58.844525955003434 0.7484583965932615
58.9673746521955 0.6615514588210112
59.09022334938758 0.5646730672231965
59.213072046579654 0.45928345349552996
59.33592074377173 0.3469711375527765
59.458769440963806 0.22942898403536877
59.581618138155875 0.10842868604553232
59.70446683534795 -0.014205939284766123
59.82731553254003 -0.13662644088252954
59.9501642297321 -0.25698759512575964
60.07301292692418 -0.3734752185886254
60.19586162411624 -0.484333512922972
60.318710321308316 -0.5878915297114408
60.44155901850039 -0.6825883563917318
60.56440771569247 -0.7669966436290673
60.687256412884544 -0.839844119512534
60.81010511007661 -0.9000327662955196
60.93295380726869 -0.9466553706324677
61.055802504460765 -0.9790091978529655
61.17865120165284 -0.9966065841632025
61.30149989884492 -0.9991822871202768
