0.0 0.0
0.08917820598497511 0.08906005094536806
0.17835641196995022 0.17741229862341065
0.26753461795492534 0.26435456502144694
0.35671282393990045 0.3491958779294682
0.4458910299248755 0.43126196243023546
0.5350692359098507 0.5099005996879221
0.6242474418948257 0.5844868104464175
0.7134256478798009 0.6544278220415259
0.802603853864776 0.7191677794518142
0.891782059849751 0.7781921629471105
0.9809602658347262 0.8310318772254653
1.0701384718197013 0.8772669795402291
1.1593166778046764 0.9165300171880162
1.2484948837896515 0.9485089478329283
1.3376730897746265 0.9729496194578063
1.4268512957596018 0.9896577902331424
1.5160295017445768 0.9985006722507744
1.605207707729552 0.9994079868535695
1.694385913714527 0.9923725231738765
1.783564119699502 0.977450195441777
1.8727423256844773 0.9547595986076757
1.9619205316694523 0.924481065810912
2.0510987376544274 0.8868552351851487
2.1402769436394027 0.8421811373908227
2.2294551496243775 0.7908138190739666
2.318633355609353 0.7331615211389192
2.407811561594328 0.6696824342605578
2.496989767579303 0.6008810574215625
2.586167973564278 0.5273041884151766
2.675346179549253 0.4495365781788807
2.7645243855342283 0.36819628349608086
2.8537025915192036 0.2839297550001486
2.9428807975041784 0.19740669951880888
3.0320590034891537 0.10931475759031109
3.1212372094741285 0.020354038451740296
3.210415415459104 -0.06876844406745428
3.299593621444079 -0.15734439052605653
3.388771827429054 -0.2446698450690631
3.477950033414029 -0.3300507901050844
3.567128239399004 -0.41280866199955674
3.6563064453839798 -0.4922857439478981
3.7454846513689546 -0.5678503931688217
3.834662857353929 -0.638902060874795
3.9238410633389047 -0.7048760651234962
4.0130192693238795 -0.7652480786181158
4.102197475308855 -0.819538295789795
4.19137568129383 -0.8673152460443665
4.280553887278805 -0.9081992228676967
4.369732093263781 -0.9418653015368642
4.458910299248755 -0.9680459214539671
4.54808850523373 -0.9865330125795074
4.637266711218706 -0.9971796490655533
4.726444917203681 -0.9999012169464617
4.815623123188656 -0.9946760866069572
4.9048013291736305 -0.9815457846831382
4.993979535158606 -0.9606146640302297
5.083157741143581 -0.93204907438001
5.172335947128556 -0.8960760402790953
5.261514153113532 -0.8529814568151481
5.350692359098506 -0.8031078174704434
5.439870565083481 -0.7468514921606366
5.529048771068457 -0.6846595770914833
5.618226977053432 -0.6170263414692089
5.707405183038407 -0.5444892993042489
5.7965833890233815 -0.46762493752763007
5.885761595008357 -0.38704413437071106
5.974939800993332 -0.30338730442064765
6.064118006978307 -0.21731930893615475
6.153296212963283 -0.1295241718737586
6.242474418948257 -0.040699643618828385
6.331652624933232 0.04844834437396049
6.420830830918208 0.1372112899590661
6.510009036903183 0.2248837511090511
6.599187242888158 0.310768952403312
6.688365448873133 0.3941843226390954
6.777543654858108 0.4744669195547343
6.866721860843083 0.5509786985521945
6.955900066828058 0.6231115835458638
7.045078272813034 0.6902922996370846
7.134256478798008 0.7519869292068356
7.2234346847829825 0.8077051552170922
7.3126128907679595 0.8570041579972962
7.401791096752934 0.8994921345462864
7.490969302737909 0.9348314123801148
7.580147508722884 0.9627411331784654
7.669325714707858 0.9829994849014676
7.758503920692835 0.9954454646371765
7.847682126677809 0.9999801581695263
7.936860332662785 0.9965675260974115
8.026038538647759 0.9852346902572243
8.115216744632734 0.9660717181725131
8.20439495061771 0.9392309072438436
8.293573156602685 0.9049255743677515
8.38275136258766 0.8634283606042702
8.471929568572634 0.8150690643666616
8.56110777455761 0.7602320203540296
8.650285980542586 0.6993530450577288
8.739464186527561 0.632915973117069
8.828642392512535 0.5614488120516071
8.91782059849751 0.48551954593019775
9.006998804482487 0.4057316213271002
9.09617701046746 0.3227191514404112
9.185355216452436 0.23714187648799975
9.274533422437411 0.1496799204331615
9.363711628422386 0.06102838571077229
9.452889834407362 -0.028108171087701087
9.542068040392337 -0.11702133866594347
9.631246246377312 -0.2050044811097362
9.720424452362286 -0.2913583538640809
9.809602658347261 -0.3753966609676275
9.898780864332238 -0.45645150937835555
9.987959070317212 -0.5338787170423686
10.077137276302187 -0.607062932520022
10.166315482287162 -0.6754225254811955
10.255493688272136 -0.7384142092026339
10.344671894257113 -0.7955373583301094
10.433850100242088 -0.8463379875900514
10.523028306227063 -0.8904123598299363
10.612206512212037 -0.9274101947125577
10.701384718197012 -0.9570374525631593
10.79056292418199 -0.9790586712448347
10.879741130166963 -0.9932988374899288
10.968919336151938 -0.9996447778150621
11.058097542136913 -0.9980460579654961
11.147275748121888 -0.9885153837405317
11.236453954106864 -0.971128500014382
11.325632160091839 -0.9460235887550488
11.414810366076814 -0.9134001708254401
11.503988572061788 -0.8735175202946464
11.593166778046763 -0.8266926038616026
11.68234498403174 -0.7732975617675473
11.771523190016714 -0.7137567502176733
11.860701396001689 -0.6485433688172644
11.949879601986664 -0.5781756998257477
12.039057807971638 -0.5032129891170892
12.128236013956615 -0.4242510015825456
12.21741421994159 -0.3419172862991563
12.306592425926565 -0.2568661890939212
12.395770631911539 -0.16977365214127915
12.484948837896514 -0.08133184192395813
12.574127043881491 0.007756351748576169
12.663305249866465 0.09678290194513883
12.75248345585144 0.18504027164505127
12.841661661836415 0.27182703687677734
12.93083986782139 0.3564534612732302
13.020018073806366 0.4382469777400274
13.109196279791341 0.5165575336712396
13.198374485776316 0.5907627572316182
13.28755269176129 0.6602729036463597
13.376730897746265 0.7245355421878581
13.465909103731242 0.7830399466096781
13.555087309716216 0.8353211541348684
13.644265515701191 0.8809636607398745
13.733443721686166 0.9196047233658152
13.82262192767114 0.9509372428128889
13.911800133656117 0.9747122044061359
14.000978339641092 0.9907406570354038
14.090156545626067 0.9988952148411439
14.17933475161104 0.9991110696113998
14.268512957596016 0.9913865058439907
14.357691163580993 0.9757829143804345
14.446869369565965 0.9524243045032643
14.536047575550942 0.921496318374319
14.625225781535919 0.8832447556467719
14.714403987520893 0.8379736199764894
14.803582193505868 0.7860427029580485
14.892760399490841 0.7278647246870574
14.981938605475818 0.6639020536740791
15.071116811460794 0.5946630321786295
15.160295017445767 0.5206979361675502
15.249473223430744 0.44259460200595185
15.338651429415716 0.36097375463753784
15.427829635400693 0.27648407438345246
15.51700784138567 0.18979704156629568
15.606186047370642 0.10160159993146062
15.695364253355619 0.012598681278208308
15.784542459340592 -0.07650436518406427
15.87372066532557 -0.16499939448188625
15.962898871310545 -0.2521830938480332
16.052077077295518 -0.33736257228801503
16.141255283280493 -0.41986086731967937
16.23043348926547 -0.4990223251212226
16.319611695250444 -0.5742178113289944
16.40878990123542 -0.6448497110723427
16.497968107220395 -0.7103566785078161
16.58714631320537 -0.7702180981058787
16.67632451919034 -0.8239582222341334
16.76550272517532 -0.8711499521536938
16.854680931160296 -0.9114182323792579
16.943859137145267 -0.9444430314263317
17.033037343130246 -0.9699618852561025
17.12221554911522 -0.9877719832039942
17.211393755100197 -0.9977317798140475
17.300571961085172 -0.9997621197690619
17.389750167070144 -0.9938468669761579
17.478928373055123 -0.9800330328081039
17.568106579040098 -0.9584304024812202
17.65728478502507 -0.9292106625392039
17.74646299101005 -0.8926060363771852
17.83564119699502 -0.8489074386501883
17.924819402979995 -0.7984621632337496
18.013997608964974 -0.7416711231116573
18.103175814949946 -0.6789856641267126
18.19235402093492 -0.610903977917161
18.281532226919897 -0.5379671425469925
18.370710432904872 -0.4607548222970534
18.459888638889847 -0.379880660792859
18.549066844874822 -0.29598740408212926
18.638245050859798 -0.2097417924213105
18.727423256844773 -0.12182926136852351
18.816601462829748 -0.0329484942959145
18.905779668814723 0.056194130384775255
18.9949578747997 0.14489015315283804
19.084136080784674 0.23243466384880712
19.173314286769646 0.31813190393617186
19.262492492754625 0.401300796030742
19.3516706987396 0.4812803567517491
19.44084890472457 0.5574349498762556
19.53002711070955 0.6291593380474174
19.619205316694522 0.6958834928882393
19.708383522679497 0.7570771252926203
19.797561728664476 0.8122538998891383
19.886739934649448 0.8609753001832944
19.975918140634423 0.9028541136600465
20.0650963466194 0.9375575091487847
20.154274552604374 0.96480968199351
20.24345275858935 0.98439404600573
20.332630964574324 0.9961549547795735
20.4218091705593 0.9999989386890019
20.51098737654427 0.9958954477361012
20.60016558252925 0.9838770943466782
20.689343788514226 0.9640393941835549
20.7785219944992 0.9365400070374297
20.867700200484176 0.9015974838283264
20.956878406469148 0.8594895296758093
21.046056612454127 0.8105507968421739
21.135234818439102 0.7551702250892016
21.224413024424074 0.6937879505858826
21.313591230409052 0.6268918079335613
21.402769436394024 0.5550134531086165
21.491947642379 0.478724138135433
21.58112584836398 0.39863017107050547
21.67030405434895 0.3153680973792891
21.759482260333925 0.22959964100171534
21.8486604663189 0.1420064453122647
21.937838672303876 0.053284655770616994
22.02701687828885 -0.035860612682758405
22.116195084273826 -0.1247208795158145
22.2053732902588 -0.2125899292421214
22.294551496243777 -0.2987694240566489
22.383729702228752 -0.3825744538638078
22.472907908213728 -0.4633389795889941
22.562086114198703 -0.5404211265130104
22.651264320183678 -0.6132082855606749
22.74044252616865 -0.6811219820012117
22.82962073215363 -0.7436224728665244
22.918798938138604 -0.8002130365493938
23.007977144123576 -0.8504439204901786
23.097155350108554 -0.8939159155777673
23.186333556093526 -0.9302835288573038
23.2755117620785 -0.959257729329699
23.36468996806348 -0.9806082450206512
23.453868174048452 -0.9941653930633207
23.543046380033427 -0.9998214282500842
23.632224586018403 -0.9975313993357666
23.721402792003378 -0.9873135062869142
23.810580997988353 -0.9692489556378642
23.89975920397333 -0.943481315103169
23.988937409958304 -0.9102153725755835
24.078115615943275 -0.869715508577709
24.167293821928254 -0.8223035951021974
24.25647202791323 -0.7683564375394832
24.345650233898205 -0.7083027800232194
24.43482843988318 -0.6426198979934451
24.524006645868152 -0.571829805057999
24.61318485185313 -0.49649510429807553
24.702363057838106 -0.41721451698966355
24.791541263823078 -0.33461812427617993
24.880719469808056 -0.2493623596091041
24.969897675793028 -0.16212479175412112
25.059075881778003 -0.07359873982462607
25.148254087762982 0.01551223686031493
25.237432293747954 0.10449993030190115
25.32661049973293 0.19265711229287044
25.415788705717905 0.2792831551018283
25.50496691170288 0.3636895997004583
25.594145117687855 0.4452056272801469
25.68332332367283 0.52318339057326
25.772501529657806 0.5970031626084821
25.86167973564278 0.6660782619805686
25.950857941627756 0.729859715491016
26.04003614761273 0.7878406211033863
26.129214353597707 0.8395601765387755
26.218392559582682 0.8846073414942285
26.307570765567654 0.9226241043786796
26.396748971552633 0.9533083276040996
26.485927177537608 0.9764161488189165
26.57510538352258 0.9917639189999945
26.66428358950756 0.9992296620001734
26.75346179549253 0.9987540439516579
26.842640001477506 0.9903408448209446
26.931818207462484 0.9740569283675992
27.020996413447456 0.9500317107456477
27.11017461943243 0.9184561319708473
27.199352825417407 0.879581138428107
27.288531031402382 0.833715688479282
27.377709237387357 0.7812242970217534
27.466887443372332 0.7225241385123707
27.556065649357308 0.6580817314804231
27.64524385534228 0.5884092308794238
27.73442206132726 0.5140603577441561
27.823600267312234 0.43562599850202827
27.91277847329721 0.35372950891303134
28.001956679282184 0.26902175996026345
28.091134885267156 0.18217596506366351
28.180313091252135 0.09388232972758358
28.26949129723711 0.004842566144106116
28.35866950322208 -0.0842356836529131
28.44784770920706 -0.17264447176108966
28.537025915192032 -0.2596811708136046
28.626204121177008 -0.3446540580985155
28.715382327161986 -0.42688781301342055
28.80456053314696 -0.5057288841646707
28.89373873913193 -0.5805506834561649
28.98291694511691 -0.6507585658877911
29.072095151101884 -0.715794555486589
29.16127335708686 -0.7751417798115157
29.250451563071838 -0.8283285777885226
29.339629769056806 -0.874932248229055
29.428807975041785 -0.9145824092407149
29.51798618102676 -0.9469639418311283
29.607164387011736 -0.971819494310901
29.69634259299671 -0.9889515275918602
29.785520798981683 -0.9982238851256602
29.874699004966658 -0.9995628750056772
29.963877210951637 -0.9929578556322041
30.053055416936612 -0.9784613202863888
30.142233622921587 -0.9561884799407577
30.23141182890656 -0.9263163476219376
30.320590034891534 -0.889082331602578
30.40976824087651 -0.8447823486030772
30.49894644686149 -0.7937684719983825
30.588124652846464 -0.7364461337207331
30.677302858831432 -0.6732709020961436
30.76648106481641 -0.6047448612227266
30.855659270801386 -0.5314126206657493
30.94483747678636 -0.4538569871821729
31.03401568277134 -0.37269433287369935
31.123193888756308 -0.28856969657980536
31.212372094741283 -0.20215165744229308
31.301550300726262 -0.11412702138377738
31.390728506711238 -0.025195362729072013
31.479906712696213 0.06393653565008656
31.569084918681185 0.15256029948008934
31.65826312466616 0.23997159287817998
31.74744133065114 0.3254757160501007
31.836619536636114 0.40839312640510445
31.92579774262109 0.4880648392093609
32.01497594860606 0.5638576648561026
32.104154154591036 0.6351692411294783
32.193332360576015 0.7014328204681575
32.28251056656099 0.7621217741821367
32.371688772545966 0.8167537778254661
32.46086697853094 0.864894644461696
32.55004518451591 0.9061617753573321
32.63922339050089 0.9402272006788658
32.72840159648587 0.9668201860275424
32.81757980247084 0.9857293840964826
32.90675800845581 0.9968045143498747
32.99593621444079 0.999957557375017
33.08511442042576 0.9951634544151315
33.17429262641074 0.9824603065234156
33.26347083239572 0.9619490717555594
33.35264903838068 0.9337927628072878
33.44182724436566 0.8982151514736657
33.53100545035064 0.8554989902265211
33.62018365633561 0.8059837650438852
33.70936186232059 0.7500629973508406
33.79854006830556 0.6881811165145963
33.887718274290535 0.6208299277494862
33.976896480275514 0.5485447035032536
34.06607468626049 0.4718999293882263
34.155252892245464 0.39150473846649864
34.24443109823044 0.3079980701750739
34.333609304215415 0.22204359236540636
34.42278751020039 0.134324426814184
34.511965716185365 0.04553772012447296
34.601143922170344 -0.043610896835321544
34.690322128155316 -0.13241291692093954
34.77950033414029 -0.2201625875610107
34.868678540125266 -0.3061625197138055
34.957856746110245 -0.3897292303549824
35.04703495209522 -0.47019857444752244
35.136213158080196 -0.5469310232233358
35.22539136406517 -0.6193167468274202
35.31456957005014 -0.6867804609304917
35.40374777603512 -0.7487859987915617
35.4929259820201 -0.8048405724341473
35.58210418800507 -0.8544986890704952
35.67128239399004 -0.8973656916480782
35.76046059997502 -0.9331008953799179
35.84963880595999 -0.9614202953312319
35.93881701194497 -0.9820988235439282
36.02799521792995 -0.9949721377604257
36.11717342391491 -0.9999379275310106
36.20635162989989 -0.9969567273244258
36.29552983588487 -0.986052230179517
36.38470804186984 -0.9673110994052083
36.47388624785482 -0.9408822798252939
36.56306445383979 -0.9069758140419509
36.652242659824765 -0.8658611731256538
36.741420865809744 -0.8178651149983461
36.83059907179472 -0.7633690875303234
36.919777277779694 -0.70280619698965
37.008955483764666 -0.6366577659373169
37.098133689749645 -0.5654495079242347
37.18731189573462 -0.4897473493915877
37.276490101719595 -0.4101529319798553
37.365668307704574 -0.327298830991964
37.454846513689546 -0.24184352801161663
37.54402471967452 -0.15446617763188997
37.633202925659496 -0.06586120988546293
37.72238113164447 0.02326718872644731
37.81155933762945 0.11221067174459115
37.90073754361442 0.2002623623232836
37.9899157495994 0.2867224711223847
38.07909395558437 0.3709038578713361
38.16827216156935 0.45213749240503875
38.25745036755432 0.529777771769862
38.34662857353929 0.6032076511423798
38.43580677952427 0.6718435477827779
38.52498498550925 0.7351399790489203
38.61416319149422 0.7925938976105501
38.7033413974792 0.8437486894095562
38.79251960346417 0.888197802592542
38.88169780944914 0.9255879785749203
38.97087601543412 0.955622059557598
39.0600542214191 0.9780613501836192
39.14923242740407 0.9927275145655341
39.238410633389044 0.9995039936068874
39.32758883937402 0.9983369313536845
39.416767045358995 0.9892356030136895
39.505945251343974 0.9722723412418645
39.59512345732895 0.9475819612778054
39.68430166331392 0.9153606895038808
39.773479869298896 0.8758646039393145
39.862658075283875 0.8294075990644356
39.95183628126885 0.776358891149524
40.041014487253825 0.7171400839146569
40.1301926932388 0.6522218178412157
40.21937089922377 0.5821200297644902
40.30854910520875 0.5073918524743093
40.39772731119373 0.4286311869115136
40.4869055171787 0.346463982150137
40.57608372316367 0.2615432606775823
40.66526192914865 0.17454392850932166
40.75444013513362 0.0861574113846332
40.8436183411186 -0.0029138403279613838
40.93279654710358 -0.09196193434321914
41.02197475308854 -0.18027916242130287
41.11115295907352 -0.2671636248672456
41.2003311650585 -0.35192480886696814
41.28950937104347 -0.4338890763263854
41.37868757702845 -0.5124050175989192
41.46786578301342 -0.5868486285527391
41.5570439889984 -0.656628269833227
41.64622219498337 -0.7211893689068188
41.73540040096835 -0.7800188275169962
41.824578606953324 -0.8326490995240693
41.913756812938296 -0.8786619067203458
42.002935018923274 -0.9176915630891845
42.09211322490825 -0.9494278810884992
42.181291430893225 -0.973618636861078
42.270469636878204 -0.9900715747794782
42.359647842863176 -0.9986559353944028
42.44882604884815 -0.9993034946432504
42.538004254833126 -0.9920091060597059
42.627182460818105 -0.976830741675199
42.71636066680308 -0.9538890312871549
42.80553887278805 -0.923366303755688
42.89471707877303 -0.8855051379480327
42.983895284758 -0.8406064348470593
43.07307349074298 -0.7890270261457164
43.16225169672796 -0.7311768383331344
43.25142990271292 -0.6675156348106975
43.3406081086979 -0.5985493619300521
43.42978631468288 -0.5248261279929888
43.51896452066785 -0.4469318471698356
43.60814272665283 -0.36548558295636024
43.6973209326378 -0.28113462817702195
43.78649913862277 -0.19454936063601588
43.87567734460775 -0.10641791530089034
43.96485555059273 -0.017440715361400752
44.0540337565777 0.07167509437210565
44.143211962562674 0.16022126749027307
44.23239016854765 0.24749408476123141
44.321568374532625 0.33279994692741666
44.4107465805176 0.41546088707413353
44.49992478650258 0.49481995876023804
