0.0 0.0
0.03650823384188223 0.036500124375498044
0.07301646768376446 0.07295160492195113
0.10952470152564671 0.10930586263809627
0.14603293536752893 0.14551444809183814
0.18254116920941116 0.18152910598895775
0.21904940305129342 0.21730183948309265
0.2555576368931756 0.25278497414128315
0.29206587073505785 0.28793122147983713
0.3285741045769401 0.32269374198583894
0.3650823384188223 0.3570262075403137
0.4015905722607046 0.3908828631598554
0.43809880610258684 0.42421858797443474
0.474607039944469 0.4569889553601234
0.5111152737863512 0.48915029214659334
0.5476235076282334 0.5206597368204863
0.5841317414701157 0.5514752966470857
0.620639975311998 0.5815559036341649
0.6571482091538802 0.6108614692634273
0.6936564429957625 0.6393529379166
0.7301646768376446 0.6669923389249761
0.7666729106795269 0.6937428371730445
0.8031811445214092 0.7195687821887612
0.8396893783632914 0.7444357556550447
0.8761976122051737 0.7683106172791739
0.9127058460470558 0.7911615489589592
0.949214079888938 0.8129580971868257
0.9857223137308203 0.8336712136352978
1.0222305475727025 0.8532732938697948
1.0587387814145848 0.8717382141371468
1.0952470152564668 0.8890413661808019
1.1317552490983491 0.9051596900363257
1.1682634829402314 0.9200717047634875
1.2047717167821137 0.9337575370739764
1.241279950623996 0.9461989478165936
1.277788184465878 0.9573793562846268
1.3142964183077603 0.9672838623130086
1.3508046521496426 0.9758992661358132
1.387312885991525 0.9832140859776254
1.4238211198334072 0.989218573355338
1.4603293536752893 0.993904726069986
1.4968375875171718 0.9972662988713016
1.5333458213590538 0.9992988117807787
1.569854055200936 0.9999995560621544
1.6063622890428184 0.99936759783135
1.6428705228847005 0.9974037793010609
1.6793787567265828 0.994110717658338
1.715886990568465 0.9894928015766535
1.7523952244103473 0.9835561853671027
1.7889034582522294 0.9763087807765342
1.8254116920941117 0.9677602464435404
1.861919925935994 0.9579219750263601
1.898428159777876 0.9468070780198472
1.9349363936197586 0.9344303682817406
1.9714446274616406 0.9208083402915237
2.0079528613035227 0.9059591481681792
2.044461095145405 0.8899025814761391
2.0809693289872873 0.8726600388516704
2.1174775628291695 0.8542544994848466
2.153985796671052 0.8347104924951091
2.1904940305129337 0.8140540642412346
2.2270022643548164 0.79231274360927
2.2635104981966983 0.7695155053247036
2.300018732038581 0.7456927313377547
2.336526965880463 0.7208761703332585
2.373035199722345 0.6950988954190905
2.4095434335642274 0.6683952600495375
2.4460516674061097 0.6408008522423395
2.482559901247992 0.6123524471504291
2.5190681350898743 0.5830879580515712
2.555576368931756 0.5530463858212196
2.592084602773639 0.5222677669559282
2.6285928366155207 0.49079312021659166
2.665101070457403 0.45866439196260966
2.7016093042992853 0.42592440024984857
2.7381175381411675 0.39261677776688286
2.77462577198305 0.35878591368557633
2.811134005824932 0.32447689450349504
2.8476422396668144 0.28973544395699186
2.8841504735086962 0.2546078620850417
2.9206587073505785 0.21914096352503398
2.957166941192461 0.1833820151227629
2.9936751750343435 0.14737867293975296
3.0301834088762254 0.11117891874188054
3.0666916427181077 0.07483099605392132
3.1031998765599895 0.03838334586525973
3.139708110401872 0.0018845420724281537
3.1762163442437545 -0.03461677325547306
3.212724578085637 -0.07107195470221213
3.2492328119275187 -0.10743241833432472
3.285741045769401 -0.143649706449073
3.322249279611283 -0.17967555215417363
3.3587575134531655 -0.21546194369323918
3.395265747295048 -0.2509611884311897
3.43177398113693 -0.28612597641438026
3.468282214978812 -0.32090944342072014
3.5047904488206947 -0.3552652334157697
3.541298682662577 -0.38914756033156717
3.577806916504459 -0.4225112690858673
3.614315150346341 -0.4553118957604592
3.6508233841882234 -0.48750572685836613
3.687331618030106 -0.5190498575609604
3.723839851871988 -0.5499022489073464
3.7603480857138702 -0.5800217838198176
3.796856319555752 -0.6093683219007101
3.8333645533976344 -0.6379027529276378
3.869872787239517 -0.6655870489758053
3.9063810210813994 -0.6923843150979417
3.9428892549232812 -0.7182588384943122
3.9793974887651635 -0.7431761361072772
4.015905722607045 -0.7671030005769686
4.0524139564489285 -0.7900075444968442
4.08892219029081 -0.8118592429101283
4.125430424132692 -0.8326289739905238
4.1619386579745745 -0.8522890578529537
4.198446891816457 -0.8708132934426333
4.234955125658339 -0.8881769934532961
4.271463359500221 -0.9043570172280445
4.307971593342104 -0.9193318015989738
4.344479827183986 -0.933081389624474
4.380988061025867 -0.945587457185907
4.4174962948677505 -0.9568333374082179
4.454004528709633 -0.9668040428719286
4.490512762551515 -0.9754862855869203
4.5270209963933965 -0.9828684947013788
4.563529230235279 -0.9889408319223044
4.600037464077162 -0.9936952046270354
4.636545697919044 -0.9971252766483112
4.673053931760926 -0.9992264767185028
4.709562165602808 -0.9999960045617551
4.74607039944469 -0.9994328346259227
4.7825786332865725 -0.9975377174493272
4.819086867128455 -0.9943131786605118
4.855595100970337 -0.9897635156123289
4.892103334812219 -0.9838947916548441
4.928611568654102 -0.9767148280546909
4.965119802495984 -0.9682331935716445
5.001628036337866 -0.9584611917063062
5.0381362701797485 -0.947411845635892
5.07464450402163 -0.9350998808582057
5.111152737863512 -0.92154170556692
5.147660971705395 -0.9067553887843276
5.184169205547278 -0.8907606362806993
5.220677439389159 -0.8735787643123417
5.257185673231041 -0.8552326712133554
5.293693907072924 -0.8357468068789571
5.330202140914806 -0.8151471401810254
5.366710374756688 -0.7934611243593065
5.4032186085985705 -0.7707176604343954
5.439726842440453 -0.7469470586912563
5.476235076282335 -0.722180998284612
5.512743310124217 -0.6964524850200358
5.5492515439661 -0.6697958073670118
5.585759777807982 -0.642246490762586
5.622268011649864 -0.6138412502665048
5.658776245491746 -0.5846179416309429
5.695284479333629 -0.5546155108500207
5.731792713175511 -0.523873942256364
5.7683009470173925 -0.49243420523385373
5.804809180859275 -0.46033819961760175
5.841317414701157 -0.42762869985391355
5.87782564854304 -0.3943492979946478
5.914333882384922 -0.36054434560195786
5.950842116226804 -0.3262588946408196
5.987350350068687 -0.2915386374381445
6.0238585839105685 -0.25642984578847455
6.060366817752451 -0.22097930928741003
6.096875051594332 -0.18523427297497957
6.133383285436215 -0.14924237437202023
6.169891519278098 -0.11305157999351506
6.206399753119979 -0.07671012142346194
6.242907986961862 -0.04026643103649179
6.279416220803744 -0.0037690774519014134
6.315924454645626 0.03273329919390852
6.352432688487509 0.06919205207028543
6.3889409223293905 0.105558592484107
6.425449156171274 0.14178445463409214
6.461957390013155 0.17782136020131162
6.498465623855037 0.2136212826898666
6.5349738576969205 0.24913651143194016
6.571482091538802 0.28431971517195237
6.607990325380684 0.3191240051450793
6.644498559222566 0.3535029975660458
6.681006793064449 0.38741087544494895
6.717515026906331 0.4208024496476931
6.7540232607482125 0.4536332191196969
6.790531494590096 0.4858594301925867
6.827039728431977 0.5174381348948383
6.86354796227386 0.5483272481886835
6.9000561961157425 0.578485604056959
6.936564429957624 0.6078730103651935
6.973072663799507 0.6364503024257887
7.009580897641389 0.6641793951929148
7.046089131483271 0.6910233340185749
7.082597365325154 0.7169463439021794
7.119105599167035 0.7419138771679935
7.155613833008918 0.7658926595069412
7.192122066850801 0.7888507343213734
7.228630300692682 0.8107575053137257
7.2651385345345645 0.8315837772623036
7.301646768376447 0.8513017949298397
7.338155002218329 0.8698852800529873
7.374663236060212 0.8873094663634434
7.411171469902094 0.9035511325940295
7.447679703743976 0.9185886334257501
7.484187937585857 0.9324019283345724
7.5206961714277405 0.9449726082994983
7.557204405269623 0.9562839203363205
7.593712639111504 0.9663207898243794
7.630220872953387 0.9750698405965564
7.666729106795269 0.9825194127657312
7.703237340637151 0.9886595782639522
7.739745574479034 0.9934821540736021
7.776253808320916 0.9969807131329304
7.812762042162799 0.9991505929014204
7.84927027600468 0.9999889015735695
7.8857785098465625 0.9994945219328083
7.922286743688446 0.9976681128404186
7.958794977530327 0.9945121083574667
7.995303211372209 0.9900307145009227
8.03181144521409 0.9842299036382888
8.068319679055973 0.9771174065282059
8.104827912897857 0.9687027020176483
8.141336146739738 0.9589970044094361
8.17784438058162 0.9480132485168954
8.214352614423502 0.935766072425596
8.250860848265384 0.9222717979851277
8.287369082107267 0.9075484090569214
8.323877315949149 0.8916155275471002
8.360385549791031 0.874494387256305
8.396893783632914 0.8562078055813424
8.433402017474796 0.8367801531063686
8.469910251316678 0.816237321124137
8.50641848515856 0.7946066871305917
8.542926719000443 0.7719170783387931
8.579434952842325 0.7481987332608027
8.615943186684207 0.7234832614087232
8.65245142052609 0.6978036011686043
8.688959654367972 0.6711939759033528
8.725467888209854 0.6436898483431515
8.761976122051735 0.6153278733241686
8.798484355893619 0.5861458489385384
8.834992589735501 0.5561826661607394
8.871500823577383 0.5254782570174584
8.908009057419266 0.49407354137006176
8.944517291261146 0.4620103723805686
8.98102552510303 0.4293314807338048
9.017533758944912 0.396080417690102
9.054041992786793 0.36230149704438397
9.090550226628677 0.3280397360690338
9.127058460470558 0.2933407955192523
9.16356669431244 0.25825091878080425
9.200074928154324 0.2228168702413316
9.236583161996204 0.18708587296730886
9.273091395838089 0.1511055457696987
9.309599629679969 0.11492383974224071
9.346107863521851 0.07858897435685386
9.382616097363735 0.042149373201414
9.419124331205616 0.00565359944548821
9.455632565047498 -0.030849708879968102
9.49214079888938 -0.06731190370264821
9.528649032731263 -0.10368439174233993
9.565157266573145 -0.1399186992713392
9.601665500415027 -0.17596653671553744
9.63817373425691 -0.21177986301008686
9.674681968098792 -0.24731094962387667
9.711190201940674 -0.28251244416749466
9.747698435782556 -0.31733743349990357
9.784206669624439 -0.35173950624972966
9.820714903466321 -0.3856728146678415
9.857223137308203 -0.4190921357287874
9.893731371150086 -0.45195293139966203
9.930239604991968 -0.48421140799608087
9.96674783883385 -0.5158245745461595
10.003256072675732 -0.546750300084715
10.039764306517613 -0.5769473698013331
10.076272540359497 -0.6063755399674804
10.11278077420138 -0.6349955915694325
10.14928900804326 -0.6627693825755884
10.185797241885144 -0.689659898768473
10.222305475727024 -0.7156313030736879
10.258813709568908 -0.74064898332011
10.29532194341079 -0.7646795983676208
10.331830177252671 -0.78769112254096
10.368338411094555 -0.8096528883104415
10.404846644936436 -0.8305356271626547
10.441354878778318 -0.8503115086067182
10.477863112620202 -0.8689541772640507
10.514371346462083 -0.8864387879922664
10.550879580303965 -0.9027420389963813
10.587387814145847 -0.9178422028831792
10.62389604798773 -0.93171915561738
10.660404281829612 -0.9443544033410032
10.696912515671494 -0.95573110702019
10.733420749513376 -0.965834104886636
10.769928983355259 -0.9746499326437268
10.806437217197141 -0.9821668414104477
10.842945451039023 -0.9883748133791542
10.879453684880906 -0.9932655751663352
10.915961918722788 -0.9968326088385768
10.95247015256467 -0.9990711605990328
10.988978386406552 -0.9999782471228238
11.025486620248435 -0.9995526595329243
11.061994854090317 -0.997794965011236
11.0985030879322 -0.9947075060427037
11.13501132177408 -0.990294397293478
11.171519555615964 -0.9845615201272856
11.208027789457846 -0.9775165147673205
11.244536023299728 -0.969168770114092
11.28104425714161 -0.9595294112328094
11.317552490983491 -0.9486112845269732
11.354060724825375 -0.9364289406179305
11.390568958667258 -0.9229986149532221
11.427077192509138 -0.9083382061695471
11.463585426351022 -0.8924672522391923
11.500093660192903 -0.8754069044317244
11.536601894034785 -0.8571798991256163
11.573110127876669 -0.8378105275074125
11.60961836171855 -0.8173246031987904
11.646126595560432 -0.7957494278546579
11.682634829402314 -0.7731137547781624
11.719143063244196 -0.7494477506010699
11.75565129708608 -0.7247829550806012
11.792159530927963 -0.6991522390663036
11.828667764769843 -0.6725897606929627
11.865175998611726 -0.6451309198579491
11.901684232453608 -0.6168123110436722
11.93819246629549 -0.5876716745479944
11.974700700137374 -0.5577478461876194
12.011208933979253 -0.5270807055414871
12.047717167821137 -0.4957111228031128
12.08422540166302 -0.4636809043127834
12.120733635504902 -0.4310327368420954
12.157241869346784 -0.39781013070517096
12.193750103188664 -0.36405736177232734
12.230258337030548 -0.3298194124634788
12.26676657087243 -0.29514191179994254
12.303274804714313 -0.26007107459448386
12.339783038556195 -0.22465363986069994
12.376291272398076 -0.18893680852379152
12.412799506239958 -0.1529681805157363
12.449307740081842 -0.11679569133872066
12.485815973923724 -0.08046754818134716
12.522324207765607 -0.04403216567275578
12.558832441607487 -0.007538101360306294
12.59534067544937 0.02896600900322474
12.631848909291252 0.06543151627665197
12.668357143133136 0.10180982276525159
12.704865376975018 0.13805244698705108
12.741373610816899 0.17411108828425953
12.777881844658781 0.20993769119370428
12.814390078500663 0.2454845094904869
12.850898312342547 0.2807041698195341
12.88740654618443 0.31554973483020654
12.92391478002631 0.3499747657298603
12.960423013868192 0.38393338417296974
12.996931247710075 0.4173803334033327
13.033439481551957 0.45027103856789663
13.069947715393841 0.4825616661218035
13.10645594923572 0.5142091822454818
13.142964183077604 0.5451714101959748
13.179472416919486 0.5754070865159854
13.215980650761368 0.6048759160258375
13.252488884603252 0.6335386255249789
13.288997118445131 0.6613570161314908
13.325505352287015 0.6882940141898767
13.362013586128898 0.7143137206792114
13.39852181997078 0.7393814590558974
13.435030053812662 0.7634638214671945
13.471538287654543 0.7865287132739688
13.508046521496425 0.8085453958233223
13.544554755338309 0.8294845274140857
13.581062989180191 0.8493182024005946
13.617571223022074 0.8680199883826356
13.654079456863954 0.8855649614319825
13.690587690705836 0.9019297393085978
13.72709592454772 0.9170925126222118
13.763604158389603 0.9310330738977657
13.800112392231485 0.9437328445059792
13.836620626073366 0.9551748994231444
13.873128859915248 0.9653439897871604
13.90963709375713 0.9742265632197353
13.946145327599014 0.9818107818876862
13.982653561440896 0.9880865382792535
14.019161795282779 0.9930454686744156
14.05567002912466 0.9966809642912432
14.092178262966542 0.9989881800934441
14.128686496808424 0.9999640412473576
14.165194730650308 0.9996072472197947
14.20170296449219 0.9979182735112633
14.23821119833407 0.9948993710222674
14.274719432175953 0.990554563053524
14.311227666017835 0.9848896399440984
14.34773589985972 0.9779121513546012
14.384244133701602 0.9696313962057331
14.420752367543482 0.9600584102855831
14.457260601385364 0.9492059515421991
14.493768835227247 0.9370884830810325
14.530277069069129 0.9237221538899123
14.566785302911013 0.9091247773172372
14.603293536752894 0.8933158073320754
14.639801770594776 0.8763163125977921
14.676310004436658 0.8581489483937838
14.71281823827854 0.8388379264227133
14.749326472120424 0.8184089825434983
14.785834705962303 0.7968893424730585
14.822342939804187 0.7743076855025026
14.85885117364607 0.7506941062761688
14.895359407487952 0.7260800746843833
14.931867641329834 0.7004983939234457
14.968375875171715 0.6739831567787085
15.004884109013597 0.6465697001890103
15.041392342855481 0.6182945581530344
15.077900576697363 0.5891954130403357
15.114408810539246 0.5593110453719231
15.150917044381126 0.5286812821373454
15.187425278223008 0.4973469437171317
15.223933512064892 0.4653497894813503
15.260441745906775 0.4327324621367678
15.296949979748657 0.39953843089677304
15.333458213590538 0.3658119335498294
15.36996644743242 0.33159791750362877
15.406474681274302 0.2969419798835516
15.442982915116186 0.2618903067652282
15.479491148958068 0.22648961162222067
15.515999382799949 0.19078707307082357
15.552507616641831 0.154830271994975
15.589015850483714 0.1186671281350738
15.625524084325598 0.08234583622518409
15.66203231816748 0.04591480176377239
15.69854055200936 0.009422576503540723
15.735048785851243 -0.027082206253644946
15.771557019693125 -0.06355089647049815
15.808065253535007 -0.09993489221037474
15.844573487376891 -0.13618570440922464
15.88108172121877 -0.17225502149710753
15.917589955060654 -0.20809477378319832
15.954098188902536 -0.24365719751837828
15.990606422744419 -0.278894898550158
16.027114656586303 -0.31376091548500273
16.06362289042818 -0.34820878227391894
16.100131124270064 -0.3821925901379255
16.136639358111946 -0.4156670487507992
16.173147591953832 -0.4485875465976512
16.209655825795714 -0.4809102104288154
16.246164059637593 -0.5125919637298805
16.282672293479475 -0.5435905841298939
16.319180527321357 -0.5738647596712314
16.35568876116324 -0.6033741438661836
16.392196995005126 -0.6320794094668447
16.428705228847004 -0.6599423008766448
16.465213462688887 -0.6869256851337288
16.50172169653077 -0.712993601398143
16.53822993037265 -0.738111308876972
16.574738164214533 -0.7622453331234977
16.611246398056416 -0.7853635106486992
16.647754631898298 -0.8074350317856342
16.68426286574018 -0.8284304817495776
16.720771099582063 -0.848321879839196
16.757279333423945 -0.8670827167265165
16.793787567265827 -0.8846879897859891
16.83029580110771 -0.9011142364155635
16.866804034949592 -0.916339565305373
16.903312268791474 -0.930343685612349
16.939820502633356 -0.9431079340018924
16.97632873647524 -0.9546152995205566
17.01283697031712 -0.9648504462665979
17.049345204159003 -0.97379973382818
17.085853438000886 -0.9814512354619925
17.122361671842768 -0.9877947539880593
17.15886990568465 -0.9928218353795515
17.195378139526532 -0.9965257800294955
17.231886373368415 -0.99890165167936
17.268394607210297 -0.9999462839976229
17.30490284105218 -0.9996582847995513
17.34141107489406 -0.9980380379025705
17.377919308735944 -0.9950877026147489
17.414427542577826 -0.9908112108570819
17.45093577641971 -0.9852142619234084
17.48744401026159 -0.9783043148849444
17.52395224410347 -0.9700905786495558
17.560460477945355 -0.9605839996890152
17.596968711787238 -0.9497972474506123
17.63347694562912 -0.9377446974725347
17.669985179471002 -0.9244424122255469
17.70649341331288 -0.9099081197064871
17.743001647154767 -0.8941611898121026
17.77950988099665 -0.8772226085247439
17.81601811483853 -0.8591149499442653
17.852526348680414 -0.8398623462034598
17.889034582522292 -0.8194904553070915
17.925542816364175 -0.7980264269373848
17.96205105020606 -0.7754988662715678
17.998559284047943 -0.7519377958596659
18.035067517889825 -0.7273746156133442
18.071575751731704 -0.7018420609591588
18.108083985573586 -0.6753741592119411
18.144592219415472 -0.6480061842265008
18.181100453257354 -0.6197746093880514
18.217608687099236 -0.5907170590040033
0.0 0.0
0.10546823006062288 0.10527280863588272
0.21093646012124576 0.20937569525598285
0.3164046901818687 0.31115173946897096
0.4218729202424915 0.4094698796422475
0.5273411503031143 0.5032374826616209
0.6328093803637374 0.5914124866256278
0.7382776104243601 0.6730149815298143
0.843745840484983 0.7471380992420557
0.9492140705456058 0.812958091745996
1.0546823006062287 0.8697434856506733
1.1601505306668516 0.91686321123006
1.2656187607274747 0.9537936156525537
1.3710869907880974 0.9801242824607089
1.4765552208487203 0.995562592627939
1.5820234509093432 0.999936976504064
1.687491680969966 0.9931988205100555
1.792959911030589 0.9754230073924205
1.8984281410912116 0.9468070840332481
2.0038963711518347 0.9076690660642441
2.1093646012124574 0.8584439036826098
2.2148328312730805 0.7996786479449943
2.320301061333703 0.7320263712576671
2.4257692913943263 0.6562389096259544
2.5312375214549494 0.5731585073200733
2.6367057515155716 0.4837084568121948
2.7421739815761947 0.3888828380053625
2.847642211636818 0.28973547078469125
2.9531104416974405 0.1873682036637854
3.0585786717580636 0.08291866867746965
3.1640469018186863 -0.022452361396344357
3.269515131879309 -0.1275738729834355
3.374983361939932 -0.2312776254684763
3.4804515920005548 -0.3324111341336775
3.585919822061178 -0.429850477998362
3.6913880521218005 -0.5225127902228592
3.796856282182423 -0.6093682922678724
3.9023245122430463 -0.689451738070805
4.007792742303669 -0.7618731410571686
4.1132609723642926 -0.8258276647752193
4.218729202424915 -0.8806045672368198
4.324197432485538 -0.9255950995639214
4.429665662546161 -0.960299271161105
4.535133892606783 -0.9843314062311999
4.640602122667406 -0.997424429883082
4.7460703527280295 -0.9994328361991075
4.851538582788653 -0.9903343052773359
4.957006812849275 -0.9702299512779631
5.062475042909899 -0.9393431987173638
5.167943272970521 -0.8980172994977627
5.273411503031143 -0.8467115182663696
5.378879733091767 -0.7859960284970114
5.4843479631523895 -0.7165455760153276
5.589816193213013 -0.6391319803862854
5.695284423273636 -0.5546155574979181
5.800752653334258 -0.46393555866415626
5.906220883394881 -0.3680997324993026
6.011689113455504 -0.2681731255655598
6.117157343516127 -0.16526624625468728
6.2226255735767495 -0.06052272344142883
6.328093803637373 0.04489340293895061
6.433562033697996 0.1498106181461387
6.539030263758618 0.25306295195956185
6.644498493819242 0.3535029363855922
6.749966723879864 0.4500143577450482
6.855434953940486 0.5415246614240101
6.9609031840011095 0.6270168714309359
7.066371414061733 0.7055408922951988
7.171839644122356 0.7762240677063301
7.277307874182978 0.838280878553265
7.382776104243601 0.891021672586959
7.488244334304224 0.9338603286915278
7.593712564364846 0.9663207705890348
7.69918079442547 0.988042257589553
7.804649024486093 0.9987833935891236
7.910117254546715 0.9984248097626606
8.015585484607339 0.9869704911383823
8.121053714667962 0.9645477323112371
8.226521944728585 0.9314057227874836
8.331990174789206 0.8879127776818377
8.43745840484983 0.8345522445431066
8.542926634910453 0.7719171317967504
8.648394864971076 0.7007035184997691
8.753863095031699 0.6217028186468984
8.859331325092322 0.5357929859967367
8.964799555152943 0.4439287571606862
9.070267785213566 0.34713104138559314
9.175736015274191 0.24647557494400651
9.281204245334813 0.14308096621852134
9.386672475395436 0.038096264338044424
9.492140705456059 -0.06731181048123486
9.59760893551668 -0.17197183297793628
9.703077165577305 -0.2747206911758785
9.808545395637928 -0.3744165123269084
9.91401362569855 -0.4699513528171199
10.019481855759173 -0.560263511010433
10.124950085819798 -0.6443493261939598
10.230418315880419 -0.7212743325006505
10.335886545941042 -0.7901836438530068
10.441354776001665 -0.8503114545174462
10.546823006062287 -0.9009895496874223
10.652291236122911 -0.9416547315151215
10.757759466183535 -0.9718550780644545
10.863227696244156 -0.9912549656281212
10.968695926304779 -0.9996387985945059
11.074164156365402 -0.9969134054135077
11.179632386426025 -0.9831090740343648
11.285100616486648 -0.9583792153083965
11.390568846547271 -0.9229986580973537
11.496037076607893 -0.8773605950342467
11.601505306668516 -0.8219722128791411
11.70697353672914 -0.7574490560308373
11.812441766789762 -0.684508185834075
11.917909996850385 -0.6039602117045139
12.023378226911008 -0.5167002826315469
12.12884645697163 -0.42369813917250404
12.234314687032255 -0.32598733649283695
12.339782917092878 -0.22465375821925326
12.445251147153499 -0.12082354875405875
12.550719377214122 -0.015650598161842052
12.656187607274745 0.08969628128804422
12.761655837335368 0.1940463444130648
12.867124067395991 0.29623992389000303
12.972592297456615 0.395141317916552
13.078060527517236 0.4896514115383113
13.183528757577859 0.5787198913773615
13.288996987638484 0.6613569180171781
13.394465217699105 0.7366441263258918
13.499933447759728 0.8037448314686617
13.60540167782035 0.861913327187257
13.710869907880973 0.910503173012883
13.816338137941598 0.9489743783144207
13.921806368002219 0.9768994033440535
14.027274598062842 0.9939679105892119
14.132742828123465 0.9999902136279084
14.238211058184087 0.9948993851595233
14.343679288244712 0.9787520007839748
14.449147518305335 0.9517275102634868
14.554615748365956 0.9141262432542634
14.660083978426579 0.8663660716708599
14.765552208487202 0.8089777657751992
14.871020438547825 0.7425990955991234
14.976488668608448 0.667967743252796
15.081956898669072 0.5859131048861723
15.187425128729693 0.49734707341031176
15.292893358790316 0.40325390441235426
15.39836158885094 0.3046792778867054
15.503829818911562 0.2027186773420206
15.609298048972185 0.09850521542975091
15.714766279032808 -0.006802958608983241
15.82023450909343 -0.11203552973417852
15.925702739154055 -0.21602302309918156
16.031170969214678 -0.3176098007056265
16.1366391992753 -0.4156669042861884
16.242107429335924 -0.5091046016890486
16.347575659396544 -0.5968844973331217
16.45304388945717 -0.6780310721476532
16.558512119517793 -0.7516425247500075
16.663980349578413 -0.8169007933811314
16.769448579639036 -0.8730806472224284
16.87491680969966 -0.9195577460600837
16.980385039760282 -0.955815578727876
17.085853269820905 -0.9814512032198665
17.19132149988153 -0.9961797246817219
17.29678972994215 -0.9998374615156831
17.402257960002775 -0.9923837644134865
17.507726190063398 -0.9739014681018944
17.613194420124017 -0.9445959707804746
17.718662650184644 -0.9047929514820534
17.824130880245267 -0.8549347507233852
17.929599110305887 -0.7955754546687022
18.035067340366513 -0.7273747374370375
18.140535570427133 -0.6510905299852676
18.246003800487756 -0.5675705970392514
18.351472030548383 -0.47774311568076616
18.456940260609002 -0.3826063602925925
18.562408490669625 -0.28321760849541916
18.66787672073025 -0.1806813913676481
18.77334495079087 -0.07613721852612411
18.878813180851495 0.029253085518018914
18.984281410912118 0.13431829299429632
19.08974964097274 0.23789078900849153
19.19521787103336 0.33881954752750976
19.300686101093987 0.4359829230082519
19.40615433115461 0.5283011155139946
19.51162256121523 0.6147481707905559
19.617090791275857 0.6943633819424206
19.722559021336476 0.7662619659992679
19.8280272513971 0.8296448967217407
19.933495481457726 0.8838077843719948
20.038963711518345 0.9281487037661009
20.14443194157897 0.9621748836132492
20.249900171639595 0.985508182801484
20.355368401700215 0.9978892927707403
20.460836631760838 0.9991806192711798
20.56630486182146 0.9893678114811412
20.671773091882084 0.9685599214912731
20.777241321942707 0.9369881923824489
20.88270955200333 0.8950034883658486
20.988177782063953 0.8430723955446797
21.093646012124573 0.7817720366307104
21.1991142421852 0.711783657240899
21.304582472245823 0.6338850550511964
21.410050702306442 0.5489419359440753
21.51551893236707 0.45789829321105546
21.62098716242769 0.36176591672847713
21.72645539248831 0.26161314869346436
21.83192362254894 0.1585530108804334
21.937391852609558 0.05373083536269473
22.04286008267018 -0.051688463838092974
22.148328312730804 -0.15653333672129924
22.253796542791427 -0.25963861702397906
22.35926477285205 -0.3598584709934988
22.464733002912673 -0.4560791313133333
22.570201232973297 -0.547231274666854
22.675669463033916 -0.6323019053842657
22.781137693094543 -0.7103456131068858
22.886605923155166 -0.7804950793595833
22.992074153215786 -0.8419707162694041
23.097542383276412 -0.8940893303129075
23.20301061333703 -0.936271714809922
23.308478843397655 -0.9680490867865703
23.41394707345828 -0.9890682966730721
23.5194153035189 -0.9990957529397686
23.624883533579524 -0.9980200180559191
23.730351763640147 -0.9858530469217489
23.83581999370077 -0.9627300540107743
23.941288223761394 -0.9289080106988695
24.046756453822017 -0.8847627894796263
24.15222468388264 -0.8307849868030225
24.25769291394326 -0.7675744709592033
24.363161144003886 -0.6958337155980331
24.46862937406451 -0.6163599929706678
24.57409760412513 -0.5300365136514507
24.679565834185755 -0.43782261120659133
24.785034064246375 -0.34074308088978067
24.890502294306998 -0.23987679084627073
24.995970524367625 -0.13634469239199284
25.101438754428244 -0.03129736261225955
25.206906984488867 0.07409778227786021
25.31237521454949 0.17866946071039383
25.417843444610114 0.28125554249796586
25.523311674670737 0.38071596386578643
25.62877990473136 0.47594539725429835
25.734248134791983 0.5658855350899186
25.839716364852602 0.6495368510113751
25.94518459491323 0.7259697078463253
26.050652824973852 0.7943346888925842
26.156121055034472 0.8538720376900472
26.2615892850951 0.9039201013767693
26.367057515155718 0.943922683796176
26.47252574521634 0.9734352266386092
26.577993975276968 0.9921297499246171
26.683462205337587 0.9997984969252742
26.78893043539821 0.9963562430126293
26.89439866545883 0.981841242781468
26.999866895519457 0.9564148049168094
27.10533512558008 0.9203594995317385
27.2108033556407 0.8740760178978424
27.316271585701326 0.8180787194668321
27.421739815761946 0.7529899156703914
27.52720804582257 0.6795329540236906
27.632676275883195 0.598524179390674
27.738144505943815 0.5108638617474515
27.843612736004438 0.41752619126572343
27.94908096606506 0.31954845190336784
28.054549196125684 0.2180194938185779
28.160017426186307 0.11406763271644418
28.26548565624693 0.008848110605428795
28.370953886307554 -0.09646974268463944
28.476422116368173 -0.2007155045459098
28.5818903464288 -0.3027306667801802
28.687358576489423 -0.4013815103788183
28.792826806550043 -0.49557170481452995
28.89829503661067 -0.5842544918259167
29.00376326667129 -0.6664443182935051
29.109231496731912 -0.7412277889283992
29.21469972679254 -0.8077738170535531
29.320167956853158 -0.8653428606696985
29.42563618691378 -0.9132951411632868
29.531104416974404 -0.9510977533199177
29.636572647035027 -0.9783305876280353
29.74204087709565 -0.994690999056866
29.847509107156274 -0.9999971704233606
29.952977337216897 -0.994190132970234
30.058445567277516 -0.9773344216999335
30.163913797338143 -0.9496173581816478
30.269382027398766 -0.9113469688017088
30.374850257459386 -0.8629485615923469
30.480318487520012 -0.804959999681336
30.585786717580632 -0.7380257238898454
30.691254947641255 -0.6628895909067292
30.79672317770188 -0.58038660663044
30.9021914077625 -0.49143364654786026
31.007659637823124 -0.3970192662766963
31.113127867883748 -0.29819271550941207
31.21859609794437 -0.19605227744928375
31.324064328004994 -0.09173306332528536
31.429532558065617 0.013605602371726817
31.53500078812624 0.11879306574062667
31.64046901818686 0.22266035322808567
31.745937248247486 0.324053162712552
31.85140547830811 0.42184469154103205
31.95687370836873 0.5149481589577357
32.062341938429356 0.6023288837597299
32.16781016848998 0.6830157829577171
32.2732783985506 0.7561121636546444
32.378746628611225 0.8208056882092966
32.48421485867185 0.8763774019396829
32.58968308873247 0.9222097230391587
32.69515131879309 0.9577933059114229
32.80061954885372 0.9827327016505188
32.90608777891434 0.9967507527595184
33.01155600897496 0.999691673268397
33.11702423903559 0.9915227800209374
33.2224924690962 0.9723348558905034
33.327960699156826 0.9423411408881474
33.433428929217456 0.9018749623751402
33.53889715927807 0.8513860307159279
33.644365389338695 0.7914354415387729
33.74983361939932 0.7226894401452555
33.85530184945994 0.6459120173661462
33.960770079520564 0.5619564191477467
34.066238309581195 0.47175566422467596
34.17170653964181 0.3763121752585319
34.277174769702434 0.27668663867394333
34.38264299976306 0.17398621699554911
34.48811122982368 0.06935224468481774
34.5935794598843 -0.03605245578403987
34.69904768994492 -0.1410564966496052
34.80451592000555 -0.2444929427769238
34.90998415006617 -0.34521228008796406
35.015452380126796 -0.44209519038782497
35.12092061018742 -0.5340649906167343
35.226388840248035 -0.620099598287583
35.33185707030866 -0.6992428901341983
35.43732530036929 -0.7706153277388936
35.54279353042991 -0.8334237320542323
35.648261760490534 -0.8869700981923772
35.75372999055115 -0.9306593525210943
35.85919822061177 -0.9640059658600191
35.9646664506724 -0.9866393492830757
36.07013468073303 -0.9983079725622654
36.17560291079365 -0.998882159483519
36.281071140854266 -0.9883555289696254
36.38653937091489 -0.966845065994669
36.49200760097551 -0.9345898215019106
36.597475831036135 -0.891948255773217
36.702944061096765 -0.8393942547738196
36.80841229115738 -0.7775118637437435
36.913880521218005 -0.7069887965626911
37.01934875127863 -0.6286087930205011
37.12481698133925 -0.5432429089285399
37.230285211399874 -0.4518398358671884
37.3357534414605 -0.35541535814837216
37.44122167152112 -0.25504106416044475
37.54668990158174 -0.15183243754896253
37.652158131642366 -0.04693646057891943
37.75762636170299 0.058481132554744034
37.863094591763605 0.16324881081132772
37.968562821824236 0.26620226581034045
38.07403105188486 0.3661973510702057
38.17949928194548 0.4621227971830797
38.284967512006105 0.5529125616187457
38.39043574206672 0.637557675911387
38.495903972127344 0.7151174585685897
38.601372202187974 0.7847299690907515
38.7068404322486 0.8456215869229539
38.81230866230922 0.8971156088860841
38.91777689236984 0.9386397695418325
39.02324512243046 0.9697326009160189
39.12871335249108 0.9900485609030476
39.23418158255171 0.9993618733583611
39.339649812612336 0.9975690372029756
39.44511804267295 0.9846899766558446
39.550586272733575 0.960867819811219
39.6560545027942 0.9263673080217535
39.76152273285482 0.8815718537642432
39.86699096291545 0.8269792796846448
39.97245919297607 0.7631962861754229
40.07792742303669 0.6909317089682789
40.183395653097314 0.6109886416723966
40.28886388315794 0.5242555108021869
40.39433211321856 0.43169620247997964
40.49980034327919 0.3343393505379509
40.605268573339806 0.23326690506323394
40.71073680340043 0.12960210842657954
40.81620503346105 0.02449701242007995
40.921673263521676 -0.08088032477122817
41.0271414935823 -0.18535881948061114
41.13260972364292 -0.28777737709379775
41.238077953703545 -0.3869977955723983
41.34354618376417 -0.4819174145666279
41.44901441382479 -0.5714813695447049
41.554482643885414 -0.6546943147558394
41.65995087394603 -0.7306314847467051
41.76541910400666 -0.7984489715021345
41.870887334067284 -0.8573931029976051
41.97635556412791 -0.9068088189375783
42.08182379418853 -0.946146950597927
42.187292024249146 -0.9749703238699168
42.29276025430977 -0.992958617681121
42.3982284843704 -0.9999119238004492
42.50369671443102 -0.9957529684663575
42.609164944491646 -0.9805279711487277
42.71463317455226 -0.9544061309007923
42.820101404612885 -0.9176777460093973
42.92556963467351 -0.8707509878404018
43.03103786473414 -0.8141473647322094
43.13650609479476 -0.7484959263483203
43.24197432485538 -0.6745262728972646
43.347442554916 -0.5930604469101816
43.45291078497662 -0.5050037976846882
43.55837901503725 -0.41133491992059235
43.66384724509788 -0.31309477836186883
43.76931547515849 -0.21137513930538537
43.874783705219116 -0.10730643753966496
43.98025193527974 -0.0020452135515435753
44.08572016534036 0.10323873938617013
44.191188395400985 0.20737537540838974
44.29665662546161 0.30920739905857125
44.40212485552223 0.40760312659117964
44.507593085582855 0.5014690626450576
44.61306131564348 0.589762052520103
44.7185295457041 0.6715008750060851
44.82399777576472 0.7457771469297028
44.92946600582535 0.8117654182350658
45.03493423588597 0.868732345408446
45.14040246594659 0.9160448413009896
45.245870696007216 0.9531771107782876
45.35133892606783 0.9797164940080384
45.456807156128455 0.9953680524479182
45.562275386189086 0.9999578465684544
45.66774361624971 0.9934348688848166
45.77321184631033 0.9758716108152493
45.87868007637095 0.9474632570665248
45.98414830643157 0.9085255164993931
46.089616536492194 0.8594911135801694
46.195084766552824 0.8009049794097606
46.30055299661345 0.7334181957734305
46.40602122667406 0.6577807595124696
46.51148945673469 0.5748332476290934
46.61695768679531 0.48549747575228286
46.72242591685593 0.39076625377919866
46.82789414691656 0.2916923525402545
46.93336237697718 0.1893768041039683
47.0388306070378 0.08495666574297685
47.144298837098425 -0.020407616456562392
47.24976706715905 -0.12554510391117601
47.35523529721967 -0.22928737846188182
47.460703527280295 -0.33048152728592023
47.56617175734092 -0.42800295549395834
47.67163998740154 -0.5207678840232967
47.777108217462164 -0.6077453939349873
47.88257644752279 -0.6879688832636965
47.9880446775834 -0.7605468090975823
48.09351290764403 -0.8246725955089029
48.198981137704656 -0.8796335972260487
48.30444936776528 -0.9248190194317154
48.4099175978259 -0.9597267056724386
48.51538582788652 -0.983968718443915
48.62085405794714 -0.9972756504337018
48.72632228800777 -0.9994996185093994
48.831790518068395 -0.9906159071794396
48.93725874812902 -0.9707232432622811
49.042726978189634 -0.9400426987115562
49.14819520825026 -0.898915233790326
49.25366343831088 -0.847797907897768
49.35913166837151 -0.7872588001582459
49.464599898432134 -0.7179706962215293
49.57006812849275 -0.6407036114342015
49.67553635855337 -0.5563162334741
49.781004588613996 -0.4657463795478659
49.88647281867462 -0.37000057420298266
49.99194104873525 -0.2701428635786439
50.097409278795865 -0.16728299040538983
50.20287750885649 -0.06256406116744152
50.30834573891711 0.04285015751423889
50.413813968977735 0.1477881721000539
50.51928219903836 0.2510837812209388
50.62475042909898 0.3515890359543737
50.730218659159604 0.4481869972565721
50.83568688922023 0.5398041487744362
50.94115511928085 0.6254223270907177
51.04662334934147 0.704090036818703
51.15209157940209 0.7749330247990529
51.25755980946272 0.8371639958852373
51.36302803952334 0.8900913623436137
51.468496269583966 0.9331269296341206
51.57396449964459 0.9657924331575012
51.679432729705205 0.9877248533247094
51.78490095976583 0.9986804498808286
51.89036918982646 0.9985374706490776
51.99583741988708 0.987297504592012
52.101305649947705 0.965085464152999
52.20677388000832 0.9321481970742246
52.312242110068944 0.8888517431184156
52.41771034012957 0.8356772661810244
52.5231785701902 0.7732157070002378
52.62864680025082 0.7021612158905909
