0.0 0.0
0.09120547274349998 0.09107907747654242
0.18241094548699996 0.1814010443203328
0.2736164182305 0.2702150835121043
0.3648218909739999 0.35678291294280645
0.45602736371749986 0.44038492251172073
0.547232836461 0.5203261560102672
0.6384383092044998 0.5959420880660554
0.7296437819479998 0.6666041481253308
0.8208492546914997 0.7317249455547524
0.9120547274349997 0.7907631524279392
1.0032602001784998 0.8432280034077715
1.094465672922 0.8886833753183989
1.1856711456654996 0.9267514124948023
1.2768766184089997 0.957115667773563
1.3680820911524996 0.9795237330148086
1.4592875638959997 0.9937893372886657
1.5504930366394998 0.999793895284681
1.6416985093829994 0.9974874930727872
1.7329039821264995 0.9868893030215061
1.8241094548699994 0.96808742442431
1.9153149276134995 0.9412381511589588
2.0065204003569996 0.9065646724675277
2.0977258731004995 0.8643552176571102
2.188931345844 0.8149606601436984
2.2801368185874993 0.7587916007560412
2.371342291330999 0.6963149545450181
2.4625477640744995 0.6280500694712761
2.5537532368179994 0.5545644092352052
2.6449587095614997 0.4764688361364795
2.736164182304999 0.39441253317521463
2.827369655048499 0.3090776076056503
2.9185751277919993 0.22117342080126376
3.0097806005354992 0.13143069156528675
3.1009860732789996 0.04059542190387886
3.192191546022499 -0.050577304244967834
3.283397018765999 -0.14132959777766707
3.374602491509499 -0.23090706450969345
3.465807964252999 -0.3185650762081209
3.5570134369964994 -0.4035749604429966
3.648218909739999 -0.48523005780332745
3.739424382483499 -0.5628515961260371
3.830629855226999 -0.6357943329073249
3.9218353279704985 -0.7034519189929259
4.013040800713999 -0.7652619389606503
4.104246273457498 -0.8207105862961488
4.195451746200999 -0.8693369344987106
4.286657218944499 -0.9107367686127585
4.377862691688 -0.9445659453347998
4.469068164431499 -0.9705432537643376
4.560273637174999 -0.9884527530182724
4.651479109918499 -0.9981455672769523
4.742684582661998 -0.9995411233402541
4.833890055405499 -0.992627820406288
4.925095528148999 -0.9774631265050754
5.016301000892499 -0.9541731007855794
5.107506473635999 -0.9229513456271592
5.198711946379499 -0.8840573972862037
5.289917419122999 -0.8378145684559731
5.381122891866498 -0.7846072606737478
5.472328364609998 -0.7248777689163542
5.563533837353499 -0.6591226049464424
5.654739310096998 -0.587888369972319
5.745944782840499 -0.5117672109305679
5.837150255583999 -0.43139189816191814
5.928355728327498 -0.3474305653980009
6.0195612010709985 -0.26058115578379076
6.110766673814498 -0.17156562010413537
6.201972146557999 -0.08112391544259635
6.293177619301498 0.009992145840173557
6.384383092044998 0.1010251456771194
6.475588564788499 0.19121835646386223
6.566794037531998 0.27982203148819457
6.6579995102754985 0.3660996373297072
6.749204983018998 0.44933397642161477
6.840410455762498 0.528833148879965
6.931615928505998 0.603936304041457
7.022821401249498 0.6740191338992313
7.114026873992999 0.7384990627714877
7.205232346736498 0.7968400900629082
7.296437819479998 0.8485572458626016
7.387643292223498 0.893220622340619
7.478848764966998 0.9304589474313776
7.570054237710498 0.9599626710971157
7.661259710453998 0.9814865385162876
7.752465183197497 0.9948516288068147
7.843670655940997 0.9999468423369593
7.934876128684499 0.9967298242602881
8.026081601427999 0.9852273165976809
8.117287074171498 0.9655349359396431
8.208492546914997 0.9378163786168088
8.299698019658496 0.9023020599457909
8.390903492401998 0.8592871988618895
8.482108965145498 0.8091293638604763
8.573314437888998 0.7522455006468378
8.664519910632498 0.6891084662026684
8.755725383376 0.6202430980803721
8.846930856119497 0.546221851599861
8.938136328862997 0.4676600412143806
9.029341801606497 0.38521072560238034
9.120547274349997 0.2995592790039435
9.211752747093499 0.21141769392851129
9.302958219836999 0.12151866259363203
9.394163692580499 0.030609486293778316
9.485369165323997 -0.06055413667130326
9.576574638067497 -0.151214392869823
9.667780110810998 -0.2406176531935633
9.758985583554498 -0.3280207375305873
9.850191056297998 -0.41269709257886183
9.941396529041498 -0.4939428314466223
10.032602001784998 -0.5710825848342795
10.123807474528498 -0.6434751151588912
10.215012947271997 -0.7105186469528182
10.306218420015497 -0.7716558692267006
10.397423892758997 -0.8263785682137444
10.488629365502497 -0.8742318519848274
10.579834838245999 -0.9148179318165794
10.671040310989497 -0.9477994288791539
10.762245783732997 -0.9729021787562898
10.853451256476497 -0.9899175104845788
10.944656729219997 -0.9987039811670547
11.035862201963498 -0.9991885517418125
11.127067674706998 -0.9913671941318816
11.218273147450498 -0.9753049247293152
11.309478620193996 -0.9511352639351514
11.400684092937496 -0.9190591262479137
11.491889565680998 -0.8793431501269877
11.583095038424498 -0.8323174815141693
11.674300511167997 -0.7783730294382436
11.765505983911497 -0.7179582165158667
11.856711456654995 -0.6515752513607693
11.947916929398497 -0.5797759538875211
12.039122402141997 -0.5031571682127687
12.130327874885497 -0.4223558012849573
12.221533347628997 -0.3380435284848317
12.312738820372497 -0.25092121020730435
12.403944293115998 -0.16171306583782902
12.495149765859496 -0.07116065355312401
12.586355238602996 0.019983294009841692
12.677560711346496 0.11096112697446665
12.768766184089996 0.20101657632056893
12.859971656833498 0.28940104050182086
12.951177129576998 0.37537980832597007
13.042382602320497 0.45823816636910003
13.133588075063996 0.5372873401549527
13.224793547807495 0.6118702197122653
13.315999020550997 0.6813668219153998
13.407204493294497 0.7451994442016361
13.498409966037997 0.8028374668239564
13.589615438781497 0.8538017637197433
13.680820911524997 0.8976686853292999
13.772026384268496 0.9340735802563134
13.863231857011996 0.9627138264958502
13.954437329755496 0.9833513470322732
14.045642802498996 0.9958145888957384
14.136848275242496 0.9999999492260189
14.228053747985998 0.9958726364892545
14.319259220729496 0.983466959688614
14.410464693472996 0.9628860431647521
14.501670166216496 0.9343009693568385
14.592875638959995 0.8979493566501006
14.684081111703497 0.854133384131771
14.775286584446995 0.8032172796750054
14.866492057190497 0.7456242922314867
14.957697529933997 0.6818331735010983
15.048903002677495 0.6123741982253514
15.140108475420996 0.5378247561865978
15.231313948164495 0.4588045525553064
15.322519420907996 0.37597045648330146
15.413724893651498 0.2900110407649983
15.504930366394994 0.20164085795658318
15.596135839138496 0.11159450053390542
15.687341311881994 0.020620494465112264
15.778546784625496 -0.07052492304135695
15.869752257368997 -0.16108408988973857
15.960957730112495 -0.25030421729457253
16.052163202855997 -0.33744364746809236
16.143368675599493 -0.42177801877922994
16.234574148342997 -0.5026062871353776
16.325779621086497 -0.5792565535329905
16.416985093829993 -0.6510916493346528
16.508190566573496 -0.7175144328439139
16.599396039316993 -0.7779727531492131
16.690601512060496 -0.8319640399741618
16.781806984803996 -0.8790394813801203
16.873012457547496 -0.9188077545933274
16.964217930290996 -0.9509382789433359
17.055423403034492 -0.9751639638721895
17.146628875777996 -0.9912834291710267
17.237834348521496 -0.999162678987997
17.329039821264995 -0.9987362156920335
17.420245294008495 -0.9900075843332706
17.511450766752 -0.9730493431741998
17.602656239495495 -0.9480024605365285
17.693861712238995 -0.9150751429775412
17.785067184982495 -0.874541104536979
17.876272657725995 -0.8267372914415935
17.967478130469498 -0.7720610811811787
18.058683603212994 -0.7109669792392584
18.149889075956498 -0.6439628409373768
18.241094548699994 -0.5716056497996671
18.332300021443494 -0.49449688753063836
18.423505494186998 -0.41327753409418194
18.514710966930494 -0.3286227394564216
18.605916439673997 -0.24123621128445577
18.697121912417494 -0.15184436525433867
18.788327385160997 -0.061190286594693756
18.879532857904497 0.029972446938114523
18.970738330647993 0.12088602930585299
19.061943803391497 0.2107947255825837
19.153149276134993 0.29895115413231244
19.244354748878497 0.3846224993485528
19.335560221621996 0.467096603311139
19.426765694365496 0.5456878857225264
19.517971167108996 0.6197430429129385
19.609176639852492 0.6886464785404638
19.700382112595996 0.7518254208424606
19.791587585339496 0.8087546839001771
19.882793058082996 0.8589610333378414
19.973998530826496 0.9020271201654978
20.065204003569995 0.9375949500648942
20.156409476313495 0.9653688592793609
20.247614949056995 0.9851179723700815
20.338820421800495 0.9966781214082334
20.430025894543995 0.999953210649377
20.521231367287495 0.994916015346003
20.612436840030995 0.9816084080579691
20.703642312774495 0.9601410105795822
20.794847785517995 0.9306922743767412
20.886053258261494 0.893506997178167
20.977258731004994 0.8488942880518137
21.068464203748494 0.7972249978821133
21.159669676491998 0.7389286366076584
21.250875149235494 0.674489802845334
21.342080621978994 0.6044441555802184
21.433286094722494 0.5293739614073623
21.524491567465994 0.4499032543396889
21.615697040209497 0.36669264841699745
21.706902512952993 0.2804338462371642
21.798107985696497 0.1918438890582588
21.889313458439993 0.10165919626873757
21.980518931183493 0.010629443773465266
22.071724403926996 -0.08048866781727027
22.162929876670493 -0.17093770339286019
22.254135349413996 -0.2599657896531735
22.345340822157493 -0.34683286518575396
22.436546294900996 -0.43081683235475865
22.527751767644496 -0.5112195598627813
22.618957240387992 -0.5873726860884142
22.710162713131496 -0.658643174958177
22.801368185874992 -0.7244385781686751
22.892573658618495 -0.7842119600159452
22.983779131361995 -0.8374664438933436
23.074984604105495 -0.8837593426645687
23.166190076848995 -0.922705838577271
23.25739554959249 -0.9539821821273818
23.348601022335995 -0.9773283832830393
23.439806495079495 -0.9925503726968218
23.531011967822995 -0.9995216149408791
23.622217440566494 -0.9981841603546228
23.71342291330999 -0.9885491267613356
23.804628386053494 -0.9706966070493332
23.895833858796994 -0.9447750033859413
23.987039331540494 -0.9109997935987274
24.078244804283994 -0.8696517399786786
24.169450277027494 -0.8210745553949488
24.260655749770994 -0.7656720461220029
24.351861222514493 -0.7039047551299044
24.443066695257993 -0.6362861337409774
24.534272168001493 -0.5633782734766123
24.625477640744993 -0.4857872335739763
24.716683113488493 -0.4041580030134608
24.807888586231996 -0.3191691389358794
24.899094058975493 -0.2315271260185297
24.990299531718993 -0.14196050369871208
25.081505004462493 -0.05121381006329717
25.172710477205992 0.03995860725330734
25.263915949949496 0.13079886171473898
25.355121422692992 0.2205518279459814
25.446326895436496 0.30847141884408896
25.537532368179992 0.39382678755661576
25.628737840923492 0.47590840277292185
25.719943313666995 0.5540339468262547
25.81114878641049 0.6275539875777308
25.902354259153995 0.6958573769336885
25.99355973189749 0.7583763311202014
26.084765204640995 0.8145911504842457
26.175970677384495 0.8640345395871921
26.26717615012799 0.9062954916792332
26.358381622871494 0.9410227052642935
26.44958709561499 0.9679275043546484
26.540792568358494 0.9867862381401736
26.631998041101994 0.9974421401244895
26.723203513845494 0.9998066312736692
26.814408986588994 0.9938600563448217
26.90561445933249 0.9796518472737099
26.996819932075994 0.9573001122632047
27.088025404819494 0.9269906539883658
27.179230877562993 0.8889754250794631
27.270436350306493 0.8435704337220302
27.361641823049993 0.7911531167839972
27.452847295793493 0.7321592023062455
27.544052768536993 0.6670790874376733
27.635258241280493 0.5964537619238167
27.726463714023993 0.5208703110357348
27.817669186767493 0.44095703532184055
27.908874659510992 0.357378227750589
28.000080132254492 0.27082865165992914
28.091285604997992 0.18202776541652388
28.182491077741492 0.09171374179325832
28.273696550484992 0.0006373317800006741
28.364902023228492 -0.09044437616424834
28.456107495971995 -0.18077424954052104
28.54731296871549 -0.26960140560511714
28.63851844145899 -0.35618745321271567
28.72972391420249 -0.43981263082083855
28.82092938694599 -0.5197817896325603
28.912134859689495 -0.5954301721414831
29.00334033243299 -0.6661289380438222
29.094545805176494 -0.7312903915825594
29.18575127791999 -0.7903728668703408
29.27695675066349 -0.842885230581178
29.368162223406994 -0.8883909645814007
29.459367696150494 -0.9265117945623788
29.55057316889399 -0.9569308345113473
29.64177864163749 -0.9793952208813609
29.732984114380994 -0.9937182145633912
29.824189587124494 -0.9997807531875718
29.915395059867993 -0.9975324408498055
30.00660053261149 -0.9869919670364583
30.09780600535499 -0.9682469512647602
30.189011478098493 -0.9414532147303687
30.280216950841993 -0.9068334850166496
30.371422423585493 -0.8646755446329933
30.46262789632899 -0.8153298387727849
30.55383336907249 -0.759206562176926
30.645038841815992 -0.6967722493188965
30.736244314559492 -0.628545896256007
30.827449787302996 -0.5550946463846171
30.91865526004649 -0.47702907596228666
31.00986073278999 -0.394998118586663
31.101066205533492 -0.3096836708224114
31.19227167827699 -0.22179492381770669
31.283477151020495 -0.13206246802975932
31.374682623763988 -0.04123222006492485
31.46588809650749 0.049940777882551156
31.55709356925099 0.1406986344496937
31.64829904199449 0.23028690920829198
31.739504514737995 0.3179608840818283
31.830709987481487 0.402991753943673
31.92191546022499 0.48467268493618915
32.01312093296849 0.5623246901497362
32.104326405711994 0.635302273819205
32.19553187845549 0.7029987971195188
32.28673735119899 0.76485152095614
32.37794282394249 0.8203462838314065
32.469148296685994 0.8690217759011755
32.56035376942949 0.910473373692946
32.65155924217299 0.9443565036086796
32.74276471491649 0.9703895062525925
32.833970187659986 0.9883559777737674
32.92517566040349 0.9981065687606979
33.01638113314699 0.999560225734182
33.107586605890496 0.9927048649184339
33.198792078633986 0.9775974726895681
33.28999755137749 0.9543636318664503
33.38120302412099 0.923196477781743
33.47240849686449 0.8843550928109403
33.56361396960799 0.8381623527051634
33.65481944235149 0.7850022426304863
33.74602491509499 0.7253166652245969
33.83723038783849 0.6596017672044886
33.92843586058199 0.5884038150607627
34.019641333325495 0.5123146541226884
34.110846806068984 0.4319667887412172
34.20205227881249 0.34802812448678755
34.29325775155599 0.2611964160684709
34.384463224299495 0.17219346712685057
34.47566869704299 0.08175913011605357
34.56687416978649 -0.009354843848151977
34.65807964252999 -0.10039105404991328
34.74928511527349 -0.1905927461981228
34.84049058801699 -0.27921010307780103
34.931696060760494 -0.365506477535732
35.022901533504 -0.4487645159877527
35.11410700624749 -0.5282921215448554
35.20531247899099 -0.6034282071886977
35.296517951734494 -0.6735481911720597
35.38772342447799 -0.738069188963021
35.47892889722149 -0.7964548585737636
35.57013436996499 -0.8482198589963614
35.66133984270849 -0.8929338846841454
35.75254531545199 -0.9302252425411823
35.84375078819549 -0.959783941685647
35.934956260938996 -0.9813642703027851
36.026161733682486 -0.9947868381670132
36.11736720642599 -0.9999400678542948
36.20857267916949 -0.9967811222488224
36.299778151912996 -0.9853362606339842
36.39098362465649 -0.965700620407514
36.48218909739999 -0.9380374262353639
36.57339457014349 -0.9025766332183496
36.66460004288699 -0.859613015350492
36.75580551563049 -0.8095037151590311
36.847010988373995 -0.7526652748952293
36.93821646111749 -0.6895701739546354
37.02942193386099 -0.6207429013101267
37.12062740660449 -0.5467555956063372
37.211832879347995 -0.4682232891579269
37.30303835209149 -0.3857987953867548
37.39424382483499 -0.3001672821970401
37.48544929757849 -0.21204057639830048
37.576654770321994 -0.12215124652151851
37.66786024306549 -0.031246513216122127
37.759065715808994 0.05991796215132018
37.85027118855249 0.1505843590632585
37.94147666129599 0.23999899736573685
38.03268213403949 0.32741860236540643
38.12388760678299 0.4121164834293507
38.21509307952649 0.4933885747270592
38.306298552269986 0.5705592878998036
38.39750402501349 0.6429871280060624
38.48870949775699 0.7100700260595045
38.57991497050049 0.7712503438319036
38.67112044324399 0.826019509317667
38.76232591598749 0.8739222443268321
38.85353138873099 0.9145603490640396
38.94473686147449 0.9475960122333864
39.03594233421799 0.9727546191534546
39.127147806961496 0.9898270345394738
39.218353279704985 0.998671340976669
39.30955875244849 0.9992140186333928
39.40076422519199 0.9914505564074727
39.49196969793549 0.9754454894255398
39.58317517067899 0.9513318625835836
39.67438064342249 0.9193101245881833
39.76558611616599 0.8796464616918437
39.85679158890949 0.8326705849736104
39.94799706165299 0.7787729895584995
40.039202534396495 0.7184017085590485
40.13040800713999 0.6520585887223308
40.22161347988349 0.5802951187417935
40.31281895262699 0.5037078449118244
40.404024425370494 0.4229334122331986
40.49522989811399 0.33864327219104856
40.58643537085749 0.25153810119789
40.67764084360099 0.16234197609939532
40.76884631634449 0.0717963551600161
40.86005178908799 -0.019346085437523725
40.95125726183149 -0.11032770834352894
41.04246273457499 -0.20039221303326538
41.133668207318486 -0.2887909226862958
41.22487368006199 -0.3747890076924224
41.31607915280549 -0.4576715940502933
41.40728462554899 -0.5367497058815763
41.498490098292486 -0.6113659926624893
41.58969557103599 -0.6809001935640575
41.68090104377949 -0.7447742934778541
41.77210651652299 -0.8024573278668803
41.86331198926649 -0.853469796500408
41.95451746200999 -0.897387649382805
42.045722934753485 -0.9338458117427216
42.13692840749699 -0.9625412187804486
42.22813388024049 -0.9832353349466411
42.319339352983995 -0.9957561368104636
42.410544825727484 -0.9999995430342004
42.50175029847099 -0.9959302795674332
42.59295577121449 -0.9835821728687012
42.68416124395799 -0.9630578687172013
42.77536671670149 -0.9345279789519334
42.86657218944499 -0.8982296632312006
42.95777766218849 -0.8544646576017886
43.04898313493199 -0.8035967662657506
43.14018860767549 -0.7460488373948349
43.231394080418994 -0.6822992481317236
43.32259955316248 -0.6128779279970373
43.41380502590599 -0.5383619537582175
43.50501049864949 -0.4593707523788446
43.59621597139299 -0.3765609519244984
43.68742144413649 -0.2906209232280611
43.778626916879986 -0.20226505768772476
43.86983238962349 -0.11222782876456702
43.961037862366986 -0.02125768654450449
44.05224333511049 0.06988916388294347
44.14344880785399 0.16045504851060544
44.23465428059749 0.2496871227103121
44.325859753340985 0.33684362938449225
44.41706522608449 0.4212000649507182
44.50827069882799 0.5020552019034158
44.59947617157149 0.5787369178891739
44.690681644314985 0.6506077828404245
44.78188711705849 0.717070357723453
44.87309258980199 0.7775721608540049
44.96429806254549 0.8316102604971498
45.05550353528899 0.8787354555745903
45.14670900803249 0.9185560097265296
45.237914480775984 0.9507409076881511
45.32911995351949 0.9750226069114212
45.42032542626299 0.991199261558933
45.51153089900649 0.9991364003824554
0.0 0.0
0.08817426486984897 0.08806005451912935
0.17634852973969795 0.17543591190367178
0.2645227946095469 0.26144869100165624
0.3526970594793959 0.3454301013229387
0.4408713243492448 0.42672763543251735
0.5290455892190938 0.5047096387147951
0.6172198540889428 0.5787702171184175
0.7053941189587918 0.6483339447501537
0.7935683838286407 0.7128603347413923
0.8817426486984896 0.7718480386501145
0.9699169135683386 0.8248387417704006
1.0580911784381877 0.8714207240842172
1.1462654433080366 0.9112320591880826
1.2344397081778855 0.9439634263400227
1.3226139730477344 0.9693605137781525
1.4107882379175836 0.9872259946379028
1.4989625027874325 0.9974210601156793
1.5871367676572814 0.9998664979667827
1.6753110325271303 0.9945433079580234
1.7634852973969792 0.9814928494931712
1.8516595622668284 0.9608165202642384
1.9398338271366773 0.9326749684253676
2.028008092006526 0.8972868444104717
2.1161823568763753 0.8549271020925819
2.204356621746224 0.8059248624843304
2.292530886616073 0.7506608565778945
2.3807051514859223 0.6895644671926864
2.468879416355771 0.6231103928146341
2.55705368122562 0.5518149593479099
2.645227946095469 0.47623210843556074
2.733402210965318 0.39694909351843966
2.821576475835167 0.3145819170726291
2.909750740705016 0.2297705444764839
2.997925005574865 0.1431739316939478
3.0860992704447137 0.05546490540738385
3.174273535314563 -0.03267506462043863
3.262447800184412 -0.12056116033819138
3.3506220650542606 -0.20751053621291946
3.4387963299241098 -0.2928476247111663
3.5269705947939585 -0.37590938523247586
3.615144859663808 -0.4560504557128265
3.7033191245336567 -0.5326481668717488
3.791493389403505 -0.6051073801441237
3.8796676542733546 -0.6728651117075363
3.9678419191432033 -0.7353949066780427
4.056016184013052 -0.7922109294883286
4.144190448882902 -0.8428717386673691
4.232364713752751 -0.8869837166928332
4.3205389786226 -0.9242041282674195
4.408713243492448 -0.954243783257343
4.496887508362297 -0.9768692836028334
4.585061773232146 -0.991904836742899
4.6732360381019955 -0.9992336214646576
4.761410302971845 -0.9987986955650411
4.849584567841693 -0.9906034382726443
4.937758832711542 -0.9747115239922499
5.025933097581391 -0.9512464275760271
5.11410736245124 -0.920390464965278
5.2022816273210895 -0.8823833766566272
5.290455892190938 -0.8375204649986461
5.378630157060787 -0.7861502997914913
5.466804421930636 -0.7286720100162881
5.554978686800485 -0.6655321827366021
5.643152951670334 -0.5972213932665072
5.7313272165401825 -0.5242703935646764
5.819501481410032 -0.447245988469395
5.907675746279881 -0.36674663181477996
5.99585001114973 -0.28339777664489235
6.084024276019579 -0.1978470156530339
6.172198540889427 -0.11075904960338279
6.2603728057592765 -0.02281052282864354
6.348547070629126 0.0653152340698222
6.436721335498975 0.1529335134719421
6.524895600368824 0.23936355068784937
6.613069865238672 0.3239338132715518
6.701244130108521 0.40598721860316167
6.78941839497837 0.4848862392008073
6.8775926598482195 0.5600178560956792
6.965766924718069 0.6307983217841328
7.053941189587917 0.6966776957503089
7.142115454457765 0.7571441173197837
7.230289719327616 0.8117277826455992
7.318463984197464 0.8600045949268231
7.4066382490673135 0.9015994594986841
7.494812513937162 0.9361891981924986
7.58298677880701 0.9635050603218216
7.671161043676861 0.9833348107852822
7.759335308546709 0.9955243790622468
7.847509573416558 0.9999790562891742
7.9356838382864066 0.9966642311157669
8.023858103156256 0.9856056586235732
8.112032368026105 0.9668892602176286
8.200206632895954 0.9406604560459111
8.288380897765803 0.9071230351334895
8.37655516263565 0.866537572010042
8.464729427505501 0.8192194021330171
8.55290369237535 0.7655361718367351
8.6410779572452 0.7059049818434764
8.729252222115047 0.6407891465305524
8.817426486984896 0.5706945941327386
8.905600751854747 0.49616593584931934
8.993775016724594 0.41778223439744816
9.081949281594444 0.3361525048887343
9.170123546464293 0.25191098298578424
9.258297811334142 0.1657121971034846
9.346472076203991 0.0782258829424047
9.43464634107384 -0.00986822013331976
9.52282060594369 -0.09788565044321913
9.610994870813537 -0.18514254202853672
9.699169135683386 -0.2709609380617264
9.787343400553237 -0.35467405834396365
9.875517665423084 -0.43563147996400176
9.963691930292933 -0.5132041908663972
10.051866195162782 -0.5867894770645246
10.14004046003263 -0.6558156055264251
10.22821472490248 -0.7197462663490131
10.31638898977233 -0.7780847397064119
10.404563254642179 -0.8303777551966764
10.492737519512026 -0.8762190136010202
10.580911784381875 -0.9152523436926908
10.669086049251726 -0.9471744695681249
10.757260314121574 -0.97173736699916
10.845434578991423 -0.9887501904982355
10.933608843861272 -0.9980807561239161
11.021783108731121 -0.9996565685058545
11.10995737360097 -0.9934653841095417
11.19813163847082 -0.97955530636447
11.286305903340669 -0.9580344119165947
11.374480168210516 -0.9290699109089874
11.462654433080365 -0.8928868478150165
11.550828697950216 -0.849766352918153
11.639002962820063 -0.8000434580238135
11.727177227689912 -0.7441044933744175
11.815351492559762 -0.6823840859927844
11.903525757429609 -0.6153617827757083
11.99170002229946 -0.5435583245751517
12.079874287169309 -0.4675316002162229
12.168048552039158 -0.38787231188781235
12.256222816909006 -0.30519938558440546
12.344397081778855 -0.22015516225835904
12.432571346648706 -0.13340040704581327
12.520745611518553 -0.04560917534285899
12.608919876388402 0.04253642437918198
12.697094141258251 0.13035153032814123
12.7852684061281 0.21715384853779512
12.87344267099795 0.30226895406349813
12.961616935867799 0.38503553103815524
13.049791200737648 0.4648105108750519
13.137965465607495 0.5409740686954241
13.226139730477344 0.6129344391602093
13.314313995347195 0.6801325142885563
13.402488260217043 0.7420461875396053
13.490662525086892 0.7981944104054816
13.57883678995674 0.8481409299970986
13.667011054826588 0.8914976785830219
13.755185319696439 0.9279277887457908
13.843359584566288 0.957148210728937
13.931533849436137 0.9789319116388127
14.019708114305985 0.9931096394141442
14.107882379175834 0.9995712378578709
14.196056644045685 0.998266502513906
14.28423090891553 0.9892055707389509
14.372405173785381 0.9724588429386247
14.460579438655232 0.9481564355798922
14.54875370352508 0.9164871702296863
14.636927968394929 0.8776971064745617
14.725102233264776 0.8320876301201114
14.813276498134627 0.7800131115241771
14.901450763004476 0.721878152257847
14.989625027874323 0.6581344414867321
15.077799292744174 0.5892772464974054
15.16597355761402 0.5158415646364539
15.254147822483871 0.43839796656022434
15.342322087353722 0.3575481630919223
15.430496352223567 0.27392033013000083
15.518670617093418 0.18816422793177334
15.606844881963266 0.1009461526938357
15.695019146833117 0.012943759653709953
15.783193411702966 -0.07515920206439418
15.871367676572813 -0.1626782019513223
15.959541941442664 -0.24893324668579972
16.04771620631251 -0.33325416345480846
16.13589047118236 -0.4149858069719449
16.22406473605221 -0.49349314973688546
16.31223900092206 -0.5681662159864179
16.400413265791908 -0.6384248210018552
16.488587530661754 -0.7037230789500082
16.576761795531606 -0.763553644233319
16.664936060401455 -0.8174516533952322
16.7531103252713 -0.864998336953605
16.841284590141154 -0.9058242730993443
16.929458855011003 -0.9396122579801388
17.017633119880852 -0.9660997702681857
17.1058073847507 -0.9850810108629874
17.193981649620547 -0.9964085018814466
17.2821559144904 -0.9999942325116337
17.37033017936025 -0.9958103428273192
17.458504444230094 -0.9838893402502752
17.546678709099947 -0.9643238469784892
17.634852973969792 -0.93726588034271
17.72302723883964 -0.902925671682684
17.811201503709494 -0.8615700329200544
17.89937576857934 -0.813520283519082
17.98755003344919 -0.759149753941993
18.075724298319038 -0.6988808849963242
18.163898563188887 -0.633181945611303
18.252072828058736 -0.5625633945450819
18.340247092928585 -0.48757391429112523
18.428421357798435 -0.40879614799897573
18.516595622668284 -0.32684217253209413
18.604769887538133 -0.24234874283559868
18.692944152407982 -0.15597234456357462
18.78111841727783 -0.06838409340538157
18.86929268214768 0.01973547925851327
18.957466947017526 0.10770171385746571
19.04564121188738 0.1948311422062613
19.133815476757228 0.2804467978240035
19.221989741627073 0.3638834757370037
19.310164006496926 0.44449290089866555
19.39833827136677 0.5216487650694743
19.48651253623662 0.5947515930223289
19.574686801106473 0.6632334002642747
19.66286106597632 0.7265621060858136
19.751035330846168 0.7842456676498603
19.839209595716017 0.8358359029997869
19.927383860585866 0.8809319732831555
20.015558125455716 0.9191834971353678
20.103732390325565 0.9502932730255346
20.191906655195414 0.9740195884128457
20.28008092006526 0.9901780977720687
20.368255184935112 0.998643254896549
20.45642944980496 0.9993492883501895
20.54460371467481 0.9922907124894882
20.63277797954466 0.9775223700851489
20.720952244414505 0.9551590062121196
20.809126509284358 0.9253743767187806
20.897300774154207 0.8883998982021991
20.985475039024053 0.8445228499786562
21.073649303893905 0.7940841420195589
21.16182356876375 0.737475666195143
21.2499978336336 0.6751372514058485
21.338172098503453 0.6075532462590705
21.4263463633733 0.5352487558426785
21.514520628243147 0.4587855618343024
21.602694893112997 0.37875775764585096
21.690869157982846 0.2957871325166338
21.779043422852695 0.21051834041919606
21.867217687722544 0.12361389131382952
21.955391952592393 0.03574900366803839
22.043566217462242 -0.05239364176483992
22.13174048233209 -0.1401292061464762
22.21991474720194 -0.2267760135219885
22.30808901207179 -0.3116608472138361
22.39626327694164 -0.3941241804899609
22.484437541811484 -0.4735253008656343
22.572611806681337 -0.5492472882249212
22.660786071551186 -0.6207018080833587
22.74896033642103 -0.6873336827499116
22.837134601290884 -0.7486252048717138
22.92530886616073 -0.804100159846809
23.01348313103058 -0.8533275258521704
23.101657395900432 -0.895924822738903
23.189831660770277 -0.9315610837749209
23.278005925640127 -0.959959427145638
23.366180190509976 -0.9808992072329306
23.454354455379825 -0.9942177289577091
23.542528720249674 -0.9998115118661992
23.630702985119523 -0.9976370941384148
23.718877249989372 -0.9877113702719447
23.807051514859218 -0.9701114598173647
23.89522577972907 -0.9449741081851514
23.98340004459892 -0.9124946241796429
24.07157430946877 -0.8729253625150248
24.159748574338618 -0.8265737631037127
24.247922839208464 -0.773799962351187
24.336097104078316 -0.7150139950167119
24.424271368948165 -0.6506726083805884
24.51244563381801 -0.5812757134707193
24.600619898687864 -0.5073625009213267
24.68879416355771 -0.4295072516423148
24.77696842842756 -0.34831487484887
24.86514269329741 -0.2644162081194573
24.953316958167257 -0.1784631159990886
25.041491223037106 -0.09112342523006917
25.129665487906955 -0.0030757359618821486
25.217839752776804 0.08499585074474454
25.306014017646653 0.17240704815398897
25.394188282516502 0.25847870053372257
25.48236254738635 0.3425420599681173
25.5705368122562 0.4239439823050052
25.65871107712605 0.5020520018672197
25.7468853419959 0.5762592454991107
25.835059606865748 0.6459891477677385
25.923233871735597 0.7106999306832104
26.011408136605443 0.7698888131322323
26.099582401475296 0.8230959173190029
26.187756666345145 0.8699078418616623
26.27593093121499 0.9099608737826133
26.364105196084843 0.9429438144365554
26.45227946095469 0.968600397419733
26.540453725824538 0.9867312796740942
26.62862799069439 0.9971955903160834
26.716802255564236 0.9999120251562377
26.804976520434085 0.9948594784055134
26.893150785303934 0.9820772066601965
26.981325050173783 0.9616645238912971
27.069499315043632 0.9337800298082519
27.15767357991348 0.898640377592293
27.24584784478333 0.8565185905737807
27.334022109653176 0.8077419409323576
27.42219637452303 0.7526894069016975
27.510370639392878 0.6917887282355601
27.598544904262727 0.6255130828131225
27.686719169132576 0.5543774102053235
27.774893434002422 0.4789344107668384
27.863067698872275 0.3997702513393925
27.951241963742124 0.3175000109317239
28.03941622861197 0.23276290176163245
28.127590493481822 0.14621730279110082
28.215764758351668 0.05853564434226902
28.303939023221517 -0.029600816461037675
28.39211328809137 -0.1175072888329908
28.48028755296122 -0.20450076892084923
28.56846181783106 -0.28990534651618566
28.656636082700913 -0.3730574566508778
28.744810347570763 -0.453311035274649
28.83298461244061 -0.5300425389564364
28.921158877310464 -0.6026557896080246
29.009333142180306 -0.6705866065881323
29.09750740705016 -0.7333071901971083
29.18568167192001 -0.7903302225037955
29.273855936789857 -0.8412126536427073
29.362030201659707 -0.8855591441630996
29.450204466529552 -0.9230251366841165
29.5383787313994 -0.9533195329902611
29.626552996269254 -0.976206955767041
29.714727261139103 -0.9915095774038823
29.802901526008952 -0.999108501655119
29.891075790878798 -0.9989446874240016
29.979250055748647 -0.9910194074922485
30.067424320618496 -0.9753942386309588
30.15559858548835 -0.9521905831697203
30.243772850358198 -0.9215887257411665
30.33194711522804 -0.8838264325297521
30.420121380097893 -0.83919710390811
30.508295644967742 -0.7880474948144326
30.59646990983759 -0.7307750205826998
30.684644174707444 -0.6678246691586244
30.772818439577286 -0.5996855436923433
30.860992704447135 -0.5268870623706914
30.949166969316988 -0.4499948450152182
31.037341234186837 -0.36960631840557406
31.125515499056686 -0.28634607447348165
31.21368976392653 -0.20086101743260223
31.30186402879638 -0.11381533754940956
31.390038293666233 -0.02588535060725697
31.478212558536082 0.062245756840778405
31.56638682340593 0.14989323560264933
31.654561088275777 0.23637609411923846
31.742735353145626 0.3210223895407435
31.830909618015475 0.40317444849758327
31.919083882885328 0.4821939770022586
32.007258147755174 0.557467019779868
32.09543241262502 0.6284087304950271
32.18360667749487 0.6944679158120137
32.27178094236472 0.7551313179824214
32.35995520723457 0.8099276026859852
32.44812947210442 0.8584310211404117
32.53630373697427 0.9002647180268462
32.62447800184412 0.9351036595295001
32.71265226671397 0.9626771587395555
32.800826531583816 0.9827709788017992
32.889000796453665 0.9952289974632464
32.97717506132351 0.9999544200907649
33.06534932619336 0.9969105317329602
33.15352359106321 0.9861209823830532
33.24169785593306 0.9676696032263528
33.32987212080291 0.9416997553000183
33.41804638567275 0.9084132156258123
33.5062206505426 0.8680686094702001
33.59439491541246 0.8209794009126474
33.68256918028231 0.7675114573347003
33.770743445152156 0.7080802067529293
33.858917710022006 0.6431474100823715
33.94709197489185 0.5732175734088545
34.035266239761704 0.498834028145627
34.12344050463155 0.42057470953028286
34.2116147695014 0.33904766626144284
34.29978903437125 0.25488633616401507
34.38796329924109 0.16874462458941844
34.47613756411094 0.08129182378995027
34.5643118289808 -0.006792587257851015
34.65248609385065 -0.09482422217731289
34.7406603587205 -0.18211910464462794
34.82883462359034 -0.26799898265580874
34.91700888846019 -0.3517965983176644
35.00518315333004 -0.43286087221814196
35.09335741819989 -0.5105619620953621
35.18153168306974 -0.5842961565010446
35.269705947939585 -0.6534905654363263
35.357880212809434 -0.7176075715152029
35.44605447767928 -0.7761490070715571
35.53422874254913 -0.8286600247551232
35.62240300741899 -0.8747326315430803
35.71057727228883 -0.914008858709196
35.79875153715868 -0.9461835431209888
35.88692580202853 -0.9710066982550425
35.97510006689838 -0.9882854565085958
36.06327433176823 -0.9978855677162264
36.151448596638076 -0.9997324422286789
36.239622861507925 -0.993811730449462
36.327797126377774 -0.9801694343264076
36.41597139124762 -0.9589115499319406
36.50414565611747 -0.9302032439090927
36.59231992098732 -0.8942675701819945
36.68049418585717 -0.8513837369015813
36.76866845072702 -0.8018849370917592
36.85684271559687 -0.7461557598511871
36.94501698046672 -0.6846292022247691
37.03319124533657 -0.6177833049616154
37.12136551020642 -0.5461374382985045
37.209539775076266 -0.4702482666270676
37.297714039946115 -0.39070542339787784
37.385888304815964 -0.3081269298659924
37.474062569685806 -0.22315439327276665
37.56223683455566 -0.13644802177241216
37.65041109942551 -0.04868149483579402
37.73858536429536 0.039463271013529116
37.82675962916521 0.12730142046230236
37.91493389403505 0.21415048050401822
38.0031081589049 0.2993356630256627
38.09128242377476 0.3821951076853488
38.179456688644606 0.4620850243455349
38.267630953514455 0.5383846951068376
38.3558052183843 0.6105012970782155
38.44397948325415 0.6778745084123409
38.532153748123996 0.7399808618186814
38.62032801299385 0.7963378117290799
38.7085022778637 0.8465074835152033
38.79667654273354 0.8901000756277959
38.88485080760339 0.9267768882241777
38.97302507247324 0.9562529547525834
39.06119933734309 0.9782992560468572
39.14937360221295 0.9927444997286774
39.23754786708279 0.9994764510919708
39.32572213195264 0.9984428051290032
39.41389639682249 0.9896515929227646
39.502070661692336 0.9731711192481488
39.590244926562185 0.9491294318667246
39.678419191432035 0.9177133266385086
39.766593456301884 0.8791668961806857
39.85476772117173 0.8337896333497141
39.94294198604158 0.781934104282123
40.03111625091143 0.7240032090736965
40.11929051578128 0.6604470513806511
40.20746478065113 0.5917594412649541
40.29563904552098 0.5184740584555064
40.38381331039083 0.4411603058353649
40.47198757526068 0.36041888537201905
40.56016184013052 0.2768771308642696
40.648336105000375 0.19118413376865617
40.736510369870224 0.10400569997627143
40.82468463474007 0.01601917672388056
40.91285889960992 -0.07209181016724835
41.001033164479765 -0.15964266783504685
41.08920742934962 -0.245953155433967
41.17738169421947 -0.33035266937848645
41.26555595908932 -0.4121854537084699
41.35373022395917 -0.49081569509334894
41.44190448882901 -0.5656324628887842
41.53007875369886 -0.636054455863211
41.618253018568716 -0.7015345187137145
41.706427283438565 -0.7615638932795095
41.794601548308414 -0.8156761714225045
41.882775813178256 -0.8634509188623224
41.970950078048105 -0.9045169418098866
42.059124342917954 -0.9385551710188356
42.14729860778781 -0.9653011408467371
42.23547287265766 -0.9845470440645553
42.3236471375275 -0.996143346449243
42.41182140239735 -0.9999999486145736
42.4999956672672 -0.9960868860531974
42.58816993213705 -0.9844345619508331
42.676344197006905 -0.9651335109636934
42.76451846187675 -0.9383336957945329
42.8526927267466 -0.9042433420326477
42.940866991616446 -0.863127320310795
43.029041256486295 -0.8153050883490649
43.117215521356144 -0.7611482088753759
43.20538978622599 -0.7010774627075054
43.29356405109584 -0.6355595794270437
43.38173831596569 -0.5651036110468414
43.46991258083554 -0.49025697684733743
43.55808684570539 -0.411601210112067
43.64626111057524 -0.3297474398087882
43.73443537544509 -0.2453316423220542
43.82260964031494 -0.15900970012967747
43.910783905184786 -0.07145230581551472
43.998958170054635 0.01666024898731187
