0.0 0.0
0.12412212712350797 0.12380366203596464
0.24824425424701593 0.24570241493014228
0.37236638137052397 0.3638206594882773
0.49648850849403187 0.47634096543269916
0.6206106356175398 0.5815320353534176
0.7447327627410479 0.6777753433729984
0.8688548898645558 0.763590038648523
0.9929770169880637 0.837655730532076
1.1170991441115716 0.8988328048051312
1.2412212712350796 0.9461799583904287
1.3653433983585876 0.9789686827429139
1.4894655254820959 0.9966944730705685
1.6135876526056037 0.999084590914083
1.7377097797291117 0.9861022606461843
1.8618319068526195 0.957947235321042
1.9859540339761275 0.9150527231672906
2.1100761610996357 0.8580787220152887
2.2341982882231433 0.7879018642186669
2.3583204153466513 0.7056019283216155
2.4824425424701593 0.6124452250105926
2.6065646695936673 0.5098651129830523
2.7306867967171753 0.3994399445264255
2.8548089238406833 0.28286878014843214
2.9789310509641918 0.16194524592636728
3.1030531780876993 0.038529935820125774
3.2271753052112073 -0.08547821641832147
3.3512974323347153 -0.2081711552519212
3.4754195594582233 -0.3276610617181863
3.5995416865817313 -0.4421094004181176
3.723663813705239 -0.5497552082019451
3.847785940828747 -0.6489421892868933
3.971908067952255 -0.7381441999070358
4.096030195075763 -0.8159887303748427
4.220152322199271 -0.8812780232468931
4.3442744493227785 -0.9330075026584065
4.4683965764462865 -0.9703812312630211
4.5925187035697945 -0.9928241569491043
4.7166408306933025 -0.9999909608980941
4.840762957816811 -0.991771370843926
4.9648850849403185 -0.968291857780902
5.0890072120638274 -0.9299136900135526
5.213129339187335 -0.8772273744899193
5.337251466310843 -0.8110435709468582
5.461373593434351 -0.7323806186671833
5.585495720557859 -0.6424488677685994
5.709617847681367 -0.5426320561115736
5.833739974804875 -0.434466018370966
5.9578621019283835 -0.3196150548649933
6.081984229051891 -0.19984632374332595
6.206106356175399 -0.07700265054974549
6.330228483298907 0.0470258264740434
6.454350610422415 0.17033073906300586
6.578472737545923 0.2910148521002216
6.702594864669431 0.4072212554877787
6.826716991792938 0.5171619355554279
6.950839118916447 0.6191452863920771
7.074961246039954 0.711602137796099
7.199083373163463 0.7931098993645632
7.323205500286971 0.8624144492275244
7.447327627410478 0.9184494306356725
7.571449754533987 0.9603526594937334
7.695571881657494 0.9874793903845714
7.819694008781003 0.999412236965886
7.94381613590451 0.9959675940989716
8.067938263028017 0.9771984628952616
8.192060390151527 0.9433936352129713
8.316182517275033 0.8950732501516215
8.440304644398543 0.8329807909145682
8.56442677152205 0.7580716451801066
8.688548898645557 0.6714984049973446
8.812671025769067 0.5745931323905048
8.936793152892573 0.46884686354253274
9.060915280016083 0.3558866669175191
9.185037407139589 0.23745060831797063
9.309159534263097 0.11536100807781549
9.433281661386605 -0.008503598129686235
9.557403788510113 -0.13223736344323592
9.681525915633623 -0.2539364541892801
9.805648042757129 -0.3717283432818059
9.929770169880637 -0.48380062192231654
10.053892297004145 -0.5884288862877539
10.178014424127655 -0.684003270126981
10.302136551251161 -0.7690532150211072
10.42625867837467 -0.8422700971792647
10.550380805498177 -0.9025273626218475
10.674502932621685 -0.9488978609405965
10.798625059745195 -0.9806681109290274
10.922747186868701 -0.997349278584618
11.04686931399221 -0.9986846985693636
11.170991441115717 -0.9846538233994881
11.295113568239223 -0.9554725395999851
11.419235695362733 -0.911589845959456
11.543357822486241 -0.8536809449953998
11.66747994960975 -0.7826368539283342
11.791602076733257 -0.6995506950158568
11.915724203856767 -0.6057008761908621
12.039846330980273 -0.5025314207955949
12.163968458103781 -0.3916297490687071
12.28809058522729 -0.2747022532512523
12.412212712350797 -0.15354804212600803
12.536334839474305 -0.030031258970670136
12.660456966597813 0.09394760114436208
12.784579093721321 0.21648093338626184
12.90870122084483 0.33568337458464564
13.032823347968336 0.4497208124343671
13.156945475091845 0.5568386061251877
13.281067602215353 0.6553885841806364
13.405189729338861 0.7438544041029771
13.52931185646237 0.8208748836272067
13.653433983585876 0.8852649445970106
13.777556110709385 0.936033847209024
13.901678237832893 0.972400434063587
14.025800364956401 0.9938051494689251
14.149922492079908 0.999918649063309
14.274044619203416 0.9906468672829732
14.398166746326925 0.9661324647050243
14.522288873450433 0.9267526329957533
14.646411000573941 0.8731132912385811
14.770533127697448 0.8060397629400378
14.894655254820956 0.7265640771623209
15.018777381944465 0.6359090891739902
15.142899509067973 0.5354696649469243
15.26702163619148 0.42679121900489064
15.391143763314988 0.31154593585184737
15.515265890438496 0.19150704084975903
15.639388017562005 0.06852151642789205
15.763510144685513 -0.055518316573429316
15.88763227180902 -0.17870391516004616
16.011754398932528 -0.29913988004388614
16.135876526056034 -0.4149731192668056
16.259998653179544 -0.5244213608613254
16.384120780303054 -0.6258005758372065
16.50824290742656 -0.7175508895492305
16.632365034550066 -0.7982605827600402
16.756487161673576 -0.866687813104882
16.880609288797086 -0.9217797227402335
17.004731415920592 -0.9626886381758506
17.1288535430441 -0.9887851130309716
17.252975670167608 -0.9996676130318713
17.377097797291114 -0.9951686942322547
17.501219924414624 -0.9753575793950715
17.625342051538134 -0.940539092894187
17.74946417866164 -0.8912489705240696
17.873586305785146 -0.8282456163832609
17.997708432908656 -0.7524984336646235
18.121830560032166 -0.6651729089010492
18.245952687155672 -0.567612679168358
18.370074814279178 -0.4613188581689731
18.494196941402688 -0.34792693929628027
18.618319068526194 -0.22918163106143336
18.742441195649704 -0.10691001207810318
18.86656332277321 0.017006581343031145
18.99068544989672 0.14066150243769554
19.114807577020226 0.26215213067151016
19.238929704143736 0.37960914647381516
19.363051831267246 0.491225293585064
19.487173958390752 0.5952831864650628
19.611296085514258 0.6901817349024072
19.735418212637768 0.7744607792419829
19.859540339761274 0.8468235571798001
19.983662466884784 0.9061566564391015
20.10778459400829 0.9515471463251781
20.2319067211318 0.9822966245637198
20.35602884825531 0.9979319632905042
20.480150975378812 0.9982125888489387
20.604273102502322 0.9831341833845846
20.72839522962583 0.9529287512819675
20.85251735674934 0.9080610494214372
20.976639483872848 0.8492214361820564
21.100761610996354 0.7773152492195611
21.224883738119864 0.6934488754585612
21.34900586524337 0.5989127276335364
21.47312799236688 0.4951613893105872
21.59725011949039 0.3837912338892898
21.721372246613893 0.2665158619505665
21.845494373737402 0.14513973488463025
21.96961650086091 0.02153041048615045
22.09373862798442 -0.10241019228558149
22.217860755107928 -0.22477505724561359
22.341982882231434 -0.34368141335096486
22.466105009354944 -0.4572997040195769
22.590227136478447 -0.563881737663166
22.714349263601957 -0.6617875862949696
22.838471390725466 -0.7495108183359307
22.962593517848973 -0.8257016773740485
23.086715644972482 -0.8891878502360698
23.21083777209599 -0.9389925048228984
23.3349598992195 -0.9743493201690195
23.459082026343008 -0.9947142774653779
23.583204153466514 -0.9997740306227871
23.707326280590024 -0.989450727581896
23.831448407713534 -0.963903208186475
23.955570534837037 -0.9235245601889084
24.079692661960546 -0.868936070992477
24.203814789084053 -0.8009776681921895
24.327936916207562 -0.7206949960010371
24.452059043331072 -0.6293233264107306
24.57618117045458 -0.5282685526383278
24.70030329757809 -0.41908555730372776
24.824425424701595 -0.30345428817681874
24.9485475518251 -0.18315390960551733
25.07266967894861 -0.06003542734467679
25.196791806072117 0.06400679200518708
25.320913933195627 0.18706416873229167
25.445036060319133 0.3072432764384375
25.569158187442643 0.4226949753069535
25.693280314566152 0.5316428639536379
25.81740244168966 0.6324106120854377
25.94152456881317 0.7234477534119689
26.06564669593667 0.8033535419463671
26.18976882306018 0.8708985046297861
26.31389095018369 0.925043358659262
26.438013077307197 0.9649550024469628
26.562135204430707 0.9900193341653304
26.686257331554213 0.9998507006451604
26.810379458677723 0.9942978312408545
26.934501585801232 0.9734461653612105
27.05862371292474 0.937616537853135
27.18274584004825 0.8873602424656518
27.30686796717175 0.8234505493504045
27.43099009429526 0.7468708071148663
27.55511222141877 0.6587993124964808
27.679234348542277 0.5605911804609189
27.803356475665787 0.45375749368081864
27.927478602789293 0.3399420522122708
28.051600729912803 0.2208960811108492
28.175722857036313 0.09845128514937816
28.299844984159815 -0.025508334768159537
28.423967111283325 -0.1490754698488865
28.54808923840683 -0.27034885028082706
28.67221136553034 -0.3874624991838123
28.79633349265385 -0.49861444352445183
28.920455619777357 -0.6020944402338393
29.044577746900867 -0.6963102909191208
29.168699874024373 -0.7798123402767226
29.292822001147883 -0.8513157812616605
29.416944128271393 -0.909720423813626
29.541066255394895 -0.9541276229677552
29.665188382518405 -0.9838541058851183
29.78931050964191 -0.9984424850528453
29.91343263676542 -0.9976682958922365
30.03755476388893 -0.981543450490424
30.161676891012437 -0.9503160543146517
30.285799018135947 -0.9044665887292912
30.40992114525945 -0.8447005180534414
30.53404327238296 -0.771937434910826
30.65816539950647 -0.6872969108874867
30.782287526629975 -0.5920812702065246
30.906409653753485 -0.48775555147334787
31.03053178087699 -0.37592496581072077
31.1546539080005 -0.25831019822469303
31.27877603512401 -0.1367209322278501
31.402898162247517 -0.013028005084066365
31.527020289371027 0.11086537789096015
31.65114241649453 0.2330529270612348
31.77526454361804 0.35165459965905926
31.89938667074155 0.4648455271252298
32.023508797865055 0.5708840935095221
32.14763092498857 0.6681387329021355
32.27175305211207 0.7551130335765065
32.39587517923558 0.8304687625779056
32.51999730635909 0.8930464564890003
32.644119433482594 0.9418832615521371
32.76824156060611 0.9762277486505161
32.89236368772961 0.995551475197155
33.01648581485312 0.9995571160342481
33.14060794197663 0.9881830382365332
33.26473006910013 0.9616042494283435
33.388852196223645 0.9202297050229924
33.51297432334715 0.8646960158167971
33.63709645047066 0.7958576527559813
33.76121857759417 0.7147737995911958
33.88534070471768 0.6226920557117156
34.009462831841184 0.5210292399161334
34.13358495896469 0.41134959048305964
34.2577070860882 0.295340696967087
34.38182921321171 0.17478753404630376
34.505951340335216 0.05154499695031658
34.63007346745872 -0.07249063894654062
34.75419559458223 -0.1954108952289957
34.87831772170574 -0.31532445530712105
35.00243984882925 -0.4303862652215889
35.126561975952754 -0.5388259226274985
35.25068410307627 -0.6389749171486053
35.374806230199766 -0.729292302967405
35.49892835732328 -0.8083884086389929
35.623050484446786 -0.8750462193166547
35.74717261157029 -0.9282401023911234
35.871294738693805 -0.9671515884206305
35.99541686581731 -0.9911819645380465
36.11953899294082 -0.9999614865662321
36.24366112006433 -0.9933550680990415
36.36778324718784 -0.9714643590127852
36.491905374311344 -0.9346261814270421
36.61602750143485 -0.883407347179975
36.740149628558356 -0.8185959365592297
36.86427175568187 -0.7411891724785119
36.988393882805376 -0.652378076674253
37.11251600992888 -0.5535291440102315
37.23663813705239 -0.44616331685916083
37.3607602641759 -0.3319325830725422
37.48488239129941 -0.21259455761496002
37.609004518422914 -0.0899854389632424
37.73312664554642 0.034008243622125255
37.85724877266993 0.157478657241886
37.98137089979344 0.2785260202920407
38.105493026916946 0.395287833516322
38.22961515404045 0.5059675374126605
38.353737281163966 0.6088621550553782
38.47785940828747 0.7023884950059793
38.60198153541098 0.7851075111406324
38.72610366253449 0.8557464445809423
38.85022578965799 0.9132184070405288
38.974347916781504 0.9566391042676412
39.09847004390501 0.985340442267873
39.222592171028516 0.9988808069545431
39.34671429815203 0.9970518590584353
39.470836425275536 0.9798817397468615
39.59495855239904 0.9476346376286592
39.71908067952255 0.9008067238074199
39.843202806646055 0.8401185175283901
39.96732493376957 0.7665037998852617
40.091447060893074 0.6810952461664991
40.21556918801658 0.5852069979095142
40.33969131514009 0.4803144428184415
40.4638134422636 0.36803151366240616
40.587935569387106 0.2500858554456038
40.71205769651062 0.1282922429402407
40.83617982363412 0.004524657594522542
40.960301950757625 -0.11931254654497273
41.08442407788114 -0.24131394423977234
41.208546205004644 -0.3596023569479861
41.33266833212816 -0.47235773609408604
41.45679045925166 -0.5778451673064684
41.58091258637517 -0.6744415647349041
41.70503471349868 -0.7606606447145867
41.82915684062219 -0.8351757945189812
41.953278967745696 -0.8968404843303843
42.077401094869195 -0.9447059083589257
42.20152322199271 -0.9780355836742364
42.325645349116215 -0.9963166821244049
42.44976747623973 -0.9992679209833254
42.573889603363234 -0.986843890916657
42.69801173048674 -0.9592357546740529
42.82213385761025 -0.9168683057571861
42.94625598473376 -0.8603934323204804
43.070378111857266 -0.7906800868724678
43.19450023898078 -0.7088009161092449
43.31862236610428 -0.6160157566006323
43.442744493227785 -0.5137522502730614
43.5668666203513 -0.40358387794988454
43.690988747474805 -0.2872057489366311
43.81511087459832 -0.1664085191655576
43.93923300172182 -0.04305083920896457
44.06335512884533 0.08096924390940793
44.18747725596884 0.2037434910776073
44.31159938309235 0.32338283227978004
44.435721510215856 0.4380464328344053
44.559843637339355 0.545970017458066
44.68396576446287 0.6454930163454672
44.808087891586375 0.7350841155816314
44.93221001870989 0.8133648187541757
45.056332145833395 0.8791306572339191
45.180454272956894 0.931369722771325
45.30457640008041 0.9692782372562534
45.42869852720391 0.9922729200764242
45.55282065432743 0.9999999627838807
45.67694278145093 0.9923404729803652
45.80106490857444 0.969412303659144
45.925187035697945 0.9315682398560243
46.04930916282146 0.8793905705107272
46.173431289944965 0.8136821290588653
46.29755341706848 0.7354539406087017
46.42167554419198 0.6459096657699094
46.54579767131548 0.5464270804897278
46.669919798439 0.43853687685781056
46.7940419255625 0.32389911106174885
46.918164052686016 0.20427766087758056
47.042286179809516 0.08151308570609318
47.16640830693303 -0.04250569325537124
47.290530434056535 -0.16587045696131353
47.41465256118005 -0.28668304939363587
47.538774688303555 -0.4030845836019492
47.66289681542707 -0.5132840435291889
47.78701894255057 -0.6155858415393716
47.91114106967407 -0.7084159076329203
48.03526319679759 -0.7903459089267323
48.15938532392109 -0.8601152267453517
48.283507451044606 -0.9166503531719501
48.407629578168105 -0.9590814086133708
48.53175170529162 -0.9867555262313019
48.655873832415125 -0.9992468972994498
48.77999595953864 -0.9963633229236165
48.904118086662145 -0.9781491713163349
49.028240213785644 -0.9448846951239028
49.15236234090916 -0.8970817193097567
49.27648446803266 -0.8354757659427623
49.40060659515618 -0.7610147370625404
49.52472872227968 -0.674844329753404
49.64885084940319 -0.5782904078382383
49.772972976526695 -0.47283860143094203
49.8970951036502 -0.36011144823952634
50.021217230773715 -0.2418434283359839
50.14533935789722 -0.11985427652130569
50.26946148502073 0.00397901708427832
50.39358361214423 0.12775108741185487
50.51770573926775 0.2495575114065102
50.64182786639125 0.36752411049564176
50.76594999351477 0.47983578769961843
50.890072120638266 0.5847644556814482
51.01419424776177 0.6806956260198294
51.138316374885285 0.7661532505886004
51.26243850200879 0.8398224328200786
51.386560629132305 0.900569659404626
51.510682756255804 0.9474602411306532
51.63480488337932 0.9797726945111342
51.75892701050282 0.9970098429131115
51.88304913762634 0.9989064663824329
52.00717126474984 0.9854333824593403
52.13129339187334 0.9567978951953572
52.255415518996855 0.9134406054626296
52.37953764612036 0.8560286316340514
52.503659773243875 0.7854453449443244
52.62778190036738 0.702776777469257
52.75190402749089 0.6092949118572745
52.876026154614394 0.506438109926332
53.00014828173791 0.3957889812622066
53.12427040886141 0.2790500323437728
53.24839253598493 0.1580174708706954
53.372514663108426 0.03455356835429347
53.49663679023193 -0.08944199378475517
53.620758917355445 -0.21206135372737867
53.74488104447895 -0.33141782463511615
53.869003171602465 -0.4456749242196177
53.993125298725964 -0.5530746318380714
54.11724742584948 -0.6519644383360614
54.241369552972984 -0.7408227724342584
54.3654916800965 -0.8182824124353169
54.48961380722 -0.8831515230257081
54.6137359343435 -0.9344319934892317
54.737858061467016 -0.9713347951705656
54.86198018859052 -0.9932921218907552
54.986102315714035 -0.9999661265157953
55.11022444283754 -0.9912541192527219
55.23434656996104 -0.9672901476895154
55.358468697084554 -0.928442934267442
55.48259082420806 -0.8753102029210316
55.60671295133157 -0.8087094821789615
55.73083507845508 -0.7296655262343289
55.854957205578586 -0.6393945475303308
55.97907933270209 -0.5392855034672849
56.103201459825605 -0.43087872516362846
56.22732358694911 -0.3158422171002292
56.351445714072625 -0.19594599231421336
56.475567841196124 -0.07303483803487025
56.59968996831963 0.05100006919615859
56.723812095443144 0.17425026217524195
56.84793422256665 0.2948193477305332
56.97205634969016 0.4108521856382903
57.09617847681366 0.5205634327992423
57.220300603937176 0.6222650134793296
57.34442273106068 0.7143920929427453
57.468544858184195 0.795527154833441
57.5926669853077 0.8644218118373863
57.7167891124312 0.9200160140353091
57.840911239554714 0.9614543593958431
57.96503336667822 0.9880992554471605
58.089155493801734 0.9995407296146618
58.21327762092524 0.9956027372775421
58.337399748048746 0.9763458704851808
58.46152187517225 0.9420664256555649
58.585644002295766 0.8932918446006494
58.70976612941927 0.8307725990254801
58.833888256542785 0.7554706433704538
58.958010383666284 0.66854461366753
59.08213251078979 0.5713320001485449
59.206254637913304 0.4653285679075496
59.33037676503681 0.3521653422617073
59.45449889216032 0.23358351292625176
59.57862101928382 0.11140764314138704
59.70274314640733 -0.012482404030445225
59.82686527353084 -0.13618039027970724
59.95098740065435 -0.25778303244858614
60.07510952777786 -0.3754192874603112
60.19923165490136 -0.4872791411852943
60.323353782024874 -0.5916414582834949
60.44747590914838 -0.6869004645101822
60.571598036271894 -0.7715904540145491
60.6957201633954 -0.8444083414712275
60.8198422905189 -0.9042337120457896
60.94396441764241 -0.9501460606946605
61.06808654476592 -0.9814389555463996
61.19220867188943 -0.9976309074390926
61.31633079901294 -0.9984727783692525
61.440452926136444 -0.9839516148619619
61.56457505325995 -0.9542908472799378
61.688697180383464 -0.9099468520048634
61.81281930750697 -0.8516019293871022
61.936941434630484 -0.7801538055087659
0.0 0.0
0.07776263216815965 0.07768428373844255
0.1555252643363193 0.15489904519133063
0.23328789650447895 0.2311775998565844
0.3110505286726386 0.30605892164756576
0.3888131608407982 0.37909042932569337
0.4665757930089579 0.4498307218925624
0.5443384251771175 0.5178522464089114
0.6221010573452772 0.5827438821161921
0.6998636895134368 0.644113425242362
0.7776263216815964 0.701589959473781
0.8553889538497561 0.7548260977661283
0.9331515860179158 0.8035000819448767
1.0109142181860753 0.847317727405382
1.088676850354235 0.8860142011588578
1.1664394825223945 0.9193556224777576
1.2442021146905544 0.947140476466302
1.3219647468587141 0.96920083201255
1.3997273790268736 0.9854033567607439
1.4774900111950333 0.9956501229694484
1.5552526433631928 0.9998791993848972
1.6330152755313525 0.998065025552275
1.7107779076995122 0.9902185663026041
1.788540539867672 0.9763872454815211
1.8663031720358316 0.9566546593204855
1.944065804203991 0.9311400711827978
2.0218284363721506 0.8999976907381734
2.0995910685403105 0.8634157419225268
2.17735370070847 0.8216153253161995
2.25511633287663 0.7748490818163927
2.332878965044789 0.7233996656805468
2.410641597212949 0.6675780361695567
2.488404229381109 0.6077215781161083
2.5661668615492683 0.5441920627773725
2.6439294937174282 0.47737346129662966
2.7216921258855873 0.4076696239892216
2.799454758053747 0.3355018394791711
2.8772173902219067 0.26130628843901615
2.9549800223900666 0.18553140732238443
3.032742654558226 0.10863517802287694
3.1105052867263856 0.03108235984049252
3.1882679188945455 -0.04665831951445424
3.266030551062705 -0.12411699690240917
3.3437931832308645 -0.20082551359817075
3.4215558153990244 -0.2763202448330313
3.499318447567184 -0.3501449019337745
3.577081079735344 -0.4218532901224597
3.6548437119035033 -0.4910120053088953
3.7326063440716633 -0.5572030535764533
3.8103689762398227 -0.6200263775290902
3.888131608407982 -0.6791022742303968
3.965894240576142 -0.7340736901206886
4.043656872744301 -0.7846083790417087
4.121419504912462 -0.8304009103258875
4.199182137080621 -0.8711745148132962
4.2769447692487805 -0.9066827576390188
4.35470740141694 -0.9367110276806346
4.4324700335850995 -0.9610778346636287
4.51023266575326 -0.9796359060850475
4.587995297921419 -0.9922730773256144
4.665757930089578 -0.9989129695704875
4.743520562257738 -0.9995154514413155
4.821283194425898 -0.9940768815495011
4.899045826594058 -0.9826301305046818
4.976808458762218 -0.9652443822454115
5.054571090930376 -0.9420247158927937
5.132333723098537 -0.9131114706543354
5.210096355266696 -0.8786793976165362
5.2878589874348565 -0.8389366035527489
5.365621619603015 -0.7941232931299315
5.443384251771175 -0.7445103171163514
5.521146883939335 -0.6903975353648649
5.598909516107494 -0.6321120044658539
5.676672148275654 -0.5700060010236128
5.754434780443813 -0.5044548925034711
5.832197412611973 -0.43585486851820354
5.909960044780133 -0.3646205462657886
5.987722676948293 -0.2911824645912081
6.065485309116452 -0.21598448181811766
6.143247941284612 -0.13948109307785658
6.221010573452771 -0.06213468334979766
6.298773205620931 0.015587267184389136
6.376535837789091 0.09321500858177634
6.4542984699572505 0.1702793602976068
6.53206110212541 0.24631454690329901
6.6098237342935695 0.3208610132239882
6.687586366461729 0.3934682018809806
6.765348998629889 0.463697276451704
6.843111630798049 0.5311237737884262
6.920874262966208 0.5953401694651901
6.998636895134368 0.6559583408474386
7.076399527302527 0.7126119128975987
7.154162159470688 0.7649584725386142
7.231924791638847 0.8126816381918585
7.309687423807007 0.8554929719811865
7.387450055975166 0.8931337230457926
7.4652126881433265 0.9253763914253332
7.542975320311486 0.9520261030652187
7.6207379524796455 0.9729217876315754
7.698500584647805 0.987937152017179
7.776263216815964 0.9969814436545154
7.854025848984125 0.9999999990225165
7.931788481152284 0.9969745740318087
8.009551113320443 0.9879234542916305
8.087313745488602 0.9729013445919693
8.165076377656762 0.9519990382688849
8.242839009824923 0.9253428684513687
8.320601641993083 0.8930939445063948
8.398364274161242 0.855447178297066
8.476126906329402 0.8126301061391429
8.553889538497561 0.7649015135760184
8.63165217066572 0.7125498712839748
8.70941480283388 0.6558915915610806
8.78717743500204 0.595269115937474
8.864940067170199 0.5310488454654785
8.942702699338358 0.46361892619883727
9.02046533150652 0.39338690324558384
9.09822796367468 0.3207772575734183
9.175990595842839 0.2462288404550634
9.253753228010998 0.17019222105979576
9.331515860179156 0.09312696322223393
9.409278492347317 0.01549884784753701
9.487041124515477 -0.062222942259222834
9.564803756683636 -0.13956865812473926
9.642566388851796 -0.21607082376103384
9.720329021019955 -0.2912670615811502
9.798091653188116 -0.36470288700021203
9.875854285356276 -0.43593445533132386
9.953616917524435 -0.5045312443741533
10.031379549692593 -0.5700786564826481
10.109142181860753 -0.6321805243850763
10.186904814028914 -0.6904615056112292
10.264667446197073 -0.7445693510549427
10.342430078365233 -0.7941770339607847
10.420192710533392 -0.838984726467338
10.497955342701552 -0.8787216117609095
10.575717974869713 -0.9131475208870342
10.65348060703787 -0.9420543843269178
10.73124323920603 -0.9652674895655291
10.80900587137419 -0.9826465370506033
10.88676850354235 -0.9940864881603851
10.96453113571051 -0.9995182000549947
11.04229376787867 -0.9989088435743945
11.12005640004683 -0.9922621016571886
11.197819032214989 -0.9796181470810134
11.275581664383148 -0.9610533996590581
11.353344296551308 -0.9366800643602153
11.431106928719467 -0.9066454531444514
11.508869560887627 -0.8711310946122134
11.586632193055786 -0.8303516368491319
11.664394825223946 -0.784553550097207
11.742157457392107 -0.7340136370935029
11.819920089560267 -0.6790373600798457
11.897682721728426 -0.6199569945950248
11.975445353896585 -0.5571296212079648
12.053207986064745 -0.49093496732977737
12.130970618232904 -0.421773112148745
12.208733250401064 -0.35006206855956234
12.286495882569223 -0.27623525670160853
12.364258514737383 -0.2007388843761353
12.442021146905542 -0.12402925017507763
12.519783779073704 -0.04656998562132187
12.597546411241861 0.031170747011106104
12.675309043410023 0.10872308426065205
12.753071675578182 0.18561830132374427
12.83083430774634 0.2613916450183205
12.908596939914501 0.3355851427429346
12.986359572082659 0.4077503704541499
13.06412220425082 0.47745116293267836
13.141884836418981 0.5442662499573782
13.219647468587139 0.6077918024542089
13.2974101007553 0.6676438732312342
13.375172732923458 0.7234607175478907
13.452935365091617 0.7749049794931173
13.530697997259779 0.8216657309578448
13.608460629427936 0.8634603508783826
13.686223261596098 0.9000362333925881
13.763985893764255 0.9311723145847236
13.841748525932417 0.9566804085914355
13.919511158100578 0.9764063449934071
13.997273790268736 0.9902309006183503
14.075036422436895 0.9980705201235199
14.152799054605055 0.9998778210025601
14.230561686773214 0.995641879964445
14.308324318941375 0.9853882989536342
14.386086951109533 0.9691790504124252
14.463849583277694 0.9471121027207248
14.541612215445852 0.9193208280770904
14.619374847614013 0.8859731963997735
14.697137479782173 0.8472707601198403
14.774900111950332 0.8034474360022287
14.852662744118492 0.7547680913574181
14.930425376286653 0.7015269431886025
15.00818800845481 0.6440457799499081
15.085950640622972 0.5826720166632793
15.16371327279113 0.5177765951489289
15.241475904959291 0.4497517420602372
15.31923853712745 0.37900859827358274
15.39700116929561 0.3059747339609418
15.47476380146377 0.23109156436417214
15.552526433631929 0.1548116818899568
15.630289065800088 0.07759612065018529
15.70805169796825 -8.843001916818286e-05
15.785814330136407 -0.07777244621921861
15.863576962304569 -0.15498640728141538
15.941339594472726 -0.23126363354121732
16.019102226640886 -0.3061431069408479
16.09686485880905 -0.3791722574133686
16.174627490977205 -0.44990969820726884
16.252390123145368 -0.51792789361936
16.330152755313524 -0.5828157430121224
16.407915387481687 -0.6441810654979357
16.485678019649846 -0.7016529702726187
16.563440651818002 -0.7548840982721966
16.641203283986165 -0.8035527216042605
16.71896591615432 -0.8473646880650098
16.796728548322484 -0.8860551989894281
16.874491180490644 -0.919390409689186
16.952253812658803 -0.9471688428053653
17.030016444826963 -0.9692226060336522
17.107779076995122 -0.985418406862129
17.18554170916328 -0.9956583581885992
17.26330434133144 -0.9998805699483109
17.3410669734996 -0.9980595231762931
17.41882960566776 -0.9902062242434789
17.49659223783592 -0.9763681383344159
17.57435487000408 -0.9566289025686223
17.652117502172242 -0.9311078204994777
17.729880134340398 -0.8999591410458957
17.807642766508557 -0.8633711262148736
17.885405398676717 -0.8215649132496317
17.963168030844876 -0.7747931780804509
18.04093066301304 -0.7233386081563103
18.118693295181195 -0.6675121938875088
18.19645592734936 -0.6076513490257036
18.274218559517514 -0.5441178713418597
18.351981191685677 -0.4772957559275826
18.429743823853837 -0.40758887433636726
18.507506456021996 -0.3354185335918266
18.585269088190156 -0.26122092981632844
18.663031720358312 -0.18544451187019695
18.740794352526475 -0.10854727093558904
18.818556984694634 -0.030993972426817198
18.896319616862794 0.0467466530427238
18.974082249030953 0.12420474265916302
19.051844881199113 0.200912141249778
19.129607513367272 0.2764052308036662
19.20737014553543 0.35022773256989964
19.28513277770359 0.42193346479733634
19.36289540987175 0.49108903944836324
19.44065804203991 0.5572764815876857
19.51842067420807 0.6200957556146295
19.596183306376233 0.6791671830704588
19.67394593854439 0.734133737407513
19.75170857071255 0.7846632018506783
19.829471202880708 0.8304501773090163
19.90723383504887 0.87121792820191
19.98499646721703 0.9067200550434472
20.062759099385186 0.9367419836760964
20.14052173155335 0.9611022621526977
20.218284363721505 0.9796536574284571
20.296046995889668 0.9922840452345955
20.373809628057828 0.9989170877552127
20.451572260225987 0.9995126950115572
20.529334892394147 0.9940672671650665
20.607097524562306 0.982613716274722
20.684860156730466 0.96522126737721
20.762622788898625 0.9419950400921596
20.840385421066784 0.9130754132812258
20.918148053234944 0.8786371766010058
20.995910685403103 0.838888474077787
21.073673317571263 0.7940695460891387
21.151435949739426 0.7444512773557852
21.229198581907582 0.6903335597196841
21.30696121407574 0.632043479603599
21.3847238462439 0.5699333411072054
21.46248647841206 0.5043785366880196
21.540249110580223 0.435775278296754
21.61801174274838 0.3645382026800838
21.695774374916542 0.29109786532425586
21.7735370070847 0.21589813818623305
21.85129963925286 0.1393935269402484
21.92906227142102 0.06204642395448567
22.00682490358918 -0.015675686399352663
22.08458753575734 -0.0933030532123914
22.162350167925496 -0.17036649820385216
22.24011280009366 -0.2464002514253873
22.31787543226182 -0.32094476636546726
22.395638064429978 -0.3935494974395078
22.473400696598137 -0.46377562307851916
22.551163328766297 -0.531198697958056
22.628925960934456 -0.5954112183374244
22.706688593102616 -0.6560250850042888
22.784451225270775 -0.7126739489386912
22.862213857438935 -0.7650154255193343
22.939976489607094 -0.8127331638895096
23.017739121775254 -0.8555387589754637
23.095501753943417 -0.8931734946010031
23.173264386111573 -0.9254099071629749
23.251027018279736 -0.9520531604168343
23.32878965044789 -0.9729422230630609
23.40655228261605 -0.9879508420171889
23.484314914784214 -0.9969883054809585
23.56207754695237 -0.9999999912026482
23.639840179120533 -0.9969676966128921
23.71760281128869 -0.987909748840651
23.795365443456852 -0.9728808939444024
23.87312807562501 -0.9519719660280435
23.95089070779317 -0.9253093382413454
24.02865333996133 -0.8930541589831202
24.10641597212949 -0.8554013779234616
24.18417860429765 -0.8125785677317675
24.26194123646581 -0.7648445486319941
24.33970386863397 -0.7124878240983048
24.417466500802128 -0.6558248371457367
24.495229132970287 -0.5951980577548319
24.572991765138447 -0.5309739129897988
24.650754397306606 -0.46354057232053153
24.728517029474766 -0.3933056015339558
24.806279661642925 -0.320693499414415
24.884042293811085 -0.24614313208135327
24.961804925979244 -0.17010508049110656
25.039567558147407 -0.09303891713444652
25.117330190315567 -0.015410428389484159
25.195092822483723 0.06231120068207103
25.272855454651882 0.13965622208021164
25.350618086820045 0.21615716401430635
25.428380718988205 0.29135165629342386
25.506143351156364 0.36478522488270526
25.58390598332452 0.4360140387354901
25.66166861549268 0.5046075922994637
25.739431247660843 0.5701513074837458
25.817193879829002 0.6322490393607323
25.894956511997165 0.6905254704582774
25.972719144165318 0.7446283791710974
26.05048177633348 0.7942307685812781
26.12824440850164 0.8390328428211766
26.2060070406698 0.8787638190337954
26.283769672837963 0.9131835639790398
26.36153230500612 0.9420840453943011
26.439294937174278 0.965290589337382
26.517057569342438 0.9826629359123584
26.5948202015106 0.9940960869976442
26.67258283367876 0.9995209408525731
26.750345465846916 0.998904709766966
26.828108098015075 0.9922511182294043
26.905870730183235 0.9796003804164949
26.983633362351398 0.9610289571391761
27.061395994519557 0.9366490937150808
27.139158626687713 0.9066081415600368
27.216921258855873 0.871087667599001
27.294683891024036 0.830302356879135
27.372446523192195 0.7844987150175983
27.450209155360355 0.733953578326428
27.52797178752851 0.6789724406193153
27.605734419696674 0.6198876068129782
27.683497051864833 0.5570561844827968
27.761259684032993 0.49085792551161306
27.839022316201156 0.42169293087681736
27.91678494836931 0.34997923244791423
27.99454758053747 0.2761502664100624
28.07231021270563 0.20065225358434777
28.15007284487379 0.12394150247785324
28.227835477041953 0.046481651364017905
28.30559810921011 -0.03125913393796944
28.38336074137827 -0.10881098964822432
28.461123373546428 -0.1857051938735908
28.53888600571459 -0.2614769995535814
28.61664863788275 -0.3356684433824677
28.694411270050907 -0.4078311137305257
28.772173902219066 -0.4775288608351199
28.84993653438723 -0.5443404328812919
28.92769916655539 -0.607862022039459
29.005461798723548 -0.6677097050720235
29.083224430891704 -0.7235217637578663
29.160987063059864 -0.7749608711101862
29.238749695228027 -0.8217161301741718
29.316512327396186 -0.8635049530820935
29.394274959564346 -0.9000747690088378
29.4720375917325 -0.9312045507050043
29.549800223900665 -0.9567061503812706
29.627562856068824 -0.9764254368699231
29.705325488236983 -0.9902432271906214
29.783088120405147 -0.998076006889985
29.860850752573306 -0.9998764348013099
29.938613384741462 -0.9956336291736531
30.01637601690962 -0.9853732334409183
30.094138649077784 -0.9691572612334469
30.171901281245944 -0.9470837215688553
30.249663913414103 -0.9192860264874535
30.32742654558226 -0.8859321847124965
30.40518917775042 -0.8472237862087536
30.482951809918582 -0.8033947837767267
30.56071444208674 -0.7547100790465197
30.6384770742549 -0.701463921417577
30.716239706423057 -0.643978129621102
30.79400233859122 -0.5826001466539491
30.87176497075938 -0.5177009398399997
30.94952760292754 -0.4496727587109135
31.027290235095702 -0.3789267642576723
31.105052867263858 -0.30589054388163645
31.182815499432017 -0.23100552706465477
31.260578131600177 -0.15472431737797637
31.33834076376834 -0.0775079569551332
31.4161033959365 0.0001768600376448546
31.493866028104655 0.07786060809182455
31.571628660272815 0.1550737681595237
31.649391292440974 0.23134966541739954
31.727153924609137 0.3062272898401353
31.804916556777297 0.3792540825359641
31.882679188945453 0.4499886710037415
31.960441821113612 0.5180035367796756
32.03820445328177 0.5828875993505114
32.11596708544994 0.6442487007160994
32.1937297176181 0.7017159755846236
32.27149234978625 0.7549420928751719
32.34925498195441 0.803605354979965
32.42701761412257 0.8474116420983582
32.504780246290736 0.8860961898911646
32.582542878458895 0.9194251897111032
32.66030551062705 0.9471972017376916
32.73806814279521 0.9692443724755603
32.81583077496337 0.9854334492576725
32.89359340713153 0.995666585621833
32.97135603929969 0.99988193269279
33.049118671467845 0.9980540129956172
33.126881303636004 0.9901938744410721
33.20464393580417 0.9763490235522397
33.28240656797233 0.9566031383360459
33.36016920014049 0.9310755625350181
33.43793183230864 0.8999205843160573
33.51569446447681 0.8633265037557696
33.59345709664497 0.8215144947585318
33.67121972881313 0.7747372682857254
33.74898236098129 0.7232775449756632
33.82674499314945 0.6674463463855999
33.904507625317606 0.6075811151835467
33.982270257485766 0.5440436756514123
34.060032889653925 0.47721804682614677
34.137795521822085 0.40750812149622323
34.215558153990244 0.3353352250815546
34.293320786158404 0.2611355691509288
34.37108341832656 0.18535761496785166
34.44884605049472 0.10845936299947666
34.52660868266288 0.030905584770773983
34.60437131483104 -0.04683498620544025
34.6821339469992 -0.12429248744465171
34.75989657916736 -0.2009987673302783
34.83765921133552 -0.2764902146128485
34.91542184350368 -0.35031056046729003
34.99318447567184 -0.4220136361727493
35.07094710784 -0.4911660697475799
35.14870974000816 -0.5573499052410902
35.22647237217632 -0.6201651288511023
35.304235004344484 -0.6792320865995235
35.38199763651264 -0.7341937789535091
35.459760268680796 -0.7847180185236811
35.537522900848955 -0.830499437798135
35.615285533017115 -0.8712613347777116
35.69304816518528 -0.906757345357445
35.770810797353434 -0.9367729323463599
35.84857342952159 -0.961126682126072
35.92633606168975 -0.9796714011111047
36.00409869385792 -0.9922950053840462
36.08186132602608 -0.9989211981285379
36.15962395819423 -0.9995099307657414
36.23738659036239 -0.9940576450071574
36.31514922253056 -0.9825972943608519
36.39291185469872 -0.9651981449611045
36.470674486866876 -0.9419653569252475
36.54843711903503 -0.9130393487679881
36.62619975120319 -0.87859494871465
36.703962383371355 -0.8388403380428253
36.781725015539514 -0.7940157928388246
36.859487647707674 -0.7443922317737104
36.937250279875826 -0.6902695786761878
37.01501291204399 -0.6319749497988437
37.09277554421215 -0.5698606767339909
37.17053817638031 -0.5043021769283905
37.24830080854847 -0.43569568466760156
37.326063440716624 -0.36445585624373994
37.40382607288479 -0.2910132637809583
37.48158870505295 -0.2158117928660482
37.55935133722111 -0.13930595971260293
37.63711396938927 -0.06195816407398058
37.71487660155743 0.015764105491732607
37.79263923372559 0.09339109711338801
37.87040186589375 0.17045363477786007
37.94816449806191 0.2464859540206572
38.025927130230066 0.32102851699719964
38.103689762398226 0.39363078992052897
38.181452394566385 0.46385396607866997
38.259215026734545 0.5312736179737819
38.336977658902704 0.5954822625536214
38.41474029107086 0.6560918240311092
38.49250292323902 0.7127359794067674
38.57026555540718 0.7650723725177351
38.64802818757534 0.8127846832316948
38.7257908197435 0.855584539279541
38.80355345191167 0.8932132591717151
