0.0 0.0
0.07900155621534549 0.07891940383326505
0.15800311243069098 0.15734650838881184
0.23700466864603648 0.2347920853520449
0.31600622486138197 0.3107730291779448
0.3950077810767274 0.38481537070368227
0.47400933729207295 0.45645723376847563
0.5530108935074184 0.525251716397296
0.6320124497227639 0.5907696785755947
0.7110140059381094 0.6526024192249135
0.7900155621534548 0.7103642256804011
0.8690171183688004 0.7636947797665957
0.9480186745841459 0.8122614054623706
1.0270202307994913 0.855761144134108
1.1060217870148368 0.8939226443917965
1.1850233432301822 0.9265078547791277
1.2640248994455279 0.953313508738591
1.3430264556608733 0.9741723925883535
1.4220280118762187 0.9889543886012852
1.5010295680915642 0.9975672866794008
1.5800311243069096 0.999957359560494
1.6590326805222553 0.996109697968824
1.7380342367376007 0.9860483036191842
1.8170357929529464 0.9698359394941946
1.8960373491682918 0.9475737383287869
1.975038905383637 0.9194005717441573
2.0540404615989827 0.8854921839665285
2.1330420178143283 0.8460600955345856
2.2120435740296736 0.8013502838342577
2.291045130245019 0.7516416486916693
2.3700466864603644 0.6972442725958976
2.44904824267571 0.6384974864042593
2.5280497988910557 0.5757677525962676
2.607051355106401 0.5094463792805138
2.6860529113217466 0.4399470792145039
2.765054467537092 0.3677033890642871
2.8440560237524375 0.2931659650025297
2.923057579967783 0.216799771515103
3.0020591361831284 0.13908118095240407
3.081060692398474 0.06049500191841156
3.1600622486138192 -0.01846854496560785
3.2390638048291653 -0.09731688505756615
3.3180653610445106 -0.17555816237539454
3.3970669172598553 -0.25270430779489306
3.4760684734752014 -0.3282740836251528
3.5550700296905466 -0.4017960855694898
3.6340715859058927 -0.47281168334567414
3.713073142121238 -0.5408778816218361
3.7920746983365836 -0.6055700834215582
3.871076254551929 -0.6664847387600057
3.950077810767274 -0.7232418619889229
4.02907936698262 -0.7754874021472817
4.108080923197965 -0.8228954515313399
4.187082479413311 -0.86517027870705
4.266084035628657 -0.9020481732828808
4.3450855918440014 -0.9332990909353623
4.424087148059347 -0.9587280884256837
4.503088704274693 -0.9781765396557046
4.582090260490038 -0.9915231251776312
4.661091816705384 -0.998684588984787
4.740093372920729 -0.999616257862621
4.8190949291360745 -0.9943123200602414
4.89809648535142 -0.9828058615441195
4.977098041566766 -0.9651686596078161
5.0560995977821115 -0.9415107351251906
5.135101153997456 -0.9119796662401398
5.214102710212802 -0.8767596677740658
5.293104266428148 -0.8360704420937367
5.372105822643493 -0.7901658086078202
5.451107378858839 -0.7393321204412937
5.530108935074184 -0.6838864781645199
5.609110491289529 -0.6241747517197379
5.688112047504875 -0.5605694228842082
5.767113603720221 -0.49346726172870947
5.846115159935566 -0.423286851565655
5.925116716150911 -0.3504659778261953
6.004118272366257 -0.2754588971544933
6.083119828581602 -0.19873350375457138
6.162121384796948 -0.12076841066604695
6.241122941012294 -0.042049964175769936
6.3201244972276385 0.036930790010539304
6.399126053442983 0.11568116991163264
6.478127609658331 0.19370993062116176
6.5571291658736754 0.2705303286936221
6.636130722089021 0.34566315845020845
6.715132278304366 0.41863974126404757
6.794133834519711 0.48900484917769776
6.873135390735058 0.5563195446153575
6.952136946950403 0.6201639184756584
7.0311385031657485 0.6801397095248491
7.110140059381093 0.7358727887505441
7.189141615596438 0.7870154931786825
7.2681431718117855 0.8332487945953209
7.34714472802713 0.8742842896447741
7.426146284242476 0.9098659988898915
7.505147840457821 0.939771963611897
7.584149396673167 0.9638156303889838
7.663150952888513 0.9818470148166429
7.742152509103858 0.9937536371104512
7.821154065319203 0.9994612237550172
7.900155621534548 0.9989341708222048
7.979157177749895 0.9921757660684529
8.05815873396524 0.9792281684257508
8.137160290180585 0.9601721450141989
8.21616184639593 0.9351265673166776
8.295163402611276 0.9042476696584815
8.374164958826622 0.8677280746175251
8.453166515041968 0.8257955914446136
8.532168071257313 0.7787117949892295
8.611169627472657 0.7267703939955026
8.690171183688003 0.6702953989469219
8.76917273990335 0.609639100888796
8.848174296118694 0.5451798738365508
8.92717585233404 0.4773198144784328
9.006177408549386 0.40648223389619614
9.08517896476473 0.33310901695037204
9.164180520980077 0.2576578658022973
9.243182077195423 0.18059944476783626
9.322183633410768 0.1024144443131434
9.401185189626112 0.02359058250732248
9.480186745841458 -0.05538043736312323
9.559188302056805 -0.1340059940396116
9.638189858272149 -0.21179562126311943
9.717191414487495 -0.2882640673029494
9.79619297070284 -0.36293432195723374
9.875194526918186 -0.43534059214280374
9.954196083133532 -0.5050312075126565
10.033197639348877 -0.5715714379757892
10.112199195564223 -0.6345462055437086
10.191200751779567 -0.6935626735871141
10.270202307994913 -0.7482526973509791
10.34920386421026 -0.7982751204416968
10.428205420425604 -0.8433179029608213
10.50720697664095 -0.8831000680101088
10.586208532856295 -0.9173734544255278
10.665210089071639 -0.945924264806721
10.744211645286986 -0.968574399185289
10.823213201502332 -0.9851825660124705
10.902214757717678 -0.9956451635358944
10.981216313933022 -0.9998969260673567
11.060217870148367 -0.997911331110214
11.139219426363715 -0.9897007648067297
11.218220982579059 -0.975316444673314
11.297222538794404 -0.9548481001056305
11.37622409500975 -0.9284234126465869
11.455225651225096 -0.8962072195088095
11.534227207440441 -0.8584004853200352
11.613228763655787 -0.81523904850567
11.692230319871133 -0.766992150128582
11.771231876086476 -0.7139607543632279
11.850233432301822 -0.6564756710809879
11.92923498851717 -0.5948954922580406
12.008236544732513 -0.5296043550784513
12.087238100947859 -0.461009545686227
12.166239657163205 -0.3895389585341752
12.245241213378549 -0.31563842717810325
12.324242769593896 -0.2397689431668837
12.403244325809242 -0.1624037803769753
12.482245882024587 -0.08402554272974519
12.561247438239931 -0.0051231537079938876
12.640248994455277 0.073811193548966
12.719250550670624 0.15228510654633226
12.798252106885966 0.22980906497842063
12.877253663101314 0.3058994743565831
12.956255219316661 0.38008168267181924
13.035256775532005 0.4518929412742464
13.114258331747351 0.5208852914993983
13.193259887962695 0.5866283590345657
13.272261444178042 0.6487120385939737
13.351263000393388 0.7067490521557296
13.430264556608732 0.760377364802315
13.50926611282408 0.8092624430945687
13.588267669039421 0.8530993418914236
13.667269225254769 0.8916146065978569
13.746270781470116 0.9245679789747617
13.825272337685458 0.9517538958699642
13.904273893900806 0.9730027715212656
13.98327545011615 0.9881820554324943
14.062277006331497 0.9971970592235725
14.141278562546843 0.9999915472966693
14.220280118762187 0.9965480876338888
14.299281674977534 0.9868881605382042
14.378283231192876 0.9710720246393204
14.457284787408224 0.9491983410003089
14.536286343623571 0.9214035576698564
14.615287899838915 0.8878610585192726
14.69428945605426 0.8487800816738151
14.773291012269604 0.8044044142851753
14.852292568484952 0.7550108717871037
14.931294124700297 0.7009075711206174
15.010295680915641 0.6424320087003699
15.089297237130989 0.579948955111858
15.168298793346334 0.5138481796723533
15.247300349561678 0.44454201904970836
15.326301905777026 0.37246280510602975
15.405303461992368 0.2980601680113397
15.484305018207715 0.22179823145033634
15.563306574423063 0.14415271741866575
15.642308130638407 0.06560797866887653
15.721309686853752 -0.013346022682282792
15.800311243069096 -0.09221677153775779
15.879312799284444 -0.1705122721296095
15.95831435549979 -0.24774411708882377
16.037315911715133 -0.3234305341307214
16.11631746793048 -0.39709939135069183
16.195319024145824 -0.46829114238322417
16.27432058036117 -0.5365616930523556
16.353322136576516 -0.6014851716313451
16.43232369279186 -0.6626565854307025
16.511325249007207 -0.7196943471427735
16.590326805222553 -0.7722426551835413
16.6693283614379 -0.8199737131830737
16.748329917653244 -0.8625897747794294
16.82733147386859 -0.8998250009606034
16.906333030083935 -0.931447118368406
16.985334586299278 -0.9572588682197787
17.064336142514627 -0.977099236807179
17.143337698729972 -0.9908444599021528
17.222339254945314 -0.9984087947966587
17.301340811160664 -0.9997450551661167
17.380342367376006 -0.9948449054177223
17.45934392359135 -0.9837389126878784
17.5383454798067 -0.9664963561643846
17.617347036022043 -0.9432247949228348
17.69634859223739 -0.9140693969730458
17.775350148452734 -0.8792120337009525
17.85435170466808 -0.8388701453548149
17.933353260883425 -0.7932953846528484
18.01235481709877 -0.7427720469734516
18.091356373314117 -0.6876152969205034
18.17035792952946 -0.6281692023264213
18.249359485744808 -0.5648045879568483
18.328361041960154 -0.4979167223056218
18.4073625981755 -0.4279228519096967
18.486364154390845 -0.35525959856506917
18.565365710606187 -0.2803802356798108
18.644367266821536 -0.20375186075432214
18.723368823036882 -0.12585248162694218
18.802370379252224 -0.04716803466080091
18.881371935467573 0.031810646527440166
18.960373491682915 0.11059089288788079
19.03937504789826 0.18868127320719336
19.11837660411361 0.2655946596567241
19.197378160328952 0.34085126649611464
19.276379716544298 0.4139816429770038
19.355381272759644 0.4845296017769792
19.43438282897499 0.5520550646963233
19.513384385190335 0.6161368078660239
19.59238594140568 0.6763750893424644
19.671387497621026 0.7323941426978536
19.750389053836372 0.7838445210513765
19.829390610051718 0.8304052769189987
19.908392166267063 0.8717859642840211
19.98739372248241 0.9077284503994665
20.066395278697755 0.9380085260202748
20.145396834913097 0.9624373040206775
20.224398391128446 0.9808623976721796
20.30339994734379 0.9931688712320339
20.382401503559134 0.9992799569124665
20.461403059774483 0.9991575337581686
20.540404615989825 0.9928023654448336
20.61940617220517 0.9802540955153474
20.69840772842052 0.9615910000833499
20.777409284635862 0.9369294995468054
20.856410840851208 0.9064234323574971
20.935412397066553 0.8702630953767031
21.0144139532819 0.8286740568032822
21.093415509497245 0.7819157490791463
21.17241706571259 0.7302798505495673
21.251418621927936 0.6740884659735236
21.330420178143278 0.6136921172340675
21.409421734358627 0.5494675567826418
21.488423290573973 0.4818154174571412
21.56742484678932 0.4111577133340554
21.646426403004664 0.33793520720447834
21.725427959220006 0.2626046610956138
21.804429515435356 0.18563598698902017
21.8834310716507 0.1075093155094862
21.962432627866043 0.028712000869939965
22.041434184081393 -0.05026441924435794
22.120435740296735 -0.12892728988808758
22.19943729651208 -0.20678591203769664
22.27843885272743 -0.2833546035721014
22.35744040894277 -0.35815572895798403
22.436441965158117 -0.4307226787405016
22.515443521373463 -0.5006027802532473
22.59444507758881 -0.5673601213905715
22.673446633804154 -0.6305782698274942
22.7524481900195 -0.6898628707247426
22.831449746234846 -0.7448441067144208
22.91045130245019 -0.7951790048209224
22.989452858665537 -0.8405535759265116
23.068454414880883 -0.8806847734355847
23.147455971096228 -0.9153222589194657
23.226457527311574 -0.9442499637276398
23.305459083526916 -0.9672874368240945
23.384460639742265 -0.9842909704409711
23.46346219595761 -0.9951544965276778
23.542463752172953 -0.9998102484034478
23.621465308388302 -0.9982291834859204
23.700466864603644 -0.9904211644587849
23.77946842081899 -0.9764348977483536
23.85846997703434 -0.956357629692853
23.93747153324968 -0.9303146022997288
24.016473089465027 -0.8984682719859365
24.095474645680373 -0.8610172961747461
24.174476201895718 -0.8181952940706393
24.253477758111064 -0.7702693893426042
24.33247931432641 -0.7175385438065647
24.411480870541755 -0.6603316925014333
24.490482426757097 -0.5990056917921894
24.569483982972447 -0.5339430932996946
24.648485539187792 -0.46554975754353234
24.727487095403138 -0.3942523221838708
24.806488651618483 -0.32049554065555436
24.885490207833826 -0.2447395077959719
24.964491764049175 -0.16745678977323017
25.04349332026452 -0.0891294762182125
25.122494876479863 -0.010246172949206952
25.201496432695212 0.06870104595141546
25.280497988910554 0.1472197076955193
25.3594995451259 0.2248200128347349
25.43850110134125 0.30101789062960926
25.517502657556594 0.37533801868310707
25.596504213771933 0.44731678800195473
25.675505769987282 0.5165051949897703
25.754507326202628 0.5824716423316584
25.833508882417973 0.6448046312985051
25.912510438633323 0.7031153286762251
25.99151199484866 0.757039992307519
26.07051355106401 0.8062422401156568
26.149515107279356 0.8504151484559795
26.228516663494702 0.8892831667057733
26.307518219710047 0.9226038361491673
26.38651977592539 0.9501693024347166
26.465521332140735 0.9718076121709486
26.544522888356084 0.9873837855716908
26.62352444457143 0.9968006584600433
26.702526000786776 0.9999994883785613
26.781527557002118 0.9969603210247296
26.860529113217464 0.9877021147259109
26.93953066943281 0.9722826221772914
27.01853222564816 0.9507980301805409
27.097533781863504 0.9233823596305022
27.176535338078843 0.8902066294927857
27.255536894294192 0.851477789987371
27.334538450509537 0.8074374316330631
27.413540006724883 0.7583602782057026
27.492541562940232 0.704552473011131
27.57154311915557 0.6463496691631208
27.650544675370917 0.58411493577906
27.729546231586266 0.5182364931546679
27.80854778780161 0.4491252910455985
27.887549344016957 0.3772124451626623
27.9665509002323 0.3029465478718367
28.045552456447645 0.22679086987486327
28.124554012662994 0.14922047032641111
28.20355556887834 0.07071923341485113
28.282557125093685 -0.008223150107553423
28.361558681309027 -0.08711423761576925
28.440560237524373 -0.165461906469334
28.51956179373972 -0.2427774238735944
28.598563349955068 -0.31857849559512363
28.677564906170414 -0.3923922745133561
28.756566462385752 -0.4637583102411589
28.8355680186011 -0.532231421414575
28.914569574816447 -0.5973844727343312
28.993571131031793 -0.6588110394360769
29.072572687247142 -0.7161279425682368
29.15157424346248 -0.7689776392624766
29.23057579967783 -0.817030453086318
29.309577355893175 -0.8599866305648293
29.38857891210852 -0.897578211042977
29.467580468323867 -0.9295706982243016
29.54658202453921 -0.9557645229589256
29.625583580754554 -0.9759962881560067
29.704585136969904 -0.9901397880548605
29.78358669318525 -0.9981067954965561
29.862588249400595 -0.9998476122849776
29.941589805615937 -0.9953513792041918
30.020591361831283 -0.9846461437582416
30.09959291804663 -0.9677986852108046
30.178594474261978 -0.9449140980161131
30.257596030477323 -0.9161351362397047
30.33659758669267 -0.8816413230584883
30.41559914290801 -0.8416478308950905
30.494600699123357 -0.7964041391721735
30.573602255338702 -0.7461924780596926
30.65260381155405 -0.6913260679229553
30.731605367769397 -0.632147165453849
30.810606923984736 -0.5690249286734294
30.889608480200085 -0.502353114123997
30.96861003641543 -0.4325476206156483
31.047611592630776 -0.36004389484926425
31.126613148846126 -0.2852942150998026
31.205614705061464 -0.2087648699042264
31.284616261276813 -0.13093324935334286
31.36361781749216 -0.05228486713226392
31.442619373707505 0.02668966811423813
31.52162092992285 0.1054977131986637
31.600622486138192 0.18364766349921796
31.679624042353538 0.26065201958968365
31.758625598568887 0.3360304282610501
31.837627154784233 0.40931267896505485
31.91662871099958 0.480041636987818
31.99563026721492 0.5477760950563834
32.074631823430266 0.6120935255899072
32.15363337964561 0.6725927164268847
32.23263493586096 0.7288962735868127
32.3116364920763 0.7806529754540116
32.39063804829165 0.8275399636982265
32.469639604506995 0.8692647572650418
32.54864116072234 0.9055670768728339
32.627642716937686 0.9362204686350508
32.70664427315303 0.9610337166796613
32.78564582936838 0.9798520359538536
32.86464738558372 0.9925580377732667
32.94364894179907 0.9990724620926572
33.022650498014414 0.9993546719300993
33.10165205422976 0.993402906860496
33.180653610445106 0.9812542939971123
33.25965516666045 0.9629846163926249
33.3386567228758 0.9387078403044049
33.41765827909114 0.9085754042729515
33.49665983530649 0.8727752744482055
33.57566139152183 0.8315307720566232
33.65466294773718 0.7850991803232427
33.733664503952525 0.7337701395388456
33.81266606016787 0.6778638402836499
33.89166761638322 0.6177290260783411
33.970669172598555 0.5537408179218313
34.0496707288139 0.48629837428626965
34.12867228502925 0.4158224011663369
34.2076738412446 0.34275252771505776
34.286675397459945 0.26754456383690806
34.36567695367528 0.19066765684545162
34.44467850989063 0.11260136492214619
34.523680066105975 0.03383266563222687
34.60268162232133 -0.04514708184160648
34.68168317853667 -0.12384520179796354
34.76068473475201 -0.20177077532805301
34.83968629096736 -0.27843770266806284
34.9186878471827 -0.3533677354896774
34.99768940339805 -0.4260934602133996
35.0766909596134 -0.49616121373467564
35.15569251582874 -0.5631339133745207
35.234694072044086 -0.6265937834015349
35.31369562825943 -0.686144961117048
35.39269718447478 -0.7414159662468485
35.47169874069012 -0.7920620182352991
35.55070029690547 -0.8377671869866041
35.629701853120814 -0.8782463636368929
35.70870340933616 -0.9132470390634447
35.787704965551505 -0.942550879036714
35.86670652176685 -0.9659750861893549
35.9457080779822 -0.9833735403062842
36.02470963419754 -0.9946377098226503
36.10371119041289 -0.9996973288437853
36.18271274662823 -0.9985208354638883
36.26171430284358 -0.991115568649209
36.34071585905892 -0.9775277224575737
36.41971741527427 -0.9578420578798239
36.498718971489616 -0.9321813741007314
36.57772052770496 -0.900705742477611
36.65672208392031 -0.8636115080151278
36.735723640135646 -0.8211300645650685
36.814725196351 -0.7735264113913675
36.893726752566344 -0.7210975001046149
36.97272830878169 -0.6641703822777326
37.051729864997036 -0.6031001692981298
37.130731421212374 -0.5382678171827064
37.20973297742772 -0.470077750174019
37.28873453364307 -0.39895533794169635
37.36773608985842 -0.3253442421262464
37.446737646073764 -0.2497036487775037
37.5257392022891 -0.17250540395187022
37.60474075850445 -0.09423107033636237
37.683742314719794 -0.015368923260387708
37.76274387093515 0.06358909516602114
37.84174542715049 0.14215044478728178
37.92074698336583 0.2198250598680167
37.99974853958118 0.29612840612333724
38.07875009579652 0.37058450324390285
38.15775165201187 0.4427288940613393
38.23675320822722 0.5121115418322697
38.31575476444256 0.5782996375676981
38.394756320657905 0.640880299895744
38.47375787687325 0.6994631506157712
38.552759433088596 0.7536827498778151
38.63176098930394 0.8032008757965293
38.71076254551929 0.8477086342794644
38.78976410173463 0.8869283859085589
38.86876565794998 0.9206154778549588
38.947767214165324 0.9485597700234768
39.02676877038067 0.9705869459066039
39.105770326596016 0.986559599970964
39.18477188281136 0.9963780947930947
39.26377343902671 0.9999811825977414
39.34277499524205 0.9973463873215074
39.4217765514574 0.9884901448185479
0.0 0.0
0.1683469257275995 0.16755287382916972
0.336693851455199 0.33036838824514136
0.5050407771827985 0.48384312707124216
0.673387702910398 0.623637773517196
0.8417346286379974 0.7457997992310829
1.010081554365597 0.846875217365497
1.1784284800931966 0.9240062399720786
1.346775405820796 0.9750120785770507
1.5151223315483955 0.9984506033970132
1.6834692572759948 0.9936591178535682
1.8518161830035944 0.9607730955355815
2.020163108731194 0.9007223498436255
2.1885100344587936 0.815204744615377
2.356856960186393 0.706638189032956
2.5252038859139923 0.5780922740994472
2.693550811641592 0.43320148358239935
2.8618977373691914 0.2760624332822765
3.030244663096791 0.11111804406404255
3.1985915888243905 -0.05696807647752075
3.3669385145519897 -0.22344349200886857
3.5352854402795892 -0.3836013069763178
3.703632366007189 -0.5329132485129587
3.8719792917347884 -0.6671576980002849
4.040326217462388 -0.7825390523434977
4.208673143189987 -0.8757950401615484
4.377020068917587 -0.9442889586535214
4.545366994645186 -0.9860842232530084
4.713713920372786 -0.9999991222671424
4.882060846100385 -0.985640228377598
5.0504077718279845 -0.9434135223328769
5.2187546975555845 -0.8745129143226257
5.387101623283184 -0.7808864875785613
5.555448549010784 -0.6651814186242695
5.723795474738383 -0.5306691314887073
5.892142400465982 -0.3811528020595178
6.060489326193582 -0.2208598277812246
6.228836251921181 -0.05432230299045668
6.397183177648781 0.11375112069322409
6.56553010337638 0.27860836592491695
6.733877029103979 0.435588289003032
6.902223954831579 0.5802524681966754
7.0705708805591785 0.7085106948726335
7.238917806286778 0.8167366193087117
7.407264732014378 0.901870281444768
7.575611657741977 0.9615046276356849
7.743958583469577 0.9939535672473778
7.912305509197176 0.9982996448760404
8.080652434924776 0.9744199803150008
8.248999360652375 0.9229897428472854
8.417346286379974 0.8454630616323806
8.585693212107575 0.7440319119234334
8.754040137835174 0.6215641395585014
8.922387063562773 0.48152237601006975
9.090733989290372 0.3278661365739695
9.259080915017972 0.16493986975564015
9.427427840745572 -0.002649876875011117
9.595774766473172 -0.17016470136991468
9.76412169220077 -0.3328683201158157
9.93246861792837 -0.48616048065382067
10.100815543655969 -0.6257070283788909
10.26916246938357 -0.7475624496371186
10.437509395111169 -0.8482814264595868
10.605856320838768 -0.9250162488546195
10.774203246566367 -0.9755973304410017
10.942550172293966 -0.9985945509378524
11.110897098021567 -0.9933576911247645
11.279244023749166 -0.9600348170215213
11.447590949476766 -0.8995680934964424
11.615937875204365 -0.8136671456686341
11.784284800931964 -0.7047607212790011
11.952631726659565 -0.5759280207193299
12.120978652387164 -0.430811636281692
12.289325578114763 -0.2735145621679392
12.457672503842362 -0.1084841871795375
12.626019429569961 0.059613449942739025
12.794366355297562 0.2260255872476439
12.962713281025161 0.3860471182985298
13.13106020675276 0.5351536234951044
13.29940713248036 0.6691292926884935
13.467754058207959 0.7841861222289362
13.636100983935558 0.8770710162905032
13.804447909663159 0.9451577643095069
13.972794835390758 0.9865212939832724
14.141141761118357 0.9999921004135264
14.309488686845956 0.9851893124747113
14.477835612573555 0.942531461494765
14.646182538301156 0.8732246477766434
14.814529464028755 0.7792284395382054
14.982876389756354 0.6632004684376057
15.151223315483954 0.5284212881802263
15.319570241211553 0.3787016207411877
15.487917166939154 0.21827461270683907
15.656264092666753 0.05167614805979811
15.824611018394352 -0.11638339857798506
15.992957944121951 -0.2811523422186777
16.161304869849552 -0.4379720357837789
16.329651795577153 -0.5824085878424368
16.49799872130475 -0.7103782256495593
16.66634564703235 -0.8182627589920302
16.83469257275995 -0.9030118802392545
17.00303949848755 -0.9622294081851163
17.17138642421515 -0.9942410372386111
17.339733349942748 -0.9981416764349434
17.50808027567035 -0.9738210398124826
17.676427201397946 -0.9219667646179406
17.844774127125547 -0.8440449691761962
18.013121052853148 -0.7422588001280273
18.181467978580745 -0.6194861410635761
18.349814904308346 -0.47919824376629183
18.518161830035943 -0.325361582672761
18.686508755763544 -0.16232570749747172
18.854855681491145 0.0052997351429583854
19.023202607218742 0.17277533403798587
19.191549532946343 0.33536591463182186
19.35989645867394 0.48847442048567324
19.52824338440154 0.6277718896135708
19.696590310129142 0.7493198507644566
19.86493723585674 0.8496816790404459
20.03328416158434 0.9260197624027676
20.201631087311938 0.976175731797297
20.36997801303954 0.9987314864877785
20.53832493876714 0.993049289177543
20.706671864494737 0.959289797277593
20.875018790222338 0.8984075205082445
21.043365715949935 0.8121238332652876
21.211712641677536 0.7028783047940821
21.380059567405137 0.5737597232534082
21.548406493132735 0.42841876388208455
21.716753418860336 0.27096477047269785
21.885100344587933 0.10584956853428225
22.053447270315534 -0.0622584048106726
22.221794196043135 -0.22860609536643905
22.390141121770732 -0.3884902188520077
22.558488047498333 -0.5373902407035464
22.72683497322593 -0.6710961888446344
22.89518189895353 -0.7858276856693847
23.063528824681132 -0.8783408337497668
23.23187575040873 -0.9460199332002018
23.40022267613633 -0.9869514374993408
23.568569601863928 -0.9999780567556008
23.73691652759153 -0.984731478710616
23.90526345331913 -0.9416427823328917
24.073610379046727 -0.8719302495696291
24.241957304774328 -0.7775649198650105
24.410304230501925 -0.6612148613502469
24.578651156229526 -0.5261697343715536
24.746998081957127 -0.3762477802331752
24.915345007684724 -0.21568786493873057
25.083691933412325 -0.049029630266473036
25.252038859139923 0.11901485923484058
25.420385784867523 0.2836943443001164
25.588732710595124 0.4403527071863033
25.75707963632272 0.5845606178967565
25.925426562050323 0.712240768250195
26.09377348777792 0.8197831529489898
26.26212041350552 0.9041471382109397
26.43046733923312 0.9629474320945677
26.59881426496072 0.9945215258086937
26.76716119068832 0.9979766991829546
26.935508116415917 0.9732152612751737
27.10385504214352 0.9209373124672526
27.272201967871116 0.8426209499545927
27.440548893598717 0.7404804762954088
27.608895819326317 0.6174037926238317
27.777242745053915 0.4768707466596428
27.945589670781516 0.32285474412813964
28.113936596509113 0.15971040541095016
28.282283522236714 -0.00794955619690506
28.450630447964315 -0.1753847535018898
28.618977373691912 -0.33786115425539737
28.787324299419513 -0.49078493031864084
28.95567122514711 -0.6298323427220656
29.12401815087471 -0.7510719902728704
29.292365076602312 -0.8510759652756987
29.46071200232991 -0.9270167735699899
29.62905892805751 -0.9767472785844841
29.797405853785108 -0.9988614090852491
29.96575277951271 -0.9927339141774593
30.13409970524031 -0.9585380415352199
30.302446630967907 -0.8972406390284142
30.470793556695508 -0.8105748182422594
30.639140482423105 -0.7009909527962674
30.807487408150706 -0.5715873969271658
30.975834333878307 -0.4260228831859887
31.144181259605904 -0.26841307610083653
31.312528185333505 -0.10321420662819729
31.480875111061103 0.06490292250881396
31.649222036788704 0.23118499824528438
31.817568962516305 0.3909305914816448
31.985915888243902 0.5396230844330682
32.154262813971506 0.6730583726574426
32.322609739699104 0.7874637311380136
32.4909566654267 0.8796044836228548
32.659303591154305 0.9468754592715791
32.8276505168819 0.9873746507808061
32.9959974426095 0.9999569913919782
33.164344368337105 0.9842667303001562
33.3326912940647 0.9407474910874392
33.5010382197923 0.8706297287906639
33.6693851455199 0.7758959402399812
33.8377320712475 0.6592246113048437
34.0060789969751 0.523914485872786
34.174425922702696 0.3737912977660126
34.3427728484303 0.21309960264067318
34.51111977415789 0.046382768193966306
34.679466699885495 -0.12164548418604466
34.8478136256131 -0.2862343543196527
35.0161605513407 -0.44273028649386437
35.184507477068294 -0.5867085432483876
35.35285440279589 -0.7140983095960245
35.521201328523496 -0.8212977905036041
35.68954825425109 -0.9052760473882006
35.85789517997869 -0.9636586943221752
36.026242105706295 -0.9947950309880752
36.19458903143389 -0.997804714278521
36.36293595716149 -0.972602648956764
36.531282882889094 -0.9199013936238897
36.69962980861669 -0.8411910139668276
36.86797673434429 -0.7386969529127142
37.036323660071886 -0.615317108861231
37.20467058579949 -0.47453990103347155
37.37301751152709 -0.3203456385427759
37.541364437254686 -0.157093981860353
37.70971136298229 0.010599321430189917
37.87805828870988 0.17799294143864028
38.046405214437485 0.3403540214653262
38.21475214016509 0.49309199392864905
38.38309906589269 0.6318883732361708
38.551445991620284 0.7528188558590866
38.71979291734788 0.8524642753748599
38.888139843075486 0.9280072753554177
39.05648676880308 0.977311966789241
39.22483369453068 0.9989843178179664
39.393180620258285 0.9924115683390311
39.56152754598588 0.9577795550731261
39.72987447171348 0.8960674572506269
39.898221397441084 0.8090201114765148
40.06656832316868 0.6990986785382706
40.23491524889628 0.5694110569943674
40.403262174623876 0.4236240110169475
40.57160910035148 0.26585949696998507
40.73995602607908 0.10057811996642614
40.908302951806675 -0.06754698446773776
41.07664987753428 -0.23376227777549585
41.24499680326187 -0.3933682190514785
41.413343728989474 -0.5418521390049604
41.58169065471708 -0.6750158303487321
41.750037580444676 -0.7890942471467411
41.91838450617227 -0.8808619570365992
42.08673143189987 -0.9477243365162494
42.255078357627475 -0.987790930855924
42.42342528335507 -0.9999289044705768
42.59177220908267 -0.9837950705067328
42.760119134810274 -0.9398455940450166
42.92846606053787 -0.8693230945718234
43.09681298626547 -0.774221512382454
43.265159911993074 -0.6572297322766595
43.43350683772067 -0.5216555585199623
43.60185376344827 -0.37133219058876704
43.770200689175866 -0.2105098439870974
43.93854761490347 -0.04373558042815094
44.10689454063107 0.12427525495971599
44.275241466358665 0.2887723544416787
44.44358839208627 0.4451047570114336
44.61193531781386 0.588852348814891
44.780282243541464 0.7159508366436578
44.94862916926907 0.8228066610202943
45.116976094996666 0.906398599843995
45.28532302072426 0.964363189873557
45.45366994645186 0.9950615508562389
45.622016872179465 0.9976257229292966
45.79036379790706 0.9719832071589324
45.95871072363466 0.9188590153619339
46.127057649362264 0.8397551712537167
46.29540457508986 0.7369082425035968
46.46375150081746 0.6132261044281693
46.63209842654506 0.4722057232546587
46.80044535227266 0.3178342835352575
46.96879227800026 0.15447645521784306
47.137139203727855 -0.013249012236515277
47.30548612945546 -0.1805998795339282
47.47383305518306 -0.3428444987570409
47.642179980910655 -0.49539559511580833
47.81052690663826 -0.6339399667187202
47.97887383236585 -0.7545604352568531
48.147220758093454 -0.8538465995894143
48.31556768382106 -0.9289912608038825
48.483914609548656 -0.9778697924464066
48.65226153527625 -0.9991002118228821
48.82060846100385 -0.9920822539257281
48.988955386731455 -0.957014343217297
49.15730231245905 -0.894887983412802
49.32564923818665 -0.8074597238849949
49.493996163914254 -0.6972014953073836
49.66234308964185 -0.5672307187369701
49.83069001536945 -0.42122216421949865
49.99903694109705 -0.2633040510110283
50.16738386682465 -0.09794132705919972
50.33573079255225 0.07019057212120809
50.504077718279845 0.23633791585976072
50.67242464400745 0.39580308444484946
50.84077156973505 0.5440773887671115
51.009118495462644 0.6769685481735068
51.17746542119025 0.7907192222463125
51.34581234691784 0.882113245161193
51.51415927264544 0.9485665589735216
51.68250619837305 0.9882002748016341
51.850853124100645 0.9998937961886187
52.01920004982824 0.9833165026422712
52.18754697555584 0.9389370975386206
52.355893901283444 0.8680103560881101
52.52424082701104 0.7725416480500286
52.69258775273864 0.6552302382734578
52.86093467846624 0.5193929681749535
53.02928160419384 0.36887047596894756
53.19762852992144 0.20791860716290805
53.36597545564904 0.04108808555722954
53.53432238137664 -0.12690415308997297
53.70266930710424 -0.2913083268447305
53.871016232831835 -0.4474761020658056
54.03936315855944 -0.5909920195427818
54.20771008428704 -0.7177983363849072
54.37605701001464 -0.8243097539039854
54.54440393574223 -0.9075147876959141
54.71275086146983 -0.9650609138018412
54.88109778719743 -0.9953210835417213
55.04944471292504 -0.9974397263921336
55.217791638652635 -0.9713569402313121
55.386138564380225 -0.9178101850008155
55.55448549010783 -0.8383134318975481
55.722832415835434 -0.7351143576281303
55.89117934156303 -0.6111307940073891
56.059526267290636 -0.46986822971347014
56.227873193018226 -0.3153206967399737
56.39622011874583 -0.15185784386332535
56.56456704447343 0.015898610010141603
56.73291397020103 0.1832055494821789
56.90126089592863 0.34533256864275924
57.06960782165622 0.4976957177045634
57.237954747383824 0.6359871087637092
57.40630167311143 0.7562967162370575
57.574648598839026 0.8552229282128734
57.74299552456663 0.9299687230059775
57.91134245029422 0.9784207516390055
58.07968937602182 0.9992090902862046
58.24803630174942 0.9917459732499475
58.41638322747703 0.956242411340943
58.584730153204625 0.8937022257970392
58.753077078932215 0.8058936664245164
58.92142400465982 0.6952994164253637
59.089770930387424 0.5650463974650033
59.25811785611502 0.4188173596590766
59.426464781842625 0.26074675616794596
59.594811707570216 0.09530384642171516
59.76315863329782 -0.07283366690632316
59.93150555902542 -0.23891189441232677
60.09985248475302 -0.3982351705644547
60.26819941048062 -0.5462988180941296
60.43654633620821 -0.6789165124200613
60.604893261935814 -0.7923386450263762
60.77324018766342 -0.8833583392102765
60.941587113391016 -0.9494021207294252
61.10993403911862 -0.9886026797435805
61.27828096484621 -0.9998516667926298
61.44662789057381 -0.9828310300672108
61.61497481630141 -0.9380220079475818
61.78332174202902 -0.8666915225573891
61.951668667756614 -0.7708563590384769
62.120015593484204 -0.6532261433353999
62.28836251921181 -0.517126730725358
62.45670944493941 -0.3664061711923692
62.62505637066701 -0.2053259103634137
62.793403296394615 -0.03844030217153275
62.961750222122205 0.12953216011705446
63.13009714784981 0.2938422537215586
63.29844407357741 0.44984430500574074
63.46679099930501 0.5931275404075749
63.63513792503261 0.7196407958468887
63.8034848507602 0.8258070586001618
63.971831776487804 0.9086246031062494
64.14017870221541 0.965751861207714
64.30852562794301 0.9955736272221204
64.4768725536706 0.997246725973074
64.64521947939821 0.970723852571462
64.8135664051258 0.916754909905271
64.9819133308534 0.8368658060220058
65.150260256581 0.7333153108827226
65.31860718230861 0.6090311923118611
65.48695410803622 0.4675274368234515
65.6553010337638 0.31280489580695836
65.8236479594914 0.14923816618432867
65.991994885219 -0.01854809614595775
66.1603418109466 -0.18580993298675033
66.32868873667421 -0.34781821365161
66.4970356624018 -0.49999234554378824
66.6653825881294 -0.6380297849964102
66.833729513857 -0.7580276866077595
67.0020764395846 -0.8565932515808504
67.1704233653122 -0.9309396550981006
67.3387702910398 -0.9789648404982829
67.5071172167674 -0.9993109524434055
67.675464142495 -0.9914027286730052
67.84381106822259 -0.9554637648644635
68.0121579939502 -0.8925101927295624
68.18050491967779 -0.8043219500917111
68.34885184540539 -0.693392455248332
68.517198771133 -0.5628581085164647
68.6855456968606 -0.41640961422187545
68.8538926225882 -0.25818763039769704
69.02223954831578 -0.0926656965739846
69.19058647404339 0.07547625026363491
69.35893339977099 0.24148419535907065
69.5272803254986 0.400664460332533
69.6956272512262 0.5485164113874552
69.86397417695379 0.6808597094100741
70.0323211026814 0.7939525041155853
70.20066802840898 0.8845972304409604
70.36901495413659 0.950231015916763
70.53736187986419 0.9889981428561324
70.70570880559178 0.9998025165784364
70.87405573131939 0.9823386561904678
71.04240265704699 0.9371003316975308
71.21074958277458 0.8653666032403283
71.37909650850219 0.7691656571816621
71.54744343422978 0.6512174615349537
71.71579035995738 0.514856862084365
71.88413728568499 0.36393929356303434
72.05248421141259 0.20273177179416071
72.2208311371402 0.035792248863417135
72.38917806286779 -0.13215925758748479
72.55752498859538 -0.29637411727927704
72.72587191432298 -0.45220934920204353
72.89421884005058 -0.5952588964139479
73.06256576577819 -0.7214782020921152
73.23091269150578 -0.8272985645949799
73.39925961723338 -0.9097280382820325
73.56760654296097 -0.9664360272394319
73.73595346868858 -0.9958191801241078
73.90430039441618 -0.9970467230273381
74.07264732014377 -0.9700839486248364
74.24099424587138 -0.9156931974852943
74.40934117159898 -0.8354123037921156
74.57768809732657 -0.7315111149000328
74.74603502305418 -0.6069273140847107
74.91438194878177 -0.4651833610213536
75.08272887450937 -0.31028689840183993
75.25107580023698 -0.14661744057584125
75.41942272596458 0.02119745203965069
75.58776965169218 0.1884130117600337
75.75611657741976 0.3503014163297091
75.92446350314736 0.5022854625068597
76.09281042887497 0.6400679810734148
76.26115735460257 0.7597533342143468
76.42950428033018 0.8579575600711306
76.59785120605777 0.9319040502624999
76.76619813178537 0.9795020552037227
76.93454505751296 0.9994057975792218
77.10289198324057 0.991052522605119
77.27123890896817 0.9546784092553988
77.43958583469576 0.8913118925806639
77.60793276042337 0.8027445859229506
77.77627968615097 0.6914806251667023
77.94462661187856 0.5606658672572182
78.11297353760617 0.4139989448147654
78.28132046333376 0.2556266916701382
78.44966738906136 0.09002689604071219
78.61801431478897 -0.07811830363731483
78.78636124051657 -0.2440548006376627
78.95470816624417 -0.4030909366909588
79.12305509197176 -0.5507301530754416
79.29140201769935 -0.6827981254986676
79.45974894342696 -0.7955607881816305
79.62809586915456 -0.8858299101539376
79.79644279488217 -0.951053238715151
79.96478972060976 -0.989386661362402
80.13313664633736 -0.9997463458911644
80.30148357206495 -0.9818393844694279
80.46983049779256 -0.9361720752603563
80.63817742352016 -0.8640356074403148
80.80652434924775 -0.7674695543514599
80.97487127497536 -0.6492042069768015
81.14321820070296 -0.5125833781906739
81.31156512643055 -0.36146986040301854
81.47991205215816 -0.2001362096708473
81.64825897788575 -0.03314394422717722
81.81660590361335 0.13478542705412572
81.98495282934095 0.2989038997395153
82.15329975506856 0.4545712180477116
82.32164668079616 0.5973860725958235
82.48999360652374 0.7233105422185531
82.65834053225134 0.8287842614152737
82.82668745797895 0.9108250854750876
82.99503438370655 0.9671134070928845
83.16338130943416 0.996057740523448
83.33172823516175 0.9968397189593208
83.50007516088935 0.9694372328847458
83.66842208661694 0.9146250551960896
83.83676901234455 0.833952935414178
84.00511593807215 0.7297017823488575
