0.0 0.0
0.1287003735686207 0.12834537345914987
0.2574007471372414 0.2545677943709308
0.3861011207058622 0.37657942580918347
0.5148014942744829 0.49236208124494074
0.6435018678431036 0.6000006072396825
0.7722022414117244 0.6977145618748825
0.9009026149803451 0.7838876649269895
1.0296029885489657 0.8570945326543966
1.1583033621175864 0.9161242549780096
1.2870037356862072 0.9600004250667925
1.415704109254828 0.9879972900202059
1.5444044828234489 0.9996517555001425
1.6731048563920694 0.994771045744516
1.8018052299606901 0.9734358922587123
1.9305056035293107 0.9359991984409642
2.0592059770979314 0.8830802022299945
2.1879063506665526 0.8155542333301965
2.316606724235173 0.7345382344394317
2.4453070978037936 0.6413722859718757
2.5740074713724144 0.5375974398742919
2.702707844941035 0.42493022918513673
2.831408218509656 0.30523427497224426
2.960108592078277 0.18048946029689864
3.0888089656468978 0.0527591810957714
3.217509339215518 -0.07584378431823253
3.346209712784139 -0.20319222258582803
3.4749100863527596 -0.3271796714003722
3.6036104599213803 -0.445755262365067
3.7323108334900015 -0.5569576442748817
3.8610112070586213 -0.6589474257003757
3.9897115806272425 -0.750037600242744
4.118411954195863 -0.8287214511978842
4.247112327764484 -0.8936974740602593
4.375812701333105 -0.9438909046250064
4.504513074901725 -0.978471496593356
4.633213448470346 -0.9968672546231309
4.7619138220389665 -0.9987738956668195
4.890614195607587 -0.9841598820978484
5.019314569176209 -0.9532669433724286
5.148014942744829 -0.9066060775982077
5.27671531631345 -0.8449490991475141
5.40541568988207 -0.7693158721255927
5.534116063450691 -0.680957440864188
5.662816437019312 -0.5813353364779195
5.791516810587932 -0.4720974017723431
5.920217184156554 -0.35505053438234907
6.048917557725174 -0.2321307989948857
6.1776179312937956 -0.10537140302779073
6.306318304862415 0.02313093452300427
6.435018678431036 0.1512506647772133
6.563719051999657 0.2768685675371712
6.692419425568278 0.39790680517249183
6.821119799136899 0.5123632919983441
6.949820172705519 0.6183448106456776
7.07852054627414 0.714098327647667
7.207220919842761 0.7980399902532529
7.335921293411381 0.8687813248333829
7.464621666980003 0.925152203533788
7.593322040548623 0.9662201992843747
7.722022414117243 0.9913060090152767
7.850722787685864 0.999994689965133
7.979423161254485 0.9921425232225513
8.108123534823106 0.9678793909713551
8.236823908391726 0.9276066281177557
8.365524281960347 0.8719903838355425
8.494224655528969 0.8019506028355521
8.622925029097589 0.7186458086195182
8.75162540266621 0.6234539404175213
8.88032577623483 0.5179495607840342
9.00902614980345 0.40387781086021823
9.137726523372072 0.2831255441068292
9.266426896940692 0.15769011598278207
9.395127270509313 0.02964634581727189
9.523827644077933 -0.09888780264296321
9.652528017646555 -0.22578625433543606
9.781228391215175 -0.34894999015242717
9.909928764783796 -0.4663417666807258
10.038629138352418 -0.5760198141135655
10.167329511921038 -0.6761699549398086
10.296029885489657 -0.7651356121371918
10.424730259058277 -0.8414452105060398
10.5534306326269 -0.9038365178997675
10.68213100619552 -0.9512775237254272
10.81083137976414 -0.9829835093643994
10.93953175333276 -0.9984300281524612
11.068232126901382 -0.9973615802182475
11.196932500470004 -0.9797958386901502
11.325632874038623 -0.9460233573662414
11.454333247607245 -0.8966027646826313
11.583033621175865 -0.832351523476527
11.711733994744485 -0.7543324093861439
11.840434368313108 -0.6638359315473957
11.969134741881728 -0.5623589863654924
12.097835115450348 -0.45158009744799826
12.226535489018968 -0.333331651254071
12.355235862587591 -0.20956958770817746
12.483936236156211 -0.0823410471239254
12.61263660972483 0.046249491411895945
12.741336983293452 0.17407502009219317
12.870037356862072 0.299021185088564
12.998737730430694 0.4190212599416632
13.127438103999314 0.5320903311503012
13.256138477567935 0.6363581304977043
13.384838851136555 0.7300999710374906
13.513539224705175 0.8117652750292624
13.642239598273799 0.8800032219450328
13.770939971842418 0.9336850923044797
13.899640345411038 0.9719229377511078
14.028340718979658 0.9940842685487548
14.15704109254828 0.99980251555354
14.285741466116901 0.988983093610439
14.414441839685521 0.9618049660802347
14.543142213254143 0.9187176846181041
14.671842586822763 0.8604339531686777
14.800542960391383 0.7879178391760384
14.929243333960006 0.7023688270062873
15.057943707528626 0.6052019773539892
15.186644081097246 0.4980245208144449
15.315344454665865 0.38260927278604956
15.444044828234485 0.26086530944508685
15.572745201803109 0.13480638983978055
15.701445575371729 0.0065176464317283364
15.830145948940348 -0.12187890494572833
15.95884632250897 -0.24825946521457523
16.087546696077588 -0.37053358167573863
16.21624706964621 -0.48667872605241946
16.34494744321483 -0.5947737489998889
16.47364781678345 -0.6930306577129612
16.602348190352075 -0.7798241909996926
16.731048563920695 -0.8537187026219623
16.859748937489314 -0.913491908227349
16.988449311057938 -0.95815510307579
17.117149684626558 -0.986969516140937
17.245850058195177 -0.999458530074079
17.374550431763797 -0.9954155649009727
17.50325080533242 -0.9749074950478767
17.63195117890104 -0.9382735431759822
17.76065155246966 -0.886119669121242
17.88935192603828 -0.8193085467517943
18.0180522996069 -0.7389452945351307
18.146752673175524 -0.6463591958447743
18.275453046744143 -0.543081711369714
18.404153420312763 -0.430821147321873
18.532853793881383 -0.3114343984532098
18.661554167450003 -0.18689623327934587
18.790254541018626 -0.05926662956086796
18.918954914587246 0.06934329965597949
19.047655288155866 0.19680622582410012
19.176355661724486 0.32101379289987053
19.30505603529311 0.43991149152452896
19.43375640886173 0.5515326425310021
19.56245678243035 0.6540309276572264
19.691157155998972 0.7457109293774689
19.819857529567592 0.8250561746943031
19.948557903136212 0.8907542190207006
20.077258276704836 0.9417183552413158
20.205958650273455 0.9771055888648137
20.334659023842075 0.9963305819414082
20.463359397410695 0.9990753351001435
20.592059770979315 0.9852944475559876
20.72076014454794 0.9552158680812901
20.849460518116555 0.9093371245198402
20.978160891685178 0.8484170942108683
21.1068612652538 0.7734634514479215
21.235561638822418 0.6857159996033396
21.36426201239104 0.5866261636205907
21.492962385959657 0.47783298208789715
21.62166275952828 0.36113599600658036
21.750363133096904 0.23846548269942375
21.87906350666552 0.11185052721791368
22.007763880234144 -0.01661454062279491
22.136464253802764 -0.14480478841827446
22.265164627371384 -0.27059982954476075
22.393865000940007 -0.39191889633757104
22.522565374508627 -0.5067552579348792
22.651265748077247 -0.6132094134835381
22.779966121645867 -0.7095205116602084
22.90866649521449 -0.7940954767995733
23.03736686878311 -0.8655353598561962
23.16606724235173 -0.9226584783304994
23.294767615920353 -0.9645199624027916
23.42346798948897 -0.9904273839640333
23.552168363057593 -0.999952210024554
23.680868736626216 -0.9929368910505942
23.809569110194833 -0.9694974669809941
23.938269483763456 -0.9300216478180383
24.066969857332072 -0.8751624005413172
24.195670230900696 -0.8058271484230001
24.32437060446932 -0.7231627613980149
24.453070978037935 -0.6285365857623927
24.58177135160656 -0.5235138269863254
24.710471725175182 -0.4098316597514309
24.8391720987438 -0.2893704934563339
24.967872472312422 -0.164122868486021
25.09657284588104 -0.03616049772984344
25.22527321944966 0.09240000148784919
25.353973593018285 0.21943211823838957
25.482673966586905 0.3428346224689472
25.611374340155525 0.4605663213133772
25.740074713724145 0.5706798223318001
25.868775087292768 0.671353745203399
25.997475460861388 0.7609228490608616
26.126175834430008 0.8379055771322185
26.254876207998628 0.9010285630758732
26.383576581567247 0.9492476936511621
26.51227695513587 0.9817653793281501
26.64097732870449 0.9980437471646179
26.76967770227311 0.9978135377277247
26.898378075841734 0.9810785588969232
27.02707844941035 0.9481156228780742
27.155778822978974 0.8994699674705893
27.284479196547597 0.8359462373241549
27.413179570116213 0.7585951743634596
27.541879943684837 0.6686962375337479
27.670580317253453 0.56773643935293
27.799280690822076 0.4573857493333594
27.9279810643907 0.3394694711238368
28.056681437959316 0.2159380502796258
28.18538181152794 0.08883481206825591
28.31408218509656 -0.03973783704194096
28.44278255866518 -0.16765318515170893
28.571482932233803 -0.29279539273526095
28.700183305802422 -0.41309449060544656
28.828883679371042 -0.5265606191406369
28.957584052939662 -0.6313169424244167
29.086284426508286 -0.7256306928674752
29.214984800076905 -0.8079418328045717
29.343685173645525 -0.8768888589769886
29.47238554721415 -0.9313313230701428
29.601085920782765 -0.9703686957956221
29.72978629435139 -0.9933552624880986
29.858486667920012 -0.9999108038299596
29.987187041488628 -0.9899268850345362
30.11588741505725 -0.9635686494589132
30.244587788625868 -0.9212720869783126
30.37328816219449 -0.8637368223056667
30.501988535763115 -0.7919145425443637
30.63068890933173 -0.7069932553932261
30.759389282900354 -0.6103776383877441
30.88808965646897 -0.503665804219561
31.016790030037594 -0.3886228664574363
31.145490403606217 -0.2671517429175497
31.274190777174834 -0.1412616796225771
31.402891150743457 -0.013035015992753345
31.531591524312077 0.11540725899617535
31.660291897880697 0.24194058995488724
31.78899227144932 0.3644719972141857
31.91769264501794 0.48097469666675363
32.04639301858656 0.5895216246724194
32.175093392155176 0.688317313493552
32.3037937657238 0.7757275900111936
32.43249413929242 0.8503066064771948
32.56119451286104 0.9108207561886503
32.68989488642966 0.9562690784968095
32.81859525999828 0.9858998156326364
32.9472956335669 0.9992228474835977
33.07599600713553 0.9960177986388434
33.20469638070415 0.9763376836046708
33.33339675427277 0.9405080298949923
33.46209712784139 0.8891214935017164
33.59079750141001 0.8230280558101973
33.71949787497863 0.743320964111941
33.84819824854725 0.6513186482716443
33.976898622115876 0.5485429126638013
34.10559899568449 0.43669376410469285
34.234299369253115 0.3176212921491795
34.362999742821735 0.19329506687874443
34.491700116390355 0.0657715603696936
34.620400489958975 -0.0628398692788361
34.749100863527595 -0.19041186870120114
34.877801237096214 -0.3148342776801121
35.00650161066484 -0.4340490331707424
35.135201984233454 -0.5460842115888284
35.26390235780208 -0.6490866462716062
35.3926027313707 -0.7413525805880128
35.52130310493932 -0.8213558496673375
35.65000347850794 -0.8877731245939193
35.77870385207656 -0.9395058015054261
35.90740422564518 -0.9756981735285091
36.0361045992138 -0.9957515849710239
36.16480497278243 -0.9993343336472357
36.29350534635105 -0.9863871575422871
36.42220571991967 -0.9571242150613666
36.55090609348829 -0.9120295426493341
36.67960646705691 -0.8518490483750951
36.80830684062553 -0.7775781739143256
36.937007214194146 -0.6904454290128949
37.065707587762766 -0.5918920707863671
37.19440796133139 -0.4835482639789707
37.323108334900006 -0.36720611651370016
37.45180870846863 -0.24479003635063737
37.58050908203725 -0.11832489997904937
37.70920945560587 0.010097440934139381
37.83790982917449 0.13835276072786518
37.96661020274311 0.2643195964266327
38.09531057631173 0.38591433872281233
38.22401094988036 0.5011256968238635
38.35271132344897 0.6080479670836269
38.4814116970176 0.7049125551235313
38.61011207058622 0.7901172300380995
38.73881244415484 0.862252626793114
38.86751281772346 0.9201255584417521
38.99621319129208 0.9627787525529491
39.1249135648607 0.9895066853929597
39.25361393842932 0.9998672519479509
39.382314311997945 0.9936890787545292
39.511014685566565 0.9710743585771523
39.639715059135185 0.9323971600441989
39.768415432703804 0.8782972402029051
39.897115806272424 0.8096694623392938
40.025816179841044 0.7276489941022576
40.15451655340967 0.6335925307686612
40.283216926978284 0.5290558542342675
40.41191730054691 0.4157680989256469
40.54061767411552 0.29560315029919937
40.66931804768415 0.17054864902253938
40.79801842125277 0.04267311353846336
40.92671879482139 -0.0859082751653197
41.05541916839001 -0.21306866062849641
41.18411954195863 -0.33670469111373763
41.31281991552725 -0.45477131101217283
41.44152028909588 -0.565315587976368
41.5702206626645 -0.6665090162483462
41.69892103623311 -0.7566777618554701
41.827621409801736 -0.8343303493902614
41.956321783370356 -0.8981823324089141
42.085022156938976 -0.9471775393771537
42.2137225305076 -0.980505543735467
42.342422904076216 -0.9976150691125695
42.471123277644836 -0.9982231079523326
42.59982365121346 -0.9823196027235084
42.72852402478208 -0.9501676122807159
42.8572243983507 -0.9022989606248819
42.985924771919315 -0.8395054400367362
43.11462514548794 -0.7628257140917277
43.24332551905656 -0.6735281371928282
43.37202589262519 -0.5730897748020856
43.50072626619381 -0.46317197139609106
43.62942663976242 -0.34559287027407637
43.75812701333104 -0.22229733976682012
43.88682738689967 -0.09532480329500985
44.01552776046829 0.03322449460206598
44.144228134036915 0.16122422827607263
44.27292850760553 0.2865571623850214
44.40162888117415 0.40715017294663003
44.53032925474277 0.5210085387483803
44.659029628311394 0.6262489359025256
44.787730001880014 0.721130589785062
44.91643037544863 0.8040840690765786
45.045130749017254 0.8737372456245209
45.173831122585874 0.9289379907264589
45.302531496154494 0.9687732324167125
45.43123186972312 0.9925840585308461
45.55993224329173 0.9999766157292971
45.68863261686035 0.9908286242000808
45.81733299042898 0.965291400281266
45.9460333639976 0.923787353547194
46.07473373756622 0.8670029997589344
46.20343411113483 0.7958776052513535
46.33213448470346 0.7115876505892061
46.46083485827208 0.6155273704780088
46.589535231840706 0.5092856918176205
46.718235605409326 0.3946199513648829
46.84693597897794 0.27342682773959626
46.97563635254656 0.14771096858575264
47.104336726115186 0.019551831824133212
47.233037099683806 -0.10893071052708529
47.36173747325243 -0.2356114370187481
47.490437846821045 -0.35839492992162747
47.619138220389665 -0.47525023539605626
47.747838593958285 -0.5842444573683762
47.87653896752691 -0.6835747294403092
48.00523934109553 -0.7715980359857836
48.133939714664145 -0.846858389166502
48.26264008823277 -0.9081109123328958
48.39134046180139 -0.9543424314484913
48.52004083537001 -0.984788233936361
48.64874120893864 -0.9989447177405347
48.77744158250725 -0.9965777213751406
48.90614195607587 -0.9777263971744482
49.0348423296445 -0.9427025636766267
49.16354270321312 -0.8920855478534193
49.29224307678174 -0.8267126025000433
49.420943450350364 -0.7476650572906884
49.54964382391898 -0.6562504325741164
49.6783441974876 -0.5539808117638272
49.807044571056224 -0.44254783006384724
49.935744944624844 -0.3237946932398893
50.064445318193464 -0.19968568927158947
50.19314569176208 -0.0722736971917068
50.3218460653307 0.05633376945360489
50.45054643889932 0.18400942285048275
50.57924681246795 0.30864138824793474
50.70794718603657 0.42816813634190626
50.83664755960518 0.5406125828986172
50.96534793317381 0.6441147915774038
51.09404830674243 0.7369627390177576
51.22274868031105 0.8176206333074095
51.351449053879676 0.8847543174173049
51.48014942744829 0.9372533374069906
51.60884980101691 0.9742493103716813
51.737550174585536 0.9951302883078667
51.866250548154156 0.9995508803057951
51.994950921722776 0.9874379656382464
52.12365129529139 0.958991903245763
52.252351668860015 0.9146832176123239
52.381052042428635 0.8552448158502123
52.509752415997255 0.7816598647307049
52.63845278956588 0.695145528185903
52.767153163134495 0.5971328342786305
52.895853536703115 0.4892430046594613
53.02455391027174 0.3732606380439692
53.15325428384036 0.25110419128043493
53.28195465740898 0.12479424627877779
53.4106550309776 -0.0035799123045152804
53.53935540454622 -0.13189485578919283
53.66805577811484 -0.25802813496813176
53.79675615168347 -0.37989338740283485
53.92545652525209 -0.4954748478099817
54.0541568988207 -0.6028606907050494
54.18285727238933 -0.7002746537843889
54.31155764595795 -0.7861054189654157
54.44025801952657 -0.8589332650951822
54.568958393095194 -0.917553551466406
54.69765876666381 -0.9609966437017331
54.82635914023243 -0.988543952413484
54.955059513801054 -0.9997398193443572
55.08375988736967 -0.994399054381297
55.21246026093829 -0.972609998773215
55.341160634506906 -0.9347330638840855
55.46986100807553 -0.8813947696518016
55.59856138164415 -0.8134773813623007
55.72726175521278 -0.7321043161563244
55.8559621287814 -0.6386215606589566
55.98466250235001 -0.534575407101616
56.11336287591863 -0.42168687620194717
56.24206324948726 -0.30182324987111536
56.37076362305588 -0.1769671846241106
56.499463996624506 -0.04918391658612293
56.62816437019312 0.07941289944498751
56.75686474376174 0.20669615182650186
56.88556511733036 0.3305604564873094
57.014265490898985 0.4489569819501259
57.142965864467605 0.5599273389208285
57.27166623803622 0.6616359738795374
57.400366611604845 0.7524005308530421
57.529066985173465 0.8307196791564381
57.657767358742085 0.8952979468072412
57.78646773231071 0.9450671488439011
57.915168105879324 0.9792040561043727
58.043868479447944 0.9971440122066315
58.17256885301657 0.9985902734934591
58.30126922658519 0.9835189174501572
58.42996960015381 0.9521792384053186
58.558669973722424 0.9050896239694132
58.68737034729105 0.8430289804187313
58.81607072085967 0.7670238488569175
58.9447710944283 0.6783314252647259
59.07347146799692 0.5784187653023944
59.20217184156553 0.4689385178365311
59.33087221513415 0.3517015885817597
59.45957258870278 0.228647186026076
59.5882729622714 0.10181074510828157
59.716973335840024 -0.026709740780147154
59.845673709408636 -0.1547884225684177
59.974374082977256 -0.28030675903891555
60.103074456545876 -0.4011885594808219
60.2317748301145 -0.5154343258268411
60.36047520368312 -0.6211543262217832
60.489175577251736 -0.7165998529553737
60.61787595082036 -0.8001921477237408
60.74657632438898 -0.8705485157686874
60.8752766979576 -0.9265051969425872
61.00397707152623 -0.9671366153899299
61.13267744509484 -0.9917706894378678
61.26137781866346 -0.999999948455852
61.39007819223209 -0.9916882728010417
61.51877856580071 -0.9669731453645516
61.64747893936933 -0.9262633774758106
61.77617931293794 -0.870232346780723
61.90487968650657 -0.7998068589454265
62.03358006007519 -0.7161518174235588
62.162280433643815 -0.6206509548632971
62.290980807212435 -0.5148839448748799
62.41968118078105 -0.4006002727512392
62.54838155434967 -0.27969029734456374
62.677081927918294 -0.15415398276242992
62.805782301486914 -0.026067817090448652
62.93448267505554 0.10244953466332024
63.063183048624154 0.22927227526960373
63.191883422192774 0.3523026379529021
63.320583795761394 0.4695055854163995
63.44928416933002 0.5789424712627231
63.57798454289864 0.6788031070189785
63.70668491646725 0.7674357043475992
63.83538529003588 0.8433741971707392
63.9640856636045 0.9053624917747024
64.09278603717313 0.9523752437751232
64.22148641074175 0.9836348182722865
0.0 0.0
0.16685372225355424 0.1660805933909389
0.3337074445071085 0.32754819284330977
0.5005611667606628 0.4799179332543273
0.667414889014217 0.6189576483329986
0.8342686112677712 0.7408054217061786
1.0011223335213255 0.8420768540980567
1.1679760557748797 0.9199590671690535
1.334829778028434 0.9722888329978125
1.5016835002819882 0.9976126591103124
1.6685372225355424 0.9952271601562649
1.8353909447890968 0.9651985948838525
2.002244667042651 0.9083610257609248
2.169098389296205 0.8262931523603442
2.3359521115497595 0.7212744619769135
2.5028058338033135 0.5962219154203456
2.669659556056868 0.45460892657657215
2.8365132783104223 0.30036888613153034
3.0033670005639763 0.13778590914725353
3.1702207228175308 -0.028624158954287566
3.3370744450710847 -0.1942391728652286
3.503928167324639 -0.35445907041269104
3.6707818895781936 -0.5048336422065581
3.837635611831748 -0.6411861390310621
4.004489334085302 -0.7597292837063852
4.171343056338856 -0.8571704651171584
4.33819677859241 -0.93080319257692
4.5050505008459645 -0.9785822703254845
4.671904223099519 -0.9991806041398339
4.838757945353073 -0.9920260622188342
5.005611667606627 -0.9573173665073013
5.172465389860181 -0.8960185730677995
5.339319112113736 -0.8098322948113534
5.50617283436729 -0.7011524103427247
5.673026556620845 -0.572997572462111
5.839880278874398 -0.4289273631668502
6.006734001127953 -0.2729434240011932
6.173587723381507 -0.10937830792147174
6.3404414456350615 0.057224860113332034
6.507295167888616 0.2222385713220946
6.6741488901421695 0.38107946509630125
6.841002612395725 0.5293356347512742
7.007856334649278 0.6628891710357842
7.174710056902832 0.7780305396762853
7.341563779156387 0.8715616160468219
7.508417501409941 0.9408845151112434
7.675271223663496 0.984073749329683
7.84212494591705 0.9999297102976101
8.008978668170604 0.9880119886309919
8.175832390424159 0.9486516066165815
8.342686112677711 0.8829418238577148
8.509539834931267 0.7927077712946294
8.67639355718482 0.6804557570336963
8.843247279438376 0.5493036520483051
9.010101001691929 0.4028942893328251
9.176954723945483 0.24529428190305652
9.343808446199038 0.08088107003753152
9.510662168452592 -0.08577866490579689
9.677515890706147 -0.25005584296400224
9.844369612959701 -0.40738756120450814
10.011223335213254 -0.553403831251371
10.17807705746681 -0.684048958487266
10.344930779720363 -0.7956941915467346
10.511784501973919 -0.8852385131895489
10.678638224227472 -0.9501947730236112
10.845491946481026 -0.9887587696863888
11.01234566873458 -0.9998593636833727
11.179199390988135 -0.98318822896769
11.34605311324169 -0.9392084168918332
11.512906835495244 -0.8691414946623198
11.679760557748796 -0.774933615534866
11.846614280002353 -0.6592014631719436
12.013468002255905 -0.5251595715925378
12.18032172450946 -0.3765310394486015
12.347175446763014 -0.21744411859593432
12.514029169016569 -0.05231754927754197
12.680882891270123 0.11426217319240457
12.847736613523677 0.27766819124823305
13.014590335777232 0.43336179897959837
13.181444058030785 0.5770185075701089
13.348297780284339 0.7046481607201525
13.515151502537893 0.8127057637717616
13.68200522479145 0.8981899481862308
13.848858947045002 0.9587263364610691
14.015712669298557 0.9926334919728121
14.18256639155211 0.998969621946902
14.349420113805664 0.97755873635002
14.51627383605922 0.9289955361250101
14.683127558312774 0.8546288949945731
14.849981280566327 0.7565243936371149
15.016835002819882 0.6374069468718073
15.183688725073434 0.5005851174192391
15.350542447326992 0.3498592184709805
15.517396169580545 0.18941575757760654
15.6842498918341 0.023711153743116855
15.851103614087652 -0.14265204244259166
16.017957336341208 -0.30505298756888566
16.184811058594764 -0.458980892264231
16.351664780848317 -0.6001603112352384
16.51851850310187 -0.7246698964744966
16.685372225355422 -0.8290513151914292
16.85222594760898 -0.9104053072015141
17.019079669862535 -0.9664722137188642
17.185933392116088 -0.9956947408138384
17.35278711436964 -0.9972612142407818
17.519640836623196 -0.9711281242055879
17.686494558876753 -0.91802133387786
17.853348281130305 -0.8394159180804718
18.020202003383858 -0.737495192149721
18.187055725637414 -0.6150900689655117
18.353909447890967 -0.47560042854856444
18.520763170144523 -0.3229006842339809
18.687616892398076 -0.16123216838072624
18.85447061465163 0.004914673327805848
19.021324336905185 0.17092500686396367
19.188178059158737 0.3321877898012521
19.355031781412293 0.48422384594565243
19.521885503665846 0.6228102772985522
19.688739225919402 0.7440977577301194
19.855592948172955 0.844717450456764
20.022446670426508 0.9218745796219506
20.189300392680064 0.9734260569702176
20.35615411493362 0.9979400074842815
20.523007837187173 0.9947355406228525
20.689861559440725 0.9639016624877663
20.856715281694278 0.9062948036229871
21.023569003947838 0.8235150311124331
21.19042272620139 0.717861605700733
21.357276448454943 0.5922691183660473
21.524130170708496 0.45022598019226967
21.690983892962052 0.29567752953610893
21.857837615215608 0.13291644774904757
22.02469133746916 -0.03353647277294947
22.191545059722714 -0.19905789646883387
22.35839878197627 -0.3590503606933803
22.525252504229822 -0.5090699731614244
22.69210622648338 -0.6449498438778699
22.85895994873693 -0.7629158231531511
23.025813670990487 -0.8596913310073759
23.19266739324404 -0.9325883662597975
23.359521115497593 -0.9795821674684386
23.52637483775115 -0.9993674519648096
23.693228560004705 -0.9913946709088483
23.860082282258258 -0.9558852733569069
24.02693600451181 -0.893825555373594
24.193789726765363 -0.8069392650323065
24.36064344901892 -0.697639724217951
24.527497171272476 -0.5689627970791957
24.69435089352603 -0.4244825669740403
24.86120461577958 -0.2682120640350822
25.028058338033137 -0.10449180070941345
25.194912060286693 0.06213078873070959
25.361765782540246 0.227027656062295
25.5286195047938 0.38561868608971417
25.695473227047355 0.5334989122525143
25.862326949300908 0.6665608673686731
26.029180671554464 0.7811086711437418
26.196034393808016 0.8739606855927955
26.36288811606157 0.9425378870557451
26.529741838315125 0.9849355002171041
26.696595560568678 0.9999759044498614
26.863449282822234 0.9872413429761621
27.030303005075787 0.9470855263270754
27.197156727329343 0.8806238078079943
27.3640104495829 0.7897022038523606
27.53086417183645 0.6768461197430528
27.697717894090005 0.545190204877064
27.864571616343557 0.39839128588810685
28.031425338597113 0.24052679596483378
28.19827906085067 0.07598152155497592
28.36513278310422 -0.0906741878624813
28.53198650535778 -0.2548113641361661
28.698840227611328 -0.41187099297194424
28.865693949864884 -0.5574906434498769
29.03254767211844 -0.6876256373129986
29.199401394371993 -0.7986613924742052
29.36625511662555 -0.8875138203288967
29.533108838879098 -0.9517149882742749
29.699962561132654 -0.9894816681044835
29.86681628338621 -0.9997648663063124
30.033670005639763 -0.9822789605201261
30.20052372789332 -0.9375096328822595
30.36737745014687 -0.8667003798952918
30.53423117240043 -0.7718179735230798
30.701084894653984 -0.655497832850637
30.867938616907534 -0.5209708236456033
31.03479233916109 -0.37197351901001385
31.201646061414642 -0.21264441368979312
31.3684997836682 -0.047408974755307635
31.535353505921755 0.11914327855655164
31.702207228175304 0.2823862516534137
31.86906095042886 0.437785767302212
32.035914672682416 0.5810255052808839
32.202768394935966 0.7081268909133192
32.36962211718953 0.8155596025073052
32.53647583944308 0.9003396282811441
32.703329561696634 0.9601121491857265
32.87018328395019 0.9932169454988274
33.03703700620374 0.998734510482111
33.203890728457296 0.9765115902646476
33.370744450710845 0.9271654405664924
33.5375981729644 0.8520666820291116
33.70445189521796 0.7533012303567664
33.87130561747151 0.6336123586833144
34.03815933972507 0.4963245014190063
34.20501306197862 0.3452509159738129
34.371866784232175 0.18458776711151162
34.53872050648573 0.01879757580894841
34.70557422873928 -0.14751473009770447
34.87242795099284 -0.3097297207076372
35.03928167324639 -0.46334177165408086
35.20613539549995 -0.604084210682084
35.372989117753505 -0.7280478271796205
35.539842840007054 -0.8317894529845878
35.70669656226061 -0.9124275985668543
35.87355028451416 -0.9677224882296058
36.040404006767716 -0.9961382713015551
36.20725772902127 -0.996885681364545
36.37411145127483 -0.9699439586294889
36.540965173528384 -0.9160614265526913
36.707818895781934 -0.8367347066766854
36.87467261803549 -0.7341671490165572
37.041526340289046 -0.6112076326142224
37.208380062542595 -0.4712714361140625
37.37523378479615 -0.3182453762299366
37.5420875070497 -0.1563798489429627
37.70894122930326 0.009829227945806894
37.87579495155682 0.17576529178706818
38.04264867381037 0.3368193630422473
38.209502396063925 0.48851806261683683
38.376356118317474 0.6266478628051578
38.54320984057103 0.74737212069793
38.71006356282459 0.8473376433752099
38.876917285078136 0.9237678249689593
39.04377100733169 0.974539768654113
39.21062472958525 0.9982432514558637
39.377478451838805 0.9942198940882581
39.54433217409236 0.9625814478569154
39.71118589634591 0.9042066906955574
39.878039618599466 0.8207170185508861
40.044893340853015 0.7144314100806365
40.21174706310657 0.5883020155488353
40.37860078536013 0.44583215897770323
40.545454507613684 0.29097903109839507
40.71230822986724 0.12804377586572596
40.87916195212079 -0.03844797654628796
41.046015674374345 -0.2038718119962064
41.2128693966279 -0.3636329784142914
41.37972311888145 -0.513294007958822
41.54657684113501 -0.6486979705031003
41.713430563388556 -0.7660839350092269
41.88028428564212 -0.8621914317758272
42.047138007895676 -0.9343510140542739
42.213991730149225 -0.9805584036272078
42.38084545240278 -0.9995301609086766
42.54769917465633 -0.9907393332935821
42.714552896909886 -0.9544300916008941
42.88140661916344 -0.8916109480741118
43.04826034141699 -0.8040267443133229
43.21511406367055 -0.6941101871918137
43.381967785924104 -0.5649142788779762
43.54882150817766 -0.4200275177614844
43.715675230431216 -0.2634742256319161
43.882528952684765 -0.09960276958570745
44.04938267493832 0.06703521663108565
44.21623639719187 0.23181125714021236
44.38309011944543 0.3901485927877702
44.54994384169898 0.5376493035357867
44.71679756395254 0.670216463483874
44.883651286206096 0.7841679355875539
45.050505008459645 0.8763386453527319
45.2173587307132 0.9441684927895303
45.38421245296676 0.9857734608150854
45.551066175220306 0.9999979450243455
45.71791989747386 0.9864468513361979
45.88477361972742 0.9454965699824448
46.051627341980975 0.8782845210301184
46.21848106423453 0.7866775618168851
46.38533478648808 0.6732201338030872
46.55218850874164 0.5410635890945038
46.719042230995186 0.3938786596366162
46.88589595324874 0.23575350030395292
47.0527496755023 0.0710801378026123
47.21960339775585 -0.09556752066034639
47.38645712000941 -0.2595607305539282
47.55331084226296 -0.4163444763416143
47.720164564516516 -0.5615639899303093
47.88701828677007 -0.6911857071192234
48.05387200902362 -0.8016093024067948
48.22072573127718 -0.8897676903176249
48.387579453530726 -0.9532122156490523
48.55443317578428 -0.9901806664242725
48.72128689803784 -0.9996462204489341
48.888140620291395 -0.9813459659496055
49.05499434254495 -0.9357882041152221
49.2218480647985 -0.8642383307088072
49.38870178705206 -0.7686836888966462
49.55555550930561 -0.6517783695299464
49.72240923155916 -0.5167694920861564
49.88926295381272 -0.3674070138636176
50.056116676066274 -0.2078395725365049
50.22297039831983 -0.04249925510912052
50.38982412057339 0.12402150611491236
50.556677842826936 0.28709749125595874
50.72353156508049 0.4421991612774583
50.89038528733404 0.5850184688087653
51.0572390095876 0.7115885168964255
51.224092731841154 0.8183937420858978
51.39094645409471 0.9024675614288258
51.557800176348266 0.9614747712081305
51.724653898601815 0.993776408704049
51.89150762085537 0.9984752754243812
52.05836134310893 0.9754408573623019
52.22521506536248 0.9253129501057828
52.39206878761603 0.8494838881088708
52.55892250986958 0.7500598717181449
52.72577623212314 0.6298024661206801
52.8926299543767 0.49205189711746916
53.05948367663025 0.3406342742308534
53.22633739888381 0.17975531808299564
53.393191121137356 0.013883543835137596
53.56004484339091 -0.15237385465846082
53.72689856564447 -0.3143989725852312
53.893752287898025 -0.4676914594127509
54.060606010151574 -0.6079935189823816
54.22745973240513 -0.7314081725011956
54.394313454658686 -0.8345074996024001
54.56116717691224 -0.9144278510101956
54.7280208991658 -0.9689493882167526
54.89487462141934 -0.9965577409063086
55.0617283436729 -0.9964860695522837
55.22858206592645 -0.9687363648720422
55.39543578818001 -0.9140793925334648
55.562289510433565 -0.8340332846491028
55.729143232687115 -0.7308213726927794
55.89599695494067 -0.607310433056125
56.06285067719423 -0.4669310605139922
56.22970439944778 -0.31358238127622384
56.39655812170134 -0.1515237522813282
56.56341184395488 0.014743545147062121
56.73026556620844 0.1806013312472145
56.897119288461994 0.34144280069452554
57.06397301071556 0.4928004795446838
57.23082673296911 0.6304703121591709
57.397680455222655 0.7506284315201236
57.56453417747621 0.8499373695648305
57.73138789972977 0.92563875748033
57.898241621983324 0.9756299411487301
58.06509534423688 0.9985223837004563
58.23194906649043 0.9936802330074912
58.398802788743986 0.9612379828799792
58.56565651099754 0.902096737415251
58.7325102332511 0.8178991822593409
58.899363955504654 0.7109839579701026
59.066217677758196 0.5843207027907467
59.23307140001175 0.4414275690619424
59.39992512226531 0.2862735043066797
59.566778844518865 0.12316801119259096
59.73363256677242 -0.04335855164106147
59.90048628902597 -0.20868080317125143
60.067340011279526 -0.36820681288613577
60.23419373353308 -0.5175056445707428
60.40104745578664 -0.6524304283739081
60.567901178040195 -0.7692335427515447
60.73475490029374 -0.8646707070346716
60.90160862254729 -0.9360910933850647
61.06846234480086 -0.981510955221627
61.23531606705441 -0.9996687270413374
61.40216978930797 -0.9900600652021624
61.56902351156151 -0.952951856387956
61.73587723381507 -0.889374804661336
61.90273095606862 -0.8010948030038917
62.06958467832218 -0.6905638845173112
62.236438400575736 -0.5608521156470024
62.403292122829285 -0.41556232313716107
62.57014584508284 -0.25873002323021776
62.7369995673364 -0.0947113326407873
62.903853289589954 0.07193802535213221
63.07070701184351 0.23658925901200095
63.23756073409705 0.3946690757743769
63.40441445635061 0.5417867083518755
63.571268178604164 0.6738558710835267
63.73812190085772 0.787208259113755
63.90497562311128 0.878695437889013
64.07182934536483 0.9457762929266861
64.23868306761838 0.9865876108833912
64.40553678987193 0.9999958314886908
64.5723905121255 0.9856285329013765
64.73924423437906 0.9438847759625938
64.9060979566326 0.8759240200275937
65.07295167888616 0.7836339182458946
65.2398054011397 0.6695778867964514
65.40665912339327 0.5369239043755641
65.57351284564682 0.3893565195770456
65.74036656790038 0.23097451021534784
65.90722029015393 0.06617703716923981
66.07407401240748 -0.1004585451050517
66.24092773466104 -0.26430382750033315
66.40778145691459 -0.4208079032602814
66.57463517916815 -0.565623772304411
66.74148890142169 -0.6947290819154343
66.90834262367525 -0.8045378501402192
67.0751963459288 -0.892000068715397
67.24205006818237 -0.9546864189836766
67.40890379043591 -0.9908557477620392
67.57575751268946 -0.9995034289770287
67.74261123494303 -0.9803892677918291
67.90946495719658 -0.9340441721703895
68.07631867945014 -0.8617554065715954
68.24317240170369 -0.7655308373615723
68.41002612395724 -0.6480431630503829
68.5768798462108 -0.5125556783938218
68.74373356846435 -0.3628316343095029
68.91058729071791 -0.20302971119296714
69.07744101297146 -0.03758850892913518
69.24429473522501 0.1288967380379918
69.41114845747856 0.2918017962598222
69.57800217973212 0.44660187430351067
69.74485590198567 0.5889973017070856
69.91170962423924 0.7150329550568059
70.07856334649279 0.8212081140512892
70.24541706874633 0.904573696230834
70.4122707909999 0.9628141696152913
70.57912451325345 0.9943118680751151
70.74597823550701 0.998191923035317
70.91283195776055 0.9743465635056396
71.07968568001411 0.9234381094882346
71.24653940226766 0.8468805756190739
71.41339312452122 0.7468003960135318
71.58024684677478 0.6259773612086359
71.74710056902832 0.48776740771580385
71.91395429128188 0.33600940475320934
72.08080801353543 0.17491852721581327
72.247661735789 0.008969176515976538
72.41451545804254 -0.15722929875678623
72.5813691802961 -0.31906063041980154
72.74822290254966 -0.472029850477185
72.9150766248032 -0.6118881417100853
73.08193034705677 -0.7347508512729211
73.24878406931032 -0.8372053893927335
73.41563779156387 -0.9164060162171181
73.58249151381742 -0.9701528840455573
73.74934523607098 -0.9969531394961644
73.91619895832453 -0.9960623884562845
74.08305268057809 -0.9675053721016551
74.24990640283164 -0.9120752796945413
74.41676012508519 -0.831311717248309
74.58361384733875 -0.7274579439927888
74.7504675695923 -0.6033985644247888
74.91732129184587 -0.462579406586476
75.0841750140994 -0.3089118120035847
75.25102873635296 -0.14666399569078542
75.41788245860651 0.019657506230379325
75.58473618086008 0.18543300843397126
75.75158990311364 0.3460579910828619
75.91844362536717 0.4970709932909984
76.08529734762074 0.6342775330325198
76.25215106987429 0.7538666115432554
76.41900479212785 0.8525165662314355
76.5858585143814 0.9274873319652587
76.75271223663495 0.9766965481218661
76.91956595888851 0.9987773974758541
77.08641968114206 0.9931165704156102
77.25327340339562 0.959871300007219
77.42012712564917 0.8999649947462167
77.58698084790272 0.8150615903002718
77.75383457015627 0.7075193326394655
77.92068829240984 0.5803252762570315
78.08754201466338 0.43701231683414304
78.25439573691695 0.2815610628189884
78.4212494591705 0.11828927149962742
78.58810318142405 -0.04826807944644394
78.75495690367761 -0.21348475383684862
78.92181062593116 -0.37277175363179815
79.08866434818472 -0.5217047812686463
79.25551807043826 -0.6561471273358962
79.42237179269182 -0.7723645703039574
79.58922551494538 -0.8671290968991199
79.75607923719893 -0.9378085622220296
79.9229329594525 -0.9824397992436144
80.08978668170603 -0.9997831470158427
80.2566404039596 -0.989356883041743
80.42349412621314 -0.9514506034236186
80.5903478484667 -0.887117179147422
80.75720157072026 -0.7981435119225938
80.9240552929738 -0.6870009018524124
81.09090901522737 -0.5567764055044173
81.25776273748092 -0.4110870909540818
81.42461645973448 -0.253979571422186
81.59147018198803 -0.08981760802320604
81.75832390424158 0.07683909647061343
81.92517762649513 0.24136154626900563
82.09203134874869 0.3991800258610821
82.25888507100224 0.5459110267652528
82.4257387932558 0.6774790022608146
82.59259251550935 0.7902295682858939
82.7594462377629 0.8810310062752906
82.92629996001646 0.9473612486321512
83.09315368227001 0.9873779307569129
83.26000740452358 0.999969563893948
