0.0 0.0
0.04629291779273664 0.04627638501305241
0.09258583558547329 0.09245361585808415
0.13887875337820996 0.13843275081990625
0.18517167117094657 0.1841152726337806
0.23146458896368322 0.2294032995735901
0.2777575067564199 0.27419979517827053
0.32405042454915656 0.3184087761671339
0.37034334234189314 0.3619355180985941
0.4166362601346298 0.4046867583316378
0.46292917792736643 0.446570895855167
0.5092220957201031 0.4874981875570471
0.5555150135128398 0.5273809405123252
0.6018079313055764 0.5661336998786116
0.6481008490983131 0.6036734319960303
0.6943937668910496 0.6399197022994184
0.7406866846837863 0.6747948476615729
0.786979602476523 0.7082241427982692
0.8332725202692596 0.7401359603785072
0.8795654380619963 0.7704619244969243
0.9258583558547329 0.7991370571795334
0.9721512736474696 0.8260999176088805
1.0184441914402063 0.8512927337703066
1.064737109232943 0.8746615262372451
1.1110300270256797 0.8961562238303235
1.1573229448184161 0.9157307709024528
1.2036158626111528 0.9333432260200323
1.2499087804038895 0.9489558518288264
1.2962016981966262 0.9625351959119649
1.3424946159893627 0.9740521624668166
1.3887875337820992 0.9834820746471554
1.4350804515748359 0.9908047274370433
1.4813733693675726 0.9960044309431386
1.5276662871603093 0.9990700440126706
1.573959204953046 0.9999949981050482
1.6202521227457825 0.9987773113659525
1.6665450405385192 0.9954195928737611
1.7128379583312558 0.9899290370492018
1.7591308761239925 0.9823174082402155
1.8054237939167292 0.972601015515059
1.8517167117094657 0.9608006777176532
1.8980096295022026 0.946941678860056
1.9443025472949391 0.9310537139476346
1.9905954650876756 0.9131708253530155
2.0368883828804125 0.8933313298751427
2.0831813006731488 0.8715777366397296
2.129474218465886 0.8479566560170131
2.175767136258622 0.8225186997519743
2.2220600540513593 0.7953183725210019
2.2683529718440956 0.7664139551473659
2.3146458896368323 0.7358673797257178
2.360938807429569 0.7037440969231956
2.4072317252223057 0.6701129357414483
2.4535246430150424 0.6350459560400695
2.499817560807779 0.5986182941374281
2.5461104786005153 0.5609080018197186
2.5924033963932525 0.52199587910318
2.6386963141859887 0.4819653011078192
2.6849892319787254 0.44090203941357575
2.731282149771462 0.39889407828171763
2.7775750675641984 0.356031426135226
2.8238679853569355 0.3124059227021065
2.8701609031496718 0.2681110422348587
2.916453820942409 0.2232416932277175
2.962746738735145 0.17789401506082805
3.009039656527882 0.1321651720070474
3.0553325743206186 0.0861531450427696
3.1016254921133553 0.03995652190883268
3.147918409906092 -0.006325714128656504
3.1942113276988287 -0.052594396364970715
3.240504245491565 -0.09875038713645534
3.286797163284302 -0.1446947902379992
3.3330900810770383 -0.19032916282313672
3.3793829988697754 -0.235555726332772
3.4256759166625117 -0.28027757600055286
3.4719688344552484 -0.32439888848602516
3.518261752247985 -0.36782512719065674
3.564554670040722 -0.41046324481682894
3.6108475878334585 -0.4522218827357726
3.6571405056261947 -0.4930115667372747
3.7034334234189314 -0.5327448987417357
3.749726341211668 -0.5713367440637971
3.7960192590044053 -0.6087044138263094
3.8423121767971415 -0.6447678421337798
3.8886050945898782 -0.679449757625692
3.9348980123826145 -0.7126758490421015
3.981190930175351 -0.7443749244467751
4.027483847968089 -0.7744790637667022
4.073776765760825 -0.8029237643211423
4.120069683553561 -0.8296480790283985
4.1663626013462975 -0.854594746994173
4.212655519139035 -0.8777103162017121
4.258948436931772 -0.8989452580408516
4.305241354724508 -0.918254073430571
4.351534272517244 -0.9355953903076707
4.3978271903099815 -0.9509320522726861
4.444120108102719 -0.9642311982031041
4.490413025895455 -0.9754643326632993
4.536705943688191 -0.9846073869603231
4.582998861480927 -0.9916407707147252
4.6292917792736645 -0.996549413835911
4.675584697066402 -0.9993227988120943
4.721877614859138 -0.9999549832456606
4.768170532651874 -0.9984446125856541
4.814463450444611 -0.9947949230301087
4.860756368237348 -0.9890137345920035
4.907049286030085 -0.9811134343436988
4.953342203822821 -0.971110949875758
4.999635121615558 -0.9590277130270176
5.045928039408294 -0.9448896139636265
5.092220957201031 -0.9287269457054396
5.138513874993768 -0.9105743392186325
5.184806792786505 -0.8904706892136091
5.231099710579241 -0.8684590708071894
5.277392628371977 -0.8445866472276431
5.323685546164714 -0.8189045687603261
5.369978463957451 -0.7914678631504422
5.416271381750188 -0.7623353176977605
5.462564299542924 -0.7315693532959161
5.5088572173356605 -0.699235890686184
5.555150135128397 -0.6654042092123029
5.601443052921135 -0.6301467983789796
5.647735970713871 -0.5935392025321451
5.694028888506607 -0.5556598589937368
5.7403218062993435 -0.5165899299978546
5.786614724092081 -0.4764131287883718
5.832907641884818 -0.43521554025062614
5.879200559677554 -0.3930854364615053
5.92549347747029 -0.35011308755314297
5.9717863952630275 -0.306390568295482
6.018079313055764 -0.2620115608121286
6.064372230848501 -0.21707115385219902
6.110665148641237 -0.17166563904827103
6.156958066433974 -0.12589230459696116
6.2032509842267105 -0.0798492268042266
6.249543902019447 -0.0336350599420102
6.295836819812184 0.012651175133485527
6.34212973760492 0.05891030314898657
6.388422655397657 0.10504320691220657
6.434715573190394 0.15095103968544527
6.48100849098313 0.1965354369797103
6.527301408775867 0.2416987273155393
6.573594326568604 0.28634414149894477
6.61988724436134 0.33037601996407945
6.666180162154077 0.3737000177383546
6.712473079946813 0.41622330659083945
6.758765997739551 0.45785477393081603
6.805058915532287 0.49850521803030673
6.851351833325023 0.5380875391523043
6.89764475111776 0.576516926175152
6.943937668910497 0.613711038313227
6.990230586703234 0.6495901815445498
7.03652350449597 0.6840774793673061
7.0828164222887064 0.717099037519403
7.129109340081444 0.7485841023081227
7.17540225787418 0.7784652122106309
7.221695175666917 0.8066783424205166
7.267988093459653 0.8331630420306382
7.3142810112523895 0.8578625635583573
7.360573929045127 0.8807239845356186
7.406866846837863 0.9016983209033567
7.4531597646306 0.9207406319672693
7.499452682423336 0.9378101166900619
7.545745600216073 0.9528702011138568
7.592038518008811 0.9658886167254381
7.638331435801546 0.9768374695964326
7.684624353594283 0.9856933001502793
7.730917271387019 0.9924371334279259
7.7772101891797565 0.9970545197445555
7.823503106972494 0.999535565650225
7.869796024765229 0.9998749551280823
7.916088942557967 0.9980719609847369
7.962381860350702 0.9941304464083827
8.00867477814344 0.9880588566913309
8.054967695936178 0.9798702011346925
8.101260613728913 0.9695820251739791
8.14755353152165 0.9572163727853461
8.193846449314385 0.942799739253037
8.240139367107123 0.9263630143992169
8.28643228489986 0.9079414163978513
8.332725202692595 0.8875744163144301
8.379018120485332 0.8653056535332246
8.42531103827807 0.8411828422532984
8.471603956070807 0.8152576692536015
8.517896873863544 0.7875856831462146
8.564189791656279 0.7582261753550298
8.610482709449016 0.7272420530748854
8.656775627241752 0.6946997044833754
8.703068545034489 0.6606688564941079
8.749361462827226 0.6252224253562353
8.795654380619963 0.5884363604203342
8.8419472984127 0.5503894814054133
8.888240216205437 0.5111633095157209
8.934533133998173 0.47084189276921085
8.98082605179091 0.42951162591192155
9.027118969583645 0.38726106530414994
9.073411887376382 0.34418073917501624
9.11970480516912 0.3003629536520251
9.165997722961855 0.25590159498119364
9.212290640754594 0.21089192836153414
9.258583558547329 0.16543039382494676
9.304876476340066 0.11961439959881146
9.351169394132803 0.07354211339411804
9.397462311925539 0.027312252066261103
9.443755229718276 -0.018976129900788348
9.490048147511011 -0.06522385263371404
9.536341065303748 -0.11133182337777775
9.582633983096487 -0.15720124881805306
9.628926900889223 -0.20273384675907297
9.67521981868196 -0.2478320567093439
9.721512736474695 -0.2923992489194648
9.767805654267432 -0.33633993142602464
9.81409857206017 -0.3795599546575943
9.860391489852905 -0.42196671316445605
9.906684407645642 -0.4634693440398193
9.952977325438379 -0.5039789216073585
9.999270243231116 -0.5434086479579575
10.045563161023853 -0.5816740389273828
10.091856078816589 -0.6186931051164074
10.138148996609326 -0.6543865275655293
10.184441914402061 -0.6886778277078536
10.230734832194798 -0.7214935312360228
10.277027749987536 -0.7527633255320464
10.323320667780271 -0.7824202103227443
10.36961358557301 -0.8104006412379909
10.415906503365745 -0.8366446659641456
10.462199421158482 -0.8610960527009852
10.50849233895122 -0.8837024106468471
10.554785256743955 -0.9044153022538652
10.601078174536692 -0.9231903470127596
10.647371092329427 -0.9399873165447974
10.693664010122164 -0.954770220797197
10.739956927914902 -0.9675073851572658
10.786249845707639 -0.9781715183200604
10.832542763500376 -0.9867397707641432
10.878835681293111 -0.9931937837101441
10.925128599085848 -0.997519728457229
10.971421516878586 -0.9997083360131852
11.017714434671321 -0.9997549169546434
11.064007352464058 -0.997659371474877
11.110300270256793 -0.9934261895976543
11.156593188049532 -0.9870644415566799
11.20288610584227 -0.9785877583612477
11.249179023635005 -0.9680143025897351
11.295471941427742 -0.9553667294735262
11.341764859220477 -0.9406721383547478
11.388057777013215 -0.9239620146218184
11.434350694805952 -0.9052721622472353
11.480643612598687 -0.8846426270721365
11.526936530391426 -0.8621176110020131
11.573229448184161 -0.837745377297438
11.619522365976898 -0.8115781471627029
11.665815283769636 -0.7836719878539846
11.712108201562371 -0.7540866925467479
11.758401119355108 -0.7228856522198019
11.804694037147843 -0.6901357198305296
11.85098695494058 -0.655907067072285
11.897279872733318 -0.6202730340209148
11.943572790526055 -0.5833099719925263
11.989865708318792 -0.5450970799492227
12.036158626111527 -0.505716234803326
12.082451543904265 -0.46525181598367743
12.128744461697002 -0.42379052463993355
12.175037379489737 -0.3814211978722086
12.221330297282474 -0.33823461838411933
12.26762321507521 -0.2943233199670962
12.313916132867949 -0.24978138923269683
12.360209050660686 -0.2047042640178005
12.406501968453421 -0.15918852889456403
12.452794886246158 -0.1133317082233401
12.499087804038894 -0.06723205719196605
12.54538072183163 -0.02098835128911944
12.591673639624368 0.025300325337123373
12.637966557417103 0.07153479218209591
12.68425947520984 0.11761598489380878
12.730552393002577 0.16344516753332636
12.776845310795315 0.2089241441314862
12.823138228588052 0.25395546908864286
12.869431146380787 0.298442655966631
12.915724064173524 0.34229038422558866
12.96201698196626 0.3854047034626473
13.008309899758997 0.42769323471492204
13.054602817551734 0.46906536839542734
13.100895735344471 0.5094324584378558
13.147188653137208 0.548708012234208
13.193481570929944 0.5868078759583109
13.23977448872268 0.6236504148781503
13.286067406515418 0.6591566882706469
13.332360324308153 0.693250618564123
13.37865324210089 0.7258591543460335
13.424946159893626 0.756912426886679
13.471239077686365 0.7863438998435589
13.517531995479102 0.8140905118255554
13.563824913271837 0.8400928115115316
13.610117831064574 0.8642950850337953
13.65641074885731 0.8866454753534978
13.702703666650047 0.9070960933722064
13.748996584442784 0.9256031205415487
13.79528950223552 0.9421269027510959
13.841582420028256 0.9566320352933064
13.887875337820994 0.9690874387234725
13.93416825561373 0.9794664254521436
13.980461173406468 0.9877467569273306
14.026754091199203 0.9939106912839737
14.07304700899194 0.9979450213585773
14.119339926784676 0.9998411029875585
14.165632844577413 0.9995948735286784
14.21192576237015 0.9972068605658683
14.258218680162887 0.9926821807788015
14.304511597955624 0.9860305289796317
14.35080451574836 0.9772661573403886
14.397097433541097 0.9664078448555387
14.443390351333834 0.953478857105145
14.48968326912657 0.938506896404836
14.535976186919306 0.9215240424493933
14.582269104712042 0.902566683577149
14.628562022504779 0.88167543880245
14.674854940297518 0.858895070783269
14.721147858090253 0.8342743899104268
14.76744077588299 0.8078661497239253
14.813733693675726 0.779726933880503
14.860026611468463 0.7499170349145664
14.9063195292612 0.7185003250523051
14.952612447053937 0.6855441193557636
14.998905364846673 0.6511190314901212
15.04519828263941 0.6152988224232077
15.091491200432147 0.5781602423814597
15.137784118224884 0.5397828664009235
15.184077036017621 0.5002489238256825
15.230369953810355 0.45964312211902847
15.276662871603092 0.4180524653648718
15.322955789395829 0.3755660678483251
15.369248707188566 0.3322749631148297
15.415541624981303 0.28827190891699184
15.461834542774039 0.24365118846704167
15.508127460566776 0.19850840842075612
15.554420378359513 0.15294029402571974
15.60071329615225 0.10704448187281657
15.647006213944987 0.060919310695039065
15.69329913173772 0.014663610661853099
15.739592049530458 -0.03162350837943191
15.785884967323195 -0.07784286926150952
15.832177885115934 -0.12389543999920336
15.878470802908671 -0.16968254598049298
15.924763720701405 -0.21510608139183118
15.971056638494142 -0.26006871942472426
16.01734955628688 -0.30447412081315156
16.063642474079618 -0.34822714025504997
16.109935391872355 -0.39123403027554976
16.15622830966509 -0.4334026420951366
16.202521227457826 -0.4746426230723914
16.248814145250563 -0.5148656102981979
16.2951070630433 -0.5539854199266795
16.341399980836037 -0.5919182318371475
16.38769289862877 -0.6285827692314092
16.433985816421508 -0.6639004727816367
16.480278734214245 -0.6977956689556153
16.526571652006982 -0.7301957321587663
16.57286456979972 -0.7610312403454867
16.619157487592453 -0.7902361237664002
16.66545040538519 -0.8177478065328171
16.711743323177927 -0.843507340695046
16.758036240970664 -0.8674595325473177
16.804329158763405 -0.8895530608886649
16.85062207655614 -0.909740586986364
16.896914994348876 -0.92797885600636
16.943207912141613 -0.9442287896932885
16.98950082993435 -0.9584555701015675
17.035793747727087 -0.9706287141981208
17.08208666551982 -0.9807221391768957
17.128379583312558 -0.9887142183452301
17.174672501105295 -0.9945878274623153
17.220965418898032 -0.9983303814304795
17.26725833669077 -0.9999338612606664
17.313551254483503 -0.9993948312543345
17.35984417227624 -0.9967144463649616
17.406137090068977 -0.9918984497233823
17.452430007861715 -0.9849571603322596
17.49872292565445 -0.975905450956058
17.54501584344719 -0.9647627162538917
17.591308761239926 -0.9515528312235279
17.637601679032663 -0.9363041000455863
17.6838945968254 -0.9190491954375426
17.730187514618137 -0.8998250886474793
17.776480432410874 -0.8786729702375844
17.822773350203608 -0.8556381618271307
17.869066267996345 -0.8307700189840317
17.915359185789082 -0.8041218254730671
17.96165210358182 -0.775750679087336
18.007945021374557 -0.7457173693075825
18.05423793916729 -0.7140862470515241
18.100530856960027 -0.6809250867922478
18.146823774752765 -0.6463049413411456
18.1931166925455 -0.6102999896064871
18.23940961033824 -0.5729873776538712
18.285702528130972 -0.5344470534090904
18.33199544592371 -0.49476159535757275
18.37828836371645 -0.45401603560747666
18.424581281509187 -0.41229767769551323
18.470874199301925 -0.36969590952587256
18.517167117094658 -0.3263020118431078
18.563460034887395 -0.28220896264929046
18.609752952680132 -0.23751123798456988
18.65604587047287 -0.19230460949792633
18.702338788265607 -0.14668593924190237
18.74863170605834 -0.10075297213097938
18.794924623851077 -0.054604126508271116
18.841217541643815 -0.008338283269329519
18.88751045943655 0.037945426005173366
18.93380337722929 0.08414783145387673
18.980096295022022 0.1301699374211845
19.02638921281476 0.17591313457047425
19.072682130607497 0.22127941116952388
19.118975048400234 0.2661715630955155
19.165267966192975 0.31049340210959975
19.211560883985708 0.3541499619547576
19.257853801778445 0.3970477018354322
19.304146719571182 0.4390947068428251
19.35043963736392 0.48020088489653523
19.396732555156657 0.5202781597804909
19.44302547294939 0.5592406598595877
19.489318390742127 0.5970049020726924
19.535611308534865 0.6334899708077351
19.5819042263276 0.6686176912756828
19.62819714412034 0.7023127970118697
19.674490061913072 0.7345030911458007
19.72078297970581 0.7651196010938988
19.767075897498547 0.7940967263437024
19.813368815291284 0.8213723790129158
19.85966173308402 0.8468881168821029
19.905954650876758 0.8705892686159997
19.952247568669495 0.8924250509051354
19.998540486462232 0.9123486772767692
20.04483340425497 0.9303174583419982
20.091126322047707 0.9462928932642433
20.13741923984044 0.9602407522531247
20.183712157633177 0.9721311499069797
20.230005075425915 0.9819386092468583
20.276297993218652 0.9896421163048162
20.32259091101139 0.9952251651495247
20.368883828804123 0.9986757932527294
20.41517674659686 0.9999866071207811
20.461469664389597 0.9991547981363151
20.507762582182334 0.9961821485761403
20.55405549997507 0.9910750277924405
20.600348417767805 0.9838443785654737
20.646641335560542 0.9745056936570036
20.692934253353283 0.9630789826147125
20.73922717114602 0.9495887288987145
20.785520088938757 0.934063837422027
20.83181300673149 0.9165375726174189
20.878105924524228 0.8970474871633153
20.924398842316965 0.8756353415215021
20.970691760109702 0.8523470144590015
21.01698467790244 0.8272324047458628
21.063277595695173 0.8003453242394873
21.10957051348791 0.7717433825845602
21.155863431280647 0.741487863775669
21.202156349073384 0.709643594847049
21.24844926686612 0.6762788069708401
21.294742184658855 0.6414649892614633
21.341035102451592 0.6052767355993475
21.38732802024433 0.5677915848022524
21.433620938037066 0.5290898544865902
21.479913855829803 0.4892544689747626
21.52620677362254 0.4483707816172332
21.572499691415278 0.4065263919100389
21.618792609208015 0.3638109577995941
21.665085527000752 0.3203160035769528
21.71137844479349 0.2761347237731447
21.757671362586223 0.23136178347577246
21.80396428037896 0.1860931154947014
21.850257198171697 0.14042571481149624
21.896550115964434 0.09445743075296012
21.94284303375717 0.04828675733412633
21.989135951549905 0.0020126222199080175
22.035428869342642 -0.04426582524243046
22.08172178713538 -0.09044942646575473
22.128014704928116 -0.13643922608537487
22.174307622720853 -0.1821366839859073
22.220600540513587 -0.2274438864384022
22.266893458306328 -0.2722637558953636
22.313186376099065 -0.31650025899407275
22.359479293891802 -0.36005861232265535
22.40577221168454 -0.40284548550788923
22.452065129477273 -0.44476920118967295
22.49835804727001 -0.4857399314536762
22.544650965062747 -0.5256698903012406
22.590943882855484 -0.564473521744198
22.63723680064822 -0.6020676831215387
22.683529718440955 -0.6383718232451591
22.729822636233692 -0.6733081549930015
22.77611555402643 -0.7068018219797343
22.822408471819166 -0.7387810589479138
22.868701389611903 -0.769177345535921
22.914994307404637 -0.7979255530932184
22.961287225197374 -0.8249640842283629
23.00758014299011 -0.8502350047907383
23.053873060782852 -0.8736841680032641
23.10016597857559 -0.8952613304800615
0.0 0.0
0.06180758322193058 0.061768238083103694
0.12361516644386115 0.12330058565216566
0.18542274966579175 0.18436205304990066
0.2472303328877223 0.24471944889219935
0.30903791610965287 0.3041422706170119
0.3708454993315835 0.36240358476472406
0.43265308255351403 0.4192808936282689
0.4944606657754446 0.4745569849632713
0.5562682489973751 0.5280207615132142
0.6180758322193057 0.5794680471817031
0.6798834154412363 0.628702366773087
0.741690998663167 0.6755356963236376
0.8034985818850975 0.7197891811577996
0.8653061651070281 0.7612938189272848
0.9271137483289587 0.7998911050245087
0.9889213315508892 0.8354336379055605
1.0507289147728198 0.867785682011003
1.1125364979947503 0.8968236861347284
1.174344081216681 0.9224367552612389
1.2361516644386115 0.9445270740694255
1.2979592476605422 0.9630102804854986
1.3597668308824726 0.977815787858488
1.4215744141044033 0.9888870545279345
1.483381997326334 0.9961817997543058
1.5451895805482643 0.9996721651875071
1.606997163770195 0.9993448212568438
1.6688047469921257 0.9952010180761357
1.7306123302140561 0.9872565806695819
1.7924199134359868 0.975541848536604
1.8542274966579173 0.9601015597864708
1.9160350798798478 0.9409946802851884
1.9778426631017785 0.9182941784671357
2.039650246323709 0.892086746671435
2.1014578295456396 0.8624724700672579
2.16326541276757 0.8295644444324339
2.2250729959895006 0.7934883442450438
2.2868805792114313 0.7543819427374466
2.348688162433362 0.7123945857456293
2.4104957456552927 0.6676866213632304
2.472303328877223 0.6204287875783688
2.5341109120991536 0.5708015602318637
2.5959184953210843 0.5189944637869756
2.6577260785430146 0.4652053475428051
2.7195336617649453 0.40963963005546467
2.781341244986876 0.35250951465255403
2.8431488282088067 0.2940331790368519
2.904956411430737 0.2344339420741017
2.966763994652668 0.17393941094689208
3.0285715778745983 0.11278061193162771
3.0903791610965285 0.05119110811810279
3.1521867443184597 -0.010593892558909688
3.21399432754039 -0.07233843556966793
3.2758019107623206 -0.13380672089069703
3.3376094939842513 -0.19476400351596074
3.3994170772061816 -0.25497748993896885
3.4612246604281123 -0.31421722718218287
3.523032243650043 -0.37225698097854754
3.5848398268719737 -0.42887509975141497
3.646647410093904 -0.48385536109334887
3.7084549933158346 -0.5369877975111433
3.7702625765377653 -0.5880694982835627
3.8320701597596956 -0.6369053843695446
3.8938777429816267 -0.6833089534075202
3.955685326203557 -0.7271029919607216
4.017492909425488 -0.7681202522884518
4.079300492647418 -0.8062040910587396
4.141108075869348 -0.8412090675631729
4.202915659091279 -0.8730014991493418
4.2647232423132095 -0.9014599717497208
4.32653082553514 -0.9264758035573029
4.388338408757071 -0.9479534600772185
4.450145991979001 -0.9658109189692784
4.511953575200932 -0.9799799832881233
4.573761158422863 -0.9904065419247203
4.635568741644793 -0.9970507762545986
4.697376324866724 -0.9998873122036362
4.759183908088654 -0.9989053171506695
4.820991491310585 -0.9941085412968538
4.882799074532516 -0.9855153033437906
4.944606657754446 -0.9731584205351144
5.006414240976376 -0.9570850833287067
5.068221824198307 -0.9373566751781619
5.130029407420238 -0.9140485381117502
5.191836990642169 -0.8872496850041239
5.253644573864099 -0.8570624596395879
5.315452157086029 -0.8236021458651437
5.37725974030796 -0.7869965273259326
5.4390673235298905 -0.7473853994644357
5.500874906751822 -0.7049200356470776
5.562682489973752 -0.6597626094570913
5.624490073195682 -0.6120855753598669
5.686297656417613 -0.5620710101060155
5.748105239639544 -0.5099099173872971
5.809912822861474 -0.4558014984008999
5.871720406083404 -0.39995239110776937
5.933527989305336 -0.3425758810902192
5.995335572527266 -0.283891087022542
6.057143155749197 -0.22412212386525093
6.118950738971127 -0.1634972469787133
6.180758322193057 -0.10224798042474939
6.242565905414989 -0.04060823278518639
6.304373488636919 0.02118659612596844
6.36618107185885 0.08290051424533047
6.42798865508078 0.14429783850470018
6.48979623830271 0.20514409489559374
6.551603821524641 0.2652069139164204
6.613411404746572 0.3242569179826258
6.675218987968503 0.3820685974108247
6.737026571190433 0.4384211716315675
6.798834154412363 0.4930994323418002
6.860641737634294 0.5458945653770577
6.9224493208562246 0.596604948164685
6.984256904078155 0.6450369197126544
7.046064487300086 0.6910055201934071
7.107872070522016 0.7343351972982844
7.169679653743947 0.7748604766650145
7.231487236965878 0.8124265938179017
7.293294820187808 0.8468900852073822
7.355102403409738 0.8781193360917727
7.416909986631669 0.9059950831688834
7.4787175698536 0.9304108700379589
7.540525153075531 0.9512734537525585
7.602332736297461 0.9685031609117667
7.664140319519391 0.9820341919298301
7.725947902741321 0.9918148723222336
7.787755485963253 0.997807850048559
7.849563069185184 0.9999902381584836
7.911370652407114 0.9983537021961602
7.973178235629044 0.9929044920291804
8.034985818850975 0.9836634179805727
8.096793402072906 0.9706657713549827
8.158600985294836 0.9539611896625457
8.220408568516767 0.9336134670551512
8.282216151738696 0.9097003106990462
8.344023734960627 0.8823130440141659
8.405831318182559 0.8515562579135266
8.46763890140449 0.8175474113745692
8.529446484626419 0.7804163828678647
8.59125406784835 0.740304974356251
8.65306165107028 0.6973663697586242
8.714869234292212 0.6517645499464624
8.776676817514142 0.6036736665072301
8.838484400736073 0.5532773766661777
8.900291983958002 0.5007681419065125
8.962099567179934 0.44634649296642
9.023907150401865 0.3902202640199345
9.085714733623796 0.3326037989662555
9.147522316845725 0.27371713285868343
9.209329900067656 0.21378515159924802
9.271137483289586 0.15303673310815188
9.332945066511517 0.09170387324782503
9.394752649733448 0.030020799839704515
9.456560232955377 -0.0317769218427685
9.518367816177308 -0.09345328868882932
9.58017539939924 -0.15477276103713808
9.64198298262117 -0.21550116219265048
9.7037905658431 -0.2754065727383623
9.765598149065031 -0.33426021622660657
9.82740573228696 -0.3918373328674537
9.889213315508892 -0.44791803787767637
9.951020898730823 -0.5022881612122264
10.012828481952752 -0.5547400654713658
10.074636065174683 -0.605073438859875
10.136443648396614 -0.6530960601700485
10.198251231618544 -0.6986245328670634
10.260058814840477 -0.7414849854732624
10.321866398062406 -0.7815137355765934
10.383673981284337 -0.8185579149274329
10.445481564506268 -0.8524760532365093
10.507289147728198 -0.8831386184444763
10.569096730950129 -0.9104285113998425
10.630904314172058 -0.9342415130561001
10.69271189739399 -0.9544866824802423
10.75451948061592 -0.9710867041526655
10.81632706383785 -0.9839781832321546
10.878134647059781 -0.9931118876583311
10.93994223028171 -0.9984529361669873
11.001749813503643 -0.9999809315002877
11.063557396725574 -0.9976900383031078
11.125364979947504 -0.9915890054080302
11.187172563169435 -0.9817011324238903
11.248980146391364 -0.968064180755472
11.310787729613295 -0.9507302293941597
11.372595312835227 -0.9297654760302865
11.434402896057156 -0.9052499842467108
11.496210479279087 -0.8772773777590864
11.558018062501016 -0.8459544828705157
11.619825645722948 -0.8114009205060196
11.681633228944879 -0.773748649384855
11.743440812166808 -0.7331414620752627
11.805248395388741 -0.6897344358562016
11.867055978610672 -0.6436933404832265
11.928863561832602 -0.5951940051201863
11.990671145054533 -0.5444216468544439
12.052478728276462 -0.4915701633599868
12.114286311498393 -0.4368413924096911
12.176093894720324 -0.3804443410646787
12.237901477942254 -0.32259438748442415
12.299709061164185 -0.26351245840588194
12.361516644386114 -0.2034241854328283
12.423324227608045 -0.142559043357473
12.485131810829978 -0.08114947380510663
12.546939394051908 -0.01942999754851907
12.608746977273839 0.04236368111778419
12.670554560495768 0.10399557452315385
12.7323621437177 0.1652303128486066
12.79416972693963 0.22583404299505483
12.85597731016156 0.2855753216592597
12.917784893383491 0.34422599920686653
12.97959247660542 0.4015620909670287
13.041400059827351 0.45736463262122323
13.103207643049283 0.5114205164195084
13.165015226271212 0.5635233050307903
13.226822809493145 0.6134740199190175
13.288630392715072 0.6610819012345029
13.350437975937005 0.706165136318444
13.412245559158936 0.748551554038411
13.474053142380866 0.7880792823032674
13.535860725602797 0.824597366246426
13.597668308824726 0.8579663447166441
13.659475892046657 0.8880587828747789
13.721283475268589 0.9147597588625054
13.783091058490518 0.9379673026844562
13.844898641712449 0.9575927856276936
13.906706224934378 0.9735612587313353
13.96851380815631 0.9858117390137433
14.030321391378243 0.9942974423641714
14.092128974600172 0.9989859622094761
14.153936557822103 0.9998593932735691
14.215744141044032 0.9969143999569726
14.277551724265964 0.9901622290753455
14.339359307487895 0.9796286669083291
14.401166890709824 0.9653539407227423
14.462974473931755 0.9473925651462022
14.524782057153685 0.9258131339778717
14.586589640375616 0.9006980582313869
14.648397223597547 0.8721432514103854
14.710204806819476 0.8402577632185413
14.772012390041409 0.8051633631029568
14.833819973263338 0.7669940752213611
14.89562755648527 0.7258956666090173
14.9574351397072 0.6820250905000599
15.01924272292913 0.6355498869291555
15.081050306151061 0.5866475429025808
15.14285788937299 0.5355048145822153
15.204665472594922 0.482317014070965
15.266473055816853 0.42728726352339974
15.328280639038782 0.3706257194300916
15.390088222260713 0.3125487700380937
15.451895805482643 0.2532782089725995
15.513703388704574 0.19304038821564645
15.575510971926507 0.13206535367665462
15.637318555148436 0.07058596665599155
15.699126138370367 0.008837014556649678
15.760933721592297 -0.052945685759752364
15.822741304814228 -0.11452618854846636
15.884548888036159 -0.17566932024928253
15.946356471258088 -0.23614157760527246
16.00816405448002 -0.29571201940270814
16.06997163770195 -0.3541531484266214
16.13177922092388 -0.4112417802638825
16.193586804145813 -0.46675989563584674
16.25539438736774 -0.5204954730055508
16.31720197058967 -0.5722432982797798
16.379009553811603 -0.6218057485137407
16.440817137033534 -0.6689935466254624
16.502624720255465 -0.7136264842376542
16.564432303477393 -0.755534109886531
16.626239886699324 -0.7945563799693763
16.688047469921255 -0.8305442699448604
16.749855053143186 -0.8633603434520145
16.811662636365117 -0.8928792771743793
16.87347021958705 -0.9189883394449064
16.93527780280898 -0.941587820763839
16.997085386030907 -0.9605914145854358
17.058892969252838 -0.9759265469193389
17.12070055247477 -0.9875346534878308
17.1825081356967 -0.9953714033805525
17.24431571891863 -0.9994068683525358
17.30612330214056 -0.9996256371190139
17.36793088536249 -0.9960268742105226
17.429738468584425 -0.9886243231635251
17.491546051806353 -0.9774462540343802
17.553353635028284 -0.9625353554370845
17.615161218250215 -0.9439485715171099
17.676968801472146 -0.9217568844839115
17.738776384694077 -0.8960450435326122
17.800583967916005 -0.8669112411901045
17.862391551137936 -0.8344667383215779
17.924199134359867 -0.7988354392295849
17.986006717581798 -0.7601534184682917
18.04781430080373 -0.7185684011800159
18.109621884025657 -0.6742391989386209
18.17142946724759 -0.6273351032542389
18.23323705046952 -0.578035239055566
18.29504463369145 -0.5265278806186442
18.35685221691338 -0.47300973255470846
18.418659800135313 -0.4176851786028638
18.480467383357244 -0.3607655010964881
18.54227496657917 -0.30246807408416926
18.604082549801102 -0.24301553318660188
18.665890133023034 -0.18263492535977568
18.727697716244965 -0.1215568418114123
18.789505299466896 -0.060014537382058177
18.851312882688823 0.0017569602461332602
18.913120465910755 0.06352174811105066
18.97492804913269 0.12504394887490217
19.036735632354617 0.18608861163064894
19.098543215576548 0.24642260917047049
19.16035079879848 0.3058155282895263
19.22215838202041 0.36404054972509786
19.28396596524234 0.4208753143705833
19.34577354846427 0.4761027724563288
19.4075811316862 0.5295120124543231
19.46938871490813 0.5808990665411526
19.531196298130062 0.630067689543249
19.593003881351994 0.6768301083896191
19.65481146457392 0.7210077392099442
19.716619047795856 0.7624318693394908
19.778426631017783 0.80094430162623
19.840234214239715 0.836397958579681
19.902041797461646 0.8686574440541371
19.963849380683577 0.8975995603213247
20.025656963905504 0.9231137785577631
20.087464547127436 0.945102660950075
20.149272130349367 0.9634822328062213
20.211079713571298 0.9781823032516108
20.27288729679323 0.9891467332853359
20.334694880015157 0.9963336501728469
20.396502463237088 0.9997156073563087
20.45831004645902 0.9992796892719421
20.520117629680954 0.9950275606740634
20.581925212902885 0.9869754602774538
20.643732796124812 0.9751541387423337
20.705540379346743 0.959608741238778
20.767347962568675 0.9403986350390603
20.829155545790606 0.9175971827963316
20.890963129012537 0.8912914623754842
20.952770712234464 0.8615819343061527
21.014578295456396 0.8285820581278269
21.076385878678327 0.7924178590922655
21.138193461900258 0.7532274468779236
21.20000104512219 0.7111604881544307
21.261808628344117 0.6663776350113645
21.323616211566048 0.6190499114341212
21.38542379478798 0.5693580601699394
21.44723137800991 0.5174918524783231
21.50903896123184 0.4636493634019393
21.57084654445377 0.40803621532568796
21.6326541276757 0.35086479271274806
21.69446171089763 0.2923534310165401
21.756269294119562 0.2327255828660549
21.818076877341493 0.17220896470890257
21.87988446056342 0.11103468717100334
21.941692043785352 0.049436372454024984
22.003499627007287 -0.012350737858758927
22.065307210229218 -0.07409068118098376
22.12711479345115 -0.1355476750552096
22.188922376673077 -0.19648701759699605
22.250729959895008 -0.25667598381234585
22.31253754311694 -0.31588471436544147
22.37434512633887 -0.3738870934025793
22.4361527095608 -0.4304616120798726
22.49796029278273 -0.4853922144969622
22.55976787600466 -0.5384691228061625
22.62157545922659 -0.5894896383459357
22.683383042448522 -0.6382589157392586
22.745190625670453 -0.6845907070005846
22.80699820889238 -0.7283080728096992
22.868805792114312 -0.7692440582361562
22.930613375336243 -0.8072423303336893
22.992420958558174 -0.8421577751697021
23.054228541780105 -0.873857052009766
23.116036125002033 -0.9022191025407302
23.177843708223964 -0.9271356131877467
23.239651291445895 -0.9485114287596178
23.301458874667826 -0.9662649158427995
23.363266457889758 -0.9803282745562519
23.425074041111685 -0.9906477974765638
23.486881624333616 -0.9971840747445289
23.54868920755555 -0.999912144569872
23.610496790777482 -0.9988215885593634
23.672304373999413 -0.99391657150426
23.734111957221344 -0.9852158254751279
23.795919540443272 -0.9727525782847897
23.857727123665203 -0.9565744265925885
23.919534706887134 -0.9367431541345899
23.981342290109065 -0.9133344957738787
24.043149873330997 -0.8864378482720447
24.104957456552924 -0.8561559288864069
24.166765039774855 -0.8226043830967704
24.228572622996786 -0.7859113429598187
24.290380206218718 -0.7462169377777349
24.35218778944065 -0.7036727589498136
24.413995372662576 -0.6584412810507686
24.475802955884507 -0.6106952413466006
24.53761053910644 -0.5606169801176696
24.59941812232837 -0.5083977443082015
24.6612257055503 -0.4542369571616018
24.72303328877223 -0.3983414566307989
24.78484087199416 -0.34092470547208353
24.84664845521609 -0.28220597603911113
24.908456038438025 -0.22240951289024144
24.970263621659956 -0.16176367640725373
25.03207120488188 -0.10050007069586077
25.093878788103815 -0.03885265909856192
25.155686371325746 0.022943129302266576
25.217493954547678 0.08465129877898789
25.27930153776961 0.14603618821724657
25.341109120991536 0.20686337109665648
25.402916704213467 0.26690055075663627
25.4647242874354 0.3259184475283572
25.52653187065733 0.38369167434495144
25.58833945387926 0.43999959748600626
25.65014703710119 0.49462717916921217
25.71195462032312 0.5473657987713553
25.77376220354505 0.5980140495423958
25.835569786766982 0.6463785077700753
25.897377369988913 0.6922744714575952
25.95918495321084 0.7355266656934022
26.02099253643277 0.7759699120193103
26.082800119654703 0.813449759240635
26.144607702876634 0.8478230732693466
26.206415286098565 0.8789585837476172
26.268222869320493 0.9067373853642433
26.330030452542424 0.9310533919494399
26.391838035764355 0.951813741613813
26.45364561898629 0.9689391513843342
26.51545320220822 0.9823642199829449
26.577260785430145 0.9920376775915144
26.63906836865208 0.9979225816492947
26.70087595187401 0.9999964579351248
26.762683535095942 0.9982513863956202
26.824491118317873 0.992694031391547
26.8862987015398 0.9833456162468879
26.94810628476173 0.9702418421977849
27.009913867983663 0.9534327520509017
27.071721451205594 0.9329825390718774
27.133529034427525 0.9089693018337262
27.195336617649453 0.8814847459614067
27.257144200871384 0.8506338339115787
27.318951784093315 0.8165343841250463
27.380759367315246 0.7793166210826806
27.442566950537177 0.739122677983161
27.504374533759105 0.6961060539417856
27.566182116981036 0.6504310277832714
27.627989700202967 0.602272030667288
27.689797283424898 0.5518129799425884
27.75160486664683 0.4992465767737665
27.813412449868757 0.4447735702229589
27.875220033090688 0.38860199059692274
27.93702761631262 0.3309463549873531
27.998835199534554 0.27202684803838434
28.060642782756485 0.21206848106996046
28.12245036597841 0.1513002327682872
28.184257949200344 0.08995417472506075
28.246065532422275 0.028264585165080822
28.307873115644206 -0.03353294575328457
28.369680698866137 -0.09520241564778793
28.431488282088065 -0.15650831119627912
28.493295865309996 -0.21721650755299468
28.555103448531927 -0.2770951624622742
28.616911031753858 -0.335915601655189
28.67871861497579 -0.3934531921477333
28.740526198197717 -0.44948820010550594
28.802333781419648 -0.5038066299987444
28.86414136464158 -0.5562010418429632
28.92594894786351 -0.6064713434042502
28.98775653108544 -0.6544255543437726
29.04956411430737 -0.6998805393832673
29.1113716975293 -0.7426627076916027
29.17317928075123 -0.7826086758214368
29.234986863973162 -0.8195658916642999
29.296794447195094 -0.853393217041198
29.35860203041702 -0.8839614667038618
29.420409613638952 -0.9111539016882243
29.482217196860883 -0.9348666751360023
29.544024780082818 -0.9550092288818429
29.60583236330475 -0.9715046392914509
29.667639946526677 -0.9842899110299816
29.729447529748608 -0.9933162176387877
29.79125511297054 -0.9985490880017752
29.85306269619247 -0.9999685379892657
29.9148702794144 -0.9975691467766156
29.97667786263633 -0.9913600775461355
30.03848544585826 -0.9813650424932501
30.10029302908019 -0.9676222122705417
30.162100612302122 -0.9501840702155029
30.223908195524054 -0.9291172119186983
30.28571577874598 -0.9045020908977804
30.347523361967912 -0.8764327113486085
30.409330945189843 -0.8450162691468664
30.471138528411775 -0.8103727424711508
30.532946111633706 -0.772634433610945
30.594753694855633 -0.7319454637092915
30.656561278077564 -0.6884612223697066
30.718368861299496 -0.6423477742293046
30.780176444521427 -0.5937812247643567
30.841984027743358 -0.5429470477502865
