0.0 0.0
0.11630090810700651 0.11603890626107705
0.23260181621401302 0.23051005005006342
0.3489027243210196 0.3418668504041406
0.46520363242802604 0.448604803202816
0.5815045405350325 0.549281808014972
0.6978054486420392 0.642537651830742
0.8141063567490456 0.7271123864400956
0.9304072648560521 0.801863351167576
1.0467081729630585 0.8657806109747689
1.163009081070065 0.9180006013515167
1.2793099891770716 0.9578177956443588
1.3956108972840784 0.9846942371888655
1.5119118053910847 0.9982668074604446
1.6282127134980913 0.9983521320460893
1.7445136216050976 0.98494905815414
1.8608145297121041 0.9582386701892633
1.977115437819111 0.9185818431822191
2.093416345926117 0.8665143671292005
2.209717254033124 0.8027397081141491
2.32601816214013 0.7281195040160816
2.442319070247137 0.6436619232107104
2.5586199783541432 0.5505080435480143
2.67492088646115 0.44991643563478756
2.7912217945681568 0.34324615871223707
2.9075227026751627 0.23193839886557588
3.0238236107821694 0.11749699764556161
3.1401245188891758 0.0014681341732098376
3.2564254269961825 -0.11458056476411628
3.3727263351031893 -0.22908120438878415
3.489027243210195 -0.3404868052297002
3.605328151317202 -0.4472922038394778
3.7216290594242083 -0.5480543885494227
3.837929967531215 -0.6414119955128386
3.954230875638222 -0.7261037016321756
4.070531783745228 -0.8009852658694104
4.186832691852234 -0.8650449887002616
4.303133599959241 -0.9174173808447734
4.419434508066248 -0.9573948566006716
4.535735416173254 -0.9844372937948125
4.65203632428026 -0.9981793311914442
4.7683372323872675 -0.9984353047644681
4.884638140494274 -0.9852017561413903
5.000939048601279 -0.9586574793282245
5.1172399567082865 -0.919161105084061
5.233540864815293 -0.8672462555820043
5.3498417729223 -0.803614334820213
5.466142681029306 -0.7291250521893726
5.5824435891363136 -0.6447848072294674
5.698744497243319 -0.5517330925054983
5.815045405350325 -0.45122709830827556
5.9313463134573325 -0.34462472718100357
6.047647221564339 -0.23336624775663012
6.163948129671346 -0.11895483577477114
6.2802490377783515 -0.002936265181975219
6.396549945885358 0.11312197629801565
6.512850853992365 0.22765186496149822
6.629151762099371 0.33910602616349306
6.745452670206379 0.44597864037397544
6.861753578313384 0.54682578779697
6.97805448642039 0.6402849566832608
7.094355394527398 0.7250934517664595
7.210656302634404 0.8001054541122948
7.326957210741411 0.8643075018912537
7.443258118848417 0.9168321829190733
7.559559026955423 0.9569698539698127
7.67585993506243 0.9841782285258021
7.7921608431694365 0.9980897034276363
7.908461751276444 0.9985163254363089
8.02476265938345 0.9854523306059461
8.141063567490455 0.9590742221585327
8.257364475597463 0.9197383858084897
8.373665383704468 0.8679762747556541
8.489966291811475 0.8044872294005816
8.606267199918483 0.730129028792591
8.722568108025488 0.6459063014667294
8.838869016132495 0.5529569522469295
8.9551699242395 0.452536788398252
9.071470832346508 0.346002552839047
9.187771740453515 0.23479359364561386
9.30407264856052 0.12041241750645637
9.420373556667526 0.004404389861859842
9.536674464774535 -0.11166314400664709
9.65297537288154 -0.22622203484903125
9.769276280988548 -0.3377245161816761
9.885577189095553 -0.44466411563758607
10.001878097202558 -0.5455960084057623
10.118179005309567 -0.6391565377712517
10.234479913416573 -0.7240816390204592
10.35078082152358 -0.7992239177925917
10.467081729630586 -0.8635681521373363
10.583382637737591 -0.9162450088357634
10.6996835458446 -0.9565427886678414
10.815984453951605 -0.9839170419402281
10.932285362058613 -0.9979979243622059
11.048586270165618 -0.9985951938869783
11.164887178272627 -0.9857007810077144
11.281188086379633 -0.9594888977819322
11.397488994486638 -0.9203136841112238
11.513789902593645 -0.8687044230766517
11.63009081070065 -0.8053583899738006
11.74639171880766 -0.7311314316617459
11.862692626914665 -0.6470264035052028
11.97899353502167 -0.5541796201343786
12.095294443128678 -0.45384550308178434
12.211595351235683 -0.3473796327165753
12.327896259342692 -0.2362204334559976
12.444197167449698 -0.12186973969891295
12.560498075556703 -0.005872505048435715
12.67679898366371 0.11020407103440207
12.793099891770716 0.22479171713326682
12.909400799877725 0.33634227826198326
13.02570170798473 0.44334863246366585
13.142002616091736 0.5443650530264927
13.258303524198743 0.6380267412090241
13.374604432305748 0.7230682655750554
13.490905340412757 0.7983406588103821
13.607206248519763 0.8628269410321204
13.723507156626768 0.9156558598604513
13.839808064733775 0.9561136616152615
13.95610897284078 0.9836537346010573
14.07240988094779 0.9979039941929758
14.188710789054795 0.9986719099464815
14.3050116971618 0.9859471068111813
14.421312605268808 0.9599015053046243
14.537613513375813 0.9208869987522543
14.653914421482822 0.8694306989755332
14.770215329589828 0.8062278146621528
14.886516237696833 0.732132258636242
15.00281714580384 0.6481451109306013
15.119118053910846 0.5554010935324829
15.235418962017855 0.4551532395380454
15.35171987012486 0.34875596384540236
15.468020778231866 0.23764676411234786
15.584321686338873 0.12332679921100517
15.700622594445878 0.007340607577303748
15.816923502552887 -0.10874476052619789
15.933224410659893 -0.22336091489714077
16.0495253187669 -0.33495931538371393
16.165826226873904 -0.44203219368762675
16.28212713498091 -0.5431329243123826
16.398428043087918 -0.6368955694317646
16.514728951194925 -0.722053333614494
16.631029859301933 -0.7974556790694574
16.747330767408936 -0.8620838701732239
16.863631675515943 -0.915064737262998
16.97993258362295 -0.955682473737022
17.096233491729958 -0.9833883070758276
17.212534399836965 -0.9978079131224045
17.32883530794397 -0.9987464734494634
17.445136216050976 -0.9861913074854104
17.561437124157983 -0.9603120438372661
17.67773803226499 -0.921458328495847
17.794038940371998 -0.8701551008868704
17.910339848479 -0.8070955015916667
18.02664075658601 -0.7331315075588741
18.142941664693016 -0.6492624213316405
18.259242572800023 -0.5566213698084539
18.37554348090703 -0.45645999494831657
18.491844389014034 -0.35013154325896295
18.60814529712104 -0.23907258254031916
18.72444620522805 -0.12478359290215735
18.840747113335052 -0.008808694284087691
18.957048021442063 0.10728521562745676
19.07334892954907 0.2219296312246299
19.189649837656074 0.33357563052773287
19.30595074576308 0.4407148021469524
19.422251653870084 0.5418996249191854
19.538552561977095 0.6357630248776237
19.654853470084102 0.7210368453263775
19.771154378191106 0.7965689804773199
19.887455286298113 0.8613389411622792
20.003756194405117 0.9144716423175205
20.120057102512128 0.9552492259625142
20.236358010619135 0.9831207599366464
20.35265891872614 0.9977096813575871
20.468959826833146 0.9988188842352084
20.58526073494015 0.9864333825040476
20.70156164304716 0.9607205124949747
20.817862551154168 0.9220276721105475
20.93416345926117 0.8708776272492735
21.05046436736818 0.8079614488921091
21.166765275475182 0.7341291762758445
21.283066183582193 0.6503783323000466
21.3993670916892 0.5578404463320863
21.515667999796204 0.45776576649599243
21.63196890790321 0.3515063679923001
21.748269816010215 0.2404978856666786
21.864570724117225 0.12624011763236676
21.980871632224233 0.010276762004436517
22.097172540331236 -0.10582543948410968
22.213473448438243 -0.22049786920074688
22.329774356545254 -0.3321912266764691
22.446075264652258 -0.4393964606811706
22.562376172759265 -0.540665157505186
22.67867708086627 -0.6346291099877056
22.794977988973276 -0.7200188029016615
22.911278897080287 -0.7956805649451824
23.02757980518729 -0.8605921556049186
23.143880713294298 -0.9138765763023908
23.2601816214013 -0.9548139192255669
23.37648252950831 -0.9828510937601891
23.49278343761532 -0.9976092991102546
23.609084345722323 -0.9988891421476408
23.72538525382933 -0.9866733313453181
23.841686161936334 -0.9611269103973303
23.95798707004334 -0.9225950283691831
24.074287978150352 -0.8715982765053913
24.190588886257355 -0.8088256546970028
24.306889794364363 -0.7351252626367528
24.423190702471366 -0.6514928414305678
24.539491610578374 -0.5590583204757621
24.655792518685384 -0.45907055136658004
24.772093426792388 -0.3528804350820937
24.888394334899395 -0.24192267041929197
25.0046952430064 -0.12769637026221745
25.120996151113406 -0.011744807574063215
25.237297059220417 0.10436543524259485
25.35359796732742 0.2190656319115459
25.469898875434428 0.33080610681387984
25.58619978354143 0.4380771721318565
25.70250069164844 0.5394295247311668
25.81880159975545 0.6334938272060803
25.935102507862453 0.7189992085346593
26.05140341596946 0.7947904343879437
26.167704324076464 0.8598435151107766
26.28400523218347 0.9132795405002195
26.400306140290482 0.9543765544644519
26.516607048397486 0.9825793091277008
26.632907956504493 0.9975067665967722
26.749208864611496 0.9989572470353257
26.865509772718504 0.9869111534920342
26.981810680825514 0.9615312366683723
27.098111588932518 0.9231603960488605
27.214412497039525 0.8723170471019294
27.33071340514653 0.8096881171436243
27.447014313253536 0.7361197644946251
27.563315221360547 0.652605946320962
27.67961612946755 0.5602749896144463
27.795917037574558 0.46037434674773375
27.91221794568156 0.35425374156665657
28.02851885378857 0.2433469337271648
28.14481976189558 0.12915234765286407
28.261120670002583 0.013212827828703649
28.37742157810959 -0.1029052060498192
28.493722486216594 -0.21763292244409166
28.6100233943236 -0.3294202739254856
28.726324302430612 -0.4367569393426394
28.842625210537616 -0.5381927292604435
28.958926118644623 -0.6323571789797469
29.075227026751627 -0.717978064423019
29.191527934858634 -0.7938985907242126
29.307828842965645 -0.8590930212934924
29.42412975107265 -0.9126805361978736
29.540430659179655 -0.9539371326218692
29.65673156728666 -0.9823054066249898
29.773032475393666 -0.9974020840381406
29.889333383500677 -0.9990231987514678
30.00563429160768 -0.9871468484315876
30.121935199714688 -0.9619334904366119
30.23823610782169 -0.9237237739309782
30.3545370159287 -0.8730339374896323
30.47083792403571 -0.8105488343729992
30.587138832142713 -0.7371126797058859
30.70343974024972 -0.6537176445720324
30.819740648356724 -0.5614904511257129
30.93604155646373 -0.46167714982922187
31.052342464570742 -0.35562628448592776
31.168643372677746 -0.24477067252040238
31.284944280784753 -0.13060804666607928
31.401245188891757 -0.014680819604166008
31.517546096998764 0.10144475505319572
31.633847005105775 0.21619974388648389
31.75014791321278 0.32803373099834043
31.866448821319786 0.4354357651591616
31.98274972942679 0.5369547737588226
32.0990506375338 0.6312191677586672
32.21535154564081 0.7169553727677416
32.33165245374781 0.7930050358762862
32.447953361854815 0.8583406757706856
32.56425426996182 0.9120795646864552
32.68055517806883 0.9534956546449592
32.796856086175836 0.9820293868424322
32.91315699428284 0.9972952516599949
33.02945790238985 0.9990869971539145
33.14575881049686 0.9873804156559576
33.262059718603865 0.9623336708350207
33.37836062671087 0.9242851608012166
33.49466153481787 0.873748946123301
33.61096244292488 0.8114078045299313
33.72726335103189 0.7381040061303915
33.843564259138894 0.6548279337875976
33.9598651672459 0.562704702389727
34.07616607535291 0.46297895780295445
34.192466983459916 0.3569980608815153
34.308767891566916 0.24619388373026124
34.42506879967393 0.132063464164211
34.54136970778094 0.016148779736302108
34.65767061588794 -0.09998408540060838
34.773971523994945 -0.21476609932780574
34.89027243210195 -0.3266464810210187
35.00657334020896 -0.4341136524291135
35.122874248315966 -0.5357156608946231
35.239175156422974 -0.6300797959957266
35.35547606452998 -0.7159311357731464
35.47177697263699 -0.792109771770154
35.588077880743995 -0.8575864801639871
35.704378788851 -0.9114766272613145
35.820679696958 -0.953052121485292
35.93698060506501 -0.981751250374965
36.05328151317202 -0.9971862696926033
36.169582421279024 -0.9991486421051528
36.28588332938603 -0.9876118546617094
36.40218423749304 -0.9627317770010444
36.518485145600046 -0.9248445554495572
36.634786053707046 -0.8744620714617921
36.75108696181406 -0.8122650257629679
36.86738786992107 -0.739093741631411
36.98368877802807 -0.6559368115745194
37.099989686135075 -0.563917740789274
37.21629059424208 -0.46427976786299613
37.33259150234909 -0.35836906779665945
37.4488924104561 -0.2476165642891075
37.565193318563104 -0.13351859701023155
37.681494226670104 -0.01761670506106394
37.79779513477712 0.09852320024041954
37.914096042884125 0.2133319918581829
38.03039695099113 0.3252585269836356
38.14669785909814 0.4327906040022086
38.26299876720514 0.5344753933386465
38.37929967531215 0.6289390661467517
38.495600583419154 0.7149053556468982
38.61190149152616 0.7912128003354764
38.72820239963317 0.8568304360989955
38.84450330774017 0.9108717252220253
38.960804215847176 0.9526065340988674
39.07710512395419 0.9814709978220909
39.1934060320612 0.9970751383708684
39.309706940168205 0.999208133472312
39.426007848275205 0.9878411649499944
39.54230875638221 0.963127808076596
39.65860966448922 0.9254019566702675
39.77491057259623 0.8751733119680182
39.891211480703234 0.8131204962244479
40.007512388810234 0.7400818840756637
40.12381329691725 0.6570442755426958
40.240114205024256 0.5651295637097391
40.35641511313126 0.4655795772055465
40.47271602123827 0.35973930227625905
40.58901692934527 0.24903871113048556
40.70531783745228 0.13497344206771633
40.821618745559284 0.01908459241442878
40.93791965366629 -0.09706210272143485
41.0542205617733 -0.2118974245687007
41.1705214698803 -0.3238698718777937
41.286822377987306 -0.4314666227301515
41.40312328609432 -0.5332339737641981
41.51942419420133 -0.6277969806704987
41.635725102308335 -0.7138780345999881
41.752026010415335 -0.7903141235056073
41.86832691852234 -0.8560725452053061
41.98462782662935 -0.9102648598724169
42.10092873473636 -0.952158893446115
42.217229642843364 -0.9811886297878688
42.333530550950364 -0.9969618579343229
42.44983145905738 -0.9992654711271636
42.566132367164386 -0.9880683460265518
42.68243327527139 -0.963521763208061
42.7987341833784 -0.9259573632619112
42.9150350914854 -0.8758826661089648
43.03133599959241 -0.8139742140704701
43.147636907699415 -0.7410684313332694
43.26393781580642 -0.6581503233050887
43.38023872391343 -0.5663401685391477
43.49653963202043 -0.4668783830289906
43.612840540127436 -0.36110876136690445
43.72914144823445 -0.2504603211890591
43.84544235634146 -0.1364279962008574
43.961743264448465 -0.02055243863249839
44.078044172555465 0.0956007959929389
44.19434508066247 0.21046240055145976
44.31064598876948 0.32248051869665356
44.42694689687649 0.4301417114667024
44.543247804983494 0.5319914048470455
44.65954871309051 0.6266535420286352
44.77584962119751 0.7128491748467136
44.892150529304516 0.7894137432175763
45.00845143741152 0.8553128091164951
45.12475234551853 0.9096560325205325
45.24105325362554 0.9517092004918862
45.35735416173254 0.9809041468809216
45.473655069839545 0.996846428627136
45.58995597794655 0.9993206549461208
45.70625688605356 0.9882933974017132
45.82255779416057 0.9639136415463028
45.93885870226757 0.9265107740273627
46.05515961037458 0.8765901323556696
46.17146051848159 0.8148261774609105
46.287761426588595 0.742053381277815
46.4040623346956 0.6592549524776908
46.5203632428026 0.5675495526681331
46.63666415090961 0.46817618253383236
46.75296505901662 0.3624774421168109
46.869265967123624 0.25188139140067645
46.98556687523064 0.13788225627448808
47.10186778333764 0.022020240551456075
47.218168691444646 -0.09413928320466723
47.33446959955165 -0.20902692289954528
47.45077050765866 -0.32109047043484024
47.56707141576567 -0.42881587306758756
47.68337232387267 -0.5307476892654516
47.799673231979675 -0.6255087526857396
47.91597414008668 -0.7118187786047038
48.03227504819369 -0.7885116614120715
48.148575956300704 -0.8545512294701088
48.2648768644077 -0.9090452444786443
48.38117777251471 -0.9512574562054553
48.49747868062172 -0.9806175497144306
48.613779588728725 -0.9967288506981051
48.73008049683573 -0.9993736848102391
48.84638140494273 -0.9885163185903977
48.96268231304974 -0.964303442246663
49.07898322115675 -0.927062187773779
49.195284129263754 -0.8772957091832532
49.31158503737077 -0.815676384559435
49.42788594547777 -0.7430367317863251
49.544186853584776 -0.660358160679574
49.66048776169178 -0.5687577134899598
49.77678866979879 -0.4694729729227825
49.8930895779058 -0.36384534157591086
50.0093904860128 -0.2533019187023288
50.125691394119805 -0.13933621915408242
50.24199230222681 -0.023487995007566424
50.35829321033382 0.09267756750677826
50.474594118440834 0.20759099470700623
50.59089502654783 0.31969973008847674
50.70719593465484 0.42748911039053794
50.82349684276185 0.5295028297001505
50.939797750868856 0.6243626151093348
51.05609865897586 0.7107868480948991
51.17239956708286 0.7876078800334616
51.28870047518987 0.8537878079076627
51.40500138329688 0.9084324970632685
51.521302291403885 0.950803661560523
51.6376031995109 0.9803288389061313
51.7539041076179 0.9966091244006594
51.870205015724906 0.9994245606052173
51.98650592383191 0.9887371091121154
52.10280683193892 0.9646911644689502
52.21910774004593 0.9276116033126378
52.33540864815293 0.8779993950708983
52.451709556259935 0.8165248335334993
52.56801046436694 0.7440184807392627
52.68431137247395 0.6614599455328569
52.800612280580964 0.5699646484005408
52.91691318868796 0.4707687514007268
53.03321409679497 0.36521245679581443
53.14951500490198 0.25472190003217765
53.265815913008986 0.14078988170571294
53.38211682111599 0.024955698837196328
53.49841772922299 -0.09121565204988905
53.61471863733 -0.20615461906885585
53.73101954543701 -0.31830830065521837
53.847320453544015 -0.4261614262952896
53.96362136165103 -0.5282568288343304
54.07992226975803 -0.6232151317698109
54.196223177865036 -0.7097533855415327
54.31252408597204 -0.7867024010297788
54.42882499407905 -0.8530225460746653
54.54512590218606 -0.9078177915951265
54.66142681029306 -0.9503478175352067
54.777727718400065 -0.9800380150783139
54.89402862650707 -0.9964872499928598
55.01032953461408 -0.9994732822213966
55.126630442721094 -0.9889557684909714
55.24293135082809 -0.965076807377468
55.3592322589351 -0.928159019459721
55.47553316704211 -0.8787011885018635
55.591834075149116 -0.8173715225543237
55.70813498325612 -0.7449986260205425
55.82443589136312 -0.6625603046627313
55.94073679947013 -0.5711703547984373
56.05703770757714 -0.47206351517469447
56.173338615684145 -0.36657878482980866
56.28963952379116 -0.2561413323295749
56.40594043189816 -0.1422432407961487
56.522241340005166 -0.026423348876843108
56.638542248112174 0.08975353998504716
56.75484315621918 0.20471779908111337
56.87114406432619 0.3169161851341653
56.98744497243319 0.42483282364355823
57.103745880540195 0.5270096893536333
57.2200467886472 0.6220663051404812
57.33634769675421 0.7087183931721541
57.452648604861224 0.7857952263527054
57.56894951296822 0.8522554456205618
57.68525042107523 0.9072011293991633
57.80155132918224 0.9498899251120436
57.917852237289246 0.979745078857831
58.03415314539625 0.9963632277373972
0.0 0.0
0.10298302112547596 0.1028010865106076
0.20596604225095191 0.20451287904671123
0.3089490633764279 0.30405762593752345
0.41193208450190383 0.40038053781590555
0.5149151056273797 0.4924609643066792
0.6178981267528558 0.5793232089736419
0.7208811478783317 0.6600468679286705
0.8238641690038077 0.7337765825536389
0.9268471901292835 0.7997311029940076
1.0298302112547595 0.8572115663861086
1.1328132323802356 0.9056089021009246
1.2357962535057117 0.944410285537416
1.3387792746311873 0.973204572080147
1.4417622957566634 0.9916866536422699
1.5447453168821392 0.9996606916313606
1.6477283380076153 0.99704219208117
1.7507113591330914 0.9838589009609195
1.853694380258567 0.9602505101753244
1.9566774013840431 0.9264671773706055
2.059660422509519 0.8828668752308264
2.162643443634995 0.8299115983517594
2.265626464760471 0.7681624678847514
2.368609485885947 0.6982737858224339
2.4715925070114233 0.6209861019278551
2.574575528136899 0.5371183667707744
2.6775585492623746 0.4475592540185897
2.7805415703878507 0.3532577439320571
2.8835245915133267 0.2552130678443329
2.986507612638803 0.15446412017297306
3.0894906337642785 0.052078450156620625
3.1924736548897545 -0.05085905003860162
3.2954566760152306 -0.15325764098065825
3.3984396971407067 -0.25403229359157964
3.501422718266183 -0.3521151862597676
3.604405739391658 -0.4464670196196999
3.707388760517134 -0.5360880291061295
3.81037178164261 -0.6200285785922773
3.9133548027680862 -0.6973992228604377
4.016337823893562 -0.7673801322817075
4.119320845019038 -0.8292297798396867
4.2223038661445145 -0.8822927984492903
4.32528688726999 -0.9260069253134751
4.428269908395466 -0.9599089597345626
4.531252929520942 -0.9836396712503878
4.634235950646418 -0.9969476060880154
4.737218971771894 -0.9996917516013367
4.84020199289737 -0.9918430304598073
4.943185014022847 -0.973484608755705
5.046168035148322 -0.9448110147651646
5.149151056273798 -0.9061260777007116
5.2521340773992735 -0.8578397082965485
5.355117098524749 -0.8004635553399396
5.458100119650226 -0.7346055841726652
5.561083140775701 -0.6609636346094657
5.664066161901177 -0.5803180265346216
5.7670491830266535 -0.4935232915287597
5.870032204152129 -0.40149911813866335
5.973015225277606 -0.3052206067352032
6.075998246403081 -0.20570793722022623
6.178981267528557 -0.10401555906473303
6.2819642886540334 -0.0012210182221531005
6.384947309779509 0.10158646069177614
6.487930330904986 0.20331751596779735
6.590913352030461 0.3028941918245692
6.693896373155937 0.39926136057138745
6.796879394281413 0.49139790288141494
6.899862415406889 0.5783275277077692
7.002845436532366 0.6591291171932053
7.105828457657841 0.7329464869573387
7.208811478783316 0.7989974583401266
7.3117944999087925 0.8565821464708988
7.414777521034268 0.9050903763414541
7.517760542159745 0.9440081483015426
7.62074356328522 0.9729230844674641
7.723726584410696 0.9915287983329302
7.8267096055361725 0.9996281412812
7.929692626661648 0.9971352915980247
8.032675647787125 0.9840766638499364
8.135658668912601 0.9605906289919913
8.238641690038076 0.9269260481707413
8.34162471116355 0.8834396357584512
8.444607732289029 0.8305921795602031
8.547590753414504 0.7689436582450849
8.65057377453998 0.6991473077377811
8.753556795665455 0.6219426994439148
8.856539816790931 0.5381479036531369
8.959522837916408 0.44865082115762833
9.062505859041885 0.35439977493730207
9.16548888016736 0.2563934616034832
9.268471901292836 0.15567036907688564
9.37145492241831 0.053297772631605435
9.474437943543789 -0.0496395740955355
9.577420964669264 -0.15205093329866332
9.68040398579474 -0.2528511406056225
9.783387006920215 -0.35097210362385606
9.886370028045693 -0.4453741195893592
9.989353049171168 -0.5350568921953189
10.092336070296644 -0.6190701308647392
10.19531909142212 -0.6965236201556652
10.298302112547596 -0.7665966526023259
10.401285133673072 -0.8285467250405001
10.504268154798547 -0.8817174062697245
10.607251175924024 -0.9255452926855333
10.710234197049498 -0.9595659781789191
10.813217218174975 -0.9834189750451872
10.916200239300451 -0.9968515337595777
11.019183260425928 -0.9997213211448216
11.122166281551403 -0.9919979285524023
11.22514930267688 -0.9737631940766357
11.328132323802354 -0.945210335387348
11.431115344927832 -0.9066419023697656
11.534098366053307 -0.85846657126573
11.637081387178783 -0.8011948142859189
11.740064408304258 -0.7354334905784711
11.843047429429735 -0.6618794158687952
11.946030450555211 -0.5813119789075472
12.049013471680688 -0.4945848829638463
12.151996492806163 -0.40261709987198463
12.254979513931639 -0.3063831324837369
12.357962535057114 -0.206902688706647
12.46094555618259 -0.10522987654351144
12.563928577308067 -0.0024420346239071617
12.666911598433542 0.10037168341910654
12.769894619559018 0.20212184976563316
12.872877640684493 0.3017303061308868
12.975860661809971 0.39814158807367594
13.078843682935446 0.49033410883786915
13.181826704060922 0.5773309842214507
13.284809725186397 0.6582103837713296
13.387792746311874 0.7321152986213416
13.49077576743735 0.7982626224720785
13.593758788562827 0.8559514494893128
13.696741809688302 0.9045705011953638
13.799724830813778 0.9436046036570856
13.902707851939253 0.9726401463373225
14.005690873064731 0.9913694647671326
14.108673894190206 0.999594100599384
14.211656915315682 0.9972269044997787
14.314639936441157 0.9842929595927786
14.417622957566632 0.9609293156774863
14.52060597869211 0.9273835370297578
14.623588999817585 0.8840110791782417
14.726572020943062 0.8312715224503501
14.829555042068536 0.7697237021980416
14.932538063194013 0.7000197873041575
15.03552108431949 0.6228983697142751
15.138504105444966 0.5391766382182932
15.24148712657044 0.4497417194094151
15.344470147695917 0.35554127757286613
15.447453168821392 0.25757347310919715
15.55043618994687 0.15687638589401454
15.653419211072345 0.05451701564568207
15.756402232197821 -0.04842002414551884
15.859385253323296 -0.15084399892605188
15.962368274448773 -0.2516696106474251
16.06535129557425 -0.3498284977285318
16.168334316699724 -0.4442805555569505
16.271317337825202 -0.5340249575756497
16.374300358950677 -0.6181107601741747
16.477283380076152 -0.6956469790135404
16.58026640120163 -0.7658120300146861
16.6832494223271 -0.8278624349725525
16.78623244345258 -0.8811406995499736
16.889215464578058 -0.9250822801750224
16.992198485703533 -0.9592215660197408
17.095181506829007 -0.983196812674351
17.198164527954482 -0.9967539752390897
17.30114754907996 -0.9997494002177304
17.40413057020544 -0.9921513476891192
17.50711359133091 -0.9740403276276004
17.61009661245639 -0.9456082468086228
17.713079633581863 -0.9071563753390522
17.81606265470734 -0.8590921543590717
17.919045675832816 -0.8019248787417237
18.02202869695829 -0.7362603005367417
18.12501171808377 -0.662794210341333
18.227994739209244 -0.5823050646105514
18.33097776033472 -0.4956457370292312
18.433960781460197 -0.40373448134908557
18.53694380258567 -0.3075452014499319
18.639926823711146 -0.20809713172473449
18.74290984483662 -0.10644403713653705
18.8458928659621 -0.0036630473848667452
18.948875887087578 0.0991567565036974
19.05185890821305 0.20092588222282012
19.154841929338527 0.30056597059170126
19.257824950464002 0.39702122199221984
19.36080797158948 0.48926958376204
19.463790992714955 0.5763335800004182
19.56677401384043 0.6572906690327723
19.669757034965908 0.7312830187848568
19.772740056091386 0.7975265964854197
19.875723077216858 0.8553194763816456
19.978706098342336 0.9040492774377283
20.08168911946781 0.9431996522056839
20.18467214059329 0.9723557581115514
20.287655161718764 0.9912086531824249
20.39063818284424 0.9995585696366631
20.493621203969717 0.9973170306498474
20.59660422509519 0.9845077878669736
20.699587246220666 0.9612665697268642
20.802570267346145 0.9278396432655918
20.90555328847162 0.8845812046382422
21.008536309597094 0.8319496260093766
21.11151933072257 0.7705025985806648
21.214502351848047 0.7008912232207938
21.317485372973525 0.6238531113141412
21.420468394098997 0.5402045689325216
21.523451415224475 0.4508319471475427
21.62643443634995 0.3566822501368977
21.729417457475428 0.25875310060220863
21.832400478600903 0.1580821688263292
21.935383499726377 0.05573617738110212
22.038366520851856 -0.04720040200676519
22.14134954197733 -0.14963683966222782
22.244332563102805 -0.25048770547851484
22.347315584228284 -0.34868437027877885
22.45029860535376 -0.4431863291528605
22.553281626479237 -0.5329922267856184
22.656264647604708 -0.6171504679508962
22.759247668730186 -0.6947693007410372
22.862230689855664 -0.7650262656885702
22.965213710981136 -0.8271769106560487
23.068196732106614 -0.8805626791498427
23.17117975323209 -0.9246178884722391
23.274162774357567 -0.9588757237705067
23.37714579548304 -0.9829731844690983
23.480128816608516 -0.9966549306720006
23.583111837733995 -0.9997759887782004
23.68609485885947 -0.9923032876412283
23.789077879984944 -0.9743160089954233
23.892060901110423 -0.9460047484357494
23.995043922235897 -0.9076694958415482
24.098026943361376 -0.8597164566439008
24.201009964486847 -0.8026537476189111
24.303992985612325 -0.7370860128147967
24.406976006737803 -0.6637080166632257
24.509959027863278 -0.583297282163054
24.612942048988753 -0.49670585214329577
24.715925070114228 -0.4048512609040818
24.818908091239706 -0.30870681190127325
24.92189111236518 -0.2092912644937086
25.024874133490655 -0.10765803903362857
25.127857154616134 -0.004884054684638289
25.23084017574161 0.09794168175685747
25.333823196867083 0.19972961512241474
25.43680621799256 0.29940118694290174
25.539789239118036 0.3959002639973637
25.642772260243515 0.48820432924101154
25.745755281368986 0.5753353165316871
25.848738302494464 0.6563699743487241
25.951721323619942 0.7304496486887174
26.054704344745417 0.7967893814774769
26.157687365870892 0.8546862280901008
26.260670386996367 0.903526705845631
26.363653408121845 0.9427932945510746
26.466636429247323 0.9720699202141401
26.569619450372794 0.9910463638185587
26.672602471498273 0.9995215484460102
26.775585492623748 0.9974056699138636
26.878568513749222 0.9847211483522377
26.9815515348747 0.9616023906373186
27.084534556000175 0.9282943661982421
27.187517577125654 0.8851500112884606
27.290500598251125 0.8326264892263088
27.393483619376603 0.7712803462317078
27.49646664050208 0.7017616141884796
27.599449661627556 0.6248069228201079
27.70243268275303 0.5412316942632885
27.805415703878506 0.4519215027466106
27.908398725003984 0.3578226909283349
28.011381746129462 0.2599323423238325
28.114364767254933 0.15928771607614461
28.217347788380412 0.05695525602023081
28.320330809505887 -0.045980709497586876
28.423313830631365 -0.14842945730692628
28.52629685175684 -0.24930542686097937
28.629279872882314 -0.34753972298035746
28.732262894007793 -0.44209144200845274
28.835245915133264 -0.5319587013649031
28.938228936258742 -0.6161892556265943
29.04121195738422 -0.6938905866466722
29.144194978509695 -0.7642393607954614
29.24717799963517 -0.826490153113024
29.350161020760645 -0.8799833459310915
29.453144041886123 -0.9241521182695417
29.5561270630116 -0.9585284519468279
29.659110084137073 -0.9827480907628322
29.76209310526255 -0.9965544002059742
29.865076126388026 -0.9998010867865911
29.968059147513504 -0.9924537481822038
30.07104216863898 -0.9745902377690957
30.174025189764453 -0.9463998396775903
30.27700821088993 -0.9081812631122507
30.379991232015406 -0.8603394771894558
30.48297425314088 -0.8033814198308173
30.58595727426636 -0.7379106261815942
30.688940295391834 -0.6646208334720947
30.791923316517313 -0.5842886300857729
30.894906337642784 -0.4977652267255352
30.997889358768262 -0.40596743687197573
31.10087237989374 -0.3098679621059338
31.20385540101921 -0.2104850852332586
31.30683842214469 -0.10887188042485103
31.409821443270165 -0.006105054702844367
31.512804464395643 0.0967264609901336
31.615787485521118 0.1985330502479115
31.718770506646592 0.29823595692104454
31.82175352777207 0.3947787157603251
31.924736548897545 0.4871383468629537
32.027719570023024 0.5743361953035618
32.1307025911485 0.6554483010918346
32.23368561227397 0.7296151895753807
32.33666863339945 0.796050978547357
32.43965165452492 0.8540517055587756
32.542634675650405 0.9030027871981712
32.64561769677588 0.9423855312990902
32.748600717901354 0.9717826330712399
32.85158373902683 0.9908825969174899
32.954566760152304 0.9994830370826193
33.05754978127778 0.9974928221596758
33.16053280240326 0.9849330407304728
33.263515823528735 0.9619367779081788
33.3664988446542 0.9287477051497687
33.469481865779684 0.8857174982808728
33.57246488690516 0.8333021110920175
33.67544790803064 0.7720569439916362
33.778430929156116 0.7026309589095613
33.88141395028158 0.6257598028101492
33.984396971407065 0.5422580126792703
34.08737999253254 0.45301038458220905
34.190363013658015 0.35896259824691557
34.2933460347835 0.26111119651595216
34.396329055908964 0.16049302584612546
34.499312077034446 0.05817424974556257
34.60229509815992 -0.04476094843641354
34.705278119285396 -0.14722185366021323
34.80826114041088 -0.2481227765574631
34.911244161536345 -0.3463945575398097
35.01422718266182 -0.4409958957560729
35.1172102037873 -0.5309243828543874
35.22019322491278 -0.6152271246343244
35.32317624603825 -0.6930108380405058
35.426159267163726 -0.7634513165085471
35.5291422882892 -0.8258021633673539
35.63212530941468 -0.8794027007574451
35.73510833054016 -0.9236849702613388
35.83809135166563 -0.9581797510664462
35.94107437279111 -0.9825215318911431
36.04405739391658 -0.9964523839908895
36.147040415042056 -0.9998246942054841
36.25002343616754 -0.9926027290877263
36.35300645729301 -0.9748630135397737
36.45598947841849 -0.946793519945107
36.55897249954396 -0.9086916763881745
36.66195552066944 -0.8609612150668821
36.76493854179492 -0.8041078942925662
36.867921562920394 -0.7387341394077296
36.97090458404586 -0.6655326594070342
37.07388760517134 -0.5852791069007244
37.17687062629682 -0.4988238591965366
37.27985364742229 -0.40708300758868265
37.382836668547775 -0.3110286503327709
37.48581968967324 -0.21167859216353035
37.588802710798724 -0.11008555950050525
37.6917857319242 -0.007326045619105975
37.794768753049674 0.09551109601527438
37.897751774175156 0.19733618938325578
38.00073479530062 0.2970702822633582
38.1037178164261 0.39365657895319794
38.20670083755158 0.48607163821713106
38.309683858677055 0.5733362178056065
38.412666879802536 0.6545256506362163
38.515649900928004 0.7287796426889329
38.61863292205348 0.7953113887959343
38.72161594317896 0.8534159097336765
38.824598964304435 0.9024775222764456
38.92758198542991 0.941976363057658
39.030565006555385 0.9714938971111641
39.13354802768086 0.9907173527233751
39.236531048806334 0.9994430356039068
39.339514069931816 0.9975784872573494
39.44249709105729 0.9851434646857742
39.54548011218277 0.9622697310409105
39.64846313330824 0.9291996594442896
39.751446154433715 0.8862836647694184
39.8544291755592 0.8339764905992276
39.95741219668467 0.772832390702638
40.06039521781015 0.7034992560879473
40.16337823893562 0.6267117498636188
40.266361260061096 0.543283522650346
40.36934428118658 0.4540985910309394
40.47232730231205 0.36010197039315783
40.57531032343753 0.2622896614210336
40.678293344563 0.16169809633928525
40.78127636568848 0.0593931567397202
40.88425938681395 -0.04354112064176285
40.98724240793943 -0.14601403052249864
41.09022542906491 -0.2469397563311526
41.19320845019038 -0.34524887566445334
41.29619147131586 -0.43989969202907153
41.39917449244133 -0.5298892727961072
41.502157513566814 -0.6142640764085168
41.60514053469229 -0.6921300562341504
41.70812355581776 -0.7626621340027118
41.81110657694324 -0.8251129424447587
41.91408959806871 -0.8788207444945724
42.01707261919419 -0.9232164451440936
42.12005564031967 -0.9578296216492379
42.22303866144514 -0.9822935081918033
42.32602168257062 -0.9963488821788423
42.429004703696094 -0.9998468109996836
42.53198772482157 -0.9927502301356826
42.63497074594705 -0.975134335900779
42.73795376707252 -0.9471857886513695
42.84093678819799 -0.9092007349083501
42.943919809323475 -0.8615816693492357
43.04690283044895 -0.8048331699210735
43.14988585157443 -0.7395565512654362
43.2528688726999 -0.6664434931086051
43.355851893825374 -0.5862687111312173
43.458834914950856 -0.4998817479779996
43.56181793607633 -0.4081979713910041
43.664800957201805 -0.31218887485133406
43.76778397832728 -0.21287178350513405
43.870766999452755 -0.11129907445113753
43.97375002057823 -0.008547025613071885
44.07673304170371 0.09429558864426116
44.179716062829186 0.19613903431282032
44.28269908395466 0.29590416470773756
44.385682105080136 0.39253385524897677
44.48866512620561 0.48500420489387835
44.59164814733109 0.5723353855286852
44.69463116845657 0.6536020243574276
44.797614189582035 0.7279430092750788
44.90059721070752 0.7945706133258575
45.00358023183299 0.8527788415626952
45.10656325295847 0.9019509118635707
45.20954627408395 0.9415657904368048
45.312529295209416 0.9712037127643849
45.4155123163349 0.9905506314825762
45.51849533746037 0.9994015440695104
45.62147835858585 0.9976626650791687
45.72446137971133 0.985352419904421
45.8274444008368 0.9626012495391234
45.93042742196227 0.9296502284079989
46.03341044308775 0.8868485099100047
46.13639346421323 0.8346496267425221
46.23937648533871 0.7736066852086014
46.34235950646418 0.7043665044291031
46.44534252758965 0.6276627625612858
46.548325548715134 0.5443082226475882
46.65130856984061 0.45518612047041945
46.75429159096608 0.3612408056684008
46.85727461209156 0.26346773528211664
46.96025763321703 0.16290292575901516
47.063240654342515 0.06061197518544161
47.16622367546799 -0.04232122793226969
47.269206696593464 -0.14480598969449518
47.37218971771894 -0.24575636794580305
47.475172738844414 -0.3441026790623563
47.57815575996989 -0.4388028324617476
47.68113878109537 -0.5288533727333058
47.784121802220845 -0.6133001123849582
47.88710482334631 -0.691248242540736
47.990087844471795 -0.7618718144545412
48.09307086559727 -0.8244224913727802
48.19605388672275 -0.8782374780101107
48.299036907848226 -0.9227465436163279
48.402019928973694 -0.9574780642172002
48.505002950099176 -0.9820640200047719
48.60798597122465 -0.9962438949241406
48.710968992350125 -0.9998674371362161
48.81395201347561 -0.9928962511061645
48.916935034601075 -0.9754042044476048
49.019918055726556 -0.9475766452115464
49.12290107685203 -0.9097084379138263
49.225884097977506 -0.8622008391114973
49.32886711910299 -0.8055572456350272
49.431850140228455 -0.7403778605286035
49.53483316135393 -0.6673533332188711
49.63781618247941 -0.5872574413018589
49.74079920360489 -0.5009388914927418
49.84378222473036 -0.409312326616669
49.946765245855836 -0.3133486339318573
50.04974826698131 -0.21406465747917128
50.15273128810679 -0.11251242346752477
50.25571430923227 -0.009767992864389397
50.35869733035774 0.09307994068926273
50.46168035148322 0.1949415868214338
50.56466337260869 0.29473760599271753
50.66764639373417 0.39141054632149835
50.77062941485965 0.48393604848462646
50.87361243598512 0.5713336999649135
50.9765954571106 0.6526774236324958
51.07957847823607 0.7271052905811487
51.18256149936155 0.7938286532415296
51.28554452048703 0.8521405019956352
51.388527541612504 0.9014229567446562
