0.0 0.0
0.10690908975210417 0.10670555224441734
0.21381817950420834 0.2121926688518525
0.3207272692563125 0.31525682710147657
0.4276363590084167 0.41472117123774965
0.5345454487605208 0.5094499505995711
0.641454538512625 0.5983614883838644
0.7483636282647291 0.6804405329575454
0.8552727180168334 0.7547498506823034
0.9621818077689375 0.8204409278775352
1.0690908975210416 0.8767636597192381
1.175999987273146 0.9230749154405058
1.28290907702525 0.9588458820304188
1.3898181667773541 0.9836681025760451
1.4967272565294583 0.9972581402977079
1.6036363462815624 0.9994608150204327
1.7105454360336667 0.9902509751253733
1.8174545257857708 0.9697337847478816
1.924363615537875 0.9381435229428041
2.0312727052899793 0.8958409085289396
2.138181795042083 0.8433089811593826
2.2450908847941875 0.7811475856504532
2.351999974546292 0.7100665225508535
2.4589090642983957 0.6308774431624462
2.5658181540505 0.5444845815607513
2.672727243802604 0.4518744294431768
2.7796363335547083 0.35410447170449033
2.8865454233068126 0.2522911113643045
2.9934545130589165 0.14759692172785172
3.100363602811021 0.04121737134343897
3.2072726925631247 -0.06563282666006387
3.314181782315229 -0.17173358498328395
3.4210908720673334 -0.27587337393228584
3.5279999618194373 -0.3768630554780318
3.6349090515715416 -0.47354946163277845
3.7418181413236455 -0.5648285620963882
3.84872723107575 -0.6496580708155383
3.955636320827854 -0.7270693475056595
4.0625454105799585 -0.7961784582360462
4.169454500332063 -0.8561962687809441
4.276363590084166 -0.9064374554839604
4.383272679836271 -0.9463283307436952
4.490181769588375 -0.9754133937639425
4.5970908593404785 -0.9933605317676037
4.703999949092584 -0.9999648122833545
4.810909038844687 -0.9951508232021923
4.9178181285967915 -0.9789735338835285
5.024727218348896 -0.9516176674781369
5.131636308101 -0.9133955916351958
5.2385453978531045 -0.8647437516787477
5.345454487605208 -0.806217686981964
5.452363577357312 -0.7384856874455936
5.559272667109417 -0.6623211625151935
5.666181756861521 -0.5785938098728155
5.773090846613625 -0.48825968464496305
5.879999936365729 -0.39235028252326787
5.986909026117833 -0.29196076145414024
6.093818115869937 -0.18823743639005885
6.200727205622042 -0.08236468989581179
6.307636295374146 0.024448551926814922
6.4145453851262495 0.13098262376893208
6.521454474878354 0.23602104807192362
6.628363564630458 0.3383644255849412
6.7352726543825625 0.43684413091082314
6.842181744134667 0.5303356566554864
6.94909083388677 0.6177714538083391
7.055999923638875 0.6981531217336314
7.162909013390979 0.7705628085792314
7.269818103143083 0.834173691925315
7.376727192895188 0.8882594199978782
7.483636282647291 0.9322024056409611
7.590545372399395 0.9655008783414397
7.6974544621515 0.9877746137816288
7.804363551903604 0.9987692754958222
7.911272641655708 0.9983593190548187
8.018181731407811 0.9865494256165043
8.125090821159917 0.9634744484732468
8.23199991091202 0.9293978732064684
8.338909000664126 0.884708809031367
8.445818090416228 0.8299175456866613
8.552727180168333 0.7656497266037381
8.659636269920437 0.6926392048899076
8.766545359672541 0.6117196637009166
8.873454449424646 0.5238150966869459
8.98036353917675 0.42992925721275027
9.087272628928854 0.3311341968278244
9.194181718680957 0.22855802386204488
9.301090808433063 0.1233720219273451
9.407999898185167 0.016777275415059356
9.51490898793727 -0.09000904529207392
9.621818077689374 -0.19576758228854133
9.728727167441479 -0.29929071359328024
9.835636257193583 -0.3993963425882557
9.942545346945687 -0.4949413959912957
10.049454436697792 -0.5848348762342798
10.156363526449894 -0.6680503192058589
10.263272616202 -0.7436375151078479
10.370181705954105 -0.8107333585886528
10.477090795706209 -0.868571704259672
10.583999885458311 -0.9164921150577212
10.690908975210416 -0.9539474035588392
10.797818064962522 -0.980509880131668
10.904727154714625 -0.9958762365848135
11.011636244466729 -0.9998710095434169
11.118545334218833 -0.9924485840077706
11.225454423970938 -0.9736937142160115
11.332363513723042 -0.9438205558633269
11.439272603475146 -0.9031702207284438
11.54618169322725 -0.8522068816303185
11.653090782979353 -0.7915124721912491
11.759999872731457 -0.7217800419280641
11.866908962483564 -0.6438058425474356
11.973818052235666 -0.5584802358092963
12.08072714198777 -0.466777526778469
12.187636231739875 -0.36974483855530743
12.294545321491977 -0.26849015552109884
12.401454411244083 -0.16416967162849797
12.508363500996188 -0.05797458820273073
12.615272590748292 0.048882487994919385
12.722181680500395 0.15518139112523816
12.829090770252499 0.25970832894385343
12.935999860004605 0.36126974269600515
13.042908949756708 0.4587059359717539
13.149818039508812 0.5509043168982177
13.256727129260916 0.6368121024605473
13.36363621901302 0.7154483398852299
13.470545308765125 0.7859151078174614
13.57745439851723 0.8474077693900345
13.684363488269334 0.8992241601073164
13.791272578021436 0.9407726056308887
13.89818166777354 0.9715786779143922
14.005090757525647 0.9912906125414849
14.11199984727775 0.9996833254081213
14.218908937029854 0.996660982883975
14.325818026781958 0.9822580961051686
14.43272711653406 0.9566391269029533
14.539636206286167 0.9200966098680975
14.646545296038271 0.8730478119945295
14.753454385790375 0.8160299680446443
14.860363475542478 0.7496941460420948
14.967272565294582 0.6747978129399693
15.074181655046688 0.5921961853545676
15.18109074479879 0.5028324641278917
15.287999834550895 0.4077270642271599
15.394908924303 0.307965962961624
15.501818014055104 0.2046882995645275
15.608727103807208 0.09907336773653028
15.715636193559313 -0.0076728503215360705
15.822545283311417 -0.11433145462312633
15.92945437306352 -0.21968454561438833
16.036363462815622 -0.3225291309689644
16.14327255256773 -0.4216908621620551
16.250181642319834 -0.5160374439703092
16.35709073207194 -0.6044915637789252
16.46399982182404 -0.6860431930603705
16.570908911576144 -0.7597611205582496
16.67781800132825 -0.8248035854826252
16.784727091080352 -0.8804278892998713
16.891636180832457 -0.9259988763631909
16.99854527058456 -0.9609961865462112
17.105454360336665 -0.9850201970642823
17.21236345008877 -0.997796585635735
17.319272539840874 -0.9991794628778713
17.42618162959298 -0.9891530381698852
17.533090719345083 -0.9678317999607726
17.639999809097187 -0.9354592084633544
17.74690889884929 -0.8924049156621079
17.853817988601392 -0.8391605443786287
17.9607270783535 -0.7763340745921712
18.067636168105604 -0.7046429011160706
18.17454525785771 -0.6249056419020909
18.281454347609813 -0.5380327905110454
18.388363437361914 -0.4450163194860216
18.49527252711402 -0.34691835334386384
18.602181616866126 -0.2448590405243675
18.709090706618227 -0.14000376278330456
18.815999796370335 -0.033549828081104446
18.922908886122435 0.07328720108326812
19.02981797587454 0.17928738778109674
19.136727065626648 0.2832403507127881
19.24363615537875 0.3839590851541942
19.350545245130853 0.4802935169735307
19.457454334882957 0.5711436349499324
19.56436342463506 0.6554720514401309
19.671272514387166 0.7323158479670578
19.77818160413927 0.8007975704695136
19.885090693891375 0.8601352486617554
19.991999783643475 0.9096513250952283
20.098908873395583 0.9487803919644282
20.205817963147688 0.977075647312822
20.31272705289979 0.9942139969175814
20.419636142651896 0.9999997435963373
20.526545232404 0.9943668218089953
20.633454322156105 0.9773795520384332
20.74036341190821 0.9492319063360402
20.84727250166031 0.9102452934186049
20.954181591412418 0.8608648886077879
21.061090681164522 0.8016545505194254
21.167999770916623 0.7332903825472701
21.27490886066873 0.6565530126605054
21.38181795042083 0.5723186796695096
21.488727040172936 0.48154922774278186
21.595636129925044 0.38528112342447624
21.702545219677145 0.2846136205635257
21.80945430942925 0.18069620829513258
21.916363399181353 0.07471548540209613
22.023272488933458 -0.03211838906678159
22.130181578685566 -0.13858551420520826
22.237090668437666 -0.24347017689696585
22.34399975818977 -0.3455747336445291
22.450908847941875 -0.44373328606657564
22.55781793769398 -0.5368249939084985
22.664727027446084 -0.623786873548955
22.771636117198188 -0.7036259358605362
22.878545206950292 -0.7754305248263101
22.985454296702393 -0.8383807274403016
23.0923633864545 -0.8917577360246884
23.199272476206605 -0.9349520560584513
23.306181565958706 -0.9674704657950433
23.413090655710814 -0.9889416481994331
23.519999745462915 -0.999120430895304
23.62690883521502 -0.9978905857078637
23.733817924967127 -0.9852661558351717
23.840727014719228 -0.9613912954934815
23.947636104471332 -0.9265386238676075
24.054545194223437 -0.8811061121620457
24.16145428397554 -0.8256125392985606
24.26836337372765 -0.7606915681501506
24.37527246347975 -0.6870845099529385
24.482181553231854 -0.6056318595167418
24.589090642983955 -0.5172636978910581
24.695999732736063 -0.42298907207516384
24.802908822488167 -0.3238844730420413
24.90981791224027 -0.22108154364166963
25.016727001992376 -0.11575415674320051
25.123636091744476 -0.009105011166407925
25.230545181496584 0.0976481015409386
25.33745427124869 0.20328620266454875
25.44436336100079 0.306603045441018
25.551272450752897 0.4064188887932381
25.658181540504998 0.5015939684060533
25.765090630257102 0.5910415113204875
25.87199972000921 0.6737401454370098
25.97890880976131 0.7487455622279122
26.085817899513415 0.8152012994861059
26.19272698926552 0.8723485209855986
26.299636079017624 0.9195346813830136
26.406545168769732 0.9562209774184351
26.513454258521833 0.9819885003327724
26.620363348273937 0.9965430192492354
26.72727243802604 0.9997183408990199
26.834181527778146 0.991478207327637
26.94109061753025 0.9719167099125802
27.047999707282354 0.9412572149648043
27.15490879703446 0.8998498131822206
27.26181788678656 0.8481673220790608
27.368726976538667 0.7867998870380436
27.47563606629077 0.7164482426341939
27.582545156042872 0.6379157111769798
27.68945424579498 0.5520990298368328
27.79636333554708 0.4599781110981013
27.903272425299185 0.3626048534603571
28.010181515051293 0.2610911301551172
28.117090604803394 0.15659609303078442
28.2239996945555 0.0503129365785632
28.330908784307603 -0.056544726763310085
28.437817874059707 -0.16275672445121603
28.544726963811815 -0.26711025658547166
28.651636053563916 -0.36841374447383424
28.75854514331602 -0.4655104368770623
28.86545423306812 -0.5572916185711636
28.97236332282023 -0.6427092704022396
29.079272412572333 -0.7207880362727849
29.186181502324438 -0.7906363604124865
29.293090592076542 -0.8514566677605795
29.399999681828643 -0.9025544712133794
29.50690877158075 -0.9433463017443137
29.613817861332855 -0.97336637084499
29.720726951084956 -0.9922718892111271
29.827636040837064 -0.9998469809409722
29.934545130589164 -0.9960051485512829
30.04145422034127 -0.9807902606636673
30.148363310093377 -0.9543760510832079
30.255272399845477 -0.9170641349892364
30.36218148959758 -0.869280564890703
30.469090579349686 -0.8115709656725908
30.57599966910179 -0.744594304284644
30.6829087588539 -0.6691153652143086
30.789817848606 -0.585996017663996
30.896726938358103 -0.4961853741498495
31.003636028110208 -0.40070895289783315
31.110545117862312 -0.30065696778808815
31.217454207614416 -0.19717187956088866
31.32436329736652 -0.0914353504328684
31.431272387118625 0.01534524891552964
31.538181476870726 0.12195062590910033
31.645090566622834 0.22716348877914322
31.751999656374938 0.32978244641812476
31.85890874612704 0.4286357266699825
31.965817835879147 0.5225945564113224
32.072726925631244 0.6105860506407585
32.17963601538335 0.6916054634002456
32.28654510513546 0.7647276606389483
32.39345419488756 0.8291176840149945
32.50036328463967 0.8840402850104174
32.60727237439177 0.9288683204923451
32.71418146414388 0.9630899138543823
32.82109055389598 0.9863142999673478
32.92799964364808 0.9982762871978956
33.03490873340019 0.9988392855446221
33.14181782315229 0.9879968663144105
33.248726912904395 0.9658728355295639
33.3556360026565 0.9327198202275232
33.462545092408604 0.888916383795742
33.569454182160705 0.834962703280756
33.67636327191281 0.7714748580308519
33.78327236166491 0.6991777948884529
33.89018145141702 0.6188970502603154
33.99709054116912 0.5315493235886152
34.10399963092123 0.438132009861208
34.21090872067333 0.33971181068605893
34.31781781042544 0.23741255397605698
34.42472690017754 0.13240236132742594
34.53163598992965 0.0258803096230154
34.63854507968175 -0.08093726083254534
34.74545416943385 -0.186830635303138
34.85236325918596 -0.29059065214290003
34.959272348938065 -0.3910325098157069
35.066181438690165 -0.487009295754595
35.173090528442266 -0.5774250825794937
35.279999618194374 -0.6612474421318351
35.386908707946475 -0.7375192344324198
35.49381779769858 -0.8053695369483548
35.60072688745069 -0.8640235893712293
35.707635977202784 -0.9128116403505009
35.81454506695489 -0.9511765951641021
35.921454156707 -0.978680376999968
36.02836324645911 -0.9950089292112255
36.13527233621121 -0.9999758014258364
36.24218142596331 -0.9935242785621281
36.34909051571542 -0.97572802843967
36.45599960546752 -0.9467902605906561
36.562908695219626 -0.907041405877023
36.669817784971734 -0.8569353434090307
36.77672687472383 -0.7970442178488512
36.883635964475936 -0.7280519062786505
36.99054505422804 -0.6507462092329608
37.097454143980144 -0.5660098550632279
37.20436323373225 -0.4748104203528208
37.31127232348435 -0.37818928147801795
37.418181413236454 -0.2772497234733279
37.52509050298856 -0.17314434198224316
37.63199959274067 -0.06706188214635239
37.73890868249277 0.039786335284816066
37.84581777224487 0.14618024562740026
37.95272686199698 0.25090497178089455
38.05963595174908 0.35276469651052356
38.16654504150119 0.45059631709134146
38.273454131253295 0.5432827263959975
38.38036322100539 0.6297655687739514
38.4872723107575 0.709057325066903
38.594181400509605 0.780252588765487
38.701090490261706 0.8425384045487241
38.807999580013814 0.8952035511536938
38.914908669765914 0.9376466625773959
39.021817759518015 0.9693830948775533
39.12872684927012 0.9900504601625167
39.23563593902223 0.9994127645795177
39.34254502877433 0.9973631030509291
39.44945411852643 0.9839248799882158
39.55636320827854 0.9592515420446466
39.66327229803064 0.9236248259583926
39.77018138778275 0.8774515414932814
39.87709047753486 0.8212589262117986
39.98399956728695 0.7556886251226159
40.09090865703906 0.6814893639470515
40.197817746791166 0.5995083996661464
40.304726836543274 0.5106818459715785
40.411635926295375 0.41602398409104374
40.518545016047476 0.3166156810441982
40.62545410579958 0.2135920475773576
40.732363195551684 0.10812947670687693
40.83927228530379 0.001432210873887423
40.9461813750559 -0.10528140890443775
41.053090464808 -0.21079285487059074
41.1599995545601 -0.3138973264947974
41.26690864431221 -0.41341750769634716
41.37381773406431 -0.5082170102290263
41.48072682381642 -0.597213349725123
41.587635913568526 -0.6793903062286657
41.69454500332062 -0.7538095280771815
41.80145409307273 -0.8196212466310132
41.908363182824836 -0.8760739795021171
42.01527227257694 -0.9225231114845485
42.122181362329044 -0.9584382552036748
42.229090452081145 -0.9834093074352983
42.335999541833246 -0.9971511319396295
42.442908631585354 -0.9995068153383005
42.54981772133746 -0.9904494588566729
42.65672681108956 -0.9700824854721091
42.76363590084166 -0.9386384589609753
42.87054499059377 -0.8964764283292997
42.97745408034587 -0.84407782795017
43.08436317009798 -0.7820409802228079
43.19127225985009 -0.7110742635257281
43.29818134960218 -0.6319880234768087
43.40509043935429 -0.5456853198629252
43.5119995291064 -0.4531516148970588
43.6189086188585 -0.3554435205490802
43.725817708610606 -0.25367673344085884
43.83272679836271 -0.1490132950732086
43.93963588811481 -0.04264832285579729
44.046544977866915 0.06420363654581182
44.15345406761902 0.17032247571941173
44.26036315737113 0.27449645851177834
44.367272247123225 0.37553605644559995
44.47418133687533 0.4722875315543267
44.58109042662744 0.5636461105368044
44.68799951637954 0.6485685998006142
44.79490860613165 0.7260852973469131
44.90181769588375 0.7953110654788704
45.00872678563585 0.8554554378982032
45.11563587538796 0.905831645780067
45.22254496514007 0.945864459760584
45.32945405489217 0.9750967582919366
45.43636314464427 0.9931947473631104
45.543272234396376 0.9999517719840115
45.65018132414848 0.9952906759108927
45.757090413900585 0.9792646826681474
45.86399950365269 0.9520567878063753
45.970908593404786 0.9139776693363281
46.077817683156894 0.865462140198774
46.184726772909 0.8070641832784398
46.2916358626611 0.7394506256554778
46.39854495241321 0.6633935243261474
46.50545404216531 0.5797613503377098
46.61236313191741 0.4895090720028904
46.71927222166952 0.39366725043053746
46.82618131142163 0.29333027188698313
46.93309040117373 0.18964385135887868
47.03999949092583 0.08379195001023629
47.14690858067794 -0.023016744081032988
47.25381767043004 -0.1295626175350767
47.360726760182146 -0.2346290580345626
47.467635849934254 -0.3370163464208945
47.57454493968635 -0.43555535589306493
47.681454029438456 -0.5291209018824583
47.788363119190564 -0.6166445901656185
47.895272208942664 -0.6971270165068542
48.00218129869477 -0.7696491785268027
48.10909038844687 -0.8333829694885744
48.215999478198974 -0.8876006341764954
48.32290856795108 -0.9316830788937529
48.42981765770319 -0.9651269406898776
48.5367267474553 -0.9875503350968767
48.64363583720739 -0.9986972167424808
48.7505449269595 -0.9984403030481148
48.85745401671161 -0.9867825276268292
48.96436310646371 -0.9638570067853452
49.071272196215816 -0.9299255195126825
49.17818128596791 -0.8853755183119212
49.28509037572002 -0.8307157050073581
49.391999465472125 -0.7665702220455748
49.49890855522423 -0.6936715256179138
49.605817644976334 -0.612852021983931
49.712726734728435 -0.5250345624978352
49.81963582448054 -0.4312219058721376
49.92654491423264 -0.3324852680054471
50.03345400398475 -0.22995209012008735
50.14036309373686 -0.12479316488130883
50.24727218348895 -0.01820926750056165
50.35418127324106 0.08858255552211194
50.46109036299317 0.19436288345204775
50.56799945274527 0.29792384548466944
50.67490854249738 0.3980829130253054
50.78181763224948 0.49369640259457787
50.88872672200158 0.5836725351742793
50.99563581175369 0.6669839028731946
51.102544901505794 0.7426792005601887
51.209453991257895 0.8098940885049067
51.316363081009996 0.8678610619891367
51.423272170762104 0.9159182151909669
51.530181260514205 0.9535167992698536
51.63709035026631 0.9802274883493294
51.74399944001842 0.9957452818480889
51.850908529770514 0.9998929871814115
51.95781761952262 0.9926232430650586
52.06472670927473 0.9740190603182111
52.17163579902683 0.9442928739902094
52.27854488877894 0.9037841176345226
52.38545397853104 0.8529553474285565
52.49236306828314 0.7923869603966459
52.59927215803525 0.7227705670471614
52.706181247787356 0.6449010940993916
52.813090337539464 0.5596677074765426
52.91999942729156 0.4680436592122612
53.026908517043665 0.3710751742054307
53.13381760679577 0.2698695037219189
53.240726696547874 0.1655822820561821
53.34763578629998 0.059404330722988966
