0.0 0.0
0.11405498415624014 0.11380786348556297
0.2281099683124803 0.22613685709840245
0.3421649524687205 0.33552732805707025
0.4562199366249606 0.44055780804725836
0.5702749207812007 0.5398634844117564
0.684329904937441 0.6321539351316632
0.798384889093681 0.7162298971426379
0.9124398732499212 0.7909988500912514
1.0264948574061612 0.8554892130291907
1.1405498415624014 0.9088629695671752
1.2546048257186415 0.950426557431732
1.368659809874882 0.9796398809211001
1.4827147940311218 0.9961233291484092
1.596769778187362 0.9996627088739711
1.7108247623436021 0.9902120278272701
1.8248797464998423 0.9678940923509315
1.9389347306560825 0.932998911600619
2.0529897148123224 0.8859799290373942
2.1670446989685628 0.8274481301821972
2.2810996831248027 0.7581641031989056
2.395154667281043 0.6790281554742713
2.509209651437283 0.591068614624288
2.6232646355935234 0.4954284659488954
2.737319619749764 0.3933504999738715
2.8513746039060033 0.28616116307933476
2.9654295880622437 0.1752533210669568
3.079484572218484 0.06206815964374973
3.193539556374724 -0.05192354298444293
3.3075945405309644 -0.165240528057513
3.4216495246872043 -0.27641030439462233
3.5357045088434442 -0.3839882825979288
3.6497594929996846 -0.48657654668815986
3.763814477155925 -0.582842019245078
3.877869461312165 -0.6715337840069432
3.991924445468405 -0.7514993408314292
4.105979429624645 -0.8216995817938164
4.220034413780885 -0.8812222938163997
4.3340893979371256 -0.9292940123699536
4.448144382093366 -0.9652900722149982
4.562199366249605 -0.9887427245790741
4.676254350405846 -0.9993472152918242
4.790309334562086 -0.9969657448958968
4.904364318718326 -0.9816292592742342
5.018419302874566 -0.9535370475255388
5.132474287030806 -0.9130541523133047
5.246529271187047 -0.860706626339484
5.360584255343286 -0.7971746965822785
5.474639239499528 -0.7232839251249763
5.588694223655767 -0.6399944814359606
5.702749207812007 -0.5483886655006195
5.816804191968248 -0.4496568439351406
5.930859176124487 -0.34508198183456024
6.044914160280728 -0.2360229713550791
6.158969144436968 -0.12389697366647615
6.273024128593208 -0.010161003731095061
6.387079112749448 0.10370700279503138
6.501134096905688 0.2162273945138253
6.615189081061929 0.32593803153192963
6.729244065218168 0.4314132851552072
6.843299049374409 0.5312825631405224
6.957354033530649 0.6242481197794518
7.0714090176868885 0.7091019193818096
7.18546400184313 0.7847413340273928
7.299518985999369 0.8501834716023866
7.413573970155609 0.9045779479355918
7.52762895431185 0.9472179370676413
7.6416839384680895 0.9775493560611221
7.75573892262433 0.9951780650001048
7.869793906780569 0.9998749886190806
7.98384889093681 0.9915790930086007
8.097903875093051 0.9703981787169734
8.21195885924929 0.9366074799421127
8.32601384340553 0.8906460880162498
8.44006882756177 0.8331112456583493
8.55412381171801 0.7647505861372297
8.668178795874251 0.6864524181931577
8.782233780030491 0.5992341829599496
8.896288764186732 0.5042292328834567
9.01034374834297 0.40267210443703744
9.12439873249921 0.29588247600687295
9.238453716655451 0.18524801940550822
9.352508700811692 0.07220636784862748
9.466563684967932 -0.04177356528880215
9.580618669124172 -0.15521067418465648
9.694673653280411 -0.2666309067158464
9.808728637436651 -0.3745864189456237
9.922783621592894 -0.4776743890500701
10.036838605749132 -0.574555246207284
10.150893589905372 -0.6639700775749987
10.264948574061613 -0.7447569871625975
10.379003558217851 -0.8158661940231353
10.493058542374094 -0.8763736735727372
10.607113526530334 -0.9254931647760041
10.721168510686573 -0.9625863871707678
10.835223494842813 -0.9871713349676069
10.949278478999055 -0.9989285404469301
11.063333463155294 -0.997705225264269
11.177388447311534 -0.9835172857198711
11.291443431467775 -0.9565490861951211
11.405498415624013 -0.9171510634399708
11.519553399780255 -0.8658351728423236
11.633608383936496 -0.8032682358525859
11.747663368092734 -0.7302632750098768
11.861718352248975 -0.64776894916643
11.975773336405215 -0.5568572261935704
12.089828320561455 -0.4587094533555754
12.203883304717696 -0.3546010063591811
12.317938288873936 -0.24588471655578648
12.431993273030175 -0.13397329165064695
12.546048257186415 -0.020320958352151378
12.660103241342657 0.09359543449523362
12.774158225498896 0.20629560674009914
12.888213209655136 0.3163150823411721
13.002268193811377 0.4222242194187409
13.116323177967615 0.5226467876555551
13.230378162123857 0.6162778516441831
13.344433146280098 0.7019007277966594
13.458488130436336 0.7784027944708609
13.572543114592577 0.8447899498697742
13.686598098748817 0.9001995298413049
13.800653082905058 0.9439115177190254
13.914708067061298 0.9753579005381949
14.028763051217538 0.994130050048242
14.142818035373777 0.9999840326095532
14.256873019530017 0.9928437789754153
14.37092800368626 0.9728020727695579
14.484982987842498 0.9401193448145811
14.599037971998738 0.8952202889782955
14.713092956154977 0.8386883435131779
14.827147940311217 0.7712581096008526
14.94120292446746 0.693805805618411
15.0552579086237 0.607337881168059
15.169312892779939 0.5129779388244361
15.283367876936179 0.4119521335442362
15.397422861092418 0.3055732394646861
15.51147784524866 0.1952235911339365
15.6255328294049 0.08233712084264369
15.739587813561139 -0.03161927452844139
15.853642797717379 -0.14516479501737725
15.96769778187362 -0.25682397975273386
16.08175276602986 -0.3651458797468014
16.195807750186102 -0.4687229121704891
16.30986273434234 -0.5662091511091342
16.42391771849858 -0.6563378171210058
16.53797270265482 -0.7379377383314034
16.65202768681106 -0.8099485691596372
16.7660826709673 -0.8714345689199575
16.88013765512354 -0.921596761251198
16.99419263927978 -0.9597833163701044
17.10824762343602 -0.9854980212367436
17.222302607592262 -0.9984067275669062
17.336357591748502 -0.998341693903167
17.450412575904743 -0.985303765321807
17.564467560060983 -0.9594623624515171
17.67852254421722 -0.9211532799465811
17.792577528373464 -0.8708743230221456
17.906632512529704 -0.8092788387523993
18.02068749668594 -0.7371672261888015
18.13474248084218 -0.6554765356196817
18.24879746499842 -0.5652682921230517
18.362852449154662 -0.4677147016387535
18.476907433310902 -0.3640834188043905
18.590962417467143 -0.25572107448853076
18.705017401623383 -0.14403577707172344
18.819072385779624 -0.030478814861448527
18.933127369935864 0.0834742025920621
19.0471823540921 0.19634251922101964
19.161237338248345 0.3066594740414265
19.275292322404585 0.4129915595966
19.389347306560822 0.5139570495891186
19.503402290717066 0.6082439536453769
19.617457274873303 0.694627065900578
19.731512259029543 0.7719838858673848
19.845567243185787 0.8393092047052569
19.959622227342024 0.8957281673501228
20.073677211498264 0.9405076407692574
20.187732195654505 0.9730657406171681
20.301787179810745 0.992979392498962
20.415842163966985 0.9999898295867423
20.529897148123226 0.99400595515058
20.643952132279466 0.9751055263098406
20.758007116435703 0.9435341436226773
20.872062100591947 0.899702059643403
20.986117084748187 0.8441788479187902
21.100172068904424 0.7776860016966836
21.214227053060668 0.7010875585226193
21.328282037216905 0.6153788725526226
21.442337021373145 0.5216736804796502
21.55639200552939 0.42118962914488023
21.670446989685626 0.315232452894412
21.784501973841866 0.2051790062878116
21.89855695799811 0.09245937263910685
22.012611942154347 -0.021461719120297252
22.126666926310588 -0.13510392777926
22.240721910466828 -0.2469905360573694
22.35477689462307 -0.3556676397244955
22.46883187877931 -0.4597230402774255
22.58288686293555 -0.5578045956737826
22.69694184709179 -0.6486377906656469
22.810996831248026 -0.731042298416165
22.92505181540427 -0.8039473181901707
23.03910679956051 -0.8664054898140097
23.153161783716747 -0.917605204093986
23.26721676787299 -0.9568811492263172
23.381271752029228 -0.9837229561538872
23.49532673618547 -0.9977818305282341
23.609381720341712 -0.9988750850980556
23.72343670449795 -0.9869885136284137
23.83749168865419 -0.9622765755028518
23.95154667281043 -0.9250603886096357
24.06560165696667 -0.8758235565934379
24.17965664112291 -0.8152058846950128
24.29371162527915 -0.7439950658380271
24.40776660943539 -0.6631164449977244
24.52182159359163 -0.5736209948577597
24.635876577747872 -0.47667165900483566
24.749931561904113 -0.37352824012378694
24.86398654606035 -0.2655310295625158
24.978041530216593 -0.1540833909915505
25.09209651437283 -0.04063352447389686
25.20615149852907 0.07334435208917021
25.320206482685315 0.18636915959956624
25.43426146684155 0.2969722035613271
25.548316450997792 0.40371625894855523
25.662371435154032 0.5052142461450436
25.776426419310273 0.6001472552722495
25.890481403466513 0.6872816846894302
26.004536387622753 0.7654852709606907
26.118591371778994 0.8337418019884358
26.23264635593523 0.8911643221242402
26.346701340091474 0.9370066576640794
26.460756324247715 0.9706731129604876
26.57481130840395 0.9917262111561174
26.688866292560196 0.9998923789521184
26.802921276716432 0.99506550154096
26.916976260872673 0.9773083015093256
27.031031245028917 0.9468515237929892
27.145086229185154 0.9040909372747491
27.259141213341394 0.8495821919879567
27.373196197497634 0.7840335987534629
27.487251181653875 0.7082969250745402
27.601306165810115 0.6233563268920325
27.715361149966355 0.530315560025406
27.829416134122596 0.43038363747991426
27.943471118278833 0.3248591189951924
28.057526102435077 0.21511323698383514
28.171581086591317 0.10257207812906892
28.285636070747554 -0.011301947818370206
28.399691054903798 -0.12502911124138458
28.513746039060035 -0.2371315909196546
28.627801023216275 -0.3461526774943088
28.74185600737252 -0.4506757025956141
28.855910991528756 -0.5493424476603259
28.969965975684996 -0.6408707932263445
29.084020959841233 -0.7240713793618264
29.198075943997477 -0.797863060735865
29.312130928153717 -0.8612869555005784
29.426185912309954 -0.9135189054273036
29.540240896466198 -0.953880185384279
29.654295880622435 -0.9818463229921326
29.76835086477868 -0.9970539138506972
29.88240584893492 -0.9993053437770079
29.996460833091156 -0.9885713566916826
30.1105158172474 -0.9649914347853922
30.224570801403637 -0.9288719860253957
30.338625785559877 -0.880682362554456
30.45268076971612 -0.8210487617208607
30.566735753872358 -0.7507460889922509
30.6807907380286 -0.6706878884901433
30.794845722184835 -0.5819144719923139
30.90890070634108 -0.4855794006599656
31.02295569049732 -0.38293449515221395
31.137010674653556 -0.2753135689130069
31.2510656588098 -0.16411509600744098
31.365120642966037 -0.0507840387293152
31.479175627122277 0.06320692888006757
31.59323061127852 0.17637655761175872
31.707285595434758 0.2872542710985899
31.821340579591002 0.3943992751369921
31.93539556374724 0.496419280006081
32.04945054790348 0.5919885924980784
32.16350553205972 0.6798653425639934
32.27756051621596 0.7589076207240651
32.391615500372204 0.8280883165461956
32.50567048452844 0.88650846537457
32.61972546868468 0.9334089298753084
32.733780452840925 0.9681802646037567
32.84783543699716 0.9903706354090048
32.9618904211534 0.9996916907673286
33.07594540530964 0.9960223087498081
33.19000038946588 0.9794101709344208
33.30405537362212 0.9500711428104599
33.41811035777836 0.9083864687265902
33.5321653419346 0.8548978178326309
33.64622032609084 0.7903002453902924
33.76027531024708 0.7154331609167228
33.87433029440332 0.6312694205248098
33.98838527855956 0.5389026851992103
34.1024402627158 0.43953320928027706
34.21649524687204 0.3344522438266288
34.33055023102828 0.22502525752598765
34.444605215184524 0.11267419318921638
34.558660199340764 -0.0011410096054576611
34.672715183497004 -0.11494138561507204
34.786770167653245 -0.22724816226248779
34.900825151809485 -0.33660197546336273
35.014880135965726 -0.4415818332505581
35.128935120121966 -0.5408235807742293
35.242990104278206 -0.6330376267351968
35.35704508843444 -0.7170257009064523
35.47110007259069 -0.7916964249881651
35.58515505674693 -0.8560794944614861
35.69921004090316 -0.9093382871560202
35.81326502505941 -0.9507807346894929
35.92732000921564 -0.9798683155113427
36.04137499337188 -0.9962230526907175
36.15542997752813 -0.9996324255163906
36.26948496168436 -0.9900521310851856
36.3835399458406 -0.9676066599935529
36.49759492999684 -0.9325876786515268
36.611649914153084 -0.8854502392399858
36.725704898309324 -0.8268068665607144
36.83975988246557 -0.7574195986173589
36.953814866621805 -0.6781900843555264
37.067869850778045 -0.5901478672362948
37.181924834934286 -0.49443700689173353
37.295979819090526 -0.39230121270642304
37.410034803246766 -0.28506768250590286
37.524089787403 -0.17412985635927894
37.63814477155925 -0.060929309600685565
37.75219975571549 0.05306297964013911
37.86625473987173 0.16636574498038817
37.98030972402797 0.27750668001674167
38.0943647081842 0.38504157012800894
38.20841969234044 0.48757305924071576
38.32247467649669 0.583768807693872
38.43652966065293 0.6723788052516657
38.55058464480917 0.7522516142911049
38.6646396289654 0.8223493320933353
38.778694613121644 0.8817610778120911
38.89274959727789 0.929714828863531
39.00680458143413 0.9655874529302316
39.12085956559037 0.9889128052190073
39.234914549746605 0.9993877857531596
39.348969533902846 0.9968762779880603
39.463024518059086 0.9814109175699209
39.577079502215334 0.9531926682537272
39.691134486371574 0.9125882104910491
39.80518947052781 0.8601251766215569
39.91924445468405 0.7964852945842902
40.03329943884029 0.7224955292423657
40.14735442299653 0.6391173364346229
40.261409407152776 0.5474341693918701
40.37546439130901 0.4486373998649233
40.48951937546525 0.34401083691142575
40.60357435962149 0.23491404451140807
40.71762934377773 0.12276467478968697
40.83168432793397 0.00902004641517341
40.945739312090204 -0.10484179244449134
41.05979429624645 -0.21734127053664587
41.17384928040269 -0.3270165197288556
41.28790426455893 -0.4324423711721018
41.40195924871517 -0.5322488745770935
41.516014232871406 -0.6251390999561512
41.630069217027646 -0.7099059905069155
41.744124201183894 -0.785448047643956
41.858179185340134 -0.8507836443601131
41.972234169496375 -0.9050637809233811
42.08628915365261 -0.9475831171560913
42.20034413780885 -0.977789137938143
42.31439912196509 -0.9952893328335991
42.428454106121336 -0.9998562965454523
42.542509090277576 -0.9914306839209469
42.65656407443381 -0.9701219811088276
42.77061905859005 -0.9362070828477377
42.88467404274629 -0.8901266943731395
42.99872902690253 -0.8324796046979483
43.11278401105878 -0.7640149056824213
43.22683899521501 -0.6856222580021896
43.34089397937125 -0.5983203305026662
43.45494896352749 -0.5032435631641486
43.56900394768373 -0.40162742568536053
43.68305893183998 -0.29479236324202723
43.79711391599622 -0.1841266380364309
43.911168900152454 -0.07106828960237303
44.025223884308694 0.04291355171856312
44.139278868464935 0.15633775530846325
44.253333852621175 0.2677304367415114
44.36738883677742 0.3756441100921558
44.481443820933656 0.47867649720941724
44.595498805089896 0.575488749541415
44.70955378924614 0.6648228457274091
44.82360877340238 0.7455179388855563
44.93766375755862 0.8165254411723342
45.05171874171485 0.8769226495982172
45.1657737258711 0.9259247360397269
45.27982871002734 0.9628949456442489
45.39388369418358 0.9873528711051391
45.50793867833982 0.9989806952873979
45.62199366249605 0.9976273210845356
45.73604864665229 0.983310334841413
45.85010363080854 0.9562157778294714
45.96415861496478 0.9166957287439166
46.07821359912102 0.865263728636931
46.192268583277254 0.8025881077374032
46.306323567433495 0.7294833008713892
46.420378551589735 0.6468992643346552
46.53443353574598 0.5559091317390706
46.64848851990222 0.45769526923835113
46.762543504058456 0.35353391133763423
46.8765984882147 0.24477857693607238
46.99065347237094 0.13284248110175756
47.10470845652718 0.019180171128081885
47.218763440683425 -0.0947313744991513
47.33281842483966 -0.2074119386154465
47.4468734089959 -0.3173972999762689
47.56092839315214 -0.42325825999747535
47.67498337730838 -0.5236192143958626
47.78903836146463 -0.6171760284015538
47.90309334562086 -0.7027129832637926
48.0171483297771 -0.7791185738398398
48.13120331393334 -0.8453999519858979
48.24525829808958 -0.9006958280664291
48.35931328224582 -0.9442876629338138
48.473368266402055 -0.9756090049448359
48.5874232505583 -0.9942528506846681
48.70147823471454 -0.9999769337498083
48.81553321887078 -0.9927068728652327
48.92958820302702 -0.9725371384276765
49.04364318718326 -0.9397298249153878
49.1576981713395 -0.8947112451161824
49.271753155495745 -0.8380663904299385
49.385808139651985 -0.7705313292308043
49.499863123808225 -0.6929836420681434
49.61391810796446 -0.6064310179955288
49.7279730921207 -0.5119981602120599
49.84202807627694 -0.41091217117001566
49.95608306043319 -0.3044866070611168
50.07013804458943 -0.19410440888460034
50.18419302874566 -0.08119993189825589
50.2982480129019 0.03275969303019502
50.41230299705814 0.1462936239724991
50.52635798121438 0.2579265506569391
50.64041296537063 0.36620786530457394
50.75446794952686 0.4697305124702951
50.8685229336831 0.5671492729456326
50.98257791783934 0.6571982441339341
51.096632901995584 0.738707289750399
51.210687886151824 0.8106172450921248
51.324742870308064 0.8719936802941904
51.438797854464305 0.9220390427259114
51.552852838620545 0.9601030207435831
51.666907822776786 0.9856909941285114
51.780962806933026 0.9984704614015886
51.89501779108926 0.998275360495039
52.00907277524551 0.9851082266366039
52.12312775940175 0.959140159405672
52.23718274355799 0.9207085993894265
52.35123772771423 0.8703129433301409
52.46529271187046 0.8086080547423397
52.5793476960267 0.736395754325723
52.69340268018295 0.6546144007512589
52.80745766433919 0.564326697212284
52.92151264849543 0.46670588218768083
53.03556763265166 0.3630204838605626
53.1496226168079 0.25461783630020746
53.263677600964144 0.1429065716054116
53.37773258512039 0.029338315513979366
53.49178756927663 -0.08461117566614061
53.605842553432865 -0.19746119168912404
53.719897537589105 -0.30774530937717065
53.833952521745346 -0.41403044797386823
53.948007505901586 -0.5149354912314028
54.06206249005783 -0.6091492342478592
54.17611747421407 -0.6954474218454466
54.29017245837031 -0.7727086570855172
54.40422744252655 -0.8399289731978741
54.51828242668279 -0.896234879570455
54.63233741083903 -0.9408947122738922
54.74639239499527 -0.9733281416272372
54.86044737915151 -0.9931137132593179
54.97450236330775 -0.999994324673829
55.08855734746399 -0.9938805661532415
55.20261233162023 -0.9748518825883413
55.31666731577646 -0.9431555411360728
55.43072229993271 -0.8992034181203815
55.54477728408895 -0.8435666469285416
55.65883226824519 -0.776968196450496
55.77288725240143 -0.7002734765003439
55.886942236557665 -0.6144790922972516
56.000997220713906 -0.5206998941350366
56.11505220487015 -0.42015449052283477
56.229107189026394 -0.3141494130454624
56.343162173182634 -0.2040621387122846
56.45721715733887 -0.09132319040982431
56.57127214149511 0.02260245194735747
56.68532712565135 0.136234388015616
56.799382109807595 0.2480960340011511
56.913437093963836 0.35673381004492394
0.0 0.0
0.07639122565153487 0.0763169489748545
0.15278245130306975 0.15218875782057895
0.22917367695460464 0.22717288281339262
0.3055649026061395 0.3008319578959469
0.38195612825767433 0.37273634573820846
0.4583473539092093 0.44246664371836053
0.5347385795607441 0.5096161302068813
0.611129805212279 0.57379313688516
0.6875210308638138 0.6346233332614287
0.7639122565153487 0.6917519100589324
0.8403034821668836 0.7448456487411043
0.9166947078184186 0.7935948651026601
0.9930859334699533 0.8377152155900686
1.0694771591214882 0.8769493558155229
1.1458683847730229 0.9110684415906628
1.222259610424558 0.9398734637248468
1.2986508360760929 0.9631964088023833
1.3750420617276276 0.9809012391681647
1.4514332873791627 0.9928846864056583
1.5278245130306973 0.9990768536790708
1.6042157386822322 0.9994416234263575
1.680606964333767 0.9939768680250886
1.7569981899853022 0.9827144622024072
1.833389415636837 0.965720097116694
1.9097806412883718 0.943092897195358
1.9861718669399067 0.9149648419636572
2.0625630925914415 0.8814999962368942
2.1389543182429764 0.8428935531661084
2.2153455438945113 0.7993706957189712
2.2917367695460458 0.7511852832366173
2.368127995197581 0.6986183707274375
2.444519220849116 0.6419765695344782
2.520910446500651 0.5815902589383036
2.5973016721521858 0.5178116591266644
2.67369289780372 0.4510127767709128
2.750084123455255 0.3815832351921715
2.82647534910679 0.30992800177342666
2.9028665747583253 0.23646502587304868
2.97925780040986 0.16162280101728438
3.0556490260613947 0.08583786559091192
3.13204025171293 0.009552256603990743
3.2084314773644644 -0.06678906861366597
3.2848227030159993 -0.14274082775161837
3.361213928667534 -0.21786001075345687
3.437605154319069 -0.2917084637979038
3.5139963799706044 -0.36385544495455197
3.590387605622139 -0.4338801366076565
3.666778831273674 -0.5013740999935701
3.7431700569252087 -0.5659436575350206
3.8195612825767435 -0.6272121890766182
3.8959525082282784 -0.6848223286281285
3.9723437338798133 -0.7384380488024032
4.048734959531348 -0.7877466207898871
4.125126185182883 -0.8324604384376018
4.201517410834418 -0.8723186957931476
4.277908636485953 -0.907088908328979
4.354299862137488 -0.9365682689739804
4.430691087789023 -0.9605848310429073
4.5070823134405575 -0.9789985111639238
4.5834735390920915 -0.9917019063543775
4.659864764743627 -0.9986209204789878
4.736255990395162 -0.9997151964364518
4.812647216046697 -0.9949783515536209
4.889038441698232 -0.9844380148142418
4.965429667349766 -0.9681556657051161
5.041820893001302 -0.9462262756196539
5.118212118652836 -0.9187777539104377
5.1946033443043715 -0.8859702018218452
5.270994569955906 -0.8479949786543909
5.34738579560744 -0.8050735856076325
5.423777021258976 -0.7574563738119521
5.50016824691051 -0.7054210840849849
5.576559472562046 -0.6492712269299591
5.65295069821358 -0.589334312225094
5.729341923865115 -0.5259599389298556
5.805733149516651 -0.459517755950432
5.882124375168185 -0.3903953060582338
5.95851560081972 -0.3189957654373705
6.034906826471254 -0.24573559204585768
6.111298052122789 -0.17104209650710797
6.187689277774324 -0.09535094970021157
6.26408050342586 -0.019103641586653446
6.340471729077395 0.057255093904399444
6.416862954728929 0.13327987291217597
6.493254180380464 0.20852725947128367
6.569645406031999 0.2825583519770381
6.646036631683534 0.3549413432028631
6.722427857335068 0.42525403893772046
6.798819082986603 0.49308632055292906
6.875210308638138 0.5580425371347266
6.951601534289672 0.6197438132298164
7.027992759941209 0.6778302587433088
7.104383985592743 0.7319630680991921
7.180775211244278 0.7818264964194234
7.257166436895813 0.8271297011949726
7.333557662547348 0.8676084387067885
7.409948888198882 0.903026605301814
7.486340113850417 0.9331776145341372
7.562731339501952 0.9578856021386976
7.639122565153487 0.977006451809215
7.715513790805023 0.9904286357971914
7.791905016456557 0.9980738654289586
7.868296242108092 0.9998975477464491
7.944687467759627 0.9958890456081992
8.02107869341116 0.9860717397334782
8.097469919062696 0.9705028923276471
8.173861144714232 0.949273313084198
8.250252370365766 0.9225068295116047
8.3266435960173 0.890359564674453
8.403034821668836 0.8530190265616362
8.479426047320372 0.8107030143931262
8.555817272971906 0.7636583482445953
8.63220849862344 0.7121594293997096
8.708599724274976 0.6565066398272515
8.78499094992651 0.5970245901185738
8.861382175578045 0.5340602261047622
8.93777340122958 0.467980805197236
9.014164626881115 0.3991717542553037
9.090555852532649 0.3280344214753135
9.166947078184183 0.2549837354140917
9.24333830383572 0.18044578480111284
9.319729529487255 0.10485533325582415
9.396120755138789 0.028653283406194833
9.472511980790324 -0.04771589480020057
9.548903206441858 -0.12380675659250491
9.625294432093394 -0.19917548055884893
9.701685657744928 -0.27338245735989614
9.778076883396464 -0.3459948538743148
9.854468109047998 -0.4165891378200192
9.930859334699532 -0.4847535481256693
10.007250560351068 -0.5500904966432454
10.083641786002604 -0.6122188871930537
10.160033011654138 -0.6707763384146813
10.236424237305672 -0.7254212974584878
10.312815462957207 -0.775835032188929
10.389206688608743 -0.8217234902796294
10.465597914260277 -0.8628190143565124
10.541989139911813 -0.8988819031849266
10.618380365563347 -0.9297018097946949
10.69477159121488 -0.9550989683881503
10.771162816866417 -0.9749252428748484
10.847554042517952 -0.9890649909170937
10.923945268169486 -0.9974357384464918
11.00033649382102 -0.999988660717214
11.076727719472556 -0.9967088670900968
11.153118945124092 -0.9876154878864943
11.229510170775626 -0.9727615628052855
11.30590139642716 -0.9522337315538685
11.382292622078696 -0.9261517284976328
11.45868384773023 -0.8946676842755057
11.535075073381766 -0.8579652384550893
11.611466299033301 -0.8162584684030946
11.687857524684835 -0.7697906406187199
11.76424875033637 -0.7188327918131824
11.840639975987905 -0.6636821480116584
11.91703120163944 -0.6046603908986657
11.993422427290975 -0.5421117815189109
12.069813652942509 -0.47640115227764723
12.146204878594045 -0.4079117789527781
12.222596104245579 -0.33704314513078915
12.298987329897114 -0.2642086121060493
12.375378555548648 -0.18983300783449142
12.451769781200184 -0.11435014900472833
12.52816100685172 -0.03820031067987591
12.604552232503252 0.03817234173092982
12.68094345815479 0.11432234319256702
12.757334683806322 0.18980552734435135
12.833725909457858 0.264181617225645
12.910117135109394 0.3370167933153723
12.986508360760928 0.40788622390674445
13.062899586412463 0.47637654305801014
13.139290812063997 0.5420882616658846
13.215682037715533 0.6046380975984281
13.292073263367069 0.6636612112961688
13.368464489018601 0.7188133338017367
13.444855714670137 0.7697727748056614
13.52124694032167 0.8162422989958156
13.597638165973207 0.8579508597662181
13.674029391624742 0.8946551801728004
13.750420617276276 0.9261411719147992
13.826811842927812 0.9522251840651532
13.903203068579344 0.9727550742663268
13.979594294230882 0.9876110961435268
14.055985519882418 0.9967065977591991
14.13237674553395 0.9999885270348987
14.208767971185486 0.9974377411924987
14.28515919683702 0.989069118409842
14.361550422488556 0.9749314710395725
14.437941648140091 0.9551072608973229
14.514332873791625 0.9297121182799173
14.590724099443161 0.8988941675190506
14.667115325094697 0.8628331630043511
14.743506550746229 0.8217394407152047
14.819897776397765 0.775852691376826
14.896289002049299 0.7254405623965137
14.972680227700835 0.670797096734649
15.04907145335237 0.6122410178162074
15.125462679003904 0.5501138704864865
15.20185390465544 0.4847780288544636
15.278245130306974 0.4166145826436115
15.35463635595851 0.34602111437859334
15.431027581610046 0.27340938037306495
15.507418807261578 0.19920290904484214
15.583810032913114 0.1238345305669404
15.660201258564648 0.04774385226353914
15.736592484216184 -0.028625305523743153
15.81298370986772 -0.10482749814315134
15.889374935519253 -0.18041825481436233
15.965766161170789 -0.254956671129674
16.04215738682232 -0.3280079807533006
16.11854861247386 -0.3991460913186691
16.194939838125393 -0.4679560697322906
16.271331063776927 -0.5340365623880832
16.347722289428464 -0.5970021361754642
16.424113515079995 -0.6564855266266633
16.500504740731532 -0.7121397800903437
16.57689596638307 -0.7636402774365917
16.6532871920346 -0.8106866274895645
16.729678417686138 -0.8530044191437564
16.806069643337672 -0.890346821944138
16.882460868989206 -0.9224960257944236
16.958852094640744 -0.9492645113958798
17.035243320292278 -0.9704961440065192
17.11163454594381 -0.9860670841410273
17.188025771595346 -0.9958865098994818
17.26441699724688 -0.9998971467117013
17.340808222898417 -0.9980756014073286
17.41719944854995 -0.9904324986630957
17.493590674201485 -0.9770124190313991
17.56998189985302 -0.9578936389116552
17.646373125504557 -0.9331876739811222
17.72276435115609 -0.903038628748266
17.799155576807625 -0.8676223560225647
17.87554680245916 -0.8271454312034043
17.951938028110693 -0.7818439473707998
18.02832925376223 -0.7319821382059151
18.104720479413764 -0.6778508367736041
18.181111705065298 -0.6197657791565206
18.257502930716836 -0.5580657628353722
18.333894156368366 -0.493110670557073
18.410285382019904 -0.42527937121709003
18.48667660767144 -0.3549675099997931
18.56306783332297 -0.2825852006663138
18.63945905897451 -0.208554633450345
18.715850284626043 -0.13330761251457296
18.792241510277577 -0.057283037331076626
18.868632735929115 0.01907565732361592
18.94502396158065 0.09532308782691605
19.021415187232183 0.17101451953578942
19.097806412883717 0.2457084608269791
19.17419763853525 0.31896923822141887
19.25058886418679 0.3903695375726795
19.326980089838322 0.459492896497233
19.403371315489856 0.5259361335087825
19.47976254114139 0.58931169968798
19.556153766792928 0.6492499391708081
19.632544992444462 0.7054012452706517
19.708936218095996 0.7574380996579182
19.785327443747533 0.8050569827030563
19.861718669399064 0.8479801438403928
19.9381098950506 0.8859572216266652
20.014501120702135 0.9187667040447232
20.09089234635367 0.9462172205348637
20.167283572005207 0.9681486582175868
20.24367479765674 0.9844330957971199
20.320066023308275 0.9949755496984614
20.396457248959813 0.999714528085865
20.472848474611343 0.9986223895313172
20.54923970026288 0.9917055042409608
20.625630925914415 0.9790042168990729
20.70202215156595 0.960592611346313
20.778413377217486 0.9365780784648277
20.85480460286902 0.907100689790647
20.931195828520554 0.8723323805069382
21.007587054172088 0.8324759465835625
21.083978279823626 0.7877638619123807
21.16036950547516 0.7384569223377221
21.236760731126694 0.684842724491055
21.313151956778228 0.6272339883025295
21.38954318242976 0.5659667329737834
21.4659344080813 0.5013983170511764
21.542325633732833 0.43390535403129143
21.618716859384367 0.36388151565647914
21.695108085035905 0.2917352357133989
21.771499310687435 0.21788732772777833
21.847890536338973 0.14276853045080226
21.92428176199051 0.06681699545390603
22.00067298764204 -0.009524268513860007
22.07706421329358 -0.08580997949932606
22.153455438945112 -0.16159517957773487
22.229846664596646 -0.2364378301953715
22.306237890248184 -0.3099013904840851
22.382629115899718 -0.38155736350901304
22.459020341551252 -0.4509877955978262
22.535411567202786 -0.5177877141733878
22.61180279285432 -0.5815674898705302
22.688194018505857 -0.6419551091592202
22.76458524415739 -0.6985983442183833
22.840976469808925 -0.7511668074040291
22.91736769546046 -0.7993538783283541
22.993758921111997 -0.8428784923096381
23.07015014676353 -0.8814867797612617
23.146541372415065 -0.9149535469576844
23.222932598066603 -0.9430835895403541
23.299323823718133 -0.9657128311021795
23.37571504936967 -0.9827092802094631
23.452106275021205 -0.9939738002791495
23.52849750067274 -0.9994406878209171
23.604888726324276 -0.9990780556713116
23.68127995197581 -0.9928880189846214
23.757671177627344 -0.9809066828956438
23.83406240327888 -0.9632039319263015
23.910453628930412 -0.9398830223644642
23.98684485458195 -0.9110799799925157
24.063236080233484 -0.8769628066786292
24.139627305885018 -0.837730500458476
24.216018531536555 -0.7936118948230606
24.29240975718809 -0.7448643239828527
24.368800982839623 -0.6917721218934143
24.445192208491157 -0.634644963797419
24.521583434142695 -0.5738160599564539
24.59797465979423 -0.5096402121082034
24.674365885445766 -0.44249174398522606
24.750757111097297 -0.3727623179662383
24.82714833674883 -0.3008586505947927
24.90353956240037 -0.22720014029035657
24.979930788051902 -0.1522164210887425
25.05632201370344 -0.07634485668040049
25.13271323935497 -2.7989363371883926e-05
25.209104465006504 0.07628904120951617
25.285495690658042 0.15216109443319006
25.36188691630958 0.2271456251584622
25.438278141961113 0.30080526496143156
25.514669367612644 0.37271037321817385
25.59106059326418 0.44244154310486156
25.667451818915715 0.5095920479063224
25.743843044567253 0.5737702133643541
25.820234270218787 0.6346017022282734
25.896625495870317 0.6917316976825268
25.973016721521855 0.7448269729158395
26.04940794717339 0.7935778347605519
26.125799172824927 0.8376999300653925
26.202190398476464 0.8769359042654123
26.278581624127995 0.9110569024750746
26.35497284977953 0.9398639043489286
26.431364075431066 0.9631888849238924
26.5077553010826 0.9808957946722434
26.584146526734138 0.992881353048865
26.660537752385668 0.9990756509041486
26.736928978037202 0.9994425582488309
26.81332020368874 0.9939799349923415
26.889711429340274 0.9827196434254885
26.96610265499181 0.965727362374658
27.04249388064334 0.9431022041115404
27.11888510629488 0.9149761362528424
27.195276331946413 0.8815132120219561
27.27166755759795 0.8429086133622516
27.348058783249485 0.7993875124833562
27.424450008901015 0.7512037584807247
27.500841234552553 0.6986383966891916
27.577232460204087 0.641998029406811
27.653623685855624 0.5816130275504545
27.73001491150716 0.5178356036742842
27.80640613715869 0.4510377575906771
27.882797362810226 0.3816091065763977
27.959188588461764 0.3099546128199693
28.035579814113298 0.2364922213654772
28.111971039764835 0.16165042233021526
28.188362265416366 0.08586575161525375
28.2647534910679 0.009580244686639086
28.341144716719437 -0.0667611417211013
28.41753594237097 -0.1427131249406107
28.49392716802251 -0.2178326936084681
28.57031839367404 -0.2916816916538797
28.646709619325573 -0.3638293739675763
28.72310084497711 -0.433854918844118
28.79949207062865 -0.5013498825431859
28.875883296280183 -0.5659205816528979
28.952274521931713 -0.6271903893593447
29.02866574758325 -0.6848019322287091
29.105056973234785 -0.7384191746885874
29.181448198886322 -0.7877293790502693
29.257839424537856 -0.8324449296394887
29.334230650189394 -0.8723050103959803
29.410621875840924 -0.9070771261566929
29.487013101492458 -0.9365584587494201
29.563404327143996 -0.9605770499869755
29.63979555279553 -0.9789928046618228
29.716186778447067 -0.9916983076908908
29.792578004098598 -0.9986194506443343
29.868969229750135 -0.9997158640038573
29.94536045540167 -0.9949811526293101
30.021751681053207 -0.9844429330601502
30.09814290670474 -0.9681626724341876
30.17453413235627 -0.9462353299631667
30.25092535800781 -0.918788803056377
30.327316583659343 -0.8859831813229528
30.40370780931088 -0.848009812804064
30.480099034962414 -0.8050901878815105
30.55649026061395 -0.7574746473725913
30.632881486265482 -0.705440922346688
30.70927271191702 -0.6492925141804683
30.785663937568554 -0.5893569243005181
30.86205516322009 -0.5259837439388849
30.938446388871622 -0.45954261504364435
31.014837614523156 -0.39042107423795236
31.091228840174693 -0.31902229240341773
31.167620065826227 -0.2457627230722242
31.244011291477765 -0.17106967334442785
31.320402517129295 -0.09537881149881051
31.39679374278083 -0.01913162583473042
31.473184968432367 0.05722715043286838
31.549576194083905 0.13325213320537047
31.62596741973544 0.2084998853288629
31.70235864538697 0.2825315030664049
31.778749871038507 0.35491517612786705
31.85514109669004 0.425228706325205
31.931532322341578 0.4930619701625037
32.007923547993116 0.558019310996911
32.08431477364464 0.6197218468176021
32.16070599929618 0.6778096801819944
32.23709722494772 0.7319439974190471
32.31348845059925 0.7818090448555629
32.389879676250786 0.8271139705385648
32.46627090190232 0.8675945207113231
32.542662127553854 0.9030145811479261
32.61905335320539 0.9331675543560952
32.69544457885693 0.9578775646153295
32.77183580450846 0.9770004838216403
32.84822703015999 0.9904247721553798
32.92461825581153 0.9980721286686931
33.001009481463065 0.9998979479978727
33.0774007071146 0.9958915805367329
33.15379193276614 0.9860763945534349
33.23018315841767 0.9705096398884795
33.3065743840692 0.9492821140288537
33.38296560972074 0.9225176325060883
33.459356835372276 0.8903723067072549
33.53574806102381 0.853033633311257
33.612139286675344 0.8107194006615795
33.68853051232688 0.763676418454348
33.76492173797841 0.7121790781511664
33.841312963629946 0.6565277525135297
33.91770418928149 0.5970470435939689
33.994095414933014 0.5340838894030591
34.070486640584555 0.4680055402955601
34.14687786623609 0.3991974168792254
34.22326909188762 0.32806086194033934
34.29966031753916 0.2550107994987523
34.37605154319069 0.18047331464650482
34.452442768842225 0.10488316828635635
34.52883399449376 0.02868126126620118
34.6052252201453 -0.047687937299484694
34.681616445796834 -0.12377898252108217
34.75800767144836 -0.1991480519168155
34.8343988970999 -0.27335553413255825
34.910790122751436 -0.3459685930989806
34.98718134840297 -0.41656369267006915
35.06357257405451 -0.4847290670171231
35.13996379970604 -0.5500671223690593
35.21635502535757 -0.6121967560902809
35.29274625100911 -0.670755579569227
35.36913747666065 -0.7254020319521675
35.44552870231218 -0.7758173723932407
35.521919927963715 -0.8217075392003123
35.59831115361525 -0.8628048650327366
35.67470237926678 -0.8988696381466128
35.75109360491832 -0.9296915005811393
35.82748483056986 -0.9550906751307506
35.903876056221385 -0.9749190139463628
35.980267281872926 -0.9890608626495078
36.05665850752446 -0.9974337349190894
36.133049733175994 -0.9999887936161338
36.20944095882753 -0.9967111356401684
36.28583218447906 -0.9876198788557601
36.362223410130596 -0.9727680505821784
36.43861463578213 -0.9522422782966001
36.51500586143367 -0.9261622843549137
36.591397087085205 -0.8946801876773227
36.66778831273673 -0.8579796164718295
36.74417953838827 -0.8162746371709131
36.82057076403981 -0.769808505828721
36.89696198969134 -0.7188522492614899
36.97335321534288 -0.6637030842072136
37.04974444099441 -0.604682683725214
37.12613566664594 -0.5421353009472473
37.202526892297485 -0.47642576112406637
37.27891811794902 -0.4079373336792502
37.35530934360055 -0.3370694966821632
37.43170056925209 -0.26423560677947144
37.50809179490362 -0.18986048817591372
37.584483020555155 -0.11437795472731074
37.660874246206696 -0.03822827959889215
37.73726547185823 0.038144372752084675
37.81365669750976 0.11429453729083802
37.8900479231613 0.189778046705522
37.96643914881283 0.2641546221382813
38.042830374464366 0.336990441235935
38.1192216001159 0.40786066854117087
