0.0 0.0
0.06946120184456177 0.06940535857232127
0.13892240368912354 0.13847598072657166
0.20838360553368535 0.20687874445128934
0.27784480737824707 0.27428374876207834
0.34730600922280885 0.34036590478731304
0.4167672110673707 0.40480650364541293
0.4862284129119324 0.46729475355194194
0.5556896147564941 0.5275292787431911
0.625150816601056 0.585219572987056
0.6946120184456177 0.6400874006710435
0.7640732202901795 0.6918681387100771
0.8335344221347414 0.7403120528021837
0.902995623979303 0.7851855018767873
0.9724568258238648 0.8262720649266533
1.0419180276684266 0.8633735847888614
1.1113792295129883 0.896311123840739
1.1808404313575502 0.9249258270015103
1.250301633202112 0.9490796878774724
1.3197628350466737 0.968656214355646
1.3892240368912354 0.9835609904357915
1.4586852387357971 0.9937221315911255
1.528146440580359 0.9990906314615654
1.5976076424249208 0.9996405982074319
1.6670688442694828 0.9953693793836924
1.7365300461140443 0.986297574732489
1.805991247958606 0.9724689368322514
1.875452449803168 0.9539501600825582
1.9449136516477297 0.9308305590424546
2.0143748534922916 0.9032216376735736
2.083836055336853 0.8712565515655692
2.153297257181415 0.8350894657375003
2.2227584590259766 0.7948948111124429
2.2922196608705385 0.7508664432512859
2.3616808627151005 0.7032167074030786
2.431142064559662 0.6521754143811063
2.500603266404224 0.5979887322039669
2.5700644682487854 0.5409179988471753
2.6395256700933474 0.4812384618312898
2.7089868719379093 0.4192379507254355
2.778448073782471 0.35521548896862454
2.8479092756270328 0.28947985170394863
2.9173704774715943 0.22234807658109754
2.9868316793161562 0.1541439347094718
3.056292881160718 0.0851963691363715
3.1257540830052797 0.015837908381343628
3.1952152848498416 -0.05359693732191288
3.264676486694403 -0.12277328934128412
3.3341376885389655 -0.19135751573874105
3.403598890383527 -0.25901884035012557
3.4730600922280885 -0.3254309380917817
3.5425212940726505 -0.3902735087999776
3.611982495917212 -0.45323382201262913
3.6814436977617744 -0.5140082252429709
3.750904899606336 -0.5723036084708789
3.8203661014508974 -0.6278388177887428
3.8898273032954593 -0.6803460113839669
3.959288505140021 -0.7295719513183198
4.028749706984583 -0.7752792248739842
4.098210908829144 -0.8172473895758454
4.167672110673706 -0.8552740363676837
4.237133312518268 -0.8891757658146396
4.30659451436283 -0.9187890726238234
4.376055716207392 -0.9439711342170877
4.445516918051953 -0.9646004995527437
4.514978119896515 -0.9805776748740913
4.584439321741077 -0.9918256035597397
4.653900523585639 -0.9982900377614481
4.723361725430201 -0.9999398000370987
4.792822927274762 -0.9967669337169738
4.862284129119324 -0.9887867412781276
4.931745330963886 -0.9760377105417811
5.001206532808448 -0.9585813290496796
5.07066773465301 -0.9365017875146633
5.140128936497571 -0.909905573775685
5.209590138342133 -0.8789209592155934
5.279051340186695 -0.8436973801186544
5.348512542031257 -0.8044047169514639
5.417973743875819 -0.7612324750432302
5.48743494572038 -0.7143888706169331
5.556896147564942 -0.6640998265793575
5.626357349409504 -0.6106078829132319
5.6958185512540656 -0.5541710269265504
5.7652797530986275 -0.495061449000701
5.834740954943189 -0.43356422983832155
5.9042021567877505 -0.3699759655421781
5.9736633586323125 -0.3046033371562092
6.043124560476874 -0.237761631567709
6.112585762321436 -0.16977322090422908
6.182046964165997 -0.10096600775894136
6.251508166010559 -0.03167184374300884
6.320969367855121 0.03777507100782824
6.390430569699683 0.10703979965341873
6.459891771544245 0.17578828402242824
6.529352973388806 0.2436889557478183
6.598814175233368 0.31041433539420554
6.668275377077931 0.3756426118646271
6.737736578922492 0.43905919446937336
6.807197780767054 0.5003582301713891
6.876658982611615 0.5592440786906692
6.946120184456177 0.615432738353369
7.01558138630074 0.6686532158088511
7.085042588145301 0.7186488330086471
7.154503789989863 0.7651784651438831
7.223964991834424 0.8080177035706796
7.293426193678986 0.8469599381148545
7.362887395523549 0.8818173535360411
7.43234859736811 0.912421835345367
7.501809799212672 0.9386257806080098
7.571271001057233 0.9603028098201816
7.640732202901795 0.9773483764272342
7.710193404746358 0.9896802710432149
7.779654606590919 0.9972390179400716
7.849115808435481 0.9999881618942689
7.918577010280042 0.9979144440073737
7.988038212124604 0.9910278656526493
8.057499413969166 0.9793616402392422
8.126960615813728 0.9629720330266028
8.196421817658289 0.9419380897616991
8.265883019502851 0.9163612554477871
8.335344221347412 0.8863648850833862
8.404805423191975 0.8520936487311159
8.474266625036536 0.8137128337857182
8.543727826881097 0.7714075478063452
8.61318902872566 0.7253818257578097
8.682650230570221 0.6758576459664936
8.752111432414784 0.6230738595368658
8.821572634259345 0.5672850383919781
8.891033836103906 0.508760247493708
8.96049503794847 0.44778174716426256
9.02995623979303 0.384643631767531
9.099417441637593 0.31965041131579724
9.168878643482154 0.2531155428426484
9.238339845326715 0.18535991862510087
9.307801047171278 0.1167103185461658
9.377262249015839 0.047497834061969356
9.446723450860402 -0.02194372862551286
9.516184652704963 -0.09127945848869387
9.585645854549524 -0.1601749549231243
9.655107056394087 -0.2282979405344943
9.724568258238648 -0.2953198636855649
9.79402946008321 -0.360917483074093
9.863490661927772 -0.4247744266994145
9.932951863772333 -0.4865827176989692
10.002413065616896 -0.5460442596957372
10.071874267461457 -0.6028722744928963
10.14133546930602 -0.6567926851818274
10.21079667115058 -0.7075454379928164
10.280257872995142 -0.754885756513313
10.349719074839705 -0.7985853222247218
10.419180276684266 -0.8384333756641059
10.488641478528828 -0.8742377328999992
10.55810268037339 -0.9058257124199198
10.62756388221795 -0.9330449679593138
10.697025084062513 -0.9557642232552356
10.766486285907074 -0.9738739051811208
10.835947487751637 -0.9872866722090977
10.905408689596198 -0.9959378356510913
10.97486989144076 -0.999785671647125
11.044331093285322 -0.9988116223961135
11.113792295129883 -0.9930203856586336
11.183253496974446 -0.9824398921000049
11.252714698819007 -0.967121170582957
11.322175900663568 -0.9471381020595591
11.391637102508131 -0.9225870632493776
11.461098304352692 -0.8935864618223732
11.530559506197255 -0.8602761653283022
11.600020708041816 -0.8228168266268687
11.669481909886377 -0.7813891090719993
11.73894311173094 -0.7361928151871353
11.808404313575501 -0.6874459230338623
11.877865515420064 -0.6353835349213819
11.947326717264625 -0.580256743527142
12.016787919109186 -0.5223314208971999
12.086249120953749 -0.46188693616690035
12.15571032279831 -0.3992148081861876
12.225171524642873 -0.3346172995478133
12.294632726487434 -0.2684059587993669
12.364093928331995 -0.2009001178698753
12.433555130176558 -0.1324253519578
12.503016332021119 -0.06331190930825319
12.572477533865682 0.0061068815475292205
12.641938735710243 0.07549621940865854
12.711399937554804 0.14452144512365703
12.780861139399367 0.21284965562441105
12.850322341243928 0.28015130949067674
12.91978354308849 0.34610181630164777
12.989244744933051 0.41038310210922846
13.058705946777613 0.4726851434829126
13.128167148622175 0.5327074627276516
13.197628350466736 0.5901605770634155
13.2670895523113 0.6447673947771843
13.336550754155862 0.6962645516138072
13.406011956000421 0.7444036809604597
13.475473157844984 0.7889526116986911
13.544934359689545 0.8296964879468922
13.614395561534108 0.8664388052928095
13.683856763378671 0.8990023585183868
13.75331796522323 0.92723009624617
13.822779167067793 0.9509858783853735
13.892240368912354 0.9701551327244928
13.961701570756917 0.984645407503801
14.03116277260148 0.9943868173026864
14.100623974446039 0.999332380091373
14.170085176290602 0.9994582438214423
14.239546378135163 0.9947638014623268
14.309007579979726 0.9852716939289708
14.378468781824289 0.9710277008865331
14.447929983668848 0.9521005199587738
14.51739118551341 0.9285814354049794
14.586852387357972 0.9005838778633876
14.656313589202535 0.8682428772844066
14.725774791047098 0.8317144116921168
14.795235992891657 0.7911746549149034
14.86469719473622 0.7468191269133562
14.93415839658078 0.698861750803363
15.003619598425344 0.6475338211222504
15.073080800269906 0.5930828883139895
15.142542002114466 0.5357715648134694
15.212003203959028 0.47587625848800347
15.28146440580359 0.4136858395446095
15.350925607648152 0.3495002473324019
15.420386809492715 0.283629043759437
15.489848011337275 0.21638992030072235
15.559309213181837 0.14810716579797426
15.628770415026398 0.07911010244084475
15.698231616870961 0.009731497472676705
15.767692818715524 -0.0596940417189213
15.837154020560083 -0.128831681386384
15.906615222404646 -0.19734797629822318
15.976076424249207 -0.2649124779183255
16.04553762609377 -0.3311993281324739
16.114998827938333 -0.39588883083561127
16.184460029782894 -0.45866899380022796
16.253921231627455 -0.5192370333896029
16.323382433472016 -0.5773008348587255
16.392843635316577 -0.632580361200034
16.462304837161142 -0.684809003739204
16.531766039005703 -0.7337348679671621
16.601227240850264 -0.7791219884068995
16.670688442694825 -0.8207514666558278
16.740149644539386 -0.8584225271150329
16.80961084638395 -0.8919534853137141
16.87907204822851 -0.9211826241586524
16.948533250073073 -0.9459689738826514
17.017994451917634 -0.9661929919302897
17.087455653762195 -0.9817571395019774
17.15691685560676 -0.9925863519756791
17.22637805745132 -0.9986284009374999
17.29583925929588 -0.9998541460750944
17.365300461140443 -0.9962576757190285
17.434761662985004 -0.9878563353542829
17.50422286482957 -0.9746906439643839
17.57368406667413 -0.9568240986116336
17.64314526851869 -0.9343428681959223
17.71260647036325 -0.9073553778691107
17.782067672207813 -0.8759917861093129
17.851528874052377 -0.8404033569771049
17.92099007589694 -0.8007617305812301
17.9904512777415 -0.7572580952722583
18.05991247958606 -0.710102265556676
18.12937368143062 -0.6595216701785294
18.198834883275186 -0.6057602552490242
18.268296085119747 -0.549077307714219
18.337757286964308 -0.48974620483508635
18.40721848880887 -0.42805309571115513
18.47667969065343 -0.3642955212065977
18.546140892497995 -0.2987809789347585
18.615602094342556 -0.23182544022210583
18.685063296187117 -0.16375182620411782
18.754524498031678 -0.09488845040283732
18.82398569987624 -0.02556743529736613
18.893446901720804 0.043876889475931755
18.962908103565365 0.11310959956814982
19.032369305409926 0.1817967912308446
19.101830507254487 0.24960719170673235
19.171291709099048 0.3162137569313465
19.240752910943613 0.38129524884005217
19.310214112788174 0.4445377846731775
19.379675314632735 0.505636350807139
19.449136516477296 0.5642962738104083
19.518597718321857 0.6202346416295887
19.58805892016642 0.6731816680513173
19.657520122010983 0.7228819938592904
19.726981323855544 0.76909591841108
19.796442525700105 0.8116005556948903
19.865903727544666 0.8501909092907263
19.93536492938923 0.8846808610515116
20.00482613123379 0.9149040687358175
20.074287333078352 0.9407147682630195
20.143748534922914 0.9619884767216337
20.213209736767475 0.9786225927403107
20.28267093861204 0.9905368913259326
20.3521321404566 0.9976739107822482
20.42159334230116 0.9999992298429807
20.491054544145722 0.9975016336828016
20.560515745990283 0.9901931680055246
20.629976947834848 0.9781090809486519
20.69943814967941 0.9613076530844674
20.76889935152397 0.939869916337557
20.83836055336853 0.913899263174408
20.907821755213092 0.8835209479499231
20.977282957057657 0.8488814828158199
21.046744158902218 0.8101479311044063
21.11620536074678 0.7675071015956618
21.18566656259134 0.7211646475536416
21.2551277644359 0.6713440748774541
21.324588966280466 0.6182856641504247
21.394050168125027 0.5622453117863322
21.463511369969588 0.5034932958617324
21.53297257181415 0.44231297258671604
21.60243377365871 0.37899940970087515
21.671894975503275 0.31385796338551064
21.741356177347836 0.2472028055555376
21.810817379192397 0.1793554086337874
21.880278581036958 0.11064299511558585
21.94973978288152 0.04139695940118122
22.019200984726083 -0.028048730492587465
22.088662186570645 -0.0973591436329483
22.158123388415206 -0.1662000015159556
22.227584590259767 -0.23423929026460194
22.297045792104328 -0.30114886190483603
22.366506993948892 -0.3666060169966436
22.435968195793453 -0.4302950609872736
22.505429397638014 -0.49190882678049497
22.574890599482575 -0.5511501561785873
22.644351801327137 -0.6077333330522433
22.7138130031717 -0.6613854613263012
22.783274205016262 -0.7118477811353826
22.852735406860823 -0.7588769168017631
22.922196608705384 -0.8022460506165258
22.991657810549945 -0.841746016762987
23.06111901239451 -0.8771863101064765
23.13058021423907 -0.908396004985151
23.200041416083632 -0.9352245795706169
23.269502617928193 -0.957542641822498
23.338963819772754 -0.9752425535357605
23.40842502161732 -0.9882389494710494
23.47788622346188 -0.9964691490643163
23.54734742530644 -0.999893458730102
23.616808627151002 -0.9984953633004793
23.686269828995563 -0.9922816056763689
23.755731030840128 -0.9812821543070749
23.82519223268469 -0.9655500586548855
23.89465343452925 -0.9451611933418135
23.96411463637381 -0.9202138922124469
24.033575838218372 -0.8908284740777875
24.103037040062937 -0.8571466624273774
24.172498241907498 -0.8193309019084045
24.24195944375206 -0.7775635748683276
24.31142064559662 -0.7320461217396058
24.38088184744118 -0.6829980695088209
24.450343049285745 -0.6306559729558147
24.519804251130306 -0.5752722737691719
24.589265452974868 -0.5171140830404052
24.65872665481943 -0.456461893008824
24.72818785666399 -0.39360822427020015
24.797649058508554 -0.32885621497364387
24.867110260353115 -0.26251815881089796
24.936571462197676 -0.19491399884915853
25.006032664042237 -0.1263697844716112
25.0754938658868 -0.05721609886768388
25.144955067731363 0.012213535342880888
25.214416269575924 0.08158426466256978
25.283877471420485 0.15056151968739367
25.353338673265046 0.2188126287079872
25.422799875109607 0.2860084221582986
25.492261076954172 0.35182482017372607
25.561722278798733 0.4159443956020199
25.631183480643294 0.47805790492872596
25.700644682487855 0.5378657797335735
25.770105884332416 0.5950795714846853
25.83956708617698 0.649423342702466
25.909028288021542 0.7006349977836878
25.978489489866103 0.7484675470673531
26.047950691710664 0.7926902980457973
26.117411893555225 0.8330899679759547
26.18687309539979 0.8694717125247404
26.25633429724435 0.9016600654874665
26.325795499088912 0.9294997850471343
26.395256700933473 0.9528566024931255
26.464717902778034 0.9716178697883113
26.5341791046226 0.9856931028614038
26.60364030646716 0.9950144180042941
26.673101508311724 0.9995368592696787
26.74256271015628 0.9992386152899446
26.812023912000843 0.9941211244716291
26.881485113845407 0.9842090680581007
26.95094631568997 0.9695502510939249
27.020407517534533 0.9502153718650063
27.08986871937909 0.9262976809264932
27.15932992122365 0.897912531362899
27.228791123068216 0.8651968224495347
27.298252324912777 0.8283083393984044
27.367713526757342 0.7874249923729068
27.4371747286019 0.7427439584415567
27.50663593044646 0.6944807306089447
27.576097132291025 0.6428680785104637
27.645558334135586 0.5881549257832265
27.71501953598015 0.5306051495275266
27.78448073782471 0.470496307649
27.85394193966927 0.4081183002193135
27.923403141513834 0.3437719713116468
27.992864343358395 0.2777676580541132
28.06232554520296 0.21042369389892845
28.131786747047517 0.14206487332600626
28.201247948892078 0.07302088538547323
28.270709150736643 0.0036247236341374733
28.340170352581204 -0.0657889198654451
28.40963155442577 -0.13488526873767814
28.479092756270326 -0.20333107689321392
28.548553958114887 -0.27079623574786665
28.61801515995945 -0.3369553663095219
28.687476361804013 -0.401489388454643
28.756937563648577 -0.4640870598258607
28.826398765493135 -0.5244464769286026
28.895859967337696 -0.5822765311872086
28.96532116918226 -0.6372983129379641
29.03478237102682 -0.6892464565878029
29.104243572871386 -0.7378704204510671
29.173704774715944 -0.7829356950917229
29.243165976560505 -0.8242249343433881
29.31262717840507 -0.8615390035522503
29.38208838024963 -0.8946979399873646
29.451549582094195 -0.9235418207863264
29.521010783938753 -0.9479315342502586
29.590471985783314 -0.9677494507682727
29.65993318762788 -0.9828999901355351
29.72939438947244 -0.9933100825288494
29.798855591317004 -0.9989295209164947
29.86831679316156 -0.9997312032026647
29.937777995006122 -0.9957112629386821
30.007239196850687 -0.9868890879705638
30.076700398695248 -0.9733072269330155
30.146161600539813 -0.9550311840408103
30.21562280238437 -0.9321491031672792
30.28508400422893 -0.9047713427335431
30.354545206073496 -0.8730299434588039
30.424006407918057 -0.8370779915386604
30.49346760976262 -0.7970888803227862
30.56292881160718 -0.7532554740528773
30.63239001345174 -0.7057891776940257
30.701851215296305 -0.6549189173457295
30.771312417140866 -0.600890036149872
30.84077361898543 -0.5439631110206212
30.910234820829988 -0.48441269590312147
30.97969602267455 -0.42252599762203974
31.049157224519114 -0.3586014907063599
31.118618426363675 -0.2929474778709228
31.18807962820824 -0.22588060309740535
31.257540830052797 -0.15772432448609558
31.327002031897358 -0.08880735424365836
31.396463233741922 -0.019462073330840497
31.465924435586484 0.04997707158396166
31.535385637431048 0.11917518113389339
31.604846839275606 0.18779851844610765
31.674308041120167 0.2555161187276873
31.74376924296473 0.32200138548198
31.813230444809292 0.38693366565703
31.882691646653857 0.4499997961292745
31.952152848498415 0.5108956140638722
32.021614050342976 0.5693274238674342
32.09107525218754 0.625013413658031
32.160536454032105 0.6776850144210748
32.229997655876666 0.7270881952958814
32.29945885772122 0.772984688745946
32.36892005956579 0.8151531397039568
32.43838126141035 0.8533901731493022
32.50784246325491 0.8875113749693527
32.57730366509947 0.9173521813737548
32.64676486694403 0.9427686725722555
32.71622606878859 0.9636382668881841
32.785687270633154 0.9798603119599422
32.85514847247772 0.9913565701791843
32.924609674322284 0.9980715960244574
32.994070876166845 0.9999730034704625
33.063532078011406 0.9970516221832245
33.13299327985597 0.989321541747871
33.20245448170053 0.9768200437157052
33.27191568354509 0.959607421798306
33.34137688538965 0.9377666910758456
33.41083808723421 0.9114031876220864
33.48029928907877 0.8806440604770367
33.54976049092334 0.8456376584174344
33.6192216927679 0.8065528144826374
33.688682894612455 0.7635780317065437
33.75814409645702 0.7169205739827317
33.827605298301584 0.6668054664475449
33.897066500146146 0.6134744102020556
33.96652770199071 0.5571846166072707
34.03598890383527 0.49820756677458355
34.10545010567983 0.4368277022343813
34.17491130752439 0.37334105309760196
34.24437250936896 0.3080538103265004
34.31383371121352 0.24128084900048544
34.38329491305808 0.1733442096990967
34.45275611490264 0.10457154532642274
34.5222173167472 0.03529454086769864
34.59167851859176 -0.03415268630048957
34.661139720436324 -0.10343519783122723
