0.0 0.0
0.11385658120103231 0.11361074735971116
0.22771316240206463 0.22575031243761726
0.34156974360309694 0.3349665637667049
0.45542632480412926 0.4398452248143871
0.5692829060051615 0.5390281879063584
0.6831394872061939 0.6312311008017535
0.7969960684072261 0.7152599981853629
0.9108526496082585 0.7900267627103394
1.0247092308092907 0.8545632153813563
1.138565812010323 0.9080336528172931
1.2524223932113554 0.9497456690443815
1.3662789744123878 0.9791591216849173
1.48013555561342 0.9958931264354597
1.5939921368144523 0.9997309892607633
1.7078487180154847 0.9906230124348663
1.821705299216517 0.9686871380930046
1.9355618804175494 0.9342074209607886
2.0494184616185813 0.8876303500377667
2.1632750428196137 0.829559066867083
2.277131624020646 0.760745555260726
2.3909882052216784 0.6820809036181364
2.504844786422711 0.5945837659345614
2.618701367623743 0.49938717092128265
2.7325579488247755 0.39772385005068694
2.8464145300258075 0.2909102745180634
2.96027111122684 0.18032960783066557
3.074127692427872 0.06741379477647767
3.1879842736289046 -0.04637498129159112
3.3018408548299374 -0.15956323274046025
3.4156974360309693 -0.2706852483244059
3.5295540172320017 -0.3783020731536426
3.643410598433034 -0.48102014218619743
3.7572671796340664 -0.5775093259519817
3.871123760835099 -0.666520154829142
3.9849803420361307 -0.7468999988299685
4.098836923237163 -0.8176079933790895
4.212693504438195 -0.877728517805221
4.326550085639227 -0.9264830520091283
4.440406666840261 -0.9632402577719779
4.554263248041292 -0.9875241541579537
4.668119829242325 -0.9990202811452142
4.781976410443357 -0.9975797716703336
4.895832991644389 -0.9832212793560144
5.009689572845422 -0.9561307369592994
5.123546154046454 -0.9166589486682143
5.237402735247486 -0.8653170474249724
5.351259316448519 -0.8027698761003285
5.465115897649551 -0.7298273782283964
5.5789724788505834 -0.647434109786086
5.692829060051615 -0.5566570078325173
5.806685641252648 -0.4586715743962495
5.92054222245368 -0.35474665451964765
6.034398803654713 -0.24622800557438038
6.148255384855744 -0.13452087061433404
6.262111966056777 -0.02107178142917999
6.375968547257809 0.09265017306321939
6.4898251284588415 0.20517237052396037
6.603681709659875 0.31503772465565427
6.717538290860906 0.4208235534837577
6.831394872061939 0.5211600021252204
6.945251453262971 0.6147477814820376
7.059108034464003 0.7003749931556598
7.172964615665036 0.77693282271099
7.286821196866068 0.8434298980728263
7.4006777780671 0.8990051271232329
7.514534359268133 0.9429388482616463
7.628390940469164 0.9746621495355021
7.742247521670198 0.9937642356649612
7.856104102871229 0.9999977475637367
7.969960684072261 0.9932819654718416
8.083817265273295 0.9737038542218432
8.197673846474325 0.941516937103146
8.31153042767536 0.897138012906984
8.42538700887639 0.8411417586641894
8.539243590077422 0.774253287966598
8.653100171278455 0.6973387612368314
8.766956752479487 0.611394169537073
8.880813333680521 0.5175324371589407
8.994669914881552 0.4169690100071915
9.108526496082584 0.3110061163979046
9.222383077283617 0.20101590408320574
9.33623965848465 0.08842267186659475
9.450096239685681 -0.025315574102524382
9.563952820886714 -0.13872600052165643
9.677809402087746 -0.2503400191295895
9.791665983288778 -0.35871230393038456
9.90552256448981 -0.462439507186764
10.019379145690843 -0.5601784318234653
10.133235726891876 -0.6506634249202329
10.247092308092908 -0.7327227670604899
10.360948889293939 -0.805293845304712
10.474805470494973 -0.8674369133087793
10.588662051696005 -0.918347260403062
10.702518632897037 -0.9573656320509415
10.816375214098068 -0.9839867667488426
10.930231795299102 -0.997865938820725
11.044088376500135 -0.9988234223822611
11.157944957701167 -0.9868468186693939
11.2718015389022 -0.9620912165939391
11.38565812010323 -0.9248771844471482
11.499514701304264 -0.8756866187573074
11.613371282505296 -0.8151565040558709
11.727227863706329 -0.7440706643589097
11.84108444490736 -0.6633496131766327
11.954941026108392 -0.5740386334864659
12.068797607309426 -0.4772942420259922
12.182654188510458 -0.37436921318397914
12.296510769711489 -0.2665963564199689
12.410367350912521 -0.15537125728387724
12.524223932113554 -0.04213420552772143
12.638080513314588 0.07164845567182845
12.751937094515618 0.18450331786509463
12.86579367571665 0.29496898697156815
12.979650256917683 0.4016150073441011
13.093506838118715 0.503060385201354
13.20736341931975 0.5979914715625495
13.32122000052078 0.6851789731126335
13.435076581721813 0.7634938707186827
13.548933162922845 0.8319220394634936
13.662789744123877 0.8895773808768663
13.77664632532491 0.9357132973110429
13.890502906525942 0.9697323598749178
14.004359487726974 0.9911940447338122
14.118216068928007 0.9998204375949693
14.232072650129037 0.9954998325095402
14.345929231330071 0.9782881783890149
14.459785812531104 0.9484083545046875
14.573642393732136 0.906247284351946
14.687498974933167 0.8523509252528946
14.8013555561342 0.7874171985785554
14.915212137335233 0.7122869521394998
15.029068718536266 0.6279330717758245
15.142925299737296 0.5354478831440068
15.256781880938329 0.43602900683898405
15.370638462139361 0.33096385001805606
15.484495043340395 0.2216129353495618
15.598351624541428 0.10939228316519138
15.712208205742458 -0.004244925044896214
15.82606478694349 -0.11782716434879689
15.939921368144523 -0.22988362162473114
16.053777949345555 -0.3389632415954703
16.16763453054659 -0.44365351701204164
16.28149111174762 -0.5425987796665507
16.39534769294865 -0.634517755377915
16.509204274149685 -0.7182201556252803
16.62306085535072 -0.7926220909787237
16.73691743655175 -0.8567601067337566
16.85077401775278 -0.9098036589976438
16.964630598953814 -0.9510658696706629
17.078487180154845 -0.9800124210525848
17.19234376135588 -0.9962684748952514
17.30620034255691 -0.9996235263041761
17.420056923757944 -0.9900341296344525
17.533913504958974 -0.9676244610824496
17.64777008616001 -0.9326847106881139
17.761626667361043 -0.8856673245703689
17.875483248562073 -0.827181146056109
17.989339829763104 -0.757983531571202
18.103196410964138 -0.6789705433873866
18.21705299216517 -0.5911653462223545
18.330909573366203 -0.4957049579491596
18.444766154567233 -0.3938255259843641
18.558622735768267 -0.2868463200156473
18.6724793169693 -0.17615264835230846
18.78633589817033 -0.06317791912029054
18.900192479371363 0.05061492140288539
19.014049060572393 0.16375233295218516
19.127905641773427 0.27476926262418205
19.24176222297446 0.38222811632051906
19.355618804175492 0.4847373746184699
19.469475385376526 0.5809696120056338
19.583331966577557 0.6696786861418421
19.697188547778588 0.7497158745590439
19.81104512897962 0.8200447498397534
19.924901710180652 0.879754600650604
20.038758291381686 0.9280722248377219
20.152614872582717 0.9643719418712688
20.26647145378375 0.9881836949848288
20.380328034984785 0.9991991380923696
20.494184616185816 0.9972756286613613
20.60804119738685 0.9824380748370237
20.721897778587877 0.9548786128987073
20.83575435978891 0.9149541192251139
20.949610940989945 0.8631815889867516
21.063467522190976 0.8002314414083964
21.17732410339201 0.7269188382938929
21.29118068459304 0.6441931282325438
21.405037265794075 0.5531255531774196
21.51889384699511 0.45489537658714485
21.632750428196136 0.3507746127622804
21.74660700939717 0.2421115551210596
21.860463590598204 0.13031331671224275
21.974320171799235 0.01682760905350625
22.08817675300027 -0.09687600475284742
22.2020333342013 -0.20932513986737805
22.315889915402334 -0.31906365610063486
22.429746496603368 -0.4246705139430089
22.5436030778044 -0.5247781760645746
22.65745965900543 -0.6180903159979116
22.77131624020646 -0.7033986046884405
22.885172821407494 -0.7795983575378371
22.999029402608528 -0.8457028393218772
23.11288598380956 -0.9008560417437325
23.226742565010593 -0.9443437681620364
23.340599146211623 -0.9756028819539805
23.454455727412657 -0.9942285987534359
23.56831230861369 -0.9999797281345123
23.68216888981472 -0.9927817968643304
23.796025471015753 -0.9727280132809775
23.909882052216783 -0.94007806030862
24.023738633417818 -0.8952547327393948
24.13759521461885 -0.8388384623270225
24.251451795819882 -0.7715598015884555
24.365308377020916 -0.6942899636432436
24.479164958221943 -0.6080295405933286
24.593021539422978 -0.5138955465325358
24.706878120624012 -0.4131069529701352
24.820734701825042 -0.30696890397482995
24.934591283026077 -0.196855815442434
25.048447864227107 -0.08419357734030725
25.16230444542814 0.029558910602647235
25.276161026629175 0.1429286306600038
25.390017607830206 0.25444752169038204
25.503874189031237 0.36267148953558953
25.617730770232267 0.46619910706253653
25.7315873514333 0.5636897616960714
25.845443932634335 0.6538810154444373
25.959300513835366 0.735604952616801
26.0731570950364 0.8078033035409629
26.18701367623743 0.8695411484393124
26.300870257438465 0.9200190240071741
26.4147268386395 0.9585832759214785
26.528583419840526 0.9847345232218319
26.64244000104156 0.9981341249559554
26.75629658224259 0.9986085653508009
26.870153163443625 0.9861517007243761
26.98400974464466 0.9609248390422664
27.09786632584569 0.9232546510886621
27.211722907046724 0.8736289403008017
27.325579488247755 0.8126903260446358
27.439436069448785 0.7412279221289785
27.55329265064982 0.6601671183157926
27.66714923185085 0.570557597149123
27.781005813051884 0.4735597412766029
27.894862394252915 0.3704296072795834
28.00871897545395 0.2625026605905337
28.122575556654983 0.15117648211961085
28.236432137856013 0.0378926705278054
28.350288719057048 -0.07588182549999517
28.464145300258075 -0.18867370324755547
28.57800188145911 -0.2990223842403166
28.691858462660143 -0.4054989277480155
28.805715043861174 -0.5067245346000002
28.919571625062208 -0.6013884017012661
29.03342820626324 -0.6882646960453084
29.147284787464272 -0.7662284284218851
29.261141368665307 -0.8342700212658298
29.374997949866334 -0.8915083820032048
29.488854531067368 -0.9372023126037834
29.6027111122684 -0.9707601075938457
29.716567693469432 -0.9917472162415911
29.830424274670467 -0.9998918696949824
29.944280855871497 -0.9950886002044407
30.05813743707253 -0.9773996068588143
30.171994018273562 -0.9470539501492803
30.285850599474593 -0.9044445857910176
30.399707180675627 -0.8501232762126647
30.513563761876657 -0.7847934456063317
30.62742034307769 -0.709301071060406
30.741276924278722 -0.624623727728867
30.855133505479756 -0.5318579298946872
30.96899008668079 -0.4322049318520516
31.08284666788182 -0.326955172476301
31.196703249082855 -0.21747156491390776
31.310559830283882 -0.10517184777973268
31.424416411484916 0.008489773598493726
31.53827299268595 0.12204145815485332
31.65212957388698 0.23401278843086476
31.765986155088015 0.3429538114863378
31.879842736289046 0.4474538148085359
31.99369931749008 0.546159594084414
32.10755589869111 0.6377929762805408
32.221412479892145 0.7211673711187859
32.33526906109318 0.7952031366172669
32.449125642294206 0.858941559723276
32.56298222349524 0.9115572709984275
32.676838804696274 0.9523689325942167
32.7906953858973 0.9808480611160155
32.904551967098335 0.9966258711253347
33.01840854829937 0.9994980506616331
33.132265129500404 0.9894274069439267
33.24612171070144 0.9665443479921271
33.359978291902465 0.9311451939314517
33.4738348731035 0.8836883398473547
33.587691454304526 0.8247883198794483
33.70154803550556 0.7552078494203138
33.815404616706594 0.6758479484674291
33.92926119790763 0.5877362740240356
34.04311777910866 0.4920138126365106
34.15697436030969 0.38992010539086575
34.270830941510724 0.2827771966946303
34.38468752271176 0.17197251469662728
34.49854410391279 0.058940905031489944
34.61240068511382 -0.05485394946012963
34.72625726631485 -0.1679384824336937
34.84011384751589 -0.27884832572752677
34.95397042871692 -0.38614727193939213
35.06782700991795 -0.4884458723402521
35.18168359111898 -0.5844194292948977
35.29554017232002 -0.6728251501996748
35.40939675352105 -0.7525182408055544
35.523253334722085 -0.8224667295288054
35.63710991592311 -0.8817648307845196
35.750966497124146 -0.9296446742968769
35.86482307832517 -0.9654862484994657
35.97867965952621 -0.9888254292654429
36.09253624072724 -0.9993599900008197
36.206392821928276 -0.996953515274304
36.32024940312931 -0.9816371673048013
36.43410598433034 -0.9536092824317745
36.54796256553137 -0.9132328027938815
36.661819146732405 -0.8610305764739451
36.77567572793344 -0.7976785869701595
36.88953230913447 -0.7239971996673287
37.0033888903355 -0.6409405386603723
37.117245471536535 -0.549584131493114
37.23110205273757 -0.4511109818045349
37.3449586339386 -0.34679625023235755
37.45881521513962 -0.2379907419458845
37.57267179634066 -0.1261034146332819
37.68652837754169 -0.01258313345324093
37.800384958742725 0.10110009078822878
37.91424153994376 0.2134741372827587
38.02809812114479 0.3230838381876903
38.14195470234582 0.428509822064746
38.255811283546855 0.528386893779424
38.36966786474789 0.6214217128539968
38.48352444594892 0.7064095413513033
38.59738102714995 0.782249844415614
38.711237608350984 0.847960541454143
38.82509418955202 0.9026907234159832
38.93895077075305 0.9457316714884038
39.05280735195409 0.9765260345257798
39.166663933155114 0.9946750463696887
39.28052051435615 0.9999436896007641
39.394377095557175 0.9922637388552008
39.50823367675821 0.9717346442970414
39.62209025795924 0.9386222438058645
39.73594683916027 0.8933553205561773
39.849803420361305 0.8365200505655115
39.96366000156234 0.7688524121117621
40.07751658276337 0.6912286553126189
40.19137316396441 0.604653955279627
40.305229745165434 0.5102493957808436
40.41908632636647 0.409237451964814
40.5329429075675 0.3029261601348552
40.646799488768536 0.19269217956423854
40.76065606996957 0.0799629656903874
40.8745126511706 -0.03380171446686925
40.98836923237163 -0.1471286853002004
41.102225813572666 -0.2585504392417387
41.2160823947737 -0.3666241399928421
41.329938975974734 -0.46995030627758233
41.443795557175754 -0.5671909341780291
41.55765213837679 -0.6570868233794178
41.67150871957782 -0.7384738829618738
41.78536530077886 -0.8102982055899682
41.89922188197989 -0.8716297148993717
42.01307846318092 -0.9216742093562538
42.12693504438195 -0.95978364662961
42.240791625582986 -0.9854645353008074
42.35464820678402 -0.9983843252434528
42.468504787985054 -0.9983757139224427
42.58236136918608 -0.9854388128485573
42.696217950387116 -0.959741146134466
42.81007453158815 -0.9216154811708618
42.923931112789184 -0.8715555195139794
43.03778769399022 -0.8102095037846008
43.15164427519124 -0.7383718233648829
43.26550085639227 -0.6569727275934983
43.379357437593306 -0.5670662796663837
43.49321401879434 -0.46981670723175295
43.607070599995374 -0.3664833264300585
43.72092718119641 -0.2584042346023304
43.834783762397436 -0.1469789828352974
43.94864034359847 -0.03365045272206024
44.062496924799504 0.08011382797789446
44.17635350600054 0.19284068882992325
44.29021008720157 0.3030703932842442
44.4040666684026 0.40937554127623926
44.51792324960363 0.5103795530911935
44.63177983080467 0.6047744951398342
44.7456364120057 0.6913380168130739
44.859492993206736 0.7689491790950547
44.97334957440776 0.8366029699646997
45.0872061556088 0.8934233186211696
45.201062736809824 0.9386744400077434
45.31491931801086 0.9717703627303209
45.42877589921189 0.9922825169903459
45.54263248041292 0.9999452842736343
45.656489061613954 0.9946594369303497
45.77034564281499 0.9764934231059044
45.88420222401602 0.9456824803838073
45.998058805217056 0.9026255896181756
46.11191538641808 0.8478803084017245
46.22577196761912 0.782155551072305
46.33962854882015 0.7063024087520732
46.453485130021186 0.6213031282934982
46.56734171122222 0.5282583928474524
46.68119829242325 0.42837306876140185
46.79505487362428 0.32294060337568564
46.908911454825315 0.21332627575595473
47.02276803602635 0.10094951725332546
47.13662461722738 -0.012734469170881049
47.2504811984284 -0.12625355283853162
47.36433777962944 -0.23813773845061986
47.47819436083047 -0.34693820153134897
47.592050942031506 -0.45124604972452514
47.70590752323254 -0.5497105669959589
47.81976410443357 -0.6410567044918812
47.9336206856346 -0.7241015915586156
48.047477266835635 -0.7977698531168933
48.16133384803667 -0.8611075350412933
48.2751904292377 -0.9132944572204859
48.38904701043873 -0.9536548343345386
48.502903591639765 -0.98166602681742
48.6167601728408 -0.9969653086856199
48.73061675404183 -0.9993545645941388
48.84447333524287 -0.9888028552961097
48.95832991644389 -0.9654468182851075
49.07218649764492 -0.9295888984320768
49.186043078845955 -0.8816934315289774
49.29989966004699 -0.8223806314545502
49.413756241248024 -0.7524185588243765
49.52761282244905 -0.6727131751257667
49.641469403650085 -0.5842966111296723
49.75532598485112 -0.4883138014958208
49.86918256605215 -0.3860076586437926
49.98303914725319 -0.27870297787844717
50.096895728454214 -0.16778928218740902
50.21075230965525 -0.054702828858837524
50.32460889085628 0.059091989078294584
50.43846547205732 0.17212160575279123
50.55232205325835 0.2829223641318873
50.66617863445938 0.39005946938915215
50.78003521566041 0.4921455685263891
50.893891796861446 0.5878587156559034
51.00774837806247 0.6759594903050221
51.12160495926351 0.755307047072337
51.235461540464534 0.8248738888034451
51.34931812166557 0.883759171983684
51.4631747028666 0.9312003720518861
51.57703128406764 0.9665831575773556
51.69088786526867 0.9894493454360861
51.8047444464697 0.9995028339720986
51.91860102767073 0.9966134373134743
52.032457608871766 0.9808185711912769
52.1463141900728 0.9523227684311633
52.260170771273835 0.9114950303917263
52.37402735247486 0.8588640486466604
52.487883933675896 0.7951113587867091
52.60174051487693 0.7210625149950762
52.715597096077964 0.6376763996795102
52.829453677279 0.5460328065941389
52.94331025848002 0.44731845824121597
53.05716683968105 0.3428116386178894
53.171023420882086 0.23386564030370896
53.28488000208312 0.1218912402376373
53.398736583284155 0.008338431111575107
53.51259316448518 -0.10532235505357616
53.626449745686216 -0.21761928800736347
53.74030632688725 -0.3270981984752868
53.854162908088284 -0.43234140866668985
53.96801948928932 -0.531986090242598
54.081876070490345 -0.6247419120202838
54.19573265169138 -0.7094077488887556
54.309589232892414 -0.7848872355659382
54.42344581409345 -0.850202963787034
54.53730239529448 -0.9045091390799952
54.65115897649551 -0.9471025332314652
54.765015557696536 -0.9774315906161761
54.87887213889757 -0.9951035704689706
54.992728720098604 -0.9998896326118872
55.10658530129964 -0.9917278007795823
55.220441882500666 -0.970723765170017
55.3342984637017 -0.937149513827923
55.448155044902734 -0.8914398105837246
55.56201162610377 -0.8341865651561962
55.6758682073048 -0.7661311683222344
55.78972478850583 -0.6881548914081065
55.90358136970686 -0.601267474422237
56.0174379509079 -0.5065940506055614
56.13129453210893 -0.4053605767175746
56.245151113309966 -0.2988779577260791
56.35900769451099 -0.1885250714751339
56.47286427571203 -0.07573091315022829
56.58672085691306 0.03804390924212493
56.700577438114095 0.1513260887595008
56.81443401931512 0.2626486978512571
0.0 0.0
0.09366642915124974 0.0935295270457596
0.1873328583024995 0.18623908190202018
0.28099928745374925 0.27731588106517463
0.374665716604999 0.36596145538028074
0.4683321457562487 0.451398650210119
0.5619985749074985 0.5328784387401413
0.6556650040587483 0.6096864886871514
0.749331433209998 0.6811494248414636
0.8429978623612477 0.7466407325389144
0.9366642915124974 0.8055862503070571
1.0303307206637473 0.8574692035315835
1.123997149814997 0.9018347350128803
1.2176635789662467 0.9382938926933879
1.3113300081174966 0.9665270395954071
1.4049964372687462 0.9862866560744689
1.498662866419996 0.9973995098209513
1.5923292955712458 0.9997681745855627
1.6859957247224955 0.9933718843140463
1.7796621538737452 0.9782667152029179
1.8733285830249948 0.9545850940801536
1.9669950121762447 0.9225346374208524
2.0606614413274946 0.8823963311762051
2.1543278704787445 0.8345220673731872
2.247994299629994 0.7793315590815767
2.3416607287812434 0.7173086607947388
2.4353271579324933 0.6489971264833571
2.528993587083743 0.5749958425111996
2.622660016234993 0.49595357720588434
2.716326445386243 0.41256329311509593
2.8099928745374925 0.3255560718126293
2.903659303688742 0.23569470451540853
2.997325732839992 0.1437670047024646
3.0909921619912417 0.05057890136405514
3.1846585911424916 -0.0430526265676771
3.278325020293741 -0.13630671266274583
3.371991449444991 -0.22836579951900984
3.4656578785962404 -0.3184228062776516
3.5593243077474903 -0.40568820429093827
3.65299073689874 -0.4893969389099621
3.7466571660499897 -0.5688151367091449
3.84032359520124 -0.6432465393453485
3.9339900243524895 -0.7120386076460252
4.027656453503739 -0.7745882424119565
4.121322882654989 -0.8303470717803586
4.214989311806239 -0.8788262587941194
4.308655740957489 -0.9196007870292674
4.402322170108738 -0.952313186708622
4.495988599259988 -0.9766766686348464
4.589655028411237 -0.9924776384677366
4.683321457562487 -0.9995775693031234
4.776987886713737 -0.997914216136501
4.870654315864987 -0.9875021615642005
4.964320745016237 -0.9684326879379506
5.057987174167486 -0.9408729770936468
5.151653603318736 -0.9050646446702937
5.245320032469986 -0.8613216218687308
5.338986461621236 -0.8100274032207379
5.432652890772486 -0.7516316844972852
5.5263193199237355 -0.6866464202313591
5.619985749074985 -0.6156413354189945
5.713652178226234 -0.5392389307473874
5.807318607377484 -0.4581090251391861
5.900985036528734 -0.3729628834584028
5.994651465679984 -0.2845469808602831
6.088317894831233 -0.1936364584529861
6.181984323982483 -0.10102832764522178
6.275650753133733 -0.0075344827572390955
6.369317182284983 0.08602541684649401
6.462983611436233 0.17883113270064227
6.556650040587482 0.27006903825933815
6.6503164697387325 0.3589392519498929
6.743982898889982 0.4446626497245009
6.837649328041231 0.5264876956309908
6.931315757192481 0.603697030519081
7.02498218634373 0.6756137611190451
7.118648615494981 0.7416073943565115
7.21231504464623 0.8010993648773289
7.30598147379748 0.8535681073227674
7.39964790294873 0.8985536288864665
7.493314332099979 0.935661542065598
7.586980761251229 0.9645665222511499
7.68064719040248 0.9850151598446909
7.7743136195537295 0.9968281818971368
7.867980048704979 0.9999020237924479
7.961646477856228 0.9942097371973149
8.055312907007478 0.9798012263168598
8.148979336158728 0.9568028103850962
8.242645765309979 0.92541611622579
8.336312194461227 0.8859163105926278
8.429978623612477 0.8386496877857382
8.523645052763726 0.7840306336939155
8.617311481914978 0.7225379928787258
8.710977911066227 0.6547108705502604
8.804644340217475 0.5811439062385118
8.898310769368726 0.5024820605960855
8.991977198519976 0.4194149610362586
9.085643627671226 0.33267085577809974
9.179310056822475 0.24301022930347774
9.272976485973725 0.15121913519914879
9.366642915124974 0.058102304834841016
9.460309344276226 -0.03552390770657736
9.553975773427474 -0.12883868259507353
9.647642202578725 -0.22102393037062065
9.741308631729973 -0.31127146412320295
9.834975060881224 -0.398790084857326
9.928641490032474 -0.4828125179236659
10.022307919183723 -0.5626021397062938
10.115974348334973 -0.6374594355926733
10.209640777486221 -0.7067281326094773
10.303307206637472 -0.769800952959518
10.396973635788722 -0.826124938018562
10.490640064939972 -0.8752062961166526
10.584306494091221 -0.9166147316034798
10.677972923242471 -0.9499872172449478
10.77163935239372 -0.9750311768783739
10.865305781544972 -0.9915270504240392
10.95897221069622 -0.9993302187656465
11.052638639847471 -0.9983722716243016
11.14630506899872 -0.9886616073105674
11.23997149814997 -0.9702833590965803
11.33363792730122 -0.9433986488537235
11.427304356452469 -0.9082431744992029
11.52097078560372 -0.8651251436353636
11.614637214754968 -0.8144225714975136
11.708303643906218 -0.7565799668990953
11.801970073057468 -0.692104435228504
11.895636502208719 -0.6215612326625103
11.989302931359967 -0.5455688105724564
12.082969360511218 -0.46479339356884186
12.176635789662466 -0.37994313871853624
12.270302218813718 -0.2917619271406503
12.363968647964967 -0.20102284241012225
12.457635077116215 -0.10852139294369968
12.551301506267466 -0.01506853778764761
12.644967935418714 0.07851642305002601
12.738634364569966 0.1714130313924696
12.832300793721215 0.26280686384050383
12.925967222872465 0.351896671812363
13.019633652023714 0.43790140607993217
13.113300081174964 0.5200670642175403
13.206966510326215 0.5976733009317499
13.300632939477465 0.6700397433195071
13.394299368628714 0.7365319556888407
13.487965797779964 0.7965670016486126
13.581632226931212 0.8496185547045338
13.675298656082463 0.895221512556941
13.768965085233713 0.932976074646812
13.862631514384962 0.9625512472022516
13.956297943536212 0.9836877450567356
14.04996437268746 0.9962002647989073
14.143630801838713 0.9999791093252619
14.237297230989961 0.9949911495532737
14.330963660141212 0.9812801148636482
14.42463008929246 0.9589662097253898
14.51829651844371 0.9282450598647303
14.61196294759496 0.8893859972168441
14.705629376746211 0.8427296986961529
14.79929580589746 0.7886851994860948
14.89296223504871 0.7277263070328015
14.986628664199959 0.6603874471811736
15.080295093351209 0.5872589788701978
15.173961522502458 0.5089820184635502
15.267627951653708 0.42624281909047274
15.36129438080496 0.33976675427321307
15.454960809956207 0.2503119585864644
15.548627239107459 0.1586626811010427
15.642293668258706 0.06562240988216543
15.735960097409958 -0.02799317218037141
15.829626526561208 -0.12136333845380992
15.923292955712457 -0.21366951386254152
16.016959384863707 -0.30410245132551533
16.110625814014956 -0.39186932641522854
16.204292243166204 -0.47620068803954185
16.297958672317456 -0.556357204209741
16.391625101468705 -0.6316361437547905
16.485291530619957 -0.7013775371567093
16.578957959771202 -0.7649699624950249
16.672624388922454 -0.8218559057751057
16.766290818073706 -0.8715366486463204
16.859957247224955 -0.9135766406595767
16.953623676376203 -0.9476073177326401
17.047290105527452 -0.973330333346811
17.140956534678704 -0.9905201741471109
17.234622963829956 -0.9990261370150331
17.3282893929812 -0.9987736502808933
17.421955822132453 -0.9897649274927202
17.515622251283702 -0.9720789480101082
17.60928868043495 -0.9458707645931627
17.702955109586203 -0.9113701440568973
17.79662153873745 -0.8688795529084569
17.890287967888703 -0.8187715056270364
17.983954397039952 -0.7614852988341306
18.0776208261912 -0.6975231599855561
18.171287255342452 -0.6274458443496549
18.2649536844937 -0.5518677188729054
18.35862011364495 -0.4714513760325993
18.4522865427962 -0.3869018248969177
18.54595297194745 -0.2989603103192915
18.6396194010987 -0.20839781445405672
18.733285830249947 -0.11600829756559905
18.8269522594012 -0.022601737388675804
18.92061868855245 0.0710029719362059
19.014285117703697 0.16398519909744275
19.10795154685495 0.25552977007676686
19.201617976006197 0.34483411476958536
19.29528440515745 0.43111530310705387
19.388950834308698 0.5136169089941313
19.482617263459947 0.5916156418876826
19.5762836926112 0.6644276878755798
19.669950121762447 0.7314147046646785
19.763616550913696 0.7919894179197047
19.857282980064948 0.8456207698899704
19.950949409216197 0.8918385751860026
20.044615838367445 0.9302376428889628
20.138282267518694 0.9604813288543369
20.231948696669946 0.9823044870669273
20.325615125821198 0.9955157941726375
20.419281554972443 0.9999994268079179
20.512947984123695 0.9957160770217406
20.606614413274944 0.9827032968879104
20.700280842426196 0.9610751692865053
20.793947271577444 0.9310213077407025
20.887613700728693 0.892805194077396
20.981280129879945 0.846761868485329
21.074946559031194 0.7932949922219715
21.168612988182442 0.7328733087203331
21.262279417333694 0.6660265341211739
21.355945846484943 0.5933407132582572
21.44961227563619 0.5154530818106335
21.54327870478744 0.4330464796654516
21.636945133938692 0.3468433644692339
21.730611563089944 0.2575994778507688
21.82427799224119 0.16609721984373554
21.91794442139244 0.07313878959540587
22.01161085054369 -0.0204608475031646
22.105277279694942 -0.11388110460853104
22.19894370884619 -0.2063029674993831
22.29261013799744 -0.29691617486396643
22.38627656714869 -0.3849263218508206
22.47994299629994 -0.46956182460612944
22.57360942545119 -0.5500806847397017
22.66727585460244 -0.6257769944155327
22.76094228375369 -0.6959871250369325
22.854608712904938 -0.7600955452701207
22.948275142056186 -0.8175402173996895
23.04194157120744 -0.8678175247062055
23.13560800035869 -0.9104866866676601
23.229274429509935 -0.9451736232767765
23.322940858661187 -0.9715742345957461
23.416607287812436 -0.9894570667965489
23.510273716963688 -0.9986653413137715
23.603940146114937 -0.9991183293203156
23.697606575266185 -0.9908120594760151
23.791273004417437 -0.9738193527443224
23.884939433568682 -0.9482891839718406
23.978605862719935 -0.9144453758277048
24.072272291871187 -0.872584636553062
24.165938721022435 -0.8230739587236415
24.259605150173684 -0.7663474018304466
24.353271579324932 -0.7029022868856499
24.446938008476184 -0.6332948364155196
24.540604437627437 -0.5581352980645212
24.63427086677868 -0.4780825945618784
24.727937295929934 -0.39383854695425524
24.821603725081182 -0.30614172174948995
24.91527015423243 -0.21576095591325856
25.008936583383683 -0.12348861648506017
25.10260301253493 -0.03013365390633956
25.196269441686184 0.06348549003790244
25.28993587083743 0.1565480574879322
25.38360229998868 0.24823817008317864
25.477268729139933 0.3377519817575324
25.57093515829118 0.4243047260477415
25.66460158744243 0.5071375961311462
25.75826801659368 0.5855243972755572
25.85193444574493 0.658777913379363
25.945600874896183 0.7262559317864574
26.039267304047428 0.7873668735565376
26.13293373319868 0.8415749798302633
26.22660016234993 0.8884050088204206
26.320266591501177 0.92744640225073
26.41393302065243 0.9583568847150903
26.507599449803678 0.9808654644017648
26.60126587895493 0.9947748088752008
26.694932308106175 0.9999629750870078
26.788598737257427 0.9963844784491368
26.88226516640868 0.9840706915966889
26.975931595559928 0.9631295693444211
27.069598024711176 0.9337447022482368
27.163264453862425 0.8961737070690889
27.256930883013677 0.8507459682500688
27.350597312164926 0.7978597502071344
27.444263741316174 0.7379787057499663
27.537930170467426 0.6716278112436086
27.631596599618675 0.599388764147276
27.725263028769923 0.5218948832800158
27.818929457921175 0.4398255565225784
27.912595887072424 0.35390028463240547
28.006262316223676 0.26487237338949954
28.09992874537492 0.17352232937413684
28.193595174526173 0.08065101727543485
28.287261603677425 -0.012927361279278515
28.380928032828674 -0.10639240581993491
28.474594461979922 -0.19892470947435162
28.56826089113117 -0.2897130426979831
28.661927320282423 -0.3779614653131609
28.75559374943367 -0.4628963045066266
28.84926017858492 -0.5437729376093934
28.942926607736172 -0.6198823201943267
29.03659303688742 -0.6905572022597282
29.13025946603867 -0.7551779780017417
29.22392589518992 -0.813178117890648
29.31759232434117 -0.864049135428134
29.411258753492422 -0.9073450450420554
29.504925182643667 -0.9426862720363323
29.59859161179492 -0.9697629803175626
29.69225804094617 -0.988337788724146
29.78592447009742 -0.9982478521439583
29.87959089924867 -0.9994062891754036
29.973257328399917 -0.9918029438155694
30.06692375755117 -0.9755044744977771
30.160590186702418 -0.9506537696979361
30.25425661585367 -0.9174686952330647
30.347923045004915 -0.8762401842344159
30.441589474156167 -0.8273296865403515
30.535255903307416 -0.771165999870169
30.628922332458668 -0.7082415105598577
30.72258876160992 -0.6391078768172885
30.816255190761165 -0.5643711923416281
30.909921619912414 -0.48468667270746885
31.003588049063666 -0.40075291109813316
31.097254478214918 -0.31330575374800124
31.190920907366166 -0.2231118487878083
31.28458733651741 -0.13096192505010273
31.378253765668664 -0.03766385975948997
31.471920194819916 0.055964404116825725
31.565586623971164 0.1491020287647878
31.659253053122416 0.24093247779830598
31.75291948227366 0.33065067482347515
31.846585911424913 0.41747006153325533
31.940252340576162 0.5006294934542281
32.033918769727414 0.57939991289068
32.12758519887866 0.6530907405642403
32.22125162802991 0.7210559299137665
32.31491805718116 0.7826996309774239
32.40858448633241 0.8374814142018235
32.502250915483664 0.884921008381137
32.59591734463491 0.9246025111887138
32.68958377378616 0.9561780353875807
32.78325020293741 0.9793707587534657
32.87691663208866 0.9939773509717668
32.970583061239914 0.9998697562318682
33.06424949039116 0.9969963158908237
33.157915919542404 0.9853822213640335
33.25158234869366 0.9651292932724145
33.34524877784491 0.9364150887823067
33.438915206996164 0.8994913449640106
33.53258163614741 0.8546817718160691
33.626248065298654 0.8023792143037607
33.71991449444991 0.7430422082922095
33.81358092360116 0.6771909605682518
33.90724735275241 0.6054027881940238
34.00091378190366 0.5283070571755407
34.094580211054904 0.44657966481884803
34.18824664020615 0.36093711414676416
34.28191306935741 0.2721302323259275
34.37557949850866 0.18093758817444877
34.46924592765991 0.08815866645881486
34.562912356811154 -0.0053931411789606394
34.6565787859624 -0.09889766721572939
34.75024521511366 -0.19153515864552426
34.84391164426491 -0.2824934637438793
34.937578073416155 -0.37097515219183796
35.031244502567404 -0.4562045061375208
35.12491093171865 -0.5374343209048019
35.2185773608699 -0.6139524557273249
35.31224379002116 -0.6850880770776667
35.405910219172405 -0.7502175398564301
35.499576648323654 -0.8087698548810339
35.5932430774749 -0.8602316947406865
35.68690950662615 -0.904151894131358
35.78057593577741 -0.9401454052163396
35.874242364928655 -0.9678966733357837
35.967908794079904 -0.9871624034704624
36.06157522323115 -0.9977736932061348
36.1552416523824 -0.9996375134988958
36.24890808153365 -0.9927375242596359
36.342574510684905 -0.9771342176073962
36.43624093983615 -0.952964387535725
36.5299073689874 -0.9204399306414468
36.62357379813865 -0.8798459884298622
36.7172402272899 -0.831538447482749
36.810906656441155 -0.7759408194051636
36.9045730855924 -0.7135405279045327
36.998239514743645 -0.6448846355531096
37.0919059438949 -0.5705750476972599
37.18557237304615 -0.4912632355608959
37.2792388021974 -0.40764452480538094
37.37290523134865 -0.32045199961820475
37.466571660499895 -0.23045007577314316
37.56023808965115 -0.1384277990066907
37.6539045188024 -0.0451919274640895
37.74757094795365 0.048440141139278185
37.8412373771049 0.1416475356333721
37.934903806256145 0.23361310796070875
38.02857023540739 0.32353059710319376
38.12223666455865 0.4106116975622822
38.2159030937099 0.49409297042339784
38.309569522861146 0.5732425364153456
38.403235952012395 0.6473664922866682
38.49690238116364 0.7158149942467475
38.5905688103149 0.7779879551381638
38.68423523946615 0.8333403053932528
38.777901668617396 0.881386771652192
38.871568097768645 0.9217061311484348
38.96523452691989 0.9539449045634213
39.05890095607114 0.9778204549753279
39.1525673852224 0.9931234657334128
39.246233814373646 0.9997197755344622
39.339900243524895 0.9975515546132576
39.43356667267614 0.9866378117353968
39.52723310182739 0.9670742275476856
39.62089953097865 0.9390323157471062
39.714565960129896 0.902757919422398
39.80823238928114 0.8585690557507755
39.90189881843239 0.8068531279453175
39.99556524758364 0.748063528895896
40.08923167673489 0.6827156662793658
40.182898105886146 0.611382443986944
40.27656453503739 0.5346892394830126
40.37023096418864 0.45330842112867603
40.46389739333989 0.3679534535368606
40.55756382249114 0.27937264263694506
40.651230251642396 0.18834257528609377
40.74489668079364 0.09566131094205807
40.838563109944886 0.002141385085858624
40.93222953909614 -0.09139731426651401
41.02589596824739 -0.1841347345120497
41.11956239739864 -0.27525784785163054
41.21322882654989 -0.36396777909451095
41.306895255701136 -0.4494868093870936
41.40056168485239 -0.5310651944643618
41.49422811400364 -0.6079877376484148
41.58789454315489 -0.679580059968802
41.68156097230614 -0.7452145124344656
41.775227401457386 -0.804315678624573
41.868893830608634 -0.8563654193570546
41.96256025975989 -0.9009074152083117
42.05622668891114 -0.9375511670598621
42.14989311806239 -0.9659754195992295
42.243559547213636 -0.9859309777612215
42.337225976364884 -0.9972428914179416
42.43089240551614 -0.999811989164364
42.52455883466739 -0.9936157477527959
42.61822526381863 -0.9787084895539112
42.711891692969886 -0.9552209063131986
42.805558122121134 -0.9233589133780852
42.89922455127238 -0.8834018444406564
42.99289098042364 -0.8357000026226865
43.08655740957488 -0.7806715893725863
43.180223838726135 -0.7187990380985106
43.273890267877384 -0.6506247846807832
43.36755669702863 -0.5767465119432958
43.46122312617989 -0.4978119097757104
43.55488955533113 -0.41451299684435283
43.64855598448238 -0.32758005367319154
43.742222413633634 -0.2377752202837055
43.83588884278488 -0.14588581452288032
43.92955527193613 -0.05271742965749231
44.02322170108738 0.04091312825192132
44.11688813023863 0.13418500127954816
44.210554559389884 0.2262804760854387
44.30422098854113 0.3163921527980647
44.39788741769238 0.4037300234788992
44.49155384684363 0.48752839811206833
44.58522027599488 0.5670526173991155
44.67888670514613 0.6416054935078485
44.77255313429738 0.7105334223093172
44.86621956344863 0.7732321135169866
44.95988599259988 0.8291518884921248
45.05355242175113 0.8778024992695068
45.14721885090238 0.9187574265551764
45.24088528005363 0.951657619015745
45.33455170920488 0.9762146410769141
45.42821813835612 0.992213201634549
45.52188456750738 0.9995130415090793
45.61555099665863 0.9980501630959601
45.709217425809875 0.987837391431876
45.80288385496113 0.9689642617577995
45.89655028411237 0.941596234564667
45.99021671326363 0.9059732450033116
46.08388314241488 0.8624075993760356
46.177549571566125 0.8112812371511556
46.27121600071738 0.753042382504484
46.36488242986862 0.6882016147436276
46.45854885901987 0.6173273920655619
46.552215288171126 0.5410410678907932
46.645881717322375 0.46001144346572265
46.73954814647362 0.37494890449048396
