0.0 0.0
0.10154896550462916 0.10137452339465514
0.20309793100925833 0.2017045512496808
0.3046468965138875 0.2999563498115036
0.40619586201851665 0.39511759801638957
0.5077448275231458 0.4862078177721396
0.609293793027775 0.5722884761510246
0.7108427585324041 0.6524726554076945
0.8123917240370333 0.7259341911886422
0.9139406895416624 0.7919161847791993
1.0154896550462915 0.8497388016835438
1.1170386205509208 0.8988062761863475
1.21858758605555 0.9386130497257263
1.320136551560179 0.9687489798317912
1.4216855170648082 0.988903565961365
1.5232344825694373 0.9988691486886818
1.6247834480740666 0.9985430492897395
1.7263324135786957 0.9879286276754532
1.8278813790833248 0.9671352477733722
1.929430344587954 0.9363771507146432
2.030979310092583 0.8959712474361521
2.1325282755972124 0.8463338534413981
2.2340772411018417 0.7879763993629528
2.3356262066064706 0.721500161522006
2.4371751721111 0.6475900667778026
2.538724137615729 0.5670076354976783
2.640273103120358 0.48058313535861974
2.7418220686249875 0.3892070268223602
2.8433710341296163 0.29382078842412596
2.9449199996342457 0.19540721640514858
3.0464689651388746 0.0949802986350699
3.148017930643504 -0.006425232843413909
3.249566896148133 -0.107764563004039
3.351115861652762 -0.20799355891480842
3.4526648271573914 -0.30607952778798203
3.5542137926620203 -0.4010118571584388
3.6557627581666496 -0.49181242756111365
3.757311723671279 -0.5775456904222075
3.858860689175908 -0.6573283073283034
3.960409654680537 -0.7303382513567799
4.061958620185166 -0.795823276693474
4.163507585689795 -0.8531086692723047
4.265056551194425 -0.9016041985794218
4.366605516699053 -0.9408101989951301
4.468154482203683 -0.9703227180154914
4.569703447708312 -0.9898376783097536
4.671252413212941 -0.9991540107305533
4.7728013787175705 -0.9981757259964281
4.8743503442222 -0.9869129037014127
4.975899309726829 -0.9654815884616181
5.077448275231458 -0.9341025942688327
5.178997240736087 -0.8930992293702849
5.280546206240716 -0.8428939651158979
5.382095171745346 -0.7840040830950064
5.483644137249975 -0.7170363454115432
5.585193102754603 -0.6426807430116279
5.686742068259233 -0.5617033864766215
5.788291033763862 -0.47493861253018566
5.889839999268491 -0.38328038758862776
5.991388964773121 -0.28767309692662985
6.092937930277749 -0.1891018143606561
6.194486895782378 -0.08858215270473392
6.296035861287008 0.012850200427237637
6.397584826791637 0.1141501536565498
6.499133792296266 0.2142739797648681
6.600682757800895 0.31219006956401674
6.702231723305524 0.40688956090965955
6.8037806888101535 0.4973967333445893
6.905329654314783 0.5827790612721654
7.006878619819412 0.662156822078686
7.108427585324041 0.7347121602090084
7.20997655082867 0.7996975138052261
7.311525516333299 0.8564433170859218
7.413074481837929 0.904364899105826
7.514623447342558 0.9429685078156501
7.616172412847186 0.9718563973541972
7.717721378351816 0.9907309261566847
7.819270343856445 0.9993976236550972
7.920819309361074 0.9977671939733384
8.022368274865704 0.9858564359724358
8.123917240370332 0.9637880701662719
8.22546620587496 0.9317894742911811
8.32701517137959 0.8901903405572636
8.428564136884221 0.8394192787195408
8.53011310238885 0.7799993999686361
8.631662067893478 0.7125429271416319
8.733211033398106 0.6377448867859049
8.834759998902737 0.5563759480687004
8.936308964407367 0.4692744823155608
9.037857929911995 0.3773379249908221
9.139406895416624 0.2815135291205783
9.240955860921252 0.18278860542869363
9.342504826425882 0.08218034974498024
9.444053791930513 -0.019274637502832877
9.545602757435141 -0.12053103172918747
9.64715172293977 -0.2205455545186924
9.7487006884444 -0.31828772287173884
9.850249653949028 -0.41275046661467607
9.951798619453658 -0.5029605045798461
10.053347584958287 -0.5879883726461904
10.154896550462915 -0.6669580003182296
10.256445515967545 -0.7390557371726871
10.357994481472174 -0.8035387361702833
10.459543446976804 -0.8597426074566511
10.561092412481432 -0.9070882637926804
10.662641377986061 -0.9450878870835706
10.764190343490691 -0.9733499545314253
10.86573930899532 -0.9915832726252753
10.96728827449995 -0.9995999774049871
11.068837240004578 -0.9973174700863238
11.170386205509207 -0.984759268103782
11.271935171013837 -0.9620547628026151
11.373484136518465 -0.9294378862766328
11.475033102023096 -0.8872447010877795
11.576582067527724 -0.8359099377014316
11.678131033032352 -0.7759625153133536
11.779679998536983 -0.708020092218744
11.881228964041611 -0.6327827018727333
11.982777929546241 -0.5510255402121111
12.08432689505087 -0.46359097855294384
12.185875860555498 -0.37137988435782654
12.287424826060128 -0.2753423392978317
12.388973791564757 -0.17646785024404912
12.490522757069387 -0.07577515404811784
12.592071722574016 0.025698278843459293
12.693620688078644 0.1269069337935052
12.795169653583274 0.22680802426032137
12.896718619087903 0.3243722359753629
12.998267584592533 0.4185943323116051
13.099816550097161 0.50850351157191
13.20136551560179 0.593173409482846
13.30291448110642 0.6717316438348867
13.404463446611048 0.743368802927395
13.506012412115679 0.807346785207456
13.607561377620307 0.8630064041764451
13.709110343124935 0.9097741802084793
13.810659308629566 0.9471682493023476
13.912208274134194 0.9748033278870958
14.013757239638824 0.9923946825272175
14.115306205143453 0.9997610636262418
14.216855170648081 0.9968265729018051
14.318404136152711 0.9836214453909765
14.41995310165734 0.9602817379285848
14.52150206716197 0.9270479273082496
14.623051032666599 0.8842624325697407
14.724599998171227 0.8323660869413555
14.826148963675857 0.7718935957880778
14.927697929180486 0.7034680273637943
15.029246894685116 0.6277943931311709
15.130795860189744 0.5456523837933251
15.232344825694373 0.45788833588034816
15.333893791199003 0.3654065116616454
15.435442756703631 0.26915978223006043
15.536991722208262 0.17013980975305437
15.63854068771289 0.06936683004652514
15.740089653217519 -0.032120859255232156
15.841638618722149 -0.13327759662648947
15.943187584226777 -0.23306113044968035
16.044736549731407 -0.3304433576815906
16.146285515236034 -0.42442091674203863
16.247834480740664 -0.5140255254830423
16.349383446245294 -0.5983339577228496
16.45093241174992 -0.6764775555533483
16.55248137725455 -0.7476511794123404
16.65403034275918 -0.8111215037050816
16.755579308263812 -0.8662345725025811
16.857128273768442 -0.9124225374677352
16.95867723927307 -0.9492095085862162
17.0602262047777 -0.9762164574200812
17.16177517028233 -0.9931651223642294
17.263324135786956 -0.999880875668571
17.364873101291586 -0.9962945226860024
17.466422066796213 -0.9824430148079424
17.567971032300843 -0.958469068741816
17.669519997805473 -0.9246196960532013
17.7710689633101 -0.8812436581232496
17.872617928814734 -0.8287878727437983
17.97416689431936 -0.7677928093742603
18.07571585982399 -0.6988869205044222
18.17726482532862 -0.6227801664987709
18.278813790833247 -0.5402567006379626
18.380362756337878 -0.4521667897259184
18.481911721842504 -0.35941805350726
18.583460687347134 -0.26296611315821594
18.685009652851765 -0.163804745202808
18.786558618356395 -0.06295564230172339
18.888107583861025 0.03854211358806793
18.98965654936565 0.13964275722141722
19.091205514870282 0.2393046149332668
19.192754480374912 0.33650083734996955
19.29430344587954 0.4302299793610199
19.39585241138417 0.5195263183421838
19.4974013768888 0.6034698043179035
19.598950342393426 0.6811955395431953
19.700499307898056 0.7519026898337086
19.802048273402683 0.814862735827519
19.903597238907317 0.8694269791632172
20.005146204411947 0.9150332262355505
20.106695169916573 0.9512115806637411
20.208244135421204 0.9775892847906804
20.30979310092583 0.9938945603294393
20.41134206643046 0.9999594085856491
20.51289103193509 0.9957213414041
20.614439997439717 0.9812240250050572
20.715988962944348 0.9566168300766211
20.817537928448978 0.9221532927586906
20.919086893953608 0.8781885023755164
21.02063585945824 0.8251754428319124
21.122184824962865 0.7636603253689422
21.223733790467495 0.6942769607672425
21.325282755972122 0.6177402289830852
21.426831721476752 0.5348387135016384
21.528380686981382 0.4464265762982147
21.62992965248601 0.3534147571224288
21.73147861799064 0.25676158778199787
21.833027583495266 0.1574629181303885
21.9345765489999 0.0565418554934661
22.03612551450453 -0.044961776746620115
22.137674480009156 -0.1460021527987271
22.239223445513787 -0.2455382199547959
22.340772411018413 -0.3425444249032441
22.442321376523044 -0.43602128034695375
22.543870342027674 -0.525005663054363
22.6454193075323 -0.6085807372394921
22.74696827303693 -0.6858854010269703
22.84851723854156 -0.7561231586719587
22.95006620404619 -0.8185703271215846
23.05161516955082 -0.8725834923628993
23.153164135055448 -0.9176061387321365
23.25471310056008 -0.9531743828812917
23.356262066064705 -0.9789217533230283
23.457811031569335 -0.9945829663086995
23.559359997073965 -0.9999966591353198
23.660908962578592 -0.9951070527193391
23.762457928083222 -0.9799645263071496
23.86400689358785 -0.9547250984009028
23.965555859092483 -0.9196488192478185
24.067104824597113 -0.8750970914557282
24.16865379010174 -0.8215289463414113
24.27020275560637 -0.7594963143777728
24.371751721110996 -0.6896383384700346
24.473300686615627 -0.6126747886531061
24.574849652120257 -0.5293986460607688
24.676398617624884 -0.4406679325764593
24.777947583129514 -0.3473968703475023
24.879496548634144 -0.25054646224930155
24.981045514138774 -0.15111459035204985
25.082594479643404 -0.05012573440880486
25.18414344514803 0.05137958370123586
25.28569241065266 0.15235552081685574
25.387241376157288 0.2517616881658454
25.488790341661918 0.34857387083769154
25.59033930716655 0.44179458061152005
25.691888272671175 0.5304633334100732
25.793437238175805 0.6136665454876458
25.894986203680432 0.6905469463882266
25.996535169185066 0.7603124116890729
26.098084134689696 0.8222441245229132
26.199633100194323 0.8757039817879984
26.301182065698953 0.9201411687372657
26.40273103120358 0.9550978342064554
26.50427999670821 0.9802138080074378
26.60582896221284 0.9952303118818273
26.707377927717467 0.9999926257797297
26.808926893222097 0.9944516819920395
26.910475858726727 0.9786645707114179
27.012024824231357 0.95279395181299
27.113573789735987 0.9171063789153773
27.215122755240614 0.8719695529898268
27.316671720745244 0.8178485338144095
27.41822068624987 0.755300948307964
27.5197696517545 0.6849712451138767
27.62131861725913 0.6075840546306939
27.722867582763758 0.5239367229033361
27.82441654826839 0.43489109630074196
27.925965513773015 0.34136464162518126
28.02751447927765 0.2443209931456378
28.12906344478228 0.1447600239524407
28.230612410286906 0.043707543931163155
28.332161375791536 -0.057795269498902804
28.433710341296162 -0.15870259898307998
28.535259306800793 -0.25797476263649166
28.636808272305423 -0.35458892623340205
28.73835723781005 -0.44754964180953827
28.83990620331468 -0.5358991040946218
28.94145516881931 -0.6187270190996342
29.04300413432394 -0.695179983179532
29.14455309982857 -0.7644702759357487
29.246102065333197 -0.8258839763622943
29.347651030837827 -0.8787883186120976
29.449199996342454 -0.9226382115946469
29.550748961847084 -0.9569818552313868
29.652297927351714 -0.9814653955026669
29.75384689285634 -0.9958365703237799
29.85539585836097 -0.9999473086853922
29.956944823865598 -0.9937552562785554
30.05849378937023 -0.9773242118852852
30.160042754874862 -0.950823470038425
30.26159172037949 -0.914526076723585
30.36314068588412 -0.868806016095242
30.464689651388746 -0.8141343571932209
30.566238616893376 -0.7510744003611851
30.667787582398006 -0.6802758733752549
30.769336547902633 -0.6024682370819345
30.870885513407263 -0.5184531695196058
30.972434478911893 -0.4290963059622241
31.073983444416523 -0.33531831999024686
31.175532409921153 -0.238085437483542
31.27708137542578 -0.1383994812737547
31.37863034093041 -0.037287549029386725
31.480179306435037 0.06420856927416431
31.581728271939667 0.1650431252643577
31.683277237444297 0.26417718686589664
31.784826202948924 0.36058934276456567
31.886375168453554 0.45328622634881977
31.98792413395818 0.5413127506974111
32.089473099462815 0.6237619491586464
32.19102206496744 0.6997843201303853
32.29257103047207 0.7685965797585346
32.3941199959767 0.8294897323719312
32.49566896148133 0.881836375501299
32.59721792698596 0.925097164216259
32.69876689249059 0.9588263681760795
32.80031585799522 0.982676464138124
32.90186482349984 0.996401716605758
33.003413789004476 0.9998607097231799
33.1049627545091 0.9930178043301553
33.20651172001374 0.975943505164183
33.30806068551836 0.9488137344266627
33.40960965102299 0.9119080191977473
33.511158616527624 0.8656066113755692
33.61270758203225 0.8103865698140694
33.714256547536884 0.7468168450264241
33.81580551304151 0.6755524170980988
33.91735447854614 0.5973275472084549
34.018903444050764 0.5129482122928387
34.1204524095554 0.42328380079328026
34.222001375060024 0.3292581550593159
34.32355034056466 0.23184005269196337
34.42509930606928 0.13203322490491057
34.52664827157391 0.030866014746829446
34.628197237078545 -0.07061921826008613
34.72974620258317 -0.1713768378981246
34.831295168087806 -0.27036870479291386
34.932844133592425 -0.3665748727097305
35.03439309909706 -0.45900409739995734
35.135942064601686 -0.546704049721227
35.23749103010632 -0.6287711278024122
35.339039995610946 -0.7043597671551485
35.44058896111557 -0.7726911528069342
35.5421379266202 -0.8330612436916314
35.64368689212483 -0.8848480266194936
35.74523585762947 -0.9275179250865918
35.846784823134094 -0.9606312968915811
35.94833378863872 -0.9838469639159966
36.04988275414335 -0.9969257273962383
36.15143171964798 -0.9997328324682483
36.25298068515261 -0.9922393565918375
36.35452965065724 -0.9745225075492675
36.45607861616186 -0.9467648279477148
36.557627581666495 -0.9092523144218627
36.65917654717113 -0.862371470915171
36.760725512675755 -0.8066053264007731
36.86227447818039 -0.742528458072784
36.96382344368501 -0.6708010712857867
37.06537240918964 -0.5921621972387207
37.16692137469427 -0.5074220784899205
37.2684703401989 -0.4174538207576249
37.37001930570353 -0.32318439702048907
37.471568271208156 -0.22558509660564427
37.57311723671279 -0.12566151767069347
37.674666202217416 -0.024443206190382857
37.77621516772205 0.07702695179914805
37.87776413322668 0.17770347540311476
37.9793130987313 0.27654906080663627
38.08086206423593 0.37254526896202306
38.182411029740564 0.46470301890611576
38.28395999524519 0.5520727785914447
38.385508960749824 0.6337543482317842
38.487057926254444 0.7089061353608616
38.58860689175908 0.7767538260404125
38.69015585726371 0.836598362874979
38.79170482276834 0.887823147633545
38.89325378827297 0.9299003942668504
38.9948027537776 0.962396566863137
39.096351719282225 0.9849768465133246
39.19790068478685 0.9974085810619364
39.299449650291486 0.9995636821998876
39.40099861579611 0.9914199452010722
39.502547581300746 0.9730612777050655
39.604096546805366 0.9446768351887215
39.70564551231 0.9065590720341634
39.80719447781463 0.8591007282737259
39.90874344331926 0.8027907830583482
40.010292408823894 0.7382094165422145
40.11184137432851 0.6660220320930738
40.21339033983315 0.586972400419263
40.314939305337774 0.5018749962520007
40.41648827084241 0.4116066065404056
40.518037236347034 0.31709729662305886
40.61958620185166 0.21932082745444806
40.721135167356294 0.11928462262096119
40.82268413286092 0.018019388519556322
40.924233098365555 -0.08343150535420549
41.02578206387018 -0.18402277659015226
41.12733102937481 -0.2827179997569964
41.228879994879435 -0.3785002850393434
41.33042896038407 -0.47038275559277337
41.431977925888695 -0.5574187156652296
41.53352689139333 -0.6387114047192751
41.635075856897956 -0.7134232370550783
41.73662482240258 -0.7807844317353925
41.838173787907216 -0.8401009438953811
41.93972275341184 -0.8907616157184286
42.04127171891648 -0.9322444733990741
42.142820684421096 -0.9641221052132634
42.24436964992573 -0.9860660652839849
42.34591861543036 -0.9978502576687007
42.44746758093499 -0.9993532659013045
42.54901654643962 -0.9905596039864747
42.650565511944244 -0.9715598759570544
42.75211447744888 -0.9425498423504659
42.853663442953504 -0.9038284032225844
42.95521240845814 -0.8557945184807143
43.056761373962765 -0.7989430972665669
43.15831033946739 -0.7338598987422178
43.25985930497202 -0.6612154968180256
43.36140827047665 -0.5817583710058779
43.46295723598128 -0.4963071945850622
43.56450620148591 -0.4057423995382666
43.66605516699053 -0.31099710516714774
43.767604132495165 -0.21304750385273985
43.8691530979998 -0.11290280301971731
43.970702063504426 -0.011594826935515975
44.07225102900906 0.08983261451939287
44.17379999451368 0.19033448057292696
44.27534896001831 0.2888752669652453
44.37689792552294 0.3844396750945506
44.47844689102757 0.47604307297743553
44.5799958565322 0.5627416402406848
44.68154482203683 0.6436420926175452
44.78309378754146 0.7179108857535621
44.88464275304609 0.7847828034921743
44.98619171855072 0.8435688421521356
45.08774068405535 0.8936633095623013
45.189289649559974 0.9345500657101965
45.2908386150646 0.9658078407047643
45.392387580569235 0.9871145752606225
45.49393654607386 0.9982507389823351
45.595485511578495 0.9991015922593347
45.69703447708312 0.9896583684664086
45.79858344258775 0.9700183642891658
45.90013240809238 0.9403839372438169
46.00168137359701 0.9010604207201747
46.10323033910164 0.8524529780298441
46.20477930460626 0.7950624278734598
46.306328270110896 0.7294800842384647
46.40787723561552 0.6563816638938521
46.50942620112016 0.576520324254781
46.61097516662478 0.4907189033504693
46.71252413212941 0.3998614418493895
46.814073097634044 0.3048840744933029
46.91562206313867 0.20676538478868206
47.017171028643304 0.10651632233427784
47.11871999414793 0.005169786670139696
47.22026895965256 -0.09623001503103593
47.321817925157184 -0.19663832677879306
47.42336689066182 -0.2950206082344977
47.524915856166444 -0.3903631939256091
47.62646482167108 -0.4816837373793149
47.7280137871757 -0.5680413325659565
47.82956275268033 -0.6485462083678735
47.931111718184965 -0.7223688961880353
48.03266068368959 -0.7887487762418058
48.134209649194226 -0.847001914476381
48.235758614698845 -0.896528109371506
48.33730758020348 -0.9368170760160499
48.438856545708106 -0.967453703743661
48.54040551121274 -0.9881223331565063
48.641954476717366 -0.9986100084693517
48.74350344222199 -0.9988086716640842
48.84505240772663 -0.9887162758475203
48.94660137323125 -0.9684368063412355
49.04815033873589 -0.938179209286092
49.149699304240514 -0.8982552388004436
49.25124826974514 -0.8490762448734195
49.35279723524977 -0.7911489350887414
49.4543462007544 -0.7250701538474111
49.55589516625903 -0.6515207328807204
49.65744413176366 -0.5712584764137203
49.75899309726829 -0.48511035325547874
49.860542062772915 -0.3939639762634725
49.96209102827755 -0.29875845697216696
50.063639993782175 -0.20047472961354948
50.16518895928681 -0.1001254442243872
50.26673792479143 0.0012554670249256235
50.36828689029606 0.10262344277858981
50.46983585580069 0.20293405495948455
50.57138482130532 0.30115376986021924
50.67293378680995 0.3962705969857117
0.0 0.0
0.10309619264431116 0.1029136577806482
0.20619238528862233 0.2047344328286338
0.3092885779329335 0.3043810481854267
0.41238477057724465 0.40079531519424216
0.5154809632215558 0.49295337084342
0.618577155865867 0.5798765505915695
0.7216733485101782 0.6606417812114485
0.8247695411544893 0.7343913832866656
0.9278657337988004 0.8003421792644368
1.0309619264431116 0.8577938103422105
1.1340581190874228 0.9061361738677025
1.237154311731734 0.9448559022715113
1.340250504376045 0.9735418147298425
1.4433466970203563 0.9918892836638846
1.5464428896646674 0.9997034697061667
1.6495390823089786 0.9969013907804556
1.7526352749532899 0.9835128033227722
1.8557314675976009 0.9596798862854813
1.9588276602419121 0.9256557312801407
2.061923852886223 0.8818016548929126
2.1650200455305346 0.8285833617141695
2.2681162381748456 0.7665659988286726
2.371212430819157 0.6964081542847376
2.474308623463468 0.6188548632751315
2.577404816107779 0.534729696299954
2.68050100875209 0.4449260133305854
2.7835972013964017 0.350397476850346
2.8866933940407127 0.25214792451782336
2.989789586685024 0.15122070899923812
3.0928857793293347 0.04868761817459366
3.195981971973646 -0.054362506621489136
3.299078164617957 -0.15683533345661946
3.4021743572622687 -0.25764266096442623
3.5052705499065797 -0.35571397440532015
3.6083667425508903 -0.45000781390565125
3.7114629351952018 -0.5395228341512155
3.8145591278395132 -0.623308438087646
3.9176553204838243 -0.7004748717040317
4.020751513128135 -0.7702026726990692
4.123847705772446 -0.8317513726904529
4.226943898416758 -0.8844673605551405
4.330040091061069 -0.9277908233964276
4.433136283705379 -0.9612616914288316
4.536232476349691 -0.9845245236495873
4.639328668994002 -0.9973322824137872
4.742424861638314 -0.9995489568293948
4.845521054282624 -0.9911510071132076
4.948617246926936 -0.9722276145695584
5.051713439571247 -0.94297973453713
5.154809632215558 -0.9037179623610276
5.257905824859869 -0.8548592350522402
5.36100201750418 -0.7969224036609309
5.464098210148492 -0.7305227233823592
5.567194402792803 -0.6563653199072819
5.6702905954371134 -0.5752377014003563
5.773386788081425 -0.4880013956249531
5.876482980725736 -0.3955828010232171
5.979579173370048 -0.29896334890752374
6.082675366014358 -0.1991690812351213
6.1857715586586695 -0.09725975464385148
6.288867751302981 0.005682413542261987
6.391963943947292 0.10856423782675732
6.495060136591603 0.2102931735300458
6.598156329235914 0.3097889189736152
6.7012525218802255 0.4059948876507413
6.804348714524537 0.4978894285559731
6.9074449071688475 0.5844966755200645
7.010541099813159 0.6648969103367891
7.1136372924574705 0.7382363296312761
7.216733485101781 0.8037361117514831
7.3198296777460925 0.860700687397709
7.4229258703904035 0.9085251261609106
7.526022063034715 0.9467015605291307
7.6291182556790265 0.9748245791428325
7.732214448323337 0.9925955320259484
7.8353106409676485 0.9998257020735992
7.9384068336119595 0.9964383091171493
8.04150302625627 0.9824693252846006
8.144599218900582 0.9580670929976749
8.247695411544893 0.9234907496622325
8.350791604189203 0.8791074757808889
8.453887796833516 0.8253885957112634
8.556983989477827 0.7629045724775312
8.660080182122138 0.6923189497874154
8.763176374766449 0.6143813055868959
8.866272567410759 0.5299192919817077
8.969368760055072 0.43982984605702796
9.072464952699383 0.34506966493129654
9.175561145343693 0.24664504619347602
9.278657337988005 0.14560120161241197
9.381753530632315 0.0430111576004025
9.484849723276628 -0.060035639698462866
9.587945915920939 -0.16244489368785794
9.691042108565249 -0.2631290781077789
9.79413830120956 -0.36101898592606385
9.897234493853873 -0.45507508369045957
10.000330686498183 -0.5442985507646655
10.103426879142495 -0.6277418862181325
10.206523071786805 -0.7045189707306483
10.309619264431117 -0.7738144766602152
10.412715457075429 -0.8348925263447731
10.515811649719739 -0.8871045066917106
10.61890784236405 -0.9298959570687888
10.72200403500836 -0.962812457351105
10.82510022765267 -0.9855044535965108
10.928196420296985 -0.9977309701036171
11.031292612941295 -0.9993621684325174
11.134388805585607 -0.9903807262129292
11.237484998229917 -0.9708820210976143
11.340581190874227 -0.941073117907602
11.44367738351854 -0.9012705697251393
11.54677357616285 -0.8518970562854816
11.64986976880716 -0.7934768953658083
11.752965961451473 -0.7266304748377123
11.856062154095783 -0.6520676645115873
11.959158346740097 -0.5705802777352543
12.062254539384407 -0.4830336628002692
12.165350732028717 -0.3903575134501888
12.268446924673029 -0.29353599607787495
12.371543117317339 -0.19359729845518053
12.47463930996165 -0.09160271098137487
12.577735502605963 0.01136464359891151
12.680831695250273 0.1142113123244713
12.783927887894585 0.21584512384715127
12.887024080538895 0.31518678665148586
12.990120273183207 0.41118135049808213
13.093216465827519 0.5028094093768922
13.196312658471829 0.5890979270016183
13.299408851116139 0.6691305698848246
13.402505043760451 0.7420574382625483
13.505601236404763 0.8071040915317048
13.608697429049075 0.8635797723554313
13.711793621693385 0.9108847421011815
13.814889814337695 0.9485166497135269
13.917986006982007 0.9760758663879571
14.021082199626319 0.99326972939458
14.124178392270629 0.9999156499847988
14.227274584914941 0.9959430523768142
14.330370777559251 0.9813941232290663
14.433466970203561 0.9564233636426449
14.536563162847875 0.9212959484501413
14.639659355492185 0.8763849102143377
14.742755548136497 0.8221671778409995
14.845851740780807 0.7592185118734108
14.948947933425117 0.6882073902528246
15.05204412606943 0.6098879094744921
15.155140318713741 0.5250917765248342
15.258236511358053 0.4347194766406531
15.361332704002363 0.33973071068366795
15.464428896646673 0.2411342036797877
15.567525089290987 0.1399769927505058
15.670621281935297 0.037333308192303176
15.773717474579607 -0.06570683421956452
15.876813667223919 -0.16804920855977976
15.97990985986823 -0.26860699879101085
16.08300605251254 -0.3663123401133077
16.186102245156853 -0.4601276590624385
16.289198437801165 -0.549056691932013
16.392294630445473 -0.632155064510175
16.495390823089785 -0.7085403207802895
16.598487015734097 -0.7774012940866553
16.701583208378405 -0.8380067212490101
16.80467940102272 -0.889713008148953
16.907775593667033 -0.9319710643222805
17.01087178631134 -0.9643321339779385
17.113967978955653 -0.9864525615215229
17.21706417159996 -0.9980974409762857
17.320160364244277 -0.9991431105469472
17.42325655688859 -0.9895784658354849
17.526352749532897 -0.9695050777633368
17.62944894217721 -0.9391361139477372
17.732545134821518 -0.8987940749865547
17.83564132746583 -0.8489073696909384
17.938737520110145 -0.7900057656348202
18.041833712754453 -0.7227147633337577
18.144929905398765 -0.647748953796016
18.248026098043074 -0.5659044299848737
18.351122290687385 -0.4780503327778828
18.4542184833317 -0.3851196212001301
18.55731467597601 -0.28809916494615956
18.66041086862032 -0.18801926440214528
18.76350706126463 -0.0859427094596387
18.86660325390894 0.017046506690258204
18.969699446553257 0.11985469892928269
19.072795639197565 0.22139010450700514
19.175891831841877 0.32057447692143826
19.278988024486186 0.41635453626493896
19.382084217130497 0.5077131544395794
19.48518040977481 0.5936801564614314
19.58827660241912 0.6733426231503342
19.691372795063433 0.7458545857965644
19.794468987707745 0.8104460098527498
19.897565180352053 0.8664309722494787
20.000661372996365 0.9132149454963168
20.103757565640677 0.9503011112153185
20.20685375828499 0.9772956360610461
20.3099499509293 0.9939118539998893
20.41304614357361 0.9999733105353397
20.51614233621792 0.9954156365513324
20.619238528862233 0.9802872318745338
20.722334721506545 0.9547487512965483
20.825430914150857 0.919071398514184
20.928527106795165 0.8736340461051332
21.031623299439477 0.8189192121232317
21.134719492083786 0.75550793603952
21.2378156847281 0.6840736084435639
21.340911877372413 0.605374820030061
21.44400807001672 0.5202473058102184
21.547104262661033 0.42959507009571857
21.65020045530534 0.3343807865027444
21.753296647949657 0.23561557492232477
21.85639284059397 0.13434826401969976
21.959489033238278 0.03165425328853587
22.06258522588259 -0.07137590706145187
22.165681418526898 -0.17364809710858425
22.268777611171213 -0.27407624613160425
22.371873803815525 -0.3715938660442023
22.474969996459834 -0.4651653768735049
22.578066189104145 -0.5537971040124758
22.681162381748454 -0.6365478304618777
22.784258574392766 -0.7125387920032232
22.88735476703708 -0.780963009159755
22.99045095968139 -0.8410938568455548
23.0935471523257 -0.892292780698134
23.19664334497001 -0.9340160781515123
23.29973953761432 -0.965820672238846
23.402835730258637 -0.9873688168101384
23.505931922902946 -0.9984316831984185
23.609028115547257 -0.9988917902460821
23.712124308191566 -0.9887442518859307
23.815220500835878 -0.9680968290283424
23.918316693480193 -0.9371687852035573
24.0214128861245 -0.8962885581114926
24.124509078768813 -0.8458902718058388
24.227605271413122 -0.7865091265510447
24.330701464057434 -0.7187757153091502
24.433797656701746 -0.6434093272121051
24.536893849346058 -0.5612103091327214
24.63999004199037 -0.4730515664699334
24.743086234634678 -0.37986929340503317
24.84618242727899 -0.28265303106811335
24.9492786199233 -0.18243515919120903
25.052374812567614 -0.0802799328405614
25.155471005211925 0.02272781934847171
25.258567197856234 0.12549421541575154
25.361663390500546 0.22692793646171516
25.464759583144858 0.32595181581449584
25.56785577578917 0.42151427790871443
25.67095196843348 0.5126005054017001
25.77404816107779 0.5982432159389286
25.8771443537221 0.6775329341257597
25.980240546366414 0.7496276496231078
26.083336739010722 0.8137617588037905
26.186432931655037 0.8692541950143708
26.289529124299346 0.9155156611038527
26.392625316943658 0.9520548874140917
26.49572150958797 0.9784838487756333
26.598817702232278 0.9945218851076182
26.701913894876594 0.999998681863358
26.805010087520902 0.9948560786710053
26.908106280165214 0.9791486869626191
27.011202472809526 0.9530433100327618
27.114298665453834 0.9168171716852674
27.21739485809815 0.8708549722789065
27.320491050742458 0.8156448034350469
27.42358724338677 0.7517729647906609
27.52668343603108 0.6799177378398028
27.62977962867539 0.6008421829816456
27.732875821319702 0.5153860362662267
27.835972013964014 0.42445679188974395
27.939068206608326 0.329020065138022
28.042164399252638 0.23008933811808216
28.145260591896946 0.12871519717212457
28.248356784541258 0.025974176266260546
28.35145297718557 -0.07704267516927947
28.454549169829882 -0.179241378545695
28.557645362474194 -0.2795366435270944
28.660741555118502 -0.3768633931778201
28.763837747762814 -0.4701880744553256
28.866933940407122 -0.5585196339377468
28.970030133051438 -0.6409200422304588
29.07312632569575 -0.716514255288479
29.176222518340058 -0.7844995068714279
29.27931871098437 -0.8441538334505325
29.38241490362868 -0.8948437410381798
29.485511096272994 -0.9360309325228199
29.588607288917306 -0.9672780240688026
29.691703481561614 -0.9882531898763955
29.794799674205926 -0.998733685977305
29.897895866850234 -0.998608215645076
30.00099205949455 -0.9878781113011036
30.10408825213886 -0.9666573203651002
30.20718444478317 -0.9351711952002764
30.310280637427482 -0.8937541000033086
30.41337683007179 -0.8428458600525344
30.516473022716106 -0.782987091021244
30.619569215360418 -0.7148134579560803
30.722665408004726 -0.6390489248867612
30.825761600649038 -0.5564980667523648
30.928857793293346 -0.4680375252870176
31.03195398593766 -0.37460669959841536
31.135050178581974 -0.27719777029985504
31.238146371226282 -0.17684516313359813
31.341242563870594 -0.0746145639756864
31.444338756514902 0.028408398123474763
31.547434949159214 0.13112967968342548
31.65053114180353 0.232458440894224
31.753627334447838 0.33131862969593406
31.85672352709215 0.4266604088209077
31.95981971973646 0.5174713044502688
32.062915912380774 0.6027869580925376
32.16601210502508 0.6817013675056073
32.26910829766939 0.7533765079096281
32.372204490313706 0.8170512313190209
32.475300682958014 0.8720493494880002
32.57839687560233 0.9177868146334898
32.68149306824664 0.9537779216802658
32.78458926089095 0.9796404661642297
32.88768545353526 0.9950998030198119
32.99078164617957 0.9999917631496115
33.093877838823886 0.9942643968040036
33.196974031468194 0.9779785252570331
33.30007022411251 0.9513070949201252
33.40316641675681 0.9145333407525643
33.506262609401126 0.8680477784721914
33.60935880204544 0.8123440575073756
33.71245499468975 0.7480137187293757
33.815551187334066 0.6757399126349484
33.91864737997837 0.5962901446884741
34.02174357262268 0.5105081248636627
34.124839765267 0.41930480793816255
34.227935957911306 0.32364871968765424
34.33103215055562 0.22455567170970536
34.43412834319992 0.12307797409997842
34.53722453584424 0.020293260535643242
34.640320728488554 -0.08270695556263256
34.74341692113286 -0.184828872263574
34.84651311377718 -0.2849880146607958
34.94960930642148 -0.3821207513606922
35.052705499065794 -0.4751955896245724
35.1558016917101 -0.5632241292169422
35.25889788435442 -0.6452715586368264
35.361994076998734 -0.7204665822680095
35.465090269643035 -0.7880106730278689
35.56818646228735 -0.8471865522570426
35.67128265493166 -0.8973658067983689
35.774378847575974 -0.9380155623763817
35.87747504022029 -0.9687041424097935
35.98057123286459 -0.9891056521638145
36.08366742550891 -0.9990034395612506
36.186763618153215 -0.9982923959005762
36.28985981079753 -0.9869800720487576
36.392956003441846 -0.9651865982554675
36.49605219608615 -0.9331434084402417
36.59914838873046 -0.8911907824998674
36.70224458137477 -0.8397742327353317
36.805340774019086 -0.7794397727722489
36.9084369666634 -0.7108281192161744
37.0115331593077 -0.634667887617746
37.11462935195202 -0.5517678550025045
37.21772554459633 -0.4630083711329387
37.32082173724064 -0.36933200970987456
37.42391792988496 -0.27173355879221833
37.52701412252926 -0.17124945673076022
37.630110315173575 -0.06894678580024857
37.73320650781788 0.03408805958891035
37.8363027004622 0.13676090976268812
37.939398893106514 0.23798143922407364
38.042495085750815 0.3366747452708767
38.14559127839513 0.4317927628325209
38.24868747103944 0.5223253943067828
38.351783663683754 0.6073112362044353
38.45487985632806 0.685847788690812
38.55797604897237 0.7571010396051798
38.66107224161669 0.82031432118109
38.764168434260995 0.8748163454145985
38.86726462690531 0.9200283327494859
38.97036081954962 0.9554701583769188
39.07345701219393 0.9807654508795635
39.17655320483824 0.9956455890754514
39.27964939748255 0.9999525546175059
39.382745590126866 0.9936406100557855
39.485841782771175 0.9767767845423959
39.58893797541549 0.9495401620211733
39.6920341680598 0.9122199794611634
39.79513036070411 0.8652125553295072
39.89822655334842 0.8090170809215864
40.00132274599273 0.7442303192420344
40.104418938637046 0.671540267731334
40.207515131281355 0.5917188521362383
40.31061132392566 0.5056137291106969
40.41370751656998 0.41413928459897703
40.51680370921429 0.3182669235928352
40.6198999018586 0.21901475437975626
40.72299609450291 0.11743677682965913
40.82609228714722 0.01461168953393196
40.929188479791534 -0.08836856534141252
41.03228467243584 -0.19041039784158142
41.13538086508016 -0.2904301835074681
41.23847705772447 -0.38736577083228935
41.341573250368775 -0.48018776068815805
41.44466944301309 -0.5679104379415156
41.5477656356574 -0.6496022391701514
41.650861828301714 -0.7243956453208408
41.753958020946015 -0.7914963942532288
41.85705421359033 -0.8501919153383392
41.960150406234646 -0.8998588965409868
42.063246598878955 -0.9399699036283337
42.16634279152327 -0.9700989812123366
42.26943898416757 -0.9899261761463167
42.37253517681189 -0.999240935239889
42.4756313694562 -0.9979443412104286
42.57872756210051 -0.9860501631266555
42.681823754744826 -0.9636847101891861
42.78491994738913 -0.9310854904008574
42.88801614003344 -0.8885986883709072
42.99111233267776 -0.8366754890373339
43.09420852532207 -0.7758672863472627
43.19730471796638 -0.706819827776359
43.30040091061068 -0.6302663568691168
43.403497103255 -0.5470198266220768
43.506593295899314 -0.45796426639950516
43.60968948854362 -0.3640453940595986
43.71278568118794 -0.26626057298505695
43.81588187383224 -0.16564822066851995
43.918978066476555 -0.06327678132728312
44.02207425912087 0.03976662034803434
44.12517045176518 0.14238772382063827
44.228266644409494 0.2434967531131789
44.331362837053796 0.3420199895899069
44.43445902969811 0.4369111742194101
44.53755522234243 0.5271626182322742
44.640651414986735 0.6118159041853029
44.74374760763105 0.6899720637930891
44.84684380027535 0.7608011244443182
44.94993999291967 0.8235509230245529
45.053036185563975 0.8775550934476322
45.15613237820829 0.9222401430730339
45.259228570852606 0.9571315428615875
45.36232476349691 0.9818587665957828
45.46542095614122 0.9961592256510592
45.56851714878553 0.999881057533088
45.67161334142985 0.9929847385684774
45.77470953407416 0.975543503623015
45.877805726718464 0.9477425683903195
45.98090191936278 0.9098771625097033
46.08399811200709 0.8623493944004501
46.1870943046514 0.8056639811060318
46.29019049729572 0.740422888494921
46.39328668994002 0.6673189387358505
46.496382882584335 0.5871284529323744
46.59947907522864 0.5007030070477809
46.70257526787296 0.40896038866736845
46.805671460517274 0.3128748506322079
46.908767653161576 0.21346676504492618
47.01186384580589 0.11179178751591988
47.1149600384502 0.008929646719533457
47.218056231094515 -0.09402732169176568
47.32115242373883 -0.19598577505179265
47.42424861638313 -0.29586297433901676
47.52734480902745 -0.3925982822304741
47.630441001671755 -0.485164426448458
47.73353719431607 -0.5725784087901515
47.836633386960386 -0.6539119439923994
47.93972957960469 -0.7283013175771932
48.042825772249 -0.7949565579932777
48.14592196489331 -0.8531698256509946
48.24901815753763 -0.9023229297639493
48.352114350181935 -0.9418938931728321
48.455210542826244 -0.9714624954369685
48.55830673547056 -0.990714735329114
48.66140292811487 -0.999446165344465
48.76449912075918 -0.9975640628133495
48.86759531340349 -0.9850884145616347
48.9706915060478 -0.9621517046623493
49.073787698692115 -0.9289975075324692
49.17688389133642 -0.885977901315366
49.27998008398074 -0.8335497290172441
49.38307627662505 -0.7722697471021733
49.486172469269356 -0.7027887130647053
49.58926866191367 -0.6258444747666698
49.69236485455798 -0.5422541349253187
49.795461047202295 -0.4529053739612968
49.8985572398466 -0.35874702335284936
50.00165343249091 -0.2607789896015476
50.10474962513523 -0.1600416358112585
50.207845817779535 -0.057604733641712626
50.31094201042385 0.045443897039626764
50.41403820306816 0.14800994016697902
50.51713439571247 0.24900420447158572
50.62023058835678 0.3473541900546382
50.72332678100109 0.4420154777076401
50.82642297364541 0.5319828200323624
50.929519166289715 0.6163008165790311
51.032615358934024 0.6940740596392322
51.13571155157834 0.7644766429509963
51.23880774422265 0.8267609323392633
51.34190393686696 0.8802655051526995
51.44500012951127 0.9244221741845916
