0.0 0.0
0.09187496593693742 0.0917457675692311
0.18374993187387484 0.1827176528472584
0.2756248978108123 0.27214830129687173
0.3674998637477497 0.3592833588267632
0.45937482968468707 0.44338783482371985
0.5512497956216246 0.5237523018524555
0.6431247615585619 0.5996988797281575
0.7349997274954994 0.6705869534856598
0.8268746934324367 0.7358185770137471
0.9187496593693741 0.7948435167745422
1.0106246253063116 0.8471638930638316
1.1024995912432491 0.8923383796629548
1.1943745571801865 0.9299859264578899
1.2862495231171238 0.9597889736249658
1.3781244890540612 0.98149613027131
1.4699994549909987 0.9949242949355027
1.5618744209279363 0.9999602000618592
1.6537493868648734 0.9965613674205851
1.745624352801811 0.9847564664147662
1.8374993187387483 0.9646450722518464
1.9293742846756858 0.9363968260194361
2.021249250612623 0.9002500037502726
2.113124216549561 0.8565095065463744
2.2049991824864983 0.8055442887158408
2.296874148423435 0.7477842456161518
2.388749114360373 0.683716587455235
2.4806240802973103 0.6138817296375649
2.5724990462342476 0.5388687343205103
2.6643740121711854 0.45931034163175255
2.7562489781081223 0.3758776324598146
2.84812394404506 0.28927436783744864
2.9399989099819974 0.20023105266561622
3.0318738759189348 0.10949877385096417
3.1237488418558725 0.017842864832576737
3.2156238077928094 -0.07396355006182043
3.3074987737297468 -0.16514607697638056
3.3993737396666845 -0.25493558459621063
3.491248705603622 -0.3425746918265312
3.5831236715405597 -0.4273241563578678
3.6749986374774966 -0.5084691102292498
3.7668736034144343 -0.5853250897919962
3.8587485693513717 -0.6572438092108835
3.9506235352883086 -0.723618628802808
4.042498501225246 -0.7838896720870896
4.134373467162184 -0.8375485483847254
4.226248433099122 -0.8841426411311283
4.318123399036058 -0.9232789257301062
4.409998364972997 -0.9546272847452151
4.501873330909934 -0.9779232924645892
4.59374829684687 -0.9929704453512543
4.685623262783809 -0.9996418195649015
4.777498228720746 -0.9978811415738054
4.869373194657683 -0.987703262826201
4.961248160594621 -0.9691940344772257
5.053123126531558 -0.9425095832281174
5.144998092468495 -0.9078749943860167
5.236873058405433 -0.8655824132528616
5.328748024342371 -0.8159885808582965
5.420622990279308 -0.759511824822876
5.512497956216245 -0.6966285307338425
5.604372922153183 -0.6278691237976901
5.69624788809012 -0.553813594664577
5.7881228540270575 -0.47508660716456536
5.879997819963995 -0.39235222922231555
5.971872785900932 -0.3063083313953436
6.0637477518378695 -0.21768070028458653
6.155622717774807 -0.12721691647109082
6.247497683711745 -0.03568004861887564
6.3393726496486815 0.05615778306531619
6.431247615585619 0.14752191972270873
6.523122581522557 0.2376416981468829
6.6149975474594935 0.3257569513845536
6.706872513396432 0.41112442079968825
6.798747479333369 0.4930240255147072
6.890622445270306 0.5707649363456087
6.982497411207244 0.643691402996896
7.074372377144181 0.7111882853635076
7.166247343081119 0.7726862422828061
7.258122309018056 0.8276665339691192
7.349997274954993 0.8756653976219556
7.4418722408919304 0.9162779592993011
7.533747206828869 0.9491616490590735
7.625622172765806 0.9740390905617551
7.717497138702743 0.9907004407602013
7.80937210463968 0.9990051599411615
7.901247070576617 0.9988831971880885
7.993122036513556 0.9903355812657665
8.084997002450493 0.9734344119426055
8.176871968387431 0.9483222518237947
8.268746934324367 0.915210923825255
8.360621900261304 0.8743797244317747
8.452496866198244 0.8261730678106359
8.54437183213518 0.7709975806528132
8.636246798072117 0.7093186722469431
8.728121764009055 0.6416566087177811
8.819996729945993 0.5685821245432106
8.91187169588293 0.4907116083669802
9.003746661819868 0.40870190371519527
9.095621627756804 0.3232447684729187
9.18749659369374 0.23506103985556698
9.27937155963068 0.14489455409403182
9.371246525567617 0.05350587212142564
9.463121491504554 -0.03833413581429856
9.554996457441492 -0.12985079249752232
9.646871423378428 -0.22027214820419763
9.738746389315367 -0.3088354921545066
9.830621355252305 -0.39479378603432347
9.922496321189241 -0.4774219653182943
10.014371287126178 -0.556023055242391
10.106246253063116 -0.6299340498372591
10.198121219000054 -0.6985315044322848
10.28999618493699 -0.7612367944572092
10.381871150873929 -0.8175209961828992
10.473746116810865 -0.8669093482318629
10.565621082747803 -0.9089852562253631
10.657496048684742 -0.9433938067876082
10.749371014621678 -0.9698447612661607
10.841245980558616 -0.9881150039162985
10.933120946495553 -0.9980504238987142
11.02499591243249 -0.9995672152157719
11.11687087836943 -0.9926525836212532
11.208745844306366 -0.9773648545407665
11.300620810243302 -0.9538329810924943
11.39249577618024 -0.9222554563581655
11.484370742117177 -0.882898639079328
11.576245708054115 -0.8360945069017851
11.668120673991053 -0.782237856119765
11.75999563992799 -0.7217829715401654
11.851870605864926 -0.6552397945568222
11.943745571801864 -0.5831696217573833
12.035620537738803 -0.506180370345348
12.127495503675739 -0.4249214503137821
12.219370469612677 -0.34007828662430073
12.311245435549614 -0.25236653759716093
12.40312040148655 -0.1625260582807304
12.49499536742349 -0.07131465971979065
12.586870333360427 0.02049828323629955
12.678745299297363 0.11213832166701553
12.770620265234301 0.20283246511420797
12.862495231171238 0.2918157018134155
12.954370197108176 0.3783374516243256
13.046245163045114 0.4616678972294009
13.13812012898205 0.541104140196587
13.229995094918987 0.6159761299792416
13.321870060855925 0.6856523158417279
13.413745026792864 0.7495449740362772
13.5056199927298 0.8071151652959909
13.597494958666738 0.8578772808271634
13.689369924603675 0.901403138455133
13.781244890540613 0.9373255943723974
13.873119856477551 0.9653416400236023
13.964994822414488 0.9852149580049759
14.056869788351426 0.9967779154189941
14.148744754288362 0.9999329778701881
14.240619720225299 0.9946535321749388
14.332494686162239 0.9809841108456345
14.424369652099175 0.9590400164556598
14.516244618036112 0.9290063490537122
14.60811958397305 0.8911364448312912
14.699994549909986 0.8457497392133099
14.791869515846924 0.7932290723968072
14.883744481783861 0.73401746006576
14.9756194477208 0.6686143565212272
15.067494413657737 0.5975714417476269
15.159369379594674 0.5214879679515245
15.251244345531612 0.44100570482523166
15.343119311468547 0.3568035261723044
15.434994277405487 0.2695916835571032
15.526869243342425 0.1801058152806849
15.61874420927936 0.08910074121765585
15.7106191752163 -0.0026559041449421596
15.802494141153234 -0.09439014676090839
15.894369107090172 -0.18532820155287558
15.986244073027112 -0.2747029993462675
16.078119038964047 -0.3617606571541589
16.169994004900985 -0.44576683723568783
16.26186897083792 -0.5260129412888312
16.353743936774862 -0.6018220875291829
16.4456189027118 -0.6725548202375101
16.537493868648735 -0.7376145036157631
16.629368834585673 -0.7964523544538684
16.721243800522608 -0.8485720711564183
16.813118766459546 -0.8935340200831161
16.904993732396488 -0.9309589438908237
16.996868698333422 -0.9605311605971222
17.08874366427036 -0.9820012263810418
17.180618630207295 -0.9951880396600079
17.272493596144233 -0.9999803686950064
17.36436856208117 -0.9963377898384715
17.45624352801811 -0.9842910285107258
17.548118493955048 -0.9639417000288015
17.639993459891986 -0.935461452473774
17.73186842582892 -0.8990905188265863
17.82374339176586 -0.8551356905851965
17.915618357702797 -0.8039677299557558
18.007493323639736 -0.7460182424461506
18.099368289576674 -0.6817760362418286
18.19124325551361 -0.6117829990728383
18.283118221450547 -0.5366295273509952
18.37499318738748 -0.45694954613278416
18.466868153324423 -0.37341516191489793
18.55874311926136 -0.2867309933665838
18.650618085198296 -0.19762822781936284
18.742493051135234 -0.10685845364816043
18.83436801707217 -0.01518732056815601
18.926242983009107 0.07661191867685473
19.01811794894605 0.16776493075815352
19.109992914882984 0.25750283332062424
19.201867880819922 0.34506868056194967
19.293742846756857 0.4297238481260384
19.385617812693795 0.5107542634537754
19.477492778630733 0.5874764290375071
19.56936774456767 0.6592431877727573
19.66124271050461 0.725449181775955
19.753117676441544 0.7855359586226637
19.844992642378482 0.8389966819348275
19.93686760831542 0.8853804065828497
20.028742574252355 0.924295882440906
20.120617540189297 0.9554148546105107
20.21249250612623 0.9784748322746917
20.30436747206317 0.9932813028273378
20.396242438000108 0.9997093726013121
20.488117403937043 0.9977048203557172
20.57999236987398 0.9872845546360449
20.67186733581092 0.9685364711493537
20.763742301747858 0.9416187113575196
20.855617267684796 0.9067583285423855
20.94749223362173 0.8642493725946454
21.03936719955867 0.8144504096814023
21.131242165495607 0.7577814977142098
21.223117131432545 0.6947206431297147
21.314992097369483 0.6257997688702401
21.406867063306418 0.5516002275746827
21.498742029243356 0.4727478978262719
21.59061699518029 0.3899079048207502
21.682491961117233 0.3037790099864433
21.77436692705417 0.2150877168803008
21.866241892991106 0.12458214307697857
21.958116858928044 0.03302570974212475
22.04999182486498 -0.058809297881229676
22.141866790801917 -0.15014824475547386
22.23374175673886 -0.24022068015186057
22.325616722675793 -0.32826683645901517
22.41749168861273 -0.41354403787859845
22.509366654549666 -0.49533296495020224
22.601241620486604 -0.5729437220638854
22.693116586423542 -0.645721656780317
22.78499155236048 -0.7130528818722205
22.87686651829742 -0.7743694535082428
22.968741484234354 -0.8291541619009046
23.060616450171292 -0.8769448940091714
23.15249141610823 -0.9173385314958998
23.244366382045165 -0.9499943510606411
23.336241347982106 -0.9746368984657212
23.42811631391904 -0.9910583120129656
23.51999127985598 -0.99912007587241
23.611866245792918 -0.9987541884734967
23.703741211729852 -0.9899637361033223
23.79561617766679 -0.9728228668735779
23.88749114360373 -0.9474761652757794
23.979366109540667 -0.9141374326004569
24.071241075477605 -0.8730878835075578
24.16311604141454 -0.8246737739601283
24.254991007351478 -0.7693034805298127
24.346865973288416 -0.7074440557104746
24.438740939225355 -0.6396172882960836
24.530615905162293 -0.5663953020538962
24.622490871099227 -0.4883957298184424
24.714365837036166 -0.4062765037131673
24.8062408029731 -0.32073030544464504
24.898115768910042 -0.2324787234814547
24.98999073484698 -0.14226616640245981
25.081865700783915 -0.05085358375571423
25.173740666720853 0.040987952606889914
25.265615632657788 0.13248375257733233
25.357490598594726 0.22286204235948046
25.449365564531668 0.3113604744377508
25.541240530468603 0.39723255803441976
25.63311549640554 0.4797539558142184
25.724990462342475 0.5582285937229452
25.816865428279414 0.6319945324232915
25.908740394216352 0.7004295508017718
26.00061536015329 0.7629563944495511
26.09249032609023 0.8190476448457981
26.184365292027163 0.8682301681716634
26.2762402579641 0.9100891062288162
26.36811522390104 0.9442713757988206
26.459990189837974 0.9704886469260358
26.551865155774916 0.9885197750019818
26.64374012171185 0.9982126661363533
26.73561508764879 0.9994855600801703
26.827490053585727 0.9923277198794801
26.91936501952266 0.976799522442356
27.0112399854596 0.9530319492552383
27.103114951396538 0.9212254815444737
27.194989917333476 0.8816484092024387
27.286864883270415 0.8346345677425814
27.37873984920735 0.7805805223723377
27.470614815144287 0.7199422229364566
27.562489781081226 0.6532311579465679
27.654364747018164 0.5810100401379928
27.746239712955102 0.5038880599464736
27.838114678892037 0.4225157469420858
27.929989644828975 0.33757948256449966
28.02186461076591 0.24979571044512094
28.11373957670285 0.15990489315238418
28.20561454263979 0.06866526633561389
28.297489508576724 -0.02315355704842584
28.389364474513663 -0.11477707847737202
28.481239440450597 -0.20543244681519018
28.573114406387536 -0.2943549773683264
28.664989372324477 -0.38079460205726734
28.756864338261412 -0.46402219629590613
28.84873930419835 -0.5433357292110337
28.940614270135285 -0.6180661853243057
29.032489236072223 -0.687583207746992
29.12436420200916 -0.7513004152866324
29.2162391679461 -0.8086803486154964
29.308114133883038 -0.8592390037795036
29.399989099819972 -0.9025499148071405
29.49186406575691 -0.9382477509812754
29.58373903169385 -0.9660313984305923
29.675613997630787 -0.9856665000472293
29.767488963567722 -0.9969874323062032
29.85936392950466 -0.9998987023120139
29.9512388954416 -0.994375753288233
30.043113861378536 -0.9804651717157189
30.134988827315475 -0.9582842943722276
30.22686379325241 -0.9280202185880709
30.318738759189348 -0.889928224066382
30.410613725126286 -0.8443296195800675
30.502488691063224 -0.7916090327086933
30.594363657000162 -0.7322111654765883
30.686238622937093 -0.6666370432585959
30.778113588874035 -0.5954397885941972
30.869988554810973 -0.5192199555582873
30.96186352074791 -0.4386204640433857
31.05373848668485 -0.3543211766831159
31.14561345262178 -0.2670331641609359
31.23748841855872 -0.17749270727664487
31.32936338449566 -0.08645508636376921
31.4212383504326 0.005311789555563375
31.513113316369537 0.09703386013966836
31.60498828230647 0.18793744298314588
31.696863248243407 0.27725575968485416
31.788738214180345 0.36423540368002644
31.880613180117287 0.44814269528003847
31.972488146054225 0.5282698703144754
32.064363111991156 0.6039410501739314
32.156238077928094 0.6745179428957558
32.24811304386503 0.73940522720363
32.33998800980197 0.7980555740863023
32.43186297573891 0.8499742635580122
32.52373794167584 0.8947233576579198
32.615612907612785 0.9319253944890025
32.707487873549724 0.9612665721368623
32.79936283948666 0.9824993956119639
32.8912378054236 0.9954447644880425
32.98311277136053 0.9999934836273634
33.07498773729747 0.9961071842497334
33.16686270323441 0.9838186475759794
33.258737669171346 0.9632315283159432
33.350612635108284 0.9345194803333873
33.442487601045215 0.897924691862896
33.53436256698215 0.8537558426343085
33.62623753291909 0.8023855001365312
33.71811249885604 0.744246976983377
33.809987464792975 0.6798306758898466
33.901862430729906 0.6096799530891707
33.993737396666845 0.5343865350830499
34.08561236260378 0.45458552738515984
34.17748732854072 0.3709500573594524
34.26936229447766 0.2841855963413825
34.36123726041459 0.19502400893536032
34.45311222635153 0.10421737968300573
34.54498719228847 0.01253166917481578
34.636862158225405 -0.0792597468837288
34.72873712416234 -0.1703826011530625
34.82061209009928 -0.2600682656614397
34.91248705603622 -0.34756023523835755
35.00436202197316 -0.43212050869125945
35.096236987910096 -0.5130358138998248
35.188111953847034 -0.5896236243187171
35.27998691978397 -0.6612379161391484
35.371861885720904 -0.7272746175471732
35.46373685165784 -0.7871767041138478
35.55561181759478 -0.8404388973371899
35.64748678353172 -0.8866119267034931
35.73936174946866 -0.9253063193171184
35.831236715405595 -0.9561956851329884
35.92311168134253 -0.979019470080602
36.01498664727947 -0.9935851538567653
36.10686161321641 -0.9997698738484954
36.19873657915335 -0.9975214614881903
36.29061154509028 -0.9868588822993305
36.38248651102722 -0.9678720759208909
36.474361476964155 -0.9407211974598824
36.56623644290109 -0.9056352665712524
36.65811140883803 -0.8629102356602671
36.74998637477496 -0.8129064935022299
36.8418613407119 -0.7560458253366626
36.933736306648846 -0.6928078550778347
37.025611272585785 -0.6237259996518071
37.11748623852272 -0.5493829695854379
37.209361204459654 -0.4704058538002946
37.30123617039659 -0.3874608300714907
37.39311113633353 -0.3012475457692366
37.48498610227047 -0.21249321628183548
37.57686106820741 -0.12194649090045095
37.66873603414434 -0.030371137907330127
37.760611000081276 0.061460397865809424
37.852485966018214 0.1527735106666544
37.94436093195515 0.24279796767876513
38.0362358978921 0.330774405991981
38.12811086382903 0.4159607378843343
38.21998582976597 0.49763841038658313
38.311860795702906 0.5751184663292411
38.403735761639844 0.6477473557469624
38.49561072757678 0.7149124486205174
38.58748569351371 0.7760472024560183
38.67936065945065 0.8306359411125052
38.77123562538759 0.8782182045680592
38.86311059132453 0.9183926329339438
38.954985557261466 0.950820351954754
39.046860523198404 0.975227831437662
39.13873548913534 0.9914091924996938
39.23061045507228 0.9992279441712358
39.32248542100922 0.9986181347073928
39.41436038694616 0.9895849078958031
39.50623535288309 0.9722044596684128
39.59811031882003 0.9466233953831856
39.689985284756965 0.9130574931971426
39.7818602506939 0.8717898839617471
39.87373521663084 0.823168662993369
39.96561018256777 0.7676039538637158
40.05748514850471 0.7055644489773512
40.149360114441656 0.637573456116841
40.241235080378594 0.5642044843031586
40.33311004631553 0.486076406204922
40.42498501225246 0.4038482379019845
40.5168599781894 0.3182135800363439
40.60873494412634 0.2298947672397976
40.70060991006328 0.1396367751882187
40.792484876000216 0.04820093667699335
40.88435984193715 -0.0436414802770464
40.976234807874086 -0.135115778138048
41.068109773811024 -0.2254503644817379
41.15998473974796 -0.31388326043424764
41.25185970568491 -0.3996685280199069
41.34373467162184 -0.48208256220284934
41.43560963755878 -0.5604301945487282
41.527484603495715 -0.6340505570214777
41.61935956943265 -0.7023226564537928
41.71123453536959 -0.7646706126701206
41.80310950130652 -0.8205685160782558
41.89498446724346 -0.8695448637554115
41.9868594331804 -0.9111865366099959
42.07873439911734 -0.9451422840715242
42.170609365054275 -0.971125686914987
42.262484330991214 -0.9889175732280605
42.35435929692815 -0.998367867142292
42.44623426286509 -0.9993968547340788
42.53810922880203 -0.991995856417471
42.62998419473897 -0.976227300157117
42.7218591606759 -0.9522241948837965
42.813734126612836 -0.9201890085543071
42.905609092549774 -0.8803919603193824
42.99748405848671 -0.8331687412052916
43.08935902442365 -0.7789176825353676
43.18123399036058 -0.7180963959760286
43.27310895629752 -0.6512179135487257
43.364983922234465 -0.5788463601671657
43.4568588881714 -0.5015921952022147
43.54873385410834 -0.42010706321221675
43.64060882004527 -0.335078297273289
43.73248378598221 -0.2472231212742849
43.82435875191915 -0.15728260008062728
43.91623371785609 -0.06601538859768698
44.008108683793026 0.025808667539085825
44.09998364972996 0.1174150256686602
44.191858615666895 0.20803097942871426
44.28373358160383 0.2968921765905397
44.37560854754077 0.3832490664262861
44.46748351347772 0.46637322222442906
44.55935847941465 0.5455634856225773
44.651233445351586 0.6201518809298455
44.743108411288524 0.6895092495508289
44.83498337722546 0.7530505569846199
44.9268583431624 0.8102398276338061
45.01873330909933 0.8605946657980171
45.11060827503627 0.9036903247171193
45.20248324097321 0.9391632893413261
45.29435820691015 0.9667143426073714
45.386233172847085 0.986111089356421
45.47810813878402 0.9971899166043148
45.56998310472096 0.9998573736291112
45.6618580706579 0.994090960234793
45.75373303659484 0.979939316542075
45.845608002531776 0.9575218127054109
0.0 0.0
0.044486378962843014 0.04447170704296762
0.08897275792568603 0.08885541740546472
0.13345913688852906 0.13306330852706902
0.17794551585137205 0.17700790574292116
0.22243189481421505 0.22060225537085487
0.2669182737770581 0.2637600967676522
0.3114046527399011 0.30639603301397456
0.3558910317027441 0.348425699890234
0.4003774106655871 0.38976593280904864
0.4448637896284301 0.43033493137397283
0.48935016859127317 0.4700524212388863
0.5338365475541162 0.5088398129477703
0.5783229265169592 0.5466203574405717
0.6228093054798022 0.5833192979174557
0.6672956844426452 0.6188640177609486
0.7117820634054882 0.6531841842232771
0.7562684423683312 0.6862118875945902
0.8007548213311741 0.7178817755766853
0.8452412002940173 0.7481311825963567
0.8897275792568602 0.776900253802488
0.9342139582197032 0.8041320635015387
0.9787003371825463 0.8297727277970709
1.0231867161453894 0.8537715112104377
1.0676730951082325 0.8760809270716613
1.1121594740710752 0.8966568314818546
1.1566458530339183 0.9154585106612653
1.2011322319967614 0.9324487615101007
1.2456186109596044 0.9475939652227321
1.2901049899224475 0.9608641538096133
1.3345913688852904 0.9722330693952881
1.3790777478481333 0.9816782161751514
1.4235641268109764 0.9891809049281581
1.4680505057738193 0.9947262899974002
1.5125368847366625 0.9983033986653801
1.5570232636995054 0.9999051528658529
1.6015096426623483 0.9995283831892786
1.6459960216251914 0.9971738351541687
1.6904824005880346 0.9928461677319202
1.7349687795508775 0.9865539441280559
1.7794551585137204 0.9783096148381091
1.8239415374765637 0.9681294930116858
1.8684279164394064 0.9560337221734467
1.9129142954022493 0.9420462363648815
1.9574006743650927 0.9261947127857454
2.0018870533279354 0.9085105170288641
2.0463734322907787 0.8890286410166722
2.0908598112536216 0.8677876337622933
2.135346190216465 0.8448295250921608
2.1798325691793075 0.820199742481117
2.2243189481421504 0.7939470211645411
2.2688053271049937 0.7661233077053777
2.3132917060678366 0.7367836572068737
2.35777808503068 0.7059861243744059
2.402264463993523 0.673791648641969
2.4467508429563654 0.6402639335906111
2.4912372219192087 0.6054693208974204
2.5357236008820516 0.5694766590644877
2.580209979844895 0.5323571671875741
2.624696358807738 0.49418429403406783
2.669182737770581 0.45503357270905676
2.7136691167334237 0.4149824711971023
2.7581554956962666 0.3741102390754433
2.80264187465911 0.33249775070194126
2.847128253621953 0.2902273451880561
2.891614632584796 0.24738266347349247
2.9361010115476387 0.20404848282490798
2.9805873905104816 0.16031054908615566
3.025073769473325 0.11625540701199186
3.069560148436168 0.07197022902097196
3.1140465273990108 0.02754264270637615
3.158532906361854 -0.016939442553520423
3.2030192853246966 -0.06138800954274819
3.24750566428754 -0.10571510736833005
3.291992043250383 -0.14983302548972316
3.3364784222132258 -0.1936544672726836
3.380964801176069 -0.2370927227241232
3.425451180138912 -0.2800618400661734
3.469937559101755 -0.32247679580996347
3.514423938064598 -0.3642536629925785
3.5589103170274408 -0.40530977724431083
3.6033966959902837 -0.4455639003576036
3.6478830749531275 -0.48493638103403086
3.69236945391597 -0.5233493124912387
3.736855832878813 -0.5607266866180018
3.7813422118416558 -0.5969945443723456
3.8258285908044987 -0.6320811221251588
3.8703149697673425 -0.6659169936597169
3.9148013487301854 -0.6984352075461354
3.959287727693028 -0.7295714196189417
4.003774106655871 -0.7592640202956173
4.048260485618714 -0.7874542564841894
4.0927468645815575 -0.814086347838653
4.1372332435444 -0.8391075971321861
4.181719622507243 -0.8624684945297628
4.226206001470086 -0.884122815553833
4.27069238043293 -0.9040277125492329
4.3151787593957724 -0.9221437994663316
4.359665138358615 -0.938435229794667
4.404151517321458 -0.9528697674928472
4.448637896284301 -0.9654188507743783
4.493124275247145 -0.9760576486232024
4.537610654209987 -0.9847651099271144
4.58209703317283 -0.9915240051318424
4.626583412135673 -0.9963209603333649
4.671069791098516 -0.9991464837410096
4.71555617006136 -0.9999949844589686
4.760042549024202 -0.9988647835490694
4.804528927987046 -0.9957581173529086
4.849015306949888 -0.9906811330667775
4.893501685912731 -0.9836438765781331
4.937988064875575 -0.9746602725876846
4.982474443838417 -0.9637480970564288
5.026960822801261 -0.9509289420321482
5.071447201764103 -0.9362281729249786
5.115933580726946 -0.919674878316578
5.16041995968979 -0.9013018124022136
5.204906338652632 -0.8811453301796606
5.249392717615476 -0.8592453155131424
5.293879096578318 -0.8356451022146734
5.338365475541162 -0.8103913882989396
5.382851854504005 -0.783534143581402
5.427338233466847 -0.755126510802443
5.471824612429691 -0.7252247004732109
5.516310991392533 -0.693887879651236
5.560797370355377 -0.6611780548658858
5.60528374931822 -0.6271599494253329
5.649770128281062 -0.5919008753477963
5.694256507243906 -0.5554706001704705
5.738742886206748 -0.5179412088996987
5.783229265169592 -0.47938696137553305
5.827715644132435 -0.4398841453329352
5.872202023095277 -0.39951092545035266
5.916688402058121 -0.3583471886843637
5.961174781020963 -0.3164743861964392
6.005661159983807 -0.2739753721845819
6.05014753894665 -0.23093423993877368
6.094633917909492 -0.1874361554446085
6.139120296872336 -0.14356718886437042
6.183606675835178 -0.0994141442290151
6.2280930547980216 -0.055064387678024136
6.272579433760865 -0.010605674587021647
6.317065812723708 0.03387402407480471
6.361552191686551 0.07828669581387497
6.406038570649393 0.12254446076355732
6.4505249496122365 0.1665597455730736
6.49501132857508 0.2102454566898984
6.539497707537923 0.25351515269278024
6.583984086500766 0.29628321533437857
6.628470465463608 0.3384650189550815
6.6729568444264515 0.3799770979327744
6.717443223389295 0.42073731183722873
6.761929602352138 0.46066500796232296
6.806415981314981 0.49968118091448216
6.850902360277824 0.5377086289415661
6.8953887392406665 0.5746721066928626
6.93987511820351 0.6104984741079384
6.984361497166353 0.6451168411397163
7.028847876129196 0.678458708025433
7.073334255092039 0.7104581008279117
7.1178206340548815 0.741051701978951
7.162307013017725 0.7701789755665319
7.206793391980567 0.7977822871179224
7.251279770943411 0.823807017641679
7.295766149906255 0.8482016717028719
7.3402525288690965 0.8709179793176974
7.38473890783194 0.8919109914658578
7.429225286794782 0.9111391690316994
7.473711665757626 0.9285644649981464
7.51819804472047 0.9441523997307697
7.5626844236833115 0.9578721292030387
7.607170802646155 0.969696506027755
7.651657181608997 0.9796021331738979
7.696143560571841 0.987569410262602
7.740629939534685 0.9935825723506528
7.7851163184975265 0.997629721124761
7.829602697460371 0.9997028484448944
7.874089076423212 0.9997978521900756
7.918575455386056 0.9979145443752961
7.9630618343489 0.9940566515234855
8.007548213311741 0.988231807291797
8.052034592274586 0.9804515373668008
8.096520971237428 0.9707312366584772
8.14100735020027 0.9590901388381278
8.185493729163115 0.9455512782804892
8.229980108125957 0.9301414444853512
8.2744664870888 0.9128911290688606
8.318952866051642 0.8938344654294105
8.363439245014487 0.8730091612074892
8.407925623977329 0.8504564236731396
8.452412002940171 0.8262208781886532
8.496898381903016 0.8003504799078522
8.54138476086586 0.7728964188866749
8.5858711398287 0.7439130187928201
8.630357518791545 0.7134576294148701
8.674843897754387 0.6815905131836163
8.71933027671723 0.6483747259300785
8.763816655680074 0.6138759921162082
8.808303034642917 0.5781625747851409
8.852789413605759 0.5413051404883155
8.897275792568601 0.5033766194567584
8.941762171531446 0.46445206129318983
8.98624855049429 0.42460848647051247
9.03073492945713 0.3839247339305109
9.075221308419975 0.34248130508431507
9.119707687382817 0.3003602045233493
9.16419406634566 0.2576447777558818
9.208680445308504 0.2144195462903115
9.253166824271347 0.17077004039148785
9.29765320323419 0.12678262984097574
9.342139582197031 0.08254435303618668
9.386625961159876 0.03814274476647521
9.43111234012272 -0.006334336992937047
9.47559871908556 -0.05079888492656251
9.520085098048405 -0.09516291651975012
9.564571477011247 -0.13933864815068042
9.609057855974092 -0.18323866878885334
9.653544234936934 -0.22677611295628827
9.698030613899776 -0.26986483260926103
9.74251699286262 -0.3124195676004279
9.787003371825461 -0.35435611438405734
9.831489750788306 -0.3955914926305773
9.87597612975115 -0.43604410942069
9.92046250871399 -0.4756339206942344
9.964948887676835 -0.5142825896343016
10.009435266639677 -0.5519136416731795
10.053921645602522 -0.5884526158134814
10.098408024565364 -0.6238272119649688
10.142894403528206 -0.6579674340055848
10.18738078249105 -0.6908057282835854
10.231867161453891 -0.7222771172867256
10.276353540416736 -0.7523193282140269
10.32083991937958 -0.7808729161956725
10.365326298342422 -0.8078813819172659
10.409812677305265 -0.8332912834156789
10.454299056268107 -0.8570523418252771
10.498785435230952 -0.8791175408652947
10.543271814193794 -0.8994432198714883
10.587758193156636 -0.9179891601880038
10.63224457211948 -0.9347186647484916
10.676730951082323 -0.9495986306890147
10.721217330045166 -0.9625996148490714
10.76570370900801 -0.973695892031115
10.810190087970852 -0.9828655059032982
10.854676466933695 -0.9900903124447241
10.899162845896537 -0.9953560158472269
10.943649224859382 -0.9986521968026537
10.988135603822224 -0.9999723331196698
11.032621982785066 -0.9993138126292945
11.07710836174791 -0.9966779383536293
11.121594740710753 -0.9920699259275537
11.166081119673596 -0.9854988932784876
11.21056749863644 -0.976977842584643
11.255053877599282 -0.9665236345474651
11.299540256562125 -0.9541569550291656
11.344026635524967 -0.9399022741213693
11.388513014487812 -0.9237877977258601
11.432999393450654 -0.9058454117432403
11.477485772413496 -0.8861106189799266
11.52197215137634 -0.8646224688983384
11.566458530339183 -0.8414234803492785
11.610944909302026 -0.8165595574393869
11.65543128826487 -0.7900798987001564
11.699917667227712 -0.7620368997382339
11.744404046190555 -0.7324860495596216
11.788890425153397 -0.7014858207729444
11.833376804116241 -0.669097553889021
11.877863183079084 -0.6353853359456919
11.922349562041926 -0.6004158736980495
11.96683594100477 -0.5642583616250147
12.011322319967613 -0.5269843450134271
12.055808698930456 -0.48866757839055003
12.1002950778933 -0.4493838795851405
12.144781456856142 -0.40921097970583975
12.189267835818985 -0.3682283693337214
12.233754214781827 -0.32651714123336667
12.278240593744671 -0.2841598298936712
12.322726972707516 -0.2412402482159033
12.367213351670356 -0.19784332167214633
12.4116997306332 -0.15405492026227408
12.456186109596043 -0.10996168860201241
12.500672488558886 -0.06565087447821813
12.54515886752173 -0.021210156210682157
12.589645246484572 0.023272530837969395
12.634131625447417 0.06770916826100547
12.678618004410257 0.1120118287706123
12.723104383373101 0.15609285018065489
12.767590762335946 0.1998650088648343
12.812077141298786 0.2432416923470954
12.85656352026163 0.286137070682744
12.901049899224473 0.32846626629112774
12.945536278187316 0.370145521903904
12.99002265715016 0.41109236629650764
13.034509036113002 0.45122577747491105
13.078995415075847 0.49046634299479075
13.123481794038687 0.5287364170958344
13.167968173001531 0.565960274340322
13.212454551964376 0.6020642594519048
13.256940930927216 0.6369769330581602
13.30142730989006 0.6706292130485121
13.345913688852903 0.7029545112677829
13.390400067815747 0.7338888652749612
13.43488644677859 0.7633710649064118
13.479372825741432 0.7913427733931421
13.523859204704276 0.8177486427924363
13.568345583667117 0.8425364235054661
13.612831962629961 0.8656570676641859
13.657318341592806 0.8870648261829033
13.701804720555648 0.9067173392825306
13.74629109951849 0.9245757203083692
13.790777478481333 0.9406046326755805
13.835263857444177 0.954772359790095
13.87975023640702 0.9670508678066025
13.924236615369862 0.9774158610994478
13.968722994332706 0.9858468303366644
14.013209373295547 0.992327093062026
14.057695752258391 0.9968438267048177
14.102182131221236 0.9993880939520019
14.146668510184078 0.9999548604325849
14.19115488914692 0.9985430046791841
14.235641268109763 0.995155320347089
14.280127647072607 0.9897985106864222
14.32461402603545 0.9824831752783425
14.369100404998294 0.9732237890615293
14.413586783961135 0.9620386736904569
14.458073162923979 0.9489499612821208
14.502559541886821 0.9339835506229676
14.547045920849666 0.917169055922662
14.59153229981251 0.8985397482161116
14.636018678775349 0.8781324895296873
14.680505057738193 0.8559876599418946
14.724991436701037 0.8321490776828624
14.76947781566388 0.8066639124306947
14.813964194626724 0.7795825919762829
14.858450573589565 0.7509587024412615
14.902936952552409 0.7208488822465167
14.947423331515251 0.6893127100411051
14.991909710478096 0.6564125868132782
15.03639608944094 0.6222136124169358
15.080882468403779 0.5867834567577926
15.125368847366623 0.550192225894138
15.169855226329467 0.512512323317194
15.21434160529231 0.47381830668547564
15.258827984255154 0.4341867402966889
15.303314363217995 0.39369604358908245
15.347800742180839 0.3524263359719806
15.392287121143681 0.3104592782926046
15.436773500106526 0.26787791125279187
15.48125987906937 0.22476649109541275
15.52574625803221 0.18121032288556654
15.570232636995053 0.137295591716453
15.614719015957897 0.09310919217394673
15.659205394920741 0.04873855639727289
15.703691773883584 0.004271481076021588
15.748178152846425 -0.04020404627417793
15.792664531809269 -0.08460002141357441
15.837150910772111 -0.1288285975132845
15.881637289734956 -0.1728022589788473
15.9261236686978 -0.21643399461832805
15.97061004766064 -0.25963746981237235
16.015096426623483 -0.3023271973455252
16.059582805586327 -0.3444187065607578
16.10406918454917 -0.38582871050253614
16.148555563512016 -0.42647527071768526
16.193041942474856 -0.46627795938794847
16.237528321437697 -0.5051580184734499
16.28201470040054 -0.5430385155521311
16.326501079363386 -0.5798444960468175
16.37098745832623 -0.6155031315387155
16.41547383728907 -0.64994386387384
16.459960216251915 -0.6830985447772597
16.504446595214755 -0.7149015706988576
16.5489329741776 -0.7452900126238536
16.593419353140444 -0.7742037405911559
16.637905732103285 -0.8015855426732174
16.68239211106613 -0.8273812381819431
16.726878490028973 -0.8515397848766317
16.771364868991817 -0.874013379961855
16.815851247954658 -0.8947575546753973
16.8603376269175 -0.9137312622791147
16.904824005880343 -0.9308969592785856
16.949310384843187 -0.9462206797108546
16.99379676380603 -0.9596721023532799
17.038283142768876 -0.9712246107204863
17.08276952173172 -0.9808553457307108
17.127255900694557 -0.9885452509373318
17.1717422796574 -0.9942791102360843
17.216228658620246 -0.998045577973334
17.26071503758309 -0.9998372013958585
17.305201416545934 -0.9996504353976943
17.349687795508775 -0.9974856495348798
17.39417417447162 -0.9933471272942095
17.43866055343446 -0.9872430576174505
17.483146932397304 -0.9791855186977864
17.527633311360148 -0.96919045408056
17.57211969032299 -0.9572776411155952
17.616606069285833 -0.9434706518235226
17.661092448248677 -0.9277968062535561
17.705578827211518 -0.9102871184249931
17.750065206174362 -0.8909762349594121
17.794551585137203 -0.8699023665250122
17.839037964100047 -0.84710721222871
17.88352434306289 -0.8226358771056465
17.928010722025736 -0.7965367828693268
17.97249710098858 -0.7688615720990174
18.01698347995142 -0.7396650060539806
18.06146985891426 -0.7090048563167309
18.105956237877106 -0.6769417904797423
18.15044261683995 -0.6435392521017866
18.194928995802794 -0.6088633351714241
18.239415374765635 -0.5729826533260696
18.28390175372848 -0.5359682040853845
18.32838813269132 -0.4978932283676843
18.372874511654164 -0.45883306556726416
18.417360890617008 -0.4188650044794897
18.46184726957985 -0.37806813036855635
18.506333648542693 -0.33652316848055325
18.550820027505537 -0.2943123243115057
18.59530640646838 -0.2515191209463978
18.639792785431222 -0.2082282337910857
18.684279164394063 -0.1645253230240839
18.728765543356907 -0.1204968640997868
18.77325192231975 -0.07622997663849551
18.817738301282596 -0.031812252041808195
18.86222468024544 0.012668419825494713
18.90671105920828 0.05712402454413766
18.95119743817112 0.10146659729550885
18.995683817133965 0.14560839691865585
19.04017019609681 0.18946207952472735
19.084656575059654 0.23294087132534563
19.129142954022495 0.27595874033289713
19.17362933298534 0.3184305665930338
19.218115711948183 0.36027231061248965
19.262602090911024 0.40140117964900734
19.307088469873868 0.44173579153430326
19.35157484883671 0.48119633570588133
19.396061227799553 0.5197047311291408
19.440547606762397 0.557184780797199
19.48503398572524 0.593562322502802
19.529520364688082 0.6287653755839347
19.574006743650923 0.6627242833527969
19.618493122613767 0.6953718509262898
19.66297950157661 0.7266434781853028
19.707465880539456 0.7564772875997237
19.7519522595023 0.7848142466662187
19.79643863846514 0.8115982847165277
19.84092501742798 0.8367764038651492
19.885411396390825 0.8602987838768638
19.92989777535367 0.8821188807466057
19.974384154316514 0.9021935187966295
20.018870533279355 0.9204829761087184
20.0633569122422 0.9369510631224093
20.107843291205043 0.9515651942436844
20.152329670167884 0.9642964523224682
20.196816049130728 0.9751196458713286
20.24130242809357 0.9840133589121576
20.285788807056413 0.9909599933522208
20.330275186019257 0.9959458038057025
20.3747615649821 0.9989609247918612
20.419247943944942 0.9999993902559705
20.463734322907783 0.9990591453744203
20.508220701870627 0.9961420506206194
20.55270708083347 0.9912538780836558
20.597193459796316 0.9844043000469975
20.64167983875916 0.975606869849833
20.686166217722 0.9648789950689237
20.730652596684845 0.9522419030740272
20.775138975647685 0.9377205990250616
20.81962535461053 0.9213438163940987
20.864111733573374 0.903143960110119
20.908598112536215 0.8831570424390008
20.95308449149906 0.8614226117256292
20.997570870461903 0.8379836741391379
21.042057249424744 0.812886608576102
21.086543628387588 0.7861810748900724
21.13103000735043 0.7579199156290649
21.175516386313273 0.7281590514753823
21.220002765276117 0.6969573705947302
21.26448914423896 0.6643766121135141
21.308975523201806 0.6304812439549191
21.353461902164646 0.5953383352754887
21.397948281127487 0.5590174237546007
21.44243466009033 0.521590377999464
21.486921039053176 0.48313125533788026
21.53140741801602 0.4437161552801464
21.57589379697886 0.40342306894007973
21.620380175941705 0.36233172471308733
21.664866554904545 0.32052343051669185
21.70935293386739 0.27808091290558934
21.753839312830234 0.2350881533796833
21.798325691793075 0.19163022220891068
21.84281207075592 0.14779311010370547
21.887298449718763 0.10366355806420731
21.931784828681607 0.059328885744828745
21.976271207644448 0.014876818673853216
22.02075758660729 -0.029604685330091758
22.065243965570133 -0.07402761020117934
22.109730344532977 -0.11830405578478254
22.15421672349582 -0.1623464117665361
22.198703102458666 -0.20606753102787434
