0.0 0.0
0.10066214106314714 0.10049222782949811
0.20132428212629427 0.1999670408618429
0.3019864231894414 0.2974173249260272
0.40264856425258855 0.39185646281656994
0.5033107053157356 0.4823283231151961
0.6039728463788828 0.5679169403648558
0.7046349874420299 0.6477557885909687
0.8052971285051771 0.7210365542818596
0.9059592695683242 0.7870173200079823
1.0066214106314713 0.845030075826407
1.1072835516946185 0.8944874824227596
1.2079456927577656 0.9348888175184442
1.3086078338209126 0.96582504533986
1.4092699748840598 0.986982957824718
1.509932115947207 0.9981483456385856
1.6105942570103542 0.9992081668972979
1.7112563980735014 0.9901516916384067
1.8119185391366484 0.9710706104546819
1.9125806801997955 0.9421581061898249
2.0132428212629425 0.9037068980948383
2.1139049623260897 0.8561062782466241
2.214567103389237 0.7998381702330385
2.315229244452384 0.7354722500075092
2.4158913855155313 0.6636601783112125
2.516553526578678 0.5851290030555756
2.6172156676418252 0.5006737984614467
2.7178778087049724 0.41114961547860196
2.8185399497681196 0.31746282498205414
2.919202090831267 0.22056194138936303
3.019864231894414 0.12142801960351793
3.120526372957561 0.021064722505750637
3.2211885140207084 -0.07951184044190548
3.3218506550838556 -0.17928340060714001
3.4225127961470028 -0.2772398394580063
3.5231749372101495 -0.37238941531939235
3.6238370782732967 -0.4637688040764382
3.724499219336444 -0.5504528521696664
3.825161360399591 -0.6315639431394554
3.9258235014627383 -0.7062808828900197
4.026485642525885 -0.7738472137157023
4.127147783589033 -0.833578872915774
4.227809924652179 -0.8848711184595193
4.328472065715326 -0.9272046515840133
4.429134206778474 -0.9601508743374855
4.5297963478416206 -0.9833762288392544
4.630458488904768 -0.9966455743242124
4.731120629967915 -0.9998245677815961
4.831782771031063 -0.9928810240857151
4.932444912094209 -0.9758852418482478
5.033107053157356 -0.9490092916930729
5.133769194220504 -0.9125252741593665
5.2344313352836505 -0.8668025648704992
5.335093476346798 -0.8123040748595046
5.435755617409945 -0.7495815639127599
5.536417758473092 -0.6792700543810488
5.637079899536239 -0.602081402014341
5.737742040599386 -0.5187970889111684
5.838404181662534 -0.43026031154902905
5.93906632272568 -0.337367443999095
6.039728463788828 -0.2410589627542897
6.140390604851976 -0.14230992505064288
6.241052745915122 -0.042120097082361106
6.34171488697827 0.05849616794433603
6.442377028041417 0.1585201994408501
6.5430391691045635 0.25693932277638226
6.643701310167711 0.3527571119131474
6.744363451230858 0.44500347753574254
6.8450255922940055 0.5327444885392953
6.945687733357152 0.6150918274405492
7.046349874420299 0.6912117839823645
7.147012015483447 0.7603336958775477
7.247674156546593 0.8217577512352816
7.348336297609741 0.8748620736759514
7.448998438672888 0.919109018402432
7.5496605797360345 0.9540506154844531
7.650322720799182 0.9793331052465132
7.750984861862329 0.994700519841661
7.851647002925477 0.9999972747501703
7.952309143988623 0.9951697439659588
8.05297128505177 0.980266802923074
8.153633426114917 0.9554393336654872
8.254295567178065 0.9209386972700103
8.354957708241212 0.8771141889880101
8.455619849304359 0.8244095018708503
8.556281990367506 0.7633582346824405
8.656944131430652 0.6945784895781814
8.7576062724938 0.6187666142451013
8.858268413556948 0.5366901518597227
8.958930554620094 0.4491800702404767
9.059592695683241 0.35712234886918526
9.160254836746388 0.26144900895722284
9.260916977809536 0.16312867737078343
9.361579118872683 0.06315677994903873
9.46224125993583 -0.03745453649891892
9.562903400998977 -0.13768665148545436
9.663565542062125 -0.23652478367732732
9.764227683125272 -0.33296826485981806
9.864889824188419 -0.4260406710152368
9.965551965251565 -0.5147997079455701
10.066214106314712 -0.5983467513541487
10.16687624737786 -0.6758359447995533
10.267538388441007 -0.7464827634112151
10.368200529504154 -0.8095719566649928
10.468862670567301 -0.8644647898035501
10.569524811630448 -0.9106055105871458
10.670186952693596 -0.9475269759034175
10.770849093756743 -0.9748553812705976
10.87151123481989 -0.9923140453511969
10.972173375883036 -0.9997262111605437
11.072835516946183 -0.997016835609871
11.173497658009332 -0.9842133492660574
11.274159799072478 -0.9614453786359757
11.374821940135625 -0.9289434337871256
11.475484081198772 -0.8870365745914965
11.576146222261919 -0.8361490792203334
11.676808363325067 -0.7767961486190113
11.777470504388214 -0.7095786904512634
11.87813264545136 -0.635177235321734
11.978794786514507 -0.5543450468709398
12.079456927577656 -0.46790049549818685
12.180119068640805 -0.3767187729232695
12.280781209703951 -0.281723031471313
12.381443350767098 -0.18387503778942169
12.482105491830245 -0.08416543561984222
12.582767632893392 0.0163962837876372
12.68342977395654 0.11679200208135891
12.784091915019687 0.21600528155694113
12.884754056082834 0.3130316558910414
12.98541619714598 0.40688879967309033
13.086078338209127 0.4966264737754966
13.186740479272276 0.581336145872271
13.287402620335422 0.6601601887049178
13.388064761398569 0.7323005629694888
13.488726902461716 0.7970268969165043
13.589389043524863 0.8536838808633597
13.690051184588011 0.901697901754851
13.790713325651158 0.9405828506014463
13.891375466714305 0.9699450439989913
13.992037607777451 0.9894872099028235
14.092699748840598 0.9990114973030847
14.193361889903747 0.9984214793303275
14.294024030966893 0.9877231295113515
14.39468617203004 0.967024761291346
14.495348313093187 0.9365359314346378
14.596010454156334 0.8965653184063589
14.696672595219482 0.8475175972149606
14.797334736282629 0.7898893423556524
14.897996877345776 0.72426400033464
14.998659018408922 0.6513059826739138
15.099321159472069 0.5717539392008508
15.199983300535218 0.4864132797259537
15.300645441598364 0.3961480198216127
15.401307582661511 0.30187203325775985
15.501969723724658 0.20453979965752628
15.602631864787805 0.1051367410465125
15.703294005850953 0.004669245131482857
15.8039561469141 -0.09584552368405595
15.904618287977247 -0.19538992239094796
16.005280429040393 -0.2929561323110168
16.10594257010354 -0.38755636256909887
16.20660471116669 -0.4782328507973255
16.307266852229834 -0.5640675598213716
16.407928993292984 -0.6441914721564482
16.50859113435613 -0.7177933882125266
16.609253275419277 -0.7841281391331546
16.709915416482424 -0.8425241311183956
16.81057755754557 -0.892390144850861
16.911239698608718 -0.9332213211852985
17.011901839671868 -0.9646042725007451
17.11256398073501 -0.9862212679663037
17.21322612179816 -0.9978534503476252
17.313888262861305 -0.9993830517861025
17.414550403924455 -0.9907945861175733
17.5152125449876 -0.9721750056590951
17.61587468605075 -0.9437128208764458
17.716536827113895 -0.9056961918451125
17.817198968177042 -0.8585100108274101
17.91786110924019 -0.8026320055026374
18.01852325030334 -0.7386279023023853
18.119185391366482 -0.6671456988189219
18.219847532429633 -0.5889091032745349
18.320509673492776 -0.5047102074728006
18.421171814555926 -0.41540146741297085
18.521833955619073 -0.3218870727584203
18.62249609668222 -0.22511379253719263
18.723158237745366 -0.12606138975576817
18.823820378808513 -0.025732701971439384
18.92448251987166 0.07485651174929216
19.02514466093481 0.17468785469372963
19.125806801997953 0.27275060307033033
19.226468943061104 0.36805193889305277
19.32713108412425 0.4596270015816335
19.427793225187397 0.5465486565124145
19.528455366250544 0.6279368816197123
19.62911750731369 0.7029676770149118
19.729779648376837 0.7708814074194839
19.830441789439988 0.8309904929505293
19.93110393050313 0.8826863703949107
20.03176607156628 0.9254456544938973
20.132428212629424 0.9588354368594649
20.233090353692575 0.9825176688744647
20.33375249475572 0.9962525842027091
20.434414635818868 0.9999011262584869
20.535076776882015 0.9934263560589957
20.63573891794516 0.9768938262061766
20.73640105900831 0.9504709172116371
20.83706320007146 0.9144251428839111
20.937725341134602 0.8691214419348612
21.038387482197752 0.8150184832258142
21.139049623260895 0.7526640220603394
21.239711764324046 0.6826893545379228
21.340373905387192 0.6058029261145121
21.44103604645034 0.5227831590787521
21.541698187513486 0.43447057156087737
21.642360328576633 0.3417592678638402
21.74302246963978 0.24558788627123768
21.84368461070293 0.14693009597926535
21.944346751766073 0.04678473936475718
22.045008892829223 -0.05383428060799732
22.145671033892366 -0.15390826545845043
22.246333174955517 -0.25242403481241155
22.346995316018663 -0.348384184157516
22.44765745708181 -0.44081718287901767
22.548319598144957 -0.5287872103400801
22.648981739208104 -0.6114036304230852
22.74964388027125 -0.6878300086087097
22.8503060213344 -0.7572925803010429
22.950968162397544 -0.819088084662752
23.051630303460694 -0.8725908846481447
23.152292444523837 -0.9172593011485902
23.252954585586988 -0.9526410971215439
23.353616726650134 -0.9783780561800204
23.45427886771328 -0.9942096092875355
23.554941008776428 -0.9999754728406568
23.655603149839575 -0.9956172714304193
23.75626529090272 -0.9811791288532552
23.85692743196587 -0.9568072213878537
23.957589573029015 -0.9227482978607264
24.058251714092165 -0.8793471814837731
24.158913855155312 -0.8270432787560736
24.25957599621846 -0.766366130774818
24.36023813728161 -0.6979300519953457
24.460900278344752 -0.6224279107191565
24.561562419407903 -0.5406241142781331
24.662224560471046 -0.4533468699352766
24.762886701534196 -0.3614797998548666
24.863548842597343 -0.26595299503489006
24.96421098366049 -0.16773359877436123
25.064873124723636 -0.06781601501158731
25.165535265786783 0.0327881593328366
25.26619740684993 0.13306037608016905
25.36685954791308 0.23198544789438194
25.467521688976223 0.3285618263567753
25.568183830039374 0.4218117419559749
25.668845971102517 0.5107911033327344
25.769508112165667 0.5945990555566774
25.870170253228814 0.6723871006637886
25.97083239429196 0.7433676881156567
26.071494535355107 0.8068221882078362
26.172156676418254 0.8621081677021141
26.2728188174814 0.9086658940218773
26.37348095854455 0.9460240021600747
26.474143099607694 0.973804266926214
26.574805240670845 0.9917254322166943
26.675467381733988 0.9996060585396978
26.776129522797138 0.9973663599654572
26.876791663860285 0.9850290119039997
26.97745380492343 0.9627189215321934
27.07811594598658 0.9306619631943569
27.178778087049725 0.8891826915796346
27.279440228112872 0.8387010558286463
27.380102369176022 0.7797281478368219
27.480764510239165 0.7128610277999458
27.581426651302316 0.638776679389661
27.68208879236546 0.5582251557587251
27.78275093342861 0.47202198576787024
27.883413074491756 0.38103991731616677
27.984075215554903 0.2862000813678435
28.08473735661805 0.18846266613384477
28.185399497681196 0.0888171958255684
28.286061638744343 -0.011727487598252739
28.386723779807493 -0.11215343826359844
28.487385920870636 -0.21144391238407825
28.588048061933787 -0.3085936620935931
28.68871020299693 -0.4026191128906077
28.78937234406008 -0.4925683216545965
28.890034485123227 -0.577530614416375
28.990696626186374 -0.6566458063066989
29.09135876724952 -0.7291129103373464
29.192020908312667 -0.7941982468443268
29.292683049375814 -0.8512428714906487
29.393345190438964 -0.8996692466252257
29.494007331502107 -0.9389870884549822
29.594669472565258 -0.9687983308315883
29.6953316136284 -0.9888011553978335
29.79599375469155 -0.9987930472912473
29.896655895754698 -0.998672845467999
29.997318036817845 -0.9884417668890051
30.09798017788099 -0.9682033941990327
30.198642318944138 -0.9381626270235534
30.299304460007285 -0.8986236075007435
30.399966601070435 -0.8499866410511927
30.50062874213358 -0.7927441435604251
30.60129088319673 -0.7274756560061881
30.701953024259872 -0.6548419770040631
30.802615165323022 -0.5755784726752272
30.90327730638617 -0.4904876315695016
31.003939447449316 -0.40043094001983726
31.104601588512462 -0.30632016018480396
31.20526372957561 -0.20910809908285347
31.305925870638756 -0.10977896207556563
31.406588011701906 -0.009338388464228435
31.50725015276505 0.09119672991748126
31.6079122938282 0.19080854403503672
31.708574434891343 0.28848855267550993
31.809236575954493 0.38324781282985415
31.90989871701764 0.4741269520616963
32.01056085808079 0.5602058814944759
32.11122299914393 0.640613111079464
32.21188514020708 0.7145345728340431
32.31254728127023 0.7812218627209986
32.41320942233338 0.8399998177254575
32.51387156339653 0.8902733514167533
32.61453370445967 0.9315334787899033
32.715195845522814 0.9633624693892496
32.81585798658597 0.9854380765424487
32.916520127649115 0.9975367998867442
33.01718226871226 0.9995361481566634
33.1178444097754 0.9914158793239591
33.218506550838555 0.973258205534241
33.3191686919017 0.9452469607654679
33.41983083296485 0.9076657396351525
33.520492974027995 0.8608950261996139
33.62115511509114 0.8054083418141897
33.72181725615429 0.7417674510546886
33.822479397217435 0.6706166742368328
33.92314153828058 0.5926763641155266
34.023803679343736 0.5087356128078844
34.124465820406876 0.4196442627774576
34.22512796147002 0.32630430276283084
34.32579010253317 0.2296607357611148
34.42645224359632 0.13069201152151136
34.52711438465947 0.0304001204135544
34.62777652572261 -0.07019955103733373
34.728438666785756 -0.1700885002411306
34.82910080784891 -0.2682554201824867
34.92976294891206 -0.3637064382097763
35.0304250899752 -0.4554751783132208
35.13108723103834 -0.5426325450183289
35.2317493721015 -0.6242961298395869
35.332411513164644 -0.6996391450603519
35.43307365422779 -0.7678987943907732
35.53373579529094 -0.8283839957563736
35.634397936354084 -0.8804823780294815
35.73506007741723 -0.9236664808663742
35.83572221848038 -0.9574990948810423
35.936384359543524 -0.9816376880899848
36.03704650060668 -0.9958378738133196
36.13770864166982 -0.9999558849220908
36.238370782732964 -0.9939500293817279
36.33903292379611 -0.9778811123552599
36.439695064859265 -0.9519118205927947
36.54035720592241 -0.9163050753399031
36.64101934698555 -0.8714213704405511
36.7416814880487 -0.8177151225844802
36.84234362911185 -0.7557300706502916
36.943005770175 -0.6860937707227014
37.043667911238146 -0.609511242518111
37.144330052301285 -0.5267578315441507
37.24499219336444 -0.438671359258823
37.345654334427586 -0.34614364070364523
37.44631647549073 -0.25011145548871805
37.54697861655388 -0.15154706354250488
37.647640757617026 -0.0514483616477166
37.74830289868017 0.049171219578341904
37.84896503974332 0.14929297597283273
37.949627180806466 0.24790324350747334
38.05028932186962 0.34400366094073026
38.15095146293276 0.43662127753976576
38.25161360399591 0.5248184035385333
38.35227574505905 0.607702103602666
38.45293788612221 0.6844332371865823
38.553600027185354 0.7542349542552311
38.6542621682485 0.8164005603572537
38.75492430931164 0.8703006714209796
38.855586450374794 0.9153895858359676
38.95624859143794 0.9512108093070343
39.05691073250109 0.9774016765455457
39.157572873564234 0.9936970230063994
39.25823501462738 0.9999318694969543
39.35889715569053 0.9960430924780624
39.459559296753675 0.9820700631465547
39.56022143781682 0.9581542488289096
39.660883578879975 0.9245377807217188
39.761545719943115 0.8815610024796089
39.86220786100626 0.8296590244694323
39.96287000206941 0.7693573185766261
40.06353214313256 0.7012663981632041
40.16419428419571 0.6260756370392373
40.26485642525885 0.5445462900264089
40.365518566322 0.4575037857756992
40.46618070738515 0.3658293698691846
40.566842848448296 0.2704511828136246
40.66750498951144 0.17233486325523012
40.76816713057459 0.0724737715514837
40.868829271637736 -0.02812106732032326
40.96949141270088 -0.1284311996966987
41.07015355376403 -0.22744105437190432
41.17081569482718 -0.3241482245590113
41.27147783589032 -0.4175736165702159
41.37213997695347 -0.5067713624681358
41.47280211801662 -0.5908383963290669
41.57346425907977 -0.6689235971653493
41.67412640014292 -0.7402364059408614
41.77478854120606 -0.8040548294383987
41.875450682269204 -0.8597327499451902
41.97611282333236 -0.9067064667510215
42.076774964395504 -0.9445004032308296
42.17743710545865 -0.972731921731461
42.27809924652179 -0.9911151975151308
42.378761387584944 -0.999464112538622
42.47942352864809 -0.9976941397706525
42.58008566971124 -0.98582319897003
42.680747810774385 -0.9639714752603962
42.78140995183753 -0.9323602023383828
42.88207209290068 -0.8913094226343583
42.982734233963825 -0.841234747102599
43.08339637502697 -0.7826431474457833
43.184058516090126 -0.7161278233746428
43.284720657153265 -0.6423621968682753
43.38538279821641 -0.5620930942390076
43.48604493927956 -0.47613318502888907
43.58670708034271 -0.3853527542886209
43.68736922140586 -0.2906708915390873
43.788031362469 -0.19304618562107823
43.888693503532146 -0.09346701964155259
43.9893556445953 0.00705843572655337
44.090017785658446 0.10751242928006162
44.19067992672159 0.20687793331761423
44.29134206778473 0.30414894034670525
44.39200420884789 0.39834064821874193
44.49266634991103 0.48849943057445216
44.59332849097418 0.573712491655969
44.69399063203733 0.6531171077370146
44.794652773100474 0.7259093616081881
44.89531491416362 0.791352281686649
44.99597705522677 0.848783303347303
45.096639196289914 0.8976209769346374
45.19730133735307 0.9373708545411942
45.29796347841621 0.9676304959530768
45.398625619479354 0.9880935430807768
45.4992877605425 0.9985528216244257
45.599949901605655 0.9989024385713227
45.7006120426688 0.9891388542899676
45.80127418373194 0.9693609183664021
45.90193632479509 0.9397688688200245
46.00259846585824 0.900662304831156
46.10326060692139 0.8524371535050862
46.203922747984535 0.7955816613820065
46.304584889047675 0.730671451276092
46.40524703011083 0.6583636944897708
46.505909171173975 0.579390457405626
46.60657131223712 0.49455128981694424
46.70723345330027 0.4047051300351476
46.807895594363416 0.3107616087292316
46.90855773542656 0.21367183953989982
47.00921987648971 0.11441878970709672
47.109882017552856 0.014007328201722416
47.21054415861601 -0.08654594788264507
47.31120629967915 -0.1862230056771735
47.411868440742296 -0.2840146834215445
47.51253058180544 -0.37893090753369857
47.6131927228686 -0.47001071642499587
47.71385486393174 -0.5563319895763609
47.81451700499488 -0.6370207833753362
47.91517914605803 -0.7112601791950038
48.015841287121184 -0.7782985541340691
48.11650342818433 -0.8374571906825888
48.21716556924748 -0.8881371482706963
48.317827710310624 -0.9298253271305494
48.41848985137377 -0.9620996630791315
48.51915199243692 -0.984633400628266
48.619814133500064 -0.9971984011595458
48.72047627456322 -0.9996674526711784
48.82113841562636 -0.9920155577121463
48.921800556689504 -0.9743201864642306
49.02246269775265 -0.9467604924096218
49.123124838815805 -0.9096154985249374
49.22378697987895 -0.8632612723652033
49.32444912094209 -0.8081671186381005
49.42511126200524 -0.7448908278160713
49.52577340306839 -0.6740730288908459
49.62643554413154 -0.596430703444837
49.727097685194686 -0.5127499267049537
49.827759826257825 -0.42387790907076583
49.92842196732098 -0.3307144186909643
50.029084108384126 -0.2342026719288047
50.12974624944727 -0.13531978394408709
50.23040839051042 -0.035066876073195814
