0.0 0.0
0.08152780282542305 0.08143751657230693
0.1630556056508461 0.16233403543120717
0.24458340847626914 0.2421521527661809
0.3261112113016922 0.3203616286978194
0.4076390141271152 0.39644290971532536
0.4891668169525383 0.4698905801233789
0.5706946197779613 0.5402167195700556
0.6522224226033844 0.6069541443513977
0.7337502254288073 0.6696595109603214
0.8152780282542303 0.7279162612626696
0.8968058310796535 0.781337389735305
0.9783336339050765 0.8295680143831994
1.0598614367304995 0.8722877342566564
1.1413892395559226 0.9092127579074388
1.2229170423813456 0.9400977886442502
1.3044448452067687 0.9647376540636289
1.3859726480321917 0.9829686690311109
1.4675004508576146 0.9946697230582431
1.5490282536830378 0.9997630848518874
1.6305560565084607 0.9982149186911143
1.7120838593338839 0.9900355092013424
1.793611662159307 0.9752791930325241
1.87513946498473 0.9540439978952483
1.956667267810153 0.9264709913526793
2.038195070635576 0.8927433436943735
2.119722873460999 0.853085111117397
2.201250676286422 0.8077597472981997
2.2827784791118453 0.7570683532430199
2.364306281937268 0.7013476770432481
2.445834084762691 0.6409678768235706
2.527361887588114 0.5763300617438647
2.6088896904135375 0.5078636273902131
2.6904174932389604 0.43602340325631256
2.7719452960643833 0.3612866312648404
2.8534730988898063 0.28414979540077767
2.935000901715229 0.20512532351775176
3.0165287045406526 0.12473818322763587
3.0980565073660755 0.043522394487260516
3.1795843101914985 -0.03798251795052875
3.2611121130169214 -0.11923510865472954
3.3426399158423448 -0.19969560839330397
3.4241677186677677 -0.27882950987513694
3.50569552149319 -0.35611111853638944
3.587223324318614 -0.43102704478300524
3.6687511271440365 -0.503079614490045
3.75027892996946 -0.5717901751015726
3.831806732794883 -0.6367022753683063
3.913334535620306 -0.6973846975997425
3.994862338445729 -0.7534343222871706
4.076390141271152 -0.8044788060676116
4.1579179440965754 -0.8501790552386845
4.239445746921998 -0.890231478392592
4.320973549747421 -0.9243700032047516
4.402501352572844 -0.9523678439793335
4.484029155398267 -0.9740390082097282
4.565556958223691 -0.9892395321457015
4.647084761049113 -0.9978684371592439
4.728612563874536 -0.9998684005558776
4.810140366699959 -0.9952261363751507
4.891668169525382 -0.9839724836506253
4.973195972350806 -0.9661822015430385
5.054723775176228 -0.9419734727075861
5.1362515780016516 -0.9115071181945124
5.217779380827075 -0.8749855290985012
5.299307183652497 -0.8326513220540301
5.380834986477921 -0.7847857275083651
5.462362789303343 -0.7317067214790722
5.543890592128767 -0.6737669132069573
5.62541839495419 -0.6113512027369847
5.7069461977796125 -0.5448742239880927
5.788474000605036 -0.47477759029785505
5.870001803430458 -0.401526960740126
5.951529606255882 -0.3256089467043997
6.033057409081305 -0.2475278792868155
6.114585211906728 -0.16780245896733978
6.196113014732151 -0.0869623098296686
6.2776408175575735 -0.00554446121452659
6.359168620382997 0.07591021982092308
6.44069642320842 0.1568606215379967
6.522224226033843 0.23676898217686124
6.603752028859265 0.3151044623626537
6.6852798316846895 0.39134667152549024
6.766807634510112 0.4649891249079946
6.848335437335535 0.5355426081951157
6.929863240160958 0.602538427414617
7.01139104298638 0.6655315225188572
7.092918845811805 0.7241034239639931
7.174446648637228 0.7778650326457596
7.2559744514626505 0.8264592047244368
7.337502254288073 0.8695631241677351
7.4190300571134955 0.9068904472505607
7.50055785993892 0.9381932047655346
7.582085662764343 0.9632634493076793
7.663613465589766 0.9819346366902038
7.745141268415188 0.9940827323144896
7.826669071240612 0.9996270351445575
7.908196874066035 0.9985307138122644
7.989724676891458 0.9908010512918329
8.07125247971688 0.9764893965183112
8.152780282542304 0.9556908232713701
8.234308085367728 0.9285434985905058
8.315835888193151 0.89522776491733
8.397363691018572 0.855964942062372
8.478891493843996 0.8110158569550407
8.56041929666942 0.760679110943786
8.641947099494843 0.7052890961569364
8.723474902320266 0.6452137741017492
8.805002705145688 0.5808522312586588
8.886530507971111 0.5126320279091516
8.968058310796534 0.4410063578092967
9.049586113621958 0.36645103757748054
9.131113916447381 0.2894613457961721
9.212641719272803 0.21054873282587855
9.294169522098226 0.130237423188325
9.37569732492365 0.04906093308959783
9.457225127749073 -0.032441473782334314
9.538752930574496 -0.11372836864119809
9.620280733399918 -0.19425975436896165
9.701808536225341 -0.27350065277167146
9.783336339050765 -0.3509246584940484
9.864864141876188 -0.42601743598386077
9.946391944701611 -0.49828013627535855
10.027919747527033 -0.5672327108937371
10.109447550352456 -0.6324171008660329
10.19097535317788 -0.6934002796535053
10.272503156003303 -0.7497771297910237
10.354030958828726 -0.8011731341236308
10.43555876165415 -0.84724686376213
10.517086564479571 -0.8876922462299563
10.598614367304995 -0.9222405987338006
10.680142170130418 -0.9506624130507536
10.761669972955842 -0.9727688801748008
10.843197775781265 -0.9884131445942688
10.924725578606687 -0.9974912798679412
11.00625338143211 -0.999942979018988
11.087781184257533 -0.9957519551603511
11.169308987082957 -0.9849460496901943
11.25083678990838 -0.9675970473386604
11.332364592733802 -0.9438201992946014
11.413892395559225 -0.9137734575801956
11.495420198384648 -0.8776564257595867
11.576948001210072 -0.8357090329520848
11.658475804035495 -0.7882099399586006
11.740003606860917 -0.7354746880895775
11.82153140968634 -0.677853602991937
11.903059212511764 -0.6157294674001482
11.984587015337187 -0.5495149782715489
12.06611481816261 -0.4796500051984437
12.147642620988032 -0.4065986683096228
12.229170423813455 -0.33084625507309023
12.310698226638879 -0.2528959964820177
12.392226029464302 -0.1732657240400193
12.473753832289725 -0.09248442975375606
12.555281635115147 -0.011088751985182962
12.63680943794057 0.07038058949172947
12.718337240765994 0.1513823855474915
12.799865043591417 0.23137853300444677
12.88139284641684 0.30983760931096166
12.962920649242262 0.3862384028355362
13.044448452067686 0.460073375328741
13.125976254893109 0.5308520335514688
13.20750405771853 0.5981041876714619
13.289031860543956 0.6613830747822419
13.370559663369379 0.7202683267945655
13.4520874661948 0.7743687629844513
13.533615269020224 0.8233249886465505
13.615143071845646 0.8668117825897564
13.69667087467107 0.9045402576146967
13.778198677496494 0.9362597796207978
13.859726480321916 0.96175963259414
13.941254283147341 0.9808704184153885
14.02278208597276 0.9934651821887407
14.104309888798186 0.999460255616231
14.18583769162361 0.9988158128147461
14.267365494449031 0.9915361348834246
14.348893297274456 0.9776695814638776
14.430421100099876 0.9573082694821693
14.511948902925301 0.9305874612066926
14.593476705750724 0.8976846656871583
14.675004508576146 0.8588184595439007
14.756532311401571 0.8142470349411345
14.838060114226991 0.7642664843901333
14.919587917052416 0.7092088337765142
15.00111571987784 0.6494398366784997
15.082643522703261 0.5853565446286465
15.164171325528686 0.5173846694600928
15.245699128354106 0.44597575525952604
15.327226931179531 0.37160417871381785
15.408754734004955 0.2947639977774303
15.490282536830376 0.21596566959510502
15.571810339655801 0.13573265948308408
15.653338142481225 0.05459796349573787
15.734865945306646 -0.026899432321501687
15.81639374813207 -0.10821813247131129
15.897921550957491 -0.1888179285498716
15.979449353782917 -0.2681633879063059
16.06097715660834 -0.3457274105762727
16.14250495943376 -0.4209947308606981
16.224032762259185 -0.49346534028828626
16.30556056508461 -0.5626578092226732
16.38708836791003 -0.6281124850485287
16.468616170735455 -0.6893945456906714
16.550143973560875 -0.7460968881813803
16.631671776386302 -0.7978428330868654
16.71319957921172 -0.8442886268270701
16.794727382037145 -0.8851257252657302
16.876255184862572 -0.9200828434004608
16.95778298768799 -0.9489277575366489
17.039310790513415 -0.971468847973111
17.12083859333884 -0.9875563719512606
17.202366396164262 -0.9970834584115067
17.283894198989685 -0.9999868179485806
17.36542200181511 -0.9962471632494985
17.446949804640532 -0.9858893372211452
17.528477607465952 -0.9689821479563153
17.610005410291375 -0.9456379116345448
17.691533213116802 -0.9160117063942984
17.773061015942222 -0.8803003421331128
17.854588818767645 -0.8387410530793973
17.93611662159307 -0.7916099218213164
18.017644424418492 -0.7392200452620432
18.099172227243916 -0.6819194546851576
18.18070003006934 -0.6200888037473983
18.262227832894762 -0.5541388397576674
18.343755635720182 -0.48450767504084535
18.425283438545605 -0.41165787651300073
18.506811241371032 -0.3360733928022905
18.588339044196452 -0.2582563393289586
18.669866847021876 -0.17872366270145093
18.7513946498473 -0.09800370658750032
18.832922452672722 -0.016632701873336785
18.914450255498146 0.06484879557267795
18.99597805832357 0.1458994958677156
19.077505861148992 0.22598097095827957
19.159033663974412 0.3045612314525759
19.240561466799836 0.38111826068021654
19.322089269625263 0.45514348250208714
19.403617072450682 0.5261451398334139
19.485144875276106 0.593651561436169
19.56667267810153 0.6572142952790927
19.648200480926953 0.7164110876502071
19.729728283752376 0.7708486882312102
19.8112560865778 0.8201654624993756
19.892783889403223 0.8640337941025027
19.974311692228643 0.902162261247697
20.055839495054066 0.9342975726460148
20.137367297879493 0.9602262501522729
20.218895100704913 0.979776046922103
20.300422903530336 0.992817091665282
20.38195070635576 0.9992627513939252
20.463478509181183 0.9990702069342491
20.545006312006606 0.9922407373787016
20.62653411483203 0.9788197115888202
20.708061917657453 0.9588962868052664
20.789589720482873 0.9326028163671999
20.8711175233083 0.9001139704755665
20.952645326133723 0.8616455758411834
21.034173128959143 0.8174531819259157
21.115700931784566 0.7678303633015835
21.19722873460999 0.7131067694042041
21.278756537435413 0.6536459346392207
21.360284340260836 0.5898428633854388
21.44181214308626 0.5221214059407242
21.523339945911683 0.45093144284132364
21.604867748737103 0.3767458962596656
21.68639555156253 0.3000575883342059
21.767923354387953 0.22137596730182293
21.849451157213373 0.14122372318128548
21.930978960038797 0.0601333154902479
22.01250676286422 -0.021356563937515637
22.094034565689643 -0.10270456953681878
22.175562368515067 -0.18337029822476122
22.25709017134049 -0.26281787935342465
22.338617974165913 -0.3405195345531416
22.420145776991333 -0.4159590838179328
22.50167357981676 -0.48863537454185335
22.583201382642184 -0.5580656107267419
22.664729185467603 -0.6237885602452172
22.746256988293027 -0.6853676188526523
22.82778479111845 -0.7423937105936056
22.909312593943874 -0.7944880053350512
22.990840396769297 -0.8413044353735168
23.07236819959472 -0.8825319943980701
23.153896002420144 -0.9178968035369033
23.235423805245563 -0.9471639307625611
23.31695160807099 -0.9701389515693217
23.398479410896414 -0.9866692405549704
23.480007213721834 -0.9966449853268962
23.561535016547257 -0.9999999159969903
23.64306281937268 -0.9967117454192596
23.724590622198104 -0.9868023172456066
23.806118425023527 -0.9703374608162271
23.88764622784895 -0.9474265538486002
23.969174030674374 -0.9182217958301767
24.050701833499794 -0.8829171969416902
24.13222963632522 -0.8417472892277673
24.213757439150644 -0.7949855685766946
24.295285241976064 -0.7429426778593754
24.37681304480149 -0.6859643432971091
24.45834084762691 -0.6244290777671316
24.539868650452334 -0.5587456663030017
24.621396453277757 -0.48935045049403475
24.70292425610318 -0.41670442982368977
24.784452058928604 -0.3412901992030708
24.865979861754024 -0.2636087430438051
24.94750766457945 -0.18417610716757635
25.029035467404874 -0.10351997066122877
25.110563270230294 -0.022176140450841996
25.19209107305572 0.05931500811822798
25.27361887588114 0.14041212104974576
25.355146678706564 0.22057646196635608
25.436674481531988 0.2992754909901463
25.51820228435741 0.3759864024592885
25.599730087182834 0.45019959797927256
25.681257890008254 0.5214220717369175
25.76278569283368 0.5891806855881948
25.844313495659105 0.6530253121630569
25.925841298484524 0.7125318251074103
26.00736910130995 0.7673049165976609
26.08889690413537 0.8169807234108074
26.170424706960794 0.8612292441049085
26.251952509786218 0.8997565312522321
26.333480312611645 0.9323066441619559
26.41500811543706 0.9586633491202232
26.496535918262488 0.9786515558527362
26.57806372108791 0.9921384806672497
26.659591523913335 0.9990345285491739
26.741119326738758 0.9992938883503709
26.822647129564178 0.9929148371172776
26.9041749323896 0.9799397515366596
26.985702735215025 0.960454826422969
27.067230538040448 0.9345895021174155
27.148758340865875 0.9025156046026014
27.23028614369129 0.8644462040450346
27.31181394651672 0.8206341993482975
27.39334174934214 0.7713706381199165
27.474869552167565 0.7169827832124493
27.55639735499299 0.6578319386830491
27.637925157818408 0.5943110496138302
27.71945296064383 0.5268420917376732
27.800980763469255 0.45587326821048757
27.882508566294682 0.3818760321520037
27.964036369120105 0.3053419547347173
28.04556417194552 0.22677945962653306
28.12709197477095 0.1467104454805603
28.208619777596372 0.06566681890927975
28.290147580421795 -0.015813039025282496
28.37167538324722 -0.09718784933173966
28.45320318607264 -0.17791703086078944
28.534730988898062 -0.2574642914408372
28.616258791723485 -0.3353011905214685
28.697786594548912 -0.4109106496578409
28.779314397374335 -0.4837903875154186
28.86084220019975 -0.5534562565760263
28.94237000302518 -0.6194454593791151
29.023897805850602 -0.6813196229323644
29.105425608676025 -0.73866771086814
29.18695341150145 -0.7911087539999129
29.26848121432687 -0.8382943811393508
29.350009017152292 -0.8799111333615973
29.431536819977715 -0.9156825463448081
29.513064622803142 -0.9453709869507971
29.594592425628566 -0.968779231846159
29.676120228453982 -0.9857517776769573
29.75764803127941 -0.9961758740933369
29.839175834104832 -0.9999822727615665
29.920703636930256 -0.9971456873877802
30.00223143975568 -0.9876849616973971
30.0837592425811 -0.9716629442543365
30.165287045406522 -0.9491860709516067
30.246814848231946 -0.9204036579468359
30.328342651057373 -0.8855069097398314
30.409870453882796 -0.8447276489816292
30.491398256708212 -0.7983367764530168
30.57292605953364 -0.7466424714430544
30.654453862359063 -0.6899881444827147
30.735981665184486 -0.6287501560337361
30.81750946800991 -0.5633353162877714
30.89903727083533 -0.4941781826848708
30.980565073660753 -0.42173817310415396
31.062092876486176 -0.3464965139040864
31.143620679311603 -0.2689530430867731
31.225148482137026 -0.18962288982324033
31.30667628496245 -0.10903305239788935
31.38820408778787 -0.027718897305258457
31.469731890613293 0.05377939724412113
31.551259693438716 0.13492042978254995
31.63278749626414 0.2151651721702421
31.714315299089566 0.2939805504141342
31.795843101914983 0.3708429859326707
31.877370904740406 0.44524187374167207
31.958898707565833 0.5166829744551762
32.040426510391256 0.584691697568014
32.12195431321668 0.6488162542088658
32.203482116042096 0.7086306584196973
32.28500991886752 0.7637375570238996
32.36653772169295 0.8137708692838286
32.44806552451837 0.8583982188124533
32.5295933273438 0.8973231415835368
32.61112113016922 0.9302870553723186
32.692648932994636 0.9570709775435836
32.77417673582006 0.9774969797755895
32.85570453864548 0.9914293700560184
32.93723234147091 0.9987755940978409
33.01876014429633 0.9994868501868572
33.10028794712175 0.993558413376459
33.18181574994718 0.9810296668759257
33.263343552772604 0.9619838404237608
33.34487135559802 0.9365474573840652
33.42639915842344 0.9048894942389432
33.50792696124887 0.8672202580605306
33.58945476407429 0.8237899894197164
33.67098256689972 0.7748872000125301
33.752510369725144 0.720836756047598
33.83403817255056 0.661997720126842
33.91556597537598 0.5987609659560224
33.99709377820141 0.5315465817309779
34.07862158102683 0.46080107944894083
34.16014938385226 0.38699442868386535
34.24167718667768 0.31061693453074674
34.3232049895031 0.2321759804589146
34.404732792328524 0.15219265771201038
34.48626059515395 0.07119830364581993
34.56778839797937 -0.010269027999887569
34.64931620080479 -0.09166814144714454
34.73084400363022 -0.1724582940984207
34.81237180645564 -0.25210278874472813
34.893899609281064 -0.3300725388998686
34.975427412106484 -0.40584958357577006
35.056955214931904 -0.47893052815010967
35.13848301775733 -0.5488298884680174
35.22001082058275 -0.6150833159627243
35.30153862340818 -0.677250682370407
35.383066426233604 -0.7349190035470108
35.46459422905902 -0.7877051829639773
35.546122031884444 -0.8352585566575152
35.62764983470987 -0.8772632227249565
35.70917763753529 -0.9134401398932908
35.79070544036072 -0.9435489812187526
35.87223324318614 -0.9673897306031553
35.95376104601156 -0.9848040115212128
36.035288848836984 -0.9956761391319112
36.11681665166241 -0.9999338887846847
36.19834445448783 -0.9975489758151262
36.27987225731325 -0.9885372434428916
36.36140006013868 -0.9729585575235751
36.4429278629641 -0.9509164088537428
36.524455665789525 -0.9225572256710249
36.605983468614944 -0.8880694009164402
36.687511271440364 -0.847682040720894
36.76903907426579 -0.8016634424298312
36.85056687709121 -0.7503193122766707
36.93209467991664 -0.6939907345451445
37.013622482742065 -0.633051905711707
37.09515028556748 -0.5679076486202408
37.176678088392904 -0.49899072320264926
37.25820589121833 -0.4267589516106397
37.33973369404375 -0.3516921768565226
37.42126149686918 -0.2742890751672145
37.5027892996946 -0.19506384322734072
37.58431710252002 -0.11454278231826441
37.665844905345445 -0.03326080204511372
37.74737270817087 0.04824213312216742
37.82890051099629 0.1294245908877788
37.91042831382171 0.20974726791994025
37.99195611664714 0.2886765724978143
38.07348391947256 0.3656881692156102
38.155011722297985 0.4402704621961128
38.236539525123405 0.5119279936741248
38.318067327948825 0.5801847353728874
38.39959513077425 0.6445872508083644
38.48112293359967 0.7047077075139531
38.5626507364251 0.7601467191751534
38.644178539250525 0.810535998793478
38.72570634207594 0.8555408052544908
38.807234144901365 0.8948621670471336
38.88876194772679 0.9282388683618642
38.97028975055221 0.9554491843739029
39.05181755337764 0.9763123541838166
39.13334535620306 0.9906897816305613
39.21487315902848 0.9984859559999041
39.296400961853905 0.9996490865118128
39.37792876467933 0.9941714463718825
39.45945656750475 0.9820894241012199
39.54098437033017 0.9634832818037895
39.6225121731556 0.9384766219770851
39.70403997598102 0.9072355664081646
39.785567778806445 0.8699676526096896
39.867095581631865 0.8269204551271219
39.948623384457285 0.7783799408757925
40.03015118728271 0.7246685694335772
40.11167899010813 0.6661431509091085
40.19320679293356 0.6031924756158652
40.274734595758986 0.5362347312985732
40.356262398584406 0.46571472506942996
40.437790201409825 0.39210092850915995
40.51931800423525 0.31588236556262267
40.60084580706067 0.23756536390298194
40.6823736098861 0.15767019134537932
