0.0 0.0
0.08637849812457965 0.08627112300136212
0.1727569962491593 0.17189895615076958
0.25913549437373895 0.2562450063558233
0.3455139924983186 0.3386803382756849
0.4318924906228982 0.4185902640446855
0.5182709887474779 0.49537892675811296
0.6046494868720576 0.5684737435429247
0.6910279849966372 0.6373296750831561
0.7774064831212167 0.7014332897638504
0.8637849812457964 0.7603065921287875
0.9501634793703762 0.8135105871047044
1.0365419774949558 0.8606485534149937
1.1229204756195355 0.901369001774316
1.209298973744115 0.9353682958060335
1.2956774718686945 0.962392916139315
1.3820559699932744 0.9822413508034277
1.468434468117854 0.994765597823291
1.5548129662424335 0.999872268812027
1.6411914643670134 0.9975232853314512
1.7275699624915928 0.9877361628280175
1.8139484606161724 0.9705838800270197
1.9003269587407523 0.9461943347589236
1.986705456865332 0.9147493902755213
2.0730839549899116 0.87648351916715
2.159462453114491 0.8316820549927557
2.245840951239071 0.7806790646597043
2.3322194493636506 0.7238548574181735
2.41859794748823 0.661633149044568
2.50497644561281 0.5944779023595342
2.591354943737389 0.522889867639585
2.6777334418619687 0.44740284871912656
2.764111939986549 0.3685797226250996
2.8504904381111285 0.28700824242425044
2.936868936235708 0.2032966545795498
3.0232474343602873 0.11806916349541581
3.109625932484867 0.031961277070836146
3.1960044306094466 -0.054384932033220576
3.2823829287340267 -0.1403256140772479
3.3687614268586064 -0.2252199431776163
3.4551399249831856 -0.30843489569328764
3.5415184231077657 -0.3893499704342721
3.627896921232345 -0.467361815495085
3.7142754193569245 -0.5418887272127406
3.8006539174815046 -0.6123749877023018
3.887032415606084 -0.6782950086267004
3.973410913730664 -0.7391572503023682
4.059789411855244 -0.7945078869174325
4.146167909979823 -0.8439341905324051
4.232546408104403 -0.8870676086301869
4.318924906228982 -0.9235865122673128
4.405303404353562 -0.953218594334557
4.491681902478142 -0.9757429000440012
4.5780604006027215 -0.9909914745020368
4.664438898727301 -0.9988506150829838
4.75081739685188 -0.9992617192648751
4.83719589497646 -0.9922217216054269
4.923574393101039 -0.9777831165998374
5.00995289122562 -0.9560535672499697
5.096331389350199 -0.9271951022636702
5.182709887474778 -0.8914229078703843
5.269088385599359 -0.8490037232620301
5.355466883723937 -0.8002538516237009
5.441845381848518 -0.7455368015851424
5.528223879973098 -0.6852605766797997
5.614602378097676 -0.6198746330228454
5.700980876222257 -0.549866527893604
5.787359374346836 -0.47575828421258104
5.873737872471416 -0.39810249802173564
5.960116370595995 -0.3174782179930275
6.046494868720575 -0.23448662769007597
6.132873366845155 -0.14974656277865334
6.219251864969734 -0.06388989661238288
6.3056303630943145 0.02244317139848488
6.392008861218893 0.1086088895024058
6.478387359343473 0.19396475381031456
6.564765857468053 0.277874299194555
6.651144355592632 0.35971184515914956
6.737522853717213 0.4388671612933179
6.8239013518417915 0.5147500175197622
6.910279849966371 0.5867945852083531
6.996658348090951 0.6544636563377938
7.083036846215531 0.7172526492446692
7.169415344340111 0.774693371090561
7.25579384246469 0.826357508992005
7.342172340589269 0.8718598237812976
7.428550838713849 0.9108610225835334
7.51492933683843 0.9430702887902036
7.601307834963009 0.9682474505643264
7.687686333087588 0.9862047717074284
7.774064831212168 0.9968083515345791
7.860443329336747 0.9999791233191624
7.946821827461328 0.9956934438623772
8.033200325585907 0.9839832697912779
8.119578823710487 0.9649359192707667
8.205957321835065 0.9386934209063639
8.292335819959646 0.9054514546927219
8.378714318084226 0.8654578929048324
8.465092816208806 0.8190109518119006
8.551471314333385 0.766456967995855
8.637849812457963 0.7081878158555976
8.724228310582545 0.6446379855536468
8.810606808707124 0.5762813431938015
8.896985306831704 0.5036275973878642
8.983363804956284 0.4272184985588903
9.069742303080861 0.3476237993212402
9.156120801205443 0.26543700605928916
9.242499299330023 0.18127095338363683
9.328877797454602 0.09575323446429829
9.41525629557918 0.009521521315145534
9.50163479370376 -0.07678119007564665
9.588013291828341 -0.16251137431392065
9.67439178995292 -0.24702977511543736
9.7607702880775 -0.32970617198871155
9.847148786202078 -0.4099240795414752
9.933527284326658 -0.4870853443699222
10.01990578245124 -0.560614605253504
10.106284280575819 -0.6299635833973842
10.192662778700399 -0.6946151707318954
10.279041276824977 -0.7540872857841387
10.365419774949556 -0.8079364683700316
10.451798273074138 -0.8557611863025752
10.538176771198717 -0.8972048294595357
10.624555269323297 -0.9319583688849508
10.710933767447875 -0.9597626610965734
10.797312265572454 -0.9804103804169562
10.883690763697036 -0.9937475649195265
10.970069261821616 -0.9996747644621548
11.056447759946195 -0.9981477822477712
11.142826258070773 -0.9891780043825082
11.229204756195353 -0.9728323149739818
11.315583254319934 -0.9492325974027932
11.401961752444514 -0.9185548254860723
11.488340250569093 -0.8810277513098936
11.574718748693671 -0.8369311995148939
11.661097246818251 -0.7865939807539183
11.747475744942832 -0.7303914398802384
11.833854243067412 -0.6687426571485267
11.92023274119199 -0.6021073232981293
12.00661123931657 -0.5309823118199204
12.09298973744115 -0.45589797396600423
12.17936823556573 -0.37741418412889627
12.26574673369031 -0.2961161650782669
12.352125231814888 -0.21261012418478487
12.438503729939468 -0.12751873317004758
12.524882228064047 -0.04147648508832727
12.611260726188629 0.04487503683873062
12.697639224313209 0.13089194325598294
12.784017722437786 0.2159328399046129
12.870396220562366 0.2993636102469927
12.956774718686946 0.3805621438244314
13.043153216811527 0.45892297509032864
13.129531714936107 0.533861798128746
13.215910213060685 0.6048198235939455
13.302288711185264 0.6712679453828855
13.388667209309844 0.7327106859714387
13.475045707434425 0.7886898909955294
13.561424205559005 0.8387881455281243
13.647802703683583 0.8826318865782684
13.734181201808163 0.9198941886034637
13.820559699932742 0.9502972012649246
13.906938198057324 0.9736142212483376
13.993316696181902 0.9896713827013595
14.079695194306481 0.9983489536829365
14.166073692431063 0.9995822289573202
14.25245219055564 0.993362012475577
14.338830688680222 0.9797346859469094
14.4252091868048 0.9588018629884848
14.51158768492938 0.9307196314326318
14.59796618305396 0.8956973894412334
14.684344681178539 0.853996284105949
14.77072317930312 0.8059272641769963
14.857101677427698 0.7518487614405661
14.943480175552278 0.6921640180338731
15.02985867367686 0.6273180796270588
15.116237171801437 0.5577944768925741
15.202615669926018 0.484111620007011
15.288994168050596 0.4068189330702191
15.375372666175176 0.3264927572657432
15.461751164299757 0.2437320533111865
15.548129662424335 0.15915393524358543
15.634508160548917 0.07338906884259898
15.720886658673495 -0.012923030996276026
15.807265156798074 -0.09913876887292045
15.893643654922656 -0.1846152679204833
15.980022153047234 -0.2687151634854699
16.066400651171815 -0.35081135570543903
16.152779149296393 -0.4302916855461449
16.239157647420974 -0.5065634994308494
16.325536145545552 -0.5790580684250518
16.41191464367013 -0.6472348290246144
16.49829314179471 -0.7105854139253126
16.584671639919293 -0.7686374427179842
16.67105013804387 -0.8209580442435591
16.757428636168452 -0.8671570843431409
16.84380713429303 -0.9068900749350574
16.93018563241761 -0.9398607427270863
17.016564130542193 -0.9658232384099221
17.10294262866677 -0.9845839698588396
17.18932112679135 -0.9960030456740706
17.275699624915926 -0.9999953182959791
17.362078123040508 -0.9965310189169433
17.44845662116509 -0.985635979455653
17.534835119289667 -0.9673914399386468
17.62121361741425 -0.9419334427253663
17.707592115538827 -0.9094518180937632
17.793970613663408 -0.8701887687505294
17.88034911178799 -0.824437063820729
17.966727609912567 -0.7725378557835143
18.053106108037145 -0.7148781366321868
18.139484606161723 -0.651887852227032
18.225863104286304 -0.5840366963580412
18.312241602410886 -0.5118306084229599
18.398620100535464 -0.4358080008360734
18.484998598660045 -0.3565357442984673
18.571377096784623 -0.2746049408660631
18.657755594909204 -0.19062651633391664
18.744134093033786 -0.10522666480273661
18.83051259115836 -0.019042179395619245
18.91689108928294 0.06728429605797889
19.00326958740752 0.15310905896461469
19.0896480855321 0.2377921478041074
19.176026583656682 0.32070211407100446
19.26240508178126 0.40122073073788167
19.34878357990584 0.4787476021312777
19.43516207803042 0.5527046408461994
19.521540576155 0.6225403783166856
19.60791907427958 0.6877340769001035
19.694297572404157 0.7477996128130732
19.780676070528738 0.8022891009654212
19.867054568653316 0.8507962346632325
19.953433066777897 0.8929593152781682
20.03981156490248 0.9284639492919419
20.126190063027057 0.957045392605208
20.212568561151638 0.9784905246302452
20.298947059276216 0.9926394374473956
20.385325557400797 0.9993866281755711
20.471704055525375 0.9986817856657604
20.558082553649953 0.9905301656514934
20.644461051774535 0.9749925515589003
20.730839549899112 0.9521848012685986
20.817218048023694 0.922276983209016
20.903596546148275 0.8854921082229762
20.989975044272853 0.8421044666635067
21.076353542397435 0.7924375831184896
21.162732040522013 0.7368618040149972
21.249110538646594 0.6757915360915486
21.335489036771172 0.6096821563299771
21.42186753489575 0.5390266163882639
21.50824603302033 0.46435176685380536
21.59462453114491 0.38621442872569206
21.68100302926949 0.3051972414193774
21.767381527394072 0.22190431825360768
21.85376002551865 0.13695674181486608
21.94013852364323 0.05098793278865497
22.02651702176781 -0.035361073209540204
22.11289551989239 -0.12144640558487946
22.19927401801697 -0.206626159853067
22.285652516141546 -0.2902651840697895
22.372031014266128 -0.3717398149090825
22.458409512390705 -0.45044252807558677
22.544788010515287 -0.5257864683744309
22.63116650863987 -0.5972098256597093
22.717545006764446 -0.6641800240319099
22.803923504889028 -0.7261976930470537
22.890302003013606 -0.7828003913257798
22.976680501138187 -0.8335660547969508
23.063058999262765 -0.8781161438635036
23.149437497387343 -0.9161184660234402
23.235815995511924 -0.9472896528987262
23.322194493636502 -0.9713972732018943
23.408572991761083 -0.9882615658847963
23.494951489885665 -0.9977567805460699
23.581329988010243 -0.9998121151024544
23.667708486134824 -0.9944122437320935
23.754086984259402 -0.9815974311531639
23.84046548238398 -0.9614632323856994
23.92684398050856 -0.9341597802353669
24.01322247863314 -0.8998906658121553
24.09960097675772 -0.858911420431489
24.1859794748823 -0.811527610217667
24.27235797300688 -0.7580925576173747
24.35873647113146 -0.6990047068131001
24.44511496925604 -0.634704652681484
24.53149346738062 -0.5656718554505089
24.6178719655052 -0.492421065553069
24.704250463629776 -0.41549848533531564
24.790628961754358 -0.335477696240476
24.877007459878936 -0.25295538183751054
24.963385958003517 -0.16854687858626605
25.049764456128095 -0.0828815875154035
25.136142954252676 0.0034017189736889886
25.222521452377258 0.08965966018157445
25.308899950501836 0.17524904454774703
25.395278448626417 0.2595316656772774
25.481656946750995 0.3418790611950033
25.568035444875573 0.42167719894244304
25.654413943000154 0.4983310555742217
25.740792441124732 0.5712690534132504
25.827170939249314 0.6399473224808057
25.91354943737389 0.7038537559211463
25.999927935498473 0.7625118285810567
26.086306433623054 0.8154841502705774
26.172684931747632 0.8623757272097274
26.259063429872214 0.9028369073418586
26.34544192799679 0.9365659875515845
26.43182042612137 0.963311463346328
26.51819892424595 0.9828739042264522
26.60457742237053 0.9951074407601008
26.69095592049511 0.9999208522742177
26.777334418619688 0.9972782470512427
26.86371291674427 0.9871993299595431
26.95009141486885 0.9697592555219561
27.03646991299343 0.9450880675180547
27.12284841111801 0.9133697292987991
27.209226909242588 0.8748407520441492
27.295605407367166 0.8297884311921583
27.381983905491747 0.7785487041898262
27.468362403616325 0.7215036455396184
27.554740901740907 0.6590786178200755
27.641119399865484 0.5917390999242885
27.727497897990066 0.5199872161667483
27.813876396114647 0.44435799213973043
27.90025489423923 0.3654153652377559
27.986633392363803 0.2837479795981275
28.07301189048838 0.19996479681296392
28.159390388612962 0.11469055514201046
28.245768886737544 0.028561111085007838
28.332147384862125 -0.057781301950284844
28.4185258829867 -0.1436928625301462
28.50490438111128 -0.22853296191827263
28.591282879235862 -0.31166898084326594
28.677661377360444 -0.39248100669189273
28.76403987548502 -0.47036645595374965
28.8504183736096 -0.5447445674496413
28.936796871734177 -0.6150607328393922
29.02317536985876 -0.6807906321182349
29.10955386798334 -0.7414441432649727
29.19593236610792 -0.7965689968892382
29.282310864232496 -0.8457541486265491
29.368689362357077 -0.8886328441345713
29.45506786048166 -0.9248853538360591
29.54144635860624 -0.954241357016647
29.62782485673082 -0.9764819575001509
29.714203354855396 -0.9914413158713118
29.800581852979974 -0.9990078860751215
29.886960351104555 -0.9991252471719089
29.973338849229137 -0.991792524046108
30.05971734735372 -0.9770643939316521
30.146095845478293 -0.9550506787053347
30.232474343602874 -0.9259155259882358
30.318852841727455 -0.8898761851614478
30.405231339852037 -0.8472013874228325
30.491609837976615 -0.7982093419641165
30.577988336101193 -0.7432653632100291
30.66436683422577 -0.682779146812242
30.750745332350352 -0.6172017147099386
30.837123830474933 -0.5470220520365126
30.923502328599515 -0.4727634609496363
31.00988082672409 -0.39497965857278394
31.09625932484867 -0.3142506481442765
31.182637822973252 -0.23117839416116498
31.269016321097833 -0.14638233376657658
31.35539481922241 -0.06049475785044233
31.44177331734699 0.025843903695132814
31.528151815471567 0.11198985740981872
31.61453031359615 0.19730074677983223
31.70090881172073 0.2811404420379464
31.78728730984531 0.3628837835331194
31.873665807969886 0.4419212433002587
31.960044306094467 0.5176634700706838
32.04642280421905 0.5895456838328296
32.13280130234363 0.6570318871748101
32.21917980046821 0.7196188620064173
32.305558298592786 0.7768399218586056
32.39193679671737 0.8282683917810604
32.47831529484195 0.873520789889553
32.56469379296653 0.9122596868396274
32.651072291091104 0.9441962219045757
32.73745078921568 0.9690922568963364
32.82382928734026 0.9867621518683451
32.91020778546484 0.9970741493596424
32.99658628358942 0.9999513568584726
33.082964781714004 0.995372320159517
33.169343279838586 0.9833711833394686
33.25572177796316 0.9640374341580766
33.34210027608774 0.9375152367830908
33.42847877421232 0.9040023568147425
33.514857272336904 0.8637486866253968
33.601235770461486 0.8170543820103634
33.68761426858606 0.7642676240441236
33.77399276671064 0.7057820228309066
33.86037126483522 0.6420336825088917
33.946749762959804 0.5734979493930616
34.033128261084386 0.5006858675045888
34.11950675920896 0.42414036791646237
34.20588525733354 0.34443222032987175
34.292263755458116 0.2621557770689529
34.3786422535827 0.17792454122908882
34.46502075170728 0.09236659202553575
34.55139924983185 0.006119901453586274
34.637777747956434 -0.08017242281784111
34.724156246081016 -0.16586693284724774
34.8105347442056 -0.25032463835895036
34.89691324233018 -0.3329157714423794
34.98329174045475 -0.41302448248382656
35.069670238579334 -0.4900534323149565
35.156048736703916 -0.5634282463361376
35.2424272348285 -0.6326017974020777
35.32880573295308 -0.6970582855338696
35.41518423107765 -0.7563170840366743
35.501562729202234 -0.8099363233440732
35.587941227326816 -0.857516185865702
35.6743197254514 -0.898701887269878
35.76069822357598 -0.933186321970894
35.84707672170055 -0.9607123530946495
35.933455219825134 -0.981074729847251
36.01983371794971 -0.9941216179894858
36.10621221607429 -0.9997557320050735
36.19259071419887 -0.9979350605205091
36.278969212323446 -0.9886731795673672
36.36534771044803 -0.9720391513511665
36.45172620857261 -0.948157009281655
36.53810470669719 -0.9172048331044274
36.62448320482177 -0.8794134210302641
36.710861702946346 -0.8350645687636014
36.79724020107093 -0.7844889682627195
36.88361869919551 -0.7280637418998229
36.96999719732009 -0.66620963040774
37.05637569544467 -0.5993878555816695
37.142754193569246 -0.5280966811295624
37.22913269169383 -0.4528676973154893
37.31551118981841 -0.374261857100039
37.40188968794299 -0.2928652933345734
37.48826818606757 -0.2092849481989627
37.574646684192146 -0.12414404747234019
37.66102518231672 -0.0380774533834293
37.7474036804413 0.04827306930752447
37.83378217856588 0.13426363869628527
37.920160676690465 0.21925305690890493
38.00653917481504 0.30260759126220704
38.09291767293962 0.383705699759319
38.1792961710642 0.46194266568398007
38.26567466918878 0.5367351067354144
38.352053167313365 0.6075253250808191
38.43843166543794 0.6737854658888741
38.52481016356252 0.7350214533357453
38.6111886616871 0.7907766747342552
38.69756715981168 0.8406353853152231
38.783945657936265 0.8842258082727789
38.87032415606084 0.9212229069578597
38.95670265418542 0.9513508085487454
39.04308115231 0.9743848611262291
39.12945965043458 0.9901533088146831
39.21583814855916 0.9985385724981043
39.30221664668374 0.9994781265613651
39.38859514480831 0.9929649651191447
39.474973642932895 0.9790476542560616
39.561352141057476 0.9578299698884742
39.64773063918206 0.9294701239482643
39.73410913730663 0.8941795846586555
39.82048763543121 0.8522214996987868
39.906866133555795 0.8039087340149267
39.993244631680376 0.7496015369095423
40.07962312980496 0.6897048558038636
40.16600162792953 0.6246653167041489
40.25238012605411 0.5549678938870988
40.338758624178695 0.48113229363734494
40.425137122303276 0.40370907900195596
40.51151562042786 0.32327556445822064
40.59789411855243 0.24043151110653427
40.68427261667701 0.15579465448760516
40.770651114801595 0.06999609837139369
40.857029612926176 -0.01632439113564692
40.94340811105075 -0.10252315607492753
41.02978660917533 -0.18795744614013338
41.116165107299906 -0.27199021141355056
41.20254360542449 -0.35399485259694075
41.28892210354907 -0.43335989331614994
41.37530060167365 -0.5094935396600936
41.461679099798225 -0.5818280929553106
41.548057597922806 -0.6498241828718387
41.63443609604739 -0.7129747892957085
41.72081459417197 -0.7708090229786528
41.80719309229655 -0.8228956367741239
41.893571590421125 -0.8688462412777428
41.979950088545706 -0.9083182008944303
42.06632858667029 -0.9410171887373308
42.15270708479487 -0.9666993813077263
42.23908558291945 -0.9851732765910177
42.325464081044025 -0.99630112201197
42.41184257916861 -0.9999999416015192
42.49822107729319 -0.9962421547159517
42.58459957541776 -0.9850557816949282
42.670978073542344 -0.9665242349248196
42.75735657166692 -0.9407856968653386
42.8437350697915 -0.9080320896772431
42.93011356791608 -0.86850764413424
43.01649206604066 -0.8225070784901015
43.102870564165244 -0.7703734008805002
