0.0 0.0
0.08264053529105303 0.08254650239466384
0.16528107058210606 0.1645295776801455
0.24792160587315912 0.24538964445965714
0.3305621411642121 0.32457478651201177
0.41320267645526515 0.4015445199356211
0.49584321174631824 0.47577348226037064
0.5784837470373713 0.5467550183470725
0.6611242823284242 0.614004638598682
0.7437648176194773 0.6770633258790062
0.8264053529105303 0.7355006685672918
0.9090458882015834 0.788917798363805
0.9916864234926365 0.8369501127941955
1.0743269587836894 0.8792697638299973
1.1569674940747425 0.915587895639007
1.2396080293657954 0.9456566161916118
1.3222485646568485 0.9692706892657275
1.4048890999479016 0.9862689353014428
1.4875296352389547 0.9965353315437381
1.5701701705300077 0.9999998039641724
1.6528107058210606 0.9966387055562212
1.7354512411121137 0.9864749777396268
1.8180917764031668 0.9695779937720811
1.9007323116942199 0.94606308523705
1.983372846985273 0.9160907548397266
2.0660133822763256 0.8798655808842343
2.148653917567379 0.837634820909648
2.2312944528584318 0.7896867240158183
2.313934988149485 0.7363485633983372
2.3965755234405384 0.6779844025217248
2.479216058731591 0.6149926101779788
2.561856594022644 0.5478031413916338
2.644497129313697 0.4768746027307169
2.7271376646047503 0.40269112205451774
2.809778199895803 0.32575904406395034
2.892418735186856 0.24660347420925324
2.9750592704779093 0.16576469454484513
3.057699805768962 0.08379447599517338
3.1403403410600155 0.0012523122024469503
3.2229808763510683 -0.08129839933759177
3.305621411642121 -0.1632942027859355
3.3882619469331745 -0.24417542986880267
3.4709024822242274 -0.3233900199338279
3.5535430175152802 -0.4003972880798876
3.6361835528063335 -0.47467161564091076
3.7188240880973864 -0.5457060378340148
3.8014646233884397 -0.6130157040842201
3.8841051586794926 -0.6761411874070358
3.966745693970546 -0.7346516202605013
4.049386229261599 -0.7881476354626851
4.132026764552651 -0.8362640921012069
4.214667299843705 -0.8786725678288888
4.297307835134758 -0.9150836005341811
4.3799483704258115 -0.9452486640857001
4.4625889057168635 -0.9689618646652686
4.545229441007916 -0.9860613461110344
4.62786997629897 -0.9964303946783803
4.710510511590023 -0.9999982356780125
4.793151046881077 -0.9967405165537097
4.875791582172129 -0.986679473102453
4.958432117463182 -0.9698837777023883
5.041072652754235 -0.9464680705845543
5.123713188045288 -0.9165921773477125
5.206353723336341 -0.8804600180571877
5.288994258627394 -0.8383182153737465
5.371634793918447 -0.7904544112128291
5.4542753292095005 -0.7371953034238954
5.536915864500553 -0.6789044158906803
5.619556399791606 -0.6159796172726871
5.702196935082659 -0.548850405323942
5.784837470373712 -0.47797497532507727
5.867478005664766 -0.4038370926383771
5.950118540955819 -0.3269427907323883
6.0327590762468715 -0.2478169172139576
6.115399611537924 -0.16699955144301787
6.198040146828977 -0.08504231818194037
6.280680682120031 -0.0025046224409096206
6.363321217411084 0.08005016878134036
6.445961752702137 0.16205857179963745
6.5286022879931895 0.24296083234092558
6.611242823284242 0.3222047461874519
6.693883358575295 0.3992494282865056
6.776523893866349 0.4735690046003798
6.859164429157402 0.5446562014975632
6.941804964448455 0.6120258081855248
7.024445499739508 0.6752179885519911
7.1070860350305605 0.7338014198095159
7.189726570321614 0.7873762365202938
7.272367105612667 0.8355767599065603
7.35500764090372 0.8780739938174827
7.437648176194773 0.9145778703161279
7.520288711485826 0.9448392295590996
7.602929246776879 0.9686515204550302
7.685569782067932 0.9858522104939611
7.768210317358985 0.996323895124719
7.850850852650038 0.9999950991081524
7.933491387941092 0.9968407643765347
8.016131923232145 0.9868824210692138
8.098772458523198 0.9701880405770916
8.18141299381425 0.9468715715989919
8.264053529105302 0.9170921623765912
8.346694064396358 0.881053074416609
8.42933459968741 0.8390002951147322
8.511975134978462 0.7912208587508837
8.594615670269516 0.7380408873160358
8.677256205560568 0.6798233645430285
8.759896740851623 0.6169656583348966
8.842537276142675 0.5498968085015862
8.925177811433727 0.4790745983177521
9.00781834672478 0.40498242988998945
9.090458882015833 0.3281260246608732
9.173099417306888 0.24902997157074305
9.25573995259794 0.16823414643805318
9.338380487888992 0.08629002699799061
9.421021023180046 0.0037569287514072555
9.503661558471098 -0.07880181268349123
9.586302093762153 -0.16082268665907562
9.668942629053205 -0.24174585378086388
9.751583164344257 -0.3210189671317327
9.834223699635311 -0.39810094235564897
9.916864234926363 -0.4724656508679865
9.999504770217419 -0.5436055109841625
10.08214530550847 -0.6110349524550377
10.164785840799523 -0.6742937307617125
10.247426376090576 -0.7329500685476951
10.330066911381628 -0.7866036027464056
10.412707446672682 -0.8348881172881882
10.495347981963736 -0.8774740427345153
10.577988517254788 -0.9140707057779774
10.660629052545842 -0.9444283132539222
10.743269587836894 -0.9683396571217205
10.825910123127947 -0.9856415287782072
10.908550658419001 -0.9962158330497759
10.991191193710053 -0.999990394259511
11.073831729001107 -0.9969394488674789
11.156472264292159 -0.9870838213216291
11.239112799583213 -0.9704907819190208
11.321753334874266 -0.9472735876475574
11.404393870165318 -0.9175907091422416
11.487034405456372 -0.8816447490324181
11.569674940747424 -0.8396810590629099
11.652315476038478 -0.7919860654279725
11.734956011329531 -0.7388853137486396
11.817596546620583 -0.6807412470375926
11.900237081911637 -0.6179507318182155
11.98287761720269 -0.5509423492835087
12.065518152493743 -0.48017346998421684
12.148158687784797 -0.4061271320131367
12.230799223075849 -0.32930874399375243
12.313439758366902 -0.2502426353771967
12.396080293657954 -0.16946847759375502
12.478720828949008 -0.08753760048655836
12.561361364240062 -0.005009229169963483
12.644001899531114 0.07755333300182746
12.726642434822168 0.15958654930246807
12.80928297011322 0.24053049609404947
12.891923505404273 0.31983268462631254
12.974564040695327 0.3969518320884718
13.057204575986379 0.4713615561741082
13.139845111277433 0.5425539679415933
13.222485646568485 0.6100431384467021
13.305126181859539 0.6733684154857016
13.38776671715059 0.7320975678101994
13.470407252441644 0.7858297353527331
13.553047787732698 0.8341981653260806
13.63568832302375 0.8768727155208804
13.718328858314804 0.9135621077151094
13.800969393605856 0.9440159158146012
13.88360992889691 0.9680262751544312
13.966250464187963 0.9854293012941823
14.048890999479015 0.9961062086230232
14.131531534770069 0.9999841211394668
14.214172070061121 0.9970365698717768
14.296812605352175 0.987283673543845
14.379453140643228 0.9707920012533897
14.46209367593428 0.947674118099775
14.544734211225334 0.9180878168628004
14.627374746516386 0.8822350409766982
14.71001528180744 0.840360506150645
14.792655817098494 0.7927500300440324
14.875296352389546 0.7397285813974064
14.9579368876806 0.6816580619348713
15.040577422971651 0.6189348361777641
15.123217958262705 0.5519870260299992
15.205858493553759 0.4812715886011266
15.28849902884481 0.4072711972126005
15.371139564135865 0.3304909468761849
15.453780099426917 0.25145490673151183
15.53642063471797 0.1707025429743351
15.619061170009024 0.08878503669109188
15.701701705300076 0.006261521732615167
15.78434224059113 -0.07630473169432102
15.866982775882184 -0.15835016166843663
15.949623311173236 -0.2393147611865148
16.03226384646429 -0.3186459005316213
16.11490438175534 -0.3958020992871066
16.197544917046397 -0.4702567222502817
16.28018545233745 -0.5415015740189798
16.3628259876285 -0.6090503677159695
16.445466522919556 -0.6724420441751185
16.528107058210605 -0.7312439189339953
16.61074759350166 -0.7850546355529212
16.693388128792716 -0.8335069051022803
16.776028664083764 -0.8762700131196324
16.85866919937482 -0.9130520769251508
16.94130973466587 -0.9436020378878951
17.023950269956924 -0.9677113750446341
17.10659080524798 -0.9852155283747198
17.18923134053903 -0.9959950220163837
17.271871875830087 -0.999976279757858
17.354512411121135 -0.9971321272371149
17.43715294641219 -0.9874819774224365
17.519793481703246 -0.9710916981078
17.602434016994295 -0.9480731623274978
17.68507455228535 -0.9185834847586603
17.767715087576402 -0.8828239493237019
17.850355622867454 -0.8410386353123714
17.93299615815851 -0.7935127514009483
18.01563669344956 -0.7405706889398481
18.098277228740617 -0.6825738077970348
18.180917764031665 -0.619917969870185
18.26355829932272 -0.5530308371027065
18.346198834613777 -0.4823689524463154
18.428839369904825 -0.40841462369415715
18.51147990519588 -0.33167263145413783
18.594120440486932 -0.2526667837324978
18.676760975777984 -0.17193634064442884
18.75940151106904 -0.09003233365525387
18.842042046360092 -0.007513804475405278
18.924682581651144 0.07505601071913472
19.007323116942196 0.15711352569598602
19.08996365223325 0.23809865096487873
19.172604187524307 0.31745861670887804
19.255244722815355 0.39465174575466533
19.33788525810641 0.46915115082919845
19.420525793397463 0.5404483308667742
19.503166328688515 0.6080566418197859
19.58580686397957 0.6715146182827749
19.668447399270622 0.7303891232578513
19.751087934561674 0.7842783045625471
19.833728469852726 0.8328143377008764
19.916369005143782 0.8756659364759827
19.999009540434837 0.9125406142079766
20.081650075725886 0.943186680122882
20.16429061101694 0.9673949572861842
20.246931146307993 0.9850002103550763
20.329571681599045 0.9958822734042295
20.4122122168901 0.999966870126982
20.494852752181153 0.9972261208136314
20.577493287472205 0.9876787326464064
20.660133822763257 0.9713898720122435
20.742774358054312 0.948470719704909
20.825414893345364 0.9190777120524727
20.908055428636416 0.8834114731498537
20.99069596392747 0.8417154454845859
21.073336499218524 0.7942742283025558
21.155977034509576 0.7414116350553017
21.23861756980063 0.6834884831879353
21.321258105091683 0.6209001313536402
21.403898640382735 0.5540737808646375
21.486539175673787 0.48346555979881
21.569179710964843 0.4095574096645832
21.651820246255895 0.33285379587439295
21.734460781546947 0.25387826447958783
21.817101316838002 0.17316986866908282
21.899741852129054 0.09127948942292713
21.982382387420106 0.008766075434399289
22.06502292271116 -0.07380717203462607
22.147663458002214 -0.15587664332452453
22.230303993293266 -0.23688216733634873
22.312944528584318 -0.3162708350200755
22.395585063875373 -0.3935007732952352
22.478225599166425 -0.4680448436447142
22.560866134457477 -0.5393942401367652
22.643506669748533 -0.6070619623166025
22.726147205039585 -0.6705861392631429
22.808787740330636 -0.7295331821223271
22.891428275621692 -0.7835007435991236
22.974068810912744 -0.8321204642080209
23.056709346203796 -0.8750604865372933
23.139349881494848 -0.9120277203657036
23.221990416785903 -0.9427698431709635
23.304630952076955 -0.9670770223753133
23.387271487368007 -0.9847833475729328
23.469912022659063 -0.9957679629633833
23.552552557950115 -0.9999558922615959
23.635193093241167 -0.997318550453918
23.717833628532222 -0.9878739389071852
23.800474163823274 -0.9716865224990945
23.883114699114326 -0.9488667896085271
23.96575523440538 -0.9195704979691468
24.048395769696434 -0.8839976115337455
24.131036304987486 -0.8423909356058596
24.213676840278538 -0.7950344595546396
24.296317375569593 -0.7422514184249188
24.378957910860645 -0.684402086673097
24.461598446151697 -0.6218813190878246
24.544238981442753 -0.5551158556801532
24.626879516733805 -0.48456140893880356
24.709520052024857 -0.41069955333166935
24.79216058731591 -0.3340344382845444
24.874801122606964 -0.25508934707282793
24.957441657898016 -0.17440312511377873
25.04008219318907 -0.0925265020382124
25.122722728480124 -0.010018332645672272
25.205363263771176 0.07255821759932478
25.288003799062228 0.15463951649382923
25.370644334353283 0.23566531220872483
25.453284869644335 0.3150825573280092
25.535925404935387 0.3923491837138642
25.61856594022644 0.46693780243183564
25.701206475517495 0.5383393034820718
25.783847010808547 0.6060663307663559
25.8664875460996 0.6696566085723434
25.949128081390654 0.7286760968697883
26.031768616681706 0.7827219538820845
26.114409151972758 0.8314252857119002
26.197049687263814 0.8744536642530865
26.279690222554866 0.9115133962027018
26.362330757845918 0.942351527685857
26.44497129313697 0.9667575708106355
26.527611828428025 0.9845649403683927
26.610252363719077 0.995652090873116
26.692892899010133 0.999943346178916
26.77553343430118 0.9974094160130185
26.858173969592233 0.9880675958986354
26.94081450488329 0.9719816491031226
27.023455040174344 0.9492613714171987
27.106095575465396 0.9200618417358518
27.188736110756444 0.8845823635561493
27.2713766460475 0.843065104616829
27.354017181338556 0.7957934439649373
27.436657716629608 0.7430900377316836
27.519298251920663 0.6853146168197255
27.60193878721171 0.6228615315339521
27.684579322502763 0.5561570599149905
27.76721985779382 0.48565649814770007
27.849860393084874 0.41184105290420064
27.932500928375926 0.33521455683300333
28.015141463666975 0.25630002961290393
28.09778199895803 0.17563610804441365
28.180422534249086 0.09377336954543311
28.263063069540138 0.011270574145333294
28.345703604831193 -0.07130914937195627
28.428344140122242 -0.1534021471440729
28.510984675413294 -0.23444808749037407
28.59362521070435 -0.3138937854962288
28.676265745995405 -0.39119697881658116
28.758906281286457 -0.4658300289267236
28.841546816577505 -0.5372835225571279
28.92418735186856 -0.6050697487304845
29.006827887159616 -0.6687260276681498
29.08946842245067 -0.7278178688443854
29.172108957741724 -0.7819419366327999
29.254749493032772 -0.8307288033027554
29.337390028323824 -0.8738454705750284
29.42003056361488 -0.9109976425255745
29.502671098905935 -0.9419317343236033
29.585311634196987 -0.9664366030931432
29.667952169488036 -0.9843449890839793
29.75059270477909 -0.9955346573151483
29.833233240070147 -0.9999292318986184
29.9158737753612 -0.9974987173484292
29.998514310652254 -0.9882597033170445
30.081154845943303 -0.972275251361484
30.163795381234355 -0.9496544645121097
30.24643591652541 -0.9205517425820229
30.329076451816466 -0.8851657282999981
30.411716987107518 -0.8437379514602019
30.494357522398566 -0.7965511803431504
30.57699805768962 -0.7439274916603981
30.659638592980674 -0.6862260721967197
30.74227912827173 -0.6238407671547659
30.824919663562785 -0.5571973919362283
30.907560198853833 -0.48675082570808276
30.990200734144885 -0.4129819065919885
31.07284126943594 -0.33639414966901254
31.155481804726996 -0.25751031020110166
31.238122340018048 -0.17686881552731368
31.320762875309097 -0.09502008998915445
31.403403410600152 -0.012522797969505407
31.486043945891204 0.07005996931140673
31.56868448118226 0.15216453721580867
31.651325016473315 0.2332304950902708
31.733965551764367 0.3127045213890758
31.816606087055415 0.3900441604103637
31.89924662234647 0.46472152486667795
31.981887157637527 0.5362268990177155
32.06452769292858 0.6040722177719171
32.147168228219634 0.6677943980099765
32.22980876351068 0.726958499392068
32.31244929880174 0.7811606930745555
32.39508983409279 0.8300310180728744
32.47773036938384 0.8732359064569476
32.5603709046749 0.9104804601431742
32.643011439965946 0.9415104637425553
32.725651975257 0.9661141197262039
32.80829251054806 0.9841234940646421
32.89093304583911 0.9954156624736507
32.97357358113016 0.9999135494428381
33.05621411642121 0.9975864543201008
33.138854651712265 0.9884502608611364
33.22149518700332 0.9725673288137254
33.304135722294376 0.9500460682767722
33.38677625758543 0.9210401997393508
33.46941679287648 0.8857477048504172
33.55205732816753 0.8444094750807674
33.634697863458584 0.7973076675009226
33.71733839874964 0.7447637788976924
33.799978934040695 0.6871364513746436
33.88261946933174 0.6248190244145495
33.9652600046228 0.5582368501123426
34.04790053991385 0.4878443899037325
34.1305410752049 0.41412211260583454
34.21318161049596 0.33757321494262577
34.29582214578701 0.258720186939375
34.37846268107806 0.1781012456292473
34.46110321636912 0.09626666141414393
34.54374375166017 0.013775002154335825
34.62638428695122 -0.06881067937676251
34.70902482224227 -0.1509266886499529
34.791665357533326 -0.23201253691792795
34.87430589282438 -0.31151476687165025
34.95694642811544 -0.3888907303031776
35.03958696340649 -0.46361229199016013
35.12222749869754 -0.5351694345209079
35.20486803398859 -0.6030737394550598
35.287508569279645 -0.6668617210588808
35.3701491045707 -0.7260979898605764
35.452789639861756 -0.7803782244325697
35.535430175152804 -0.8293319311165743
35.61807071044386 -0.8726249728548121
35.70071124573491 -0.9099618498665866
35.783351781025964 -0.9410877166033905
35.86599231631702 -0.9657901212155655
35.94863285160807 -0.9839004556577452
36.03127338689912 -0.9952951065352391
36.11391392219018 -0.9998962988361697
36.196554457481234 -0.9976726267904352
36.27919499277228 -0.9886392682320596
36.36183552806333 -0.9728578810017882
36.44447606335439 -0.9504361820970457
36.52711659864544 -0.9215272124418018
36.6097571339365 -0.8863282922946959
36.69239766922755 -0.8450796744253727
36.7750382045186 -0.7980629042518697
36.85767873980965 -0.7455988981320358
36.940319275100705 -0.6880457529257775
37.02295981039176 -0.6257963017791099
37.10560034568282 -0.5592754328131564
37.188240880973865 -0.48893718901962435
37.27088141626492 -0.4152616691575755
37.35352195155597 -0.33875175080474096
37.436162486847024 -0.25992965793027345
37.51880302213808 -0.17933339641740415
37.60144355742913 -0.09751308186544168
37.684084092720184 -0.015027184736027436
37.76672462801124 0.06756128152726103
37.84936516330229 0.1496886033878208
37.93200569859334 0.2307942148834701
38.01464623388439 0.3103245238098281
38.09728676917545 0.38773669030391217
38.1799273044665 0.4625023320367493
38.26256783975756 0.5341111307251216
38.345208375048614 0.6020743153458294
38.42784891033966 0.6659279982775775
38.51048944563071 0.7252363415994283
38.593129980921766 0.7795945319339707
38.67577051621282 0.8286315435302338
38.75841105150388 0.8720126707267407
38.841051586794926 0.909441812509147
38.92369212208598 0.9406634935690954
39.00633265737703 0.9654646080693481
39.088973192668085 0.9836758742130798
39.17161372795914 0.9951729896889818
39.25425426325019 0.9998774801056671
39.336894798541245 0.9977572346242913
39.4195353338323 0.9888267251333973
39.50217586912335 0.97314690747
39.584816404414404 0.9508248053611147
39.66745693970545 0.9220127799255964
39.75009747499651 0.8869074897223114
39.832738010287564 0.8457485484429684
39.91537854557862 0.7988168894115639
39.998019080869675 0.7464328480537078
40.080659616160716 0.6889539754240681
40.16330015145177 0.6267725977158046
40.24594068674283 0.5603131384098833
40.32858122203388 0.4900292213419393
40.41122175732494 0.41640057446006046
40.49386229261599 0.33992975540706294
40.57650282790704 0.26113872127700694
40.65914336319809 0.18056526595942923
40.741783898489146 0.09875934938828568
40.8244244337802 0.01627934375078148
40.90706496907125 -0.06631177772230891
40.989705504362306 -0.1484502833710777
41.07234603965336 -0.22957553089756835
41.15498657494441 -0.30913379407026154
41.237627110235465 -0.38658204222244896
