0.0 0.0
0.07092040970357076 0.07086097320215592
0.14184081940714152 0.1413656860089053
0.21276122911071232 0.21115966915843187
0.28368163881428304 0.2798920266510021
0.3546020485178538 0.347217199912538
0.42552245822142465 0.41279670512376515
0.49644286792499537 0.4763008349803473
0.5673632776285661 0.5374103163282438
0.6382836873321369 0.5958179153403663
0.7092040970357076 0.6512299821643563
0.7801245067392785 0.7033679272756148
0.8510449164428493 0.7519696221130786
0.9219653261464199 0.7967907169559099
0.9928857358499907 0.8376058694153486
1.0638061455535615 0.8742098773653627
1.1347265552571322 0.9064187106161812
1.2056469649607031 0.9340704361438705
1.2765673746642738 0.9570260322242712
1.3474877843678446 0.9751700873781609
1.4184081940714153 0.9884113806136269
1.489328603774986 0.9966833400484245
1.560249013478557 0.9999443776065529
1.6311694231821277 0.9981780981063288
1.7020898328856986 0.9913933816887482
1.773010242589269 0.9796243391717188
1.8439306522928398 0.9629301405546237
1.9148510619964108 0.941394717535428
1.9857714716999815 0.915126341535951
2.056691881403552 0.8842570793568212
2.127612291107123 0.8489421291988661
2.1985327008106936 0.8093590403891481
2.2694531105142643 0.7657068207345531
2.3403735202178355 0.718204935990796
2.4112939299214062 0.6670922064771113
2.482214339624977 0.6126256063840012
2.5531347493285477 0.5550789718106437
2.6240551590321184 0.4947416240274216
2.694975568735689 0.43191691488525735
2.76589597843926 0.36692070168484636
2.8368163881428305 0.30007975917353297
2.9077367978464017 0.2317301366536667
2.978657207549972 0.16221546846223928
3.0495776172535427 0.09188524631601963
3.120498026957114 0.021093062208154094
3.191418436660684 -0.049805169309773266
3.2623388463642553 -0.12045300052257206
3.333259256067826 -0.1904952426267979
3.404179665771397 -0.25957975147681556
3.4751000754749675 -0.3273591980235412
3.546020485178538 -0.39349281454482976
3.6169408948821093 -0.45764810788814814
3.6878613045856796 -0.5195025311120539
3.758781714289251 -0.578745105122139
3.8297021239928215 -0.6350779821484946
3.9006225336963922 -0.6882179432041828
3.971542943399963 -0.7378978219960793
4.042463353103534 -0.7838678481292496
4.113383762807104 -0.8258969028517633
4.184304172510675 -0.8637736810265702
4.255224582214246 -0.8973077534885103
4.3261449919178165 -0.9263305244453586
4.397065401621387 -0.9506960791094732
4.467985811324959 -0.9702819172985018
4.538906221028529 -0.9849895693168937
4.609826630732099 -0.9947450910218192
4.680747040435671 -0.9994994355844956
4.751667450139241 -0.9992287000778638
4.8225878598428125 -0.9939342456508646
4.893508269546383 -0.983642690685132
4.964428679249954 -0.9684057769685043
5.035349088953525 -0.948300109558182
5.106269498657095 -0.9234267716413957
5.177189908360666 -0.8939108163299061
5.248110318064237 -0.8599006379433911
5.3190307277678075 -0.8215672259426542
5.389951137471378 -0.7791033052635736
5.460871547174949 -0.7327223673738502
5.53179195687852 -0.6826575969240078
5.60271236658209 -0.6291606993890125
5.673632776285661 -0.5725006355946556
5.744553185989232 -0.5129622694909926
5.815473595692803 -0.4508449359712851
5.886394005396374 -0.3864609359368815
5.957314415099944 -0.32013396617422973
6.028234824803515 -0.25219749193798036
6.099155234507085 -0.18299307042217497
6.170075644210657 -0.11286863354841882
6.240996053914228 -0.042176738704502156
6.3119164636177985 0.02872720377196617
6.382836873321368 0.09948671745339678
6.453757283024939 0.16974605204193702
6.524677692728511 0.23915197193849194
6.595598102432081 0.3073555321688586
6.666518512135652 0.3740138327383329
6.737438921839223 0.4387917425945899
6.808359331542794 0.5013635845314599
6.879279741246365 0.5614147725625741
6.950200150949935 0.6186433935328371
7.021120560653506 0.6727617250160106
7.092040970357076 0.723497681867032
7.162961380060648 0.7705961841563965
7.233881789764219 0.8138204396091678
7.304802199467789 0.8529531341010426
7.375722609171359 0.8877975242261228
7.44664301887493 0.9181784264434178
7.517563428578502 0.9439430978290355
7.588483838282072 0.9649620040060031
7.659404247985643 0.9811294703908765
7.730324657689214 0.9923642134829259
7.8012450673927844 0.9986097495247964
7.872165477096356 0.9998346784800612
7.943085886799926 0.9960328418999405
8.014006296503497 0.9872233538854984
8.084926706207067 0.9734505049896525
8.155847115910637 0.9547835395421339
8.226767525614209 0.9313163075169243
8.29768793531778 0.9031667926924368
8.36860834502135 0.8704765194766603
8.439528754724922 0.8334098413795082
8.510449164428492 0.792153114709661
8.581369574132063 0.7469137616501937
8.652289983835633 0.6979192274235011
8.723210393539205 0.6454158367884372
8.794130803242775 0.5896675556187793
8.865051212946346 0.5309546637892602
8.935971622649918 0.4695723460414027
9.006892032353488 0.40582920791368227
9.077812442057057 0.3400457241973347
9.148732851760629 0.27255262771835465
9.219653261464199 0.20368924654623466
9.29057367116777 0.13380179798926914
9.361494080871342 0.0632416479535676
9.432414490574912 -0.007636455583022189
9.503334900278482 -0.0784761661006825
9.574255309982053 -0.14892133010421107
9.645175719685625 -0.21861777771915664
9.716096129389195 -0.28721510331511646
9.787016539092766 -0.35436842720393436
9.857936948796336 -0.41974012955567264
9.928857358499908 -0.4830015478149702
9.99977776820348 -0.5438346290838113
10.07069817790705 -0.6019335291632332
10.141618587610619 -0.6570061502146158
10.21253899731419 -0.7087756093098094
10.28345940701776 -0.7569816304868285
10.354379816721332 -0.8013818533124296
10.425300226424904 -0.8417530513726182
10.496220636128474 -0.8778922545650365
10.567141045832043 -0.9096177695507826
10.638061455535615 -0.9367700932352404
10.708981865239187 -0.9592127146853116
10.779902274942756 -0.9768328014513344
10.850822684646328 -0.989541766843138
10.921743094349898 -0.9972757153081896
10.992663504053468 -0.9999957636726677
11.06358391375704 -0.9976882366303766
11.134504323460611 -0.9903647354966717
11.20542473316418 -0.9780620798817242
11.276345142867752 -0.96084212257637
11.347265552571322 -0.9387914385812239
11.418185962274894 -0.9120208898424889
11.489106371978464 -0.8806650678828044
11.560026781682035 -0.8448816171293461
11.630947191385607 -0.8048504423412273
11.701867601089177 -0.7607728041209239
11.772788010792748 -0.7128703070571282
11.843708420496316 -0.661383785586258
11.914628830199888 -0.6065720931740235
11.985549239903461 -0.5487108009046099
12.05646964960703 -0.48809081202040233
12.127390059310601 -0.4250168993777837
12.19831046901417 -0.3598061731721519
12.269230878717742 -0.2927864866357263
12.340151288421314 -0.22429478772373038
12.411071698124884 -0.15467542507595708
12.481992107828455 -0.08427841677067706
12.552912517532025 -0.01345769057491342
12.623832927235597 0.057430695461647564
12.694753336939169 0.12803034312292164
12.765673746642737 0.19798630585292715
12.83659415634631 0.2669468732839343
12.907514566049878 0.33456533949432
12.97843497575345 0.4005017461061551
13.049355385457021 0.46442459145879406
13.120275795160591 0.5260124972655462
13.191196204864163 0.5849558243740933
13.262116614567732 0.6409582295072614
13.333037024271304 0.6937381551575159
13.403957433974876 0.7430302451445494
13.474877843678446 0.788586678719144
13.545798253382017 0.8301784165059565
13.616718663085589 0.8675963520211202
13.687639072789159 0.9006523629753188
13.75855948249273 0.9291802570767899
13.829479892196298 0.9530366075791372
13.90040030189987 0.9721014743731767
13.971320711603443 0.9862790069974264
14.042241121307011 0.9954979265355742
14.113161531010583 0.9997118839781249
14.184081940714153 0.9988996932465233
14.255002350417724 0.9930654377082158
14.325922760121296 0.9822384496471247
14.396843169824866 0.9664731627927547
14.467763579528437 0.9458488386493527
14.538683989232007 0.9204691680010322
14.609604398935579 0.8904617495963254
14.68052480863915 0.8559774486331395
14.751445218342718 0.8171896382693841
14.822365628046292 0.7742933279726453
14.89328603774986 0.7275041830912476
14.964206447453432 0.6770574405758356
15.035126857157003 0.6232067263028757
15.106047266860573 0.5662227799460271
15.176967676564145 0.5063920938062463
15.247888086267714 0.4440154724440495
15.318808495971286 0.3794065203554827
15.389728905674858 0.31289006529520186
15.460649315378427 0.24480052517351888
15.531569725081999 0.17548022673801256
15.602490134785569 0.10527768449271212
15.67341054448914 0.03454584850771122
15.744330954192712 -0.03635967007142935
15.81525136389628 -0.10708238689310895
15.886171773599852 -0.17726673665925108
15.957092183303422 -0.24655986076420155
16.028012593006995 -0.31461338132551453
16.098933002710567 -0.38108515268742577
16.169853412414135 -0.4456409815912382
16.240773822117706 -0.5079563073642527
16.311694231821274 -0.5677178336799159
16.382614641524846 -0.6246251036854247
16.453535051228418 -0.6783920105775878
16.52445546093199 -0.7287482360324594
16.59537587063556 -0.7754406092568503
16.66629628033913 -0.8182343798289723
16.7372166900427 -0.8569143979288932
16.808137099746272 -0.8912861960250502
16.879057509449844 -0.9211769665785793
16.949977919153415 -0.9464364308499262
17.020898328856983 -0.9669375944397414
17.091818738560555 -0.9825773857655077
17.162739148264126 -0.9932771742638826
17.233659557967695 -0.9989831657134641
17.304579967671266 -0.9996666726904403
17.375500377374838 -0.9953242587973852
17.44642078707841 -0.9859777559400806
17.51734119678198 -0.9716741545654983
17.58826160648555 -0.9524853674127841
17.65918201618912 -0.9285078679650043
17.730102425892692 -0.8998622054193849
17.801022835596264 -0.8666923986145618
17.871943245299835 -0.829165211961943
17.942863655003404 -0.787469317021505
18.013784064706975 -0.7418143439372714
18.084704474410543 -0.6924298275015062
18.155624884114115 -0.6395640531463305
18.22654529381769 -0.5834828086647157
18.297465703521258 -0.5244680479366564
18.36838611322483 -0.4628164733787449
18.439306522928398 -0.3988380442441124
18.51022693263197 -0.33285441827228096
18.58114734233554 -0.2651973345237944
18.652067752039112 -0.1962069455299978
18.722988161742684 -0.12623010714329472
18.793908571446252 -0.05561863468581007
18.864828981149824 0.015272465836178587
18.935749390853395 0.08608678255924725
19.006669800556963 0.15646828965794637
19.07759021026054 0.22606313729908203
19.148510619964107 0.29452143065593284
19.21943102966768 0.36149898903837674
19.29035143937125 0.4266590762945568
19.361271849074818 0.48967409378446264
19.43219225877839 0.550227227413783
19.50311266848196 0.6080140404473835
19.574033078185533 0.6627440040944457
19.644953487889104 0.7141419581700555
19.715873897592672 0.7619494944896406
19.786794307296244 0.8059262560411158
19.857714716999816 0.8458511454029921
19.928635126703387 0.8815234363330537
19.99955553640696 0.9127637829389498
20.070475946110527 0.9394151213570102
20.1413963558141 0.9613434594060148
20.212316765517667 0.9784385502458334
20.283237175221238 0.990614446654084
20.35415758492481 0.9978099331340997
20.42507799462838 0.9999888336817602
20.495998404331953 0.9971401936638508
20.56691881403552 0.9892783348935408
20.637839223739093 0.9764427836260806
20.708759633442664 0.9586980718367337
20.779680043146236 0.936133412780029
20.850600452849807 0.9088622524614965
20.921520862553376 0.8770216992769055
20.992441272256947 0.8407718346865392
21.06336168196052 0.8002949083901812
21.134282091664087 0.7557944220491233
21.20520250136766 0.7074941061618738
21.27612291107123 0.6556367952374553
21.3470433207748 0.6004832069214181
21.417963730478373 0.542310631212666
21.48888414018194 0.48141153636117506
21.559804549885513 0.41809209845557127
21.630724959589084 0.3526706620932542
21.701645369292656 0.285476139872136
21.772565778996228 0.21684635875075067
21.843486188699796 0.14712636159055412
21.914406598403367 0.07666667241955649
21.985327008106935 0.005821534138898443
22.056247417810507 -0.06505287246761976
22.12716782751408 -0.1356002194668485
22.19808823721765 -0.2054658232494458
22.269008646921222 -0.27429842773601937
22.33992905662479 -0.3417519703510311
22.41084946632836 -0.40748732188587455
22.481769876031933 -0.47117399150374717
22.552690285735505 -0.5324917883143055
22.623610695439076 -0.5911324311643279
22.694531105142644 -0.6468010985510212
22.765451514846216 -0.6992179108656482
22.836371924549788 -0.7481193375153103
22.90729233425336 -0.7932595218484982
22.978212743956927 -0.8344115172231793
23.0491331536605 -0.8713684280029946
23.12005356336407 -0.9039444497450669
23.190973973067642 -0.9319758033498136
23.261894382771214 -0.9553215584762057
23.33281479247478 -0.9738643420826861
23.403735202178353 -0.9875109285314893
23.474655611881925 -0.9961927082895453
23.545576021585497 -0.9998660328695465
23.616496431289068 -0.9985124342769366
23.687416840992633 -0.9921387178595413
23.758337250696204 -0.98077692809302
23.829257660399776 -0.9644841874741695
23.90017807010335 -0.9433424093320447
23.971098479806923 -0.9174578860007796
24.042018889510487 -0.8869607544245953
24.11293929921406 -0.8520043418817197
24.18385970891763 -0.8127643951166859
24.254780118621202 -0.7694381967565663
24.325700528324774 -0.7222435734534903
24.39662093802834 -0.6714178007400875
24.467541347731913 -0.6172164101037918
24.538461757435485 -0.5599119042775922
24.609382167139056 -0.49979238720618013
24.680302576842628 -0.43716011557550893
24.751222986546196 -0.37232997918807864
24.822143396249768 -0.3056279178239893
24.89306380595334 -0.23738928254719593
24.96398421565691 -0.1679571496955913
25.034904625360483 -0.09768059603154307
25.10582503506405 -0.026912943724717035
25.176745444767622 0.04399001600931324
25.247665854471194 0.11467181168378836
25.318586264174765 0.1847770837356496
25.389506673878337 0.25395337113010386
25.4604270835819 0.32185288339255413
25.531347493285473 0.38813424915887085
25.60226790298905 0.45246423245289985
25.67318831269262 0.5145194080625727
25.74410872239619 0.5739877875914497
25.815029132099756 0.6305703880105357
25.885949541803328 0.6839827348243966
25.9568699515069 0.7339562922941625
26.02779036121047 0.7802398135269453
26.098710770914042 0.8226006036438847
26.16963118061761 0.8608256896761525
26.240551590321182 0.8947228913071563
26.311472000024754 0.9241217870776547
26.382392409728325 0.948874571196132
26.453312819431897 0.9688567966467069
26.524233229135465 0.9839680008585385
26.595153638839037 0.9941322107911196
26.666074048542608 0.9992983248960802
26.73699445824618 0.9994403700351667
26.80791486794975 0.9945576320627061
26.87883527765332 0.9846746594160422
26.94975568735689 0.969841139695891
27.020676097060463 0.9501316498571262
27.091596506764034 0.9256452812659246
27.162516916467606 0.8965051415083404
27.233437326171178 0.8628577354550112
27.304357735874746 0.8248722286937553
27.375278145578317 0.7827395970332113
27.44619855528189 0.7366716663535039
27.51711896498546 0.6869000476311389
27.588039374689032 0.6336749724924232
27.658959784392597 0.5772640351497701
27.729880194096168 0.5179508470458959
27.80080060379974 0.4560336109698988
27.871721013503315 0.3918236218138735
27.942641423206886 0.32564370150775546
28.01356183291045 0.25782657600083747
28.084482242614023 0.18871320244986836
28.155402652317594 0.11865105502401296
28.226323062021166 0.04799237794483674
28.297243471724737 -0.022907585455575172
28.368163881428305 -0.09369237875482038
28.439084291131877 -0.1640061245593283
28.51000470083545 -0.23349531371235036
28.58092511053902 -0.3018105825954458
28.651845520242592 -0.36860846958785526
28.72276592994616 -0.4335531418530106
28.79368633964973 -0.4963180837706102
28.864606749353303 -0.5565877385254567
28.935527159056875 -0.6140590945998741
29.006447568760446 -0.6684432091934126
29.077367978464014 -0.719466660910718
29.148288388167586 -0.7668729244140476
29.219208797871158 -0.8104236601291982
29.29012920757473 -0.8498999125207741
29.3610496172783 -0.8851032109123136
29.431970026981865 -0.915856567316804
29.502890436685437 -0.942005366260915
29.573810846389012 -0.9634181421292249
29.644731256092584 -0.9799872401203245
29.715651665796155 -0.9916293574917446
29.78657207549972 -0.9982859623725457
29.85749248520329 -0.9999235880379617
29.928412894906863 -0.9965340011665916
29.999333304610435 -0.9881342432342224
30.070253714314006 -0.9747665448361603
30.141174124017574 -0.9564981133688301
30.212094533721146 -0.9334207951380863
30.283014943424718 -0.9056506135930341
30.35393535312829 -0.8733271860069155
30.42485576283186 -0.8366130215377667
30.49577617253543 -0.7956927041979136
30.566696582239 -0.7507719648399902
30.637616991942572 -0.7020766468251948
30.708537401646144 -0.6498515705739426
30.779457811349715 -0.5943593027075293
30.850378221053283 -0.5358788359690537
30.921298630756855 -0.4747041865604093
30.992219040460427 -0.4111429159474148
31.063139450163998 -0.34551458456478956
31.13405985986757 -0.2781491451951683
31.204980269571138 -0.20938528409958118
31.27590067927471 -0.13956871823951025
31.34682108897828 -0.06905045715145336
31.417741498681853 0.0018149617874786337
31.488661908385424 0.07267125583050764
31.55958231808899 0.14316218810714507
31.63050272779256 0.21293335863853646
31.701423137496132 0.2816339861175852
31.772343547199704 0.34891867149592454
31.843263956903275 0.4144491345110282
31.914184366606843 0.47789591442294066
31.985104776310415 0.5389400264100203
32.05602518601399 0.5972745652959615
32.12694559571756 0.6526062485452468
32.19786600542113 0.7046568907694837
32.268786415124694 0.7531648023313011
32.33970682482827 0.7978861050143684
32.410627234531844 0.8385959581446487
32.48154764423541 0.875089688998667
32.55246805393899 0.9071838218154242
32.62338846364255 0.934717000238502
32.694308873346124 0.9575507985507846
32.76522928304969 0.9755704176231
32.83614969275327 0.9886852620779726
32.907070102456835 0.9968293957666278
32.9779905121604 0.9999618732693665
33.04891092186398 0.9980669457526159
33.119831331567546 0.9911541401477165
33.19075174127112 0.9792582112533507
33.26167215097469 0.9624389670024366
33.33259256067826 0.9407809677719552
33.40351297038183 0.9143931012474783
33.4744333800854 0.8834080349798101
33.545353789788976 0.8479815493860258
33.616274199492544 0.8082917545483843
33.68719460919611 0.7645381947486429
33.75811501889969 0.7169408452398914
33.829035428603255 0.6657390062997114
33.89995583830683 0.6111901001248542
33.9708762480104 0.553568376616294
34.04179665771397 0.49316353456129164
34.11271706741754 0.43027926514474146
34.18363747712111 0.36523172511239077
34.254557886824685 0.2983479472621821
34.32547829652825 0.22996419625528747
34.39639870623182 0.16042427801295953
34.46731911593539 0.09007781119904124
34.538239525638964 0.01927846947830965
34.60915993534253 -0.05161779661204752
34.68008034504611 -0.12225454923822943
34.751000754749676 -0.19227665529544447
34.821921164453244 -0.2613320718739873
34.89284157415682 -0.3290736161889903
34.96376198386039 -0.3951607110754288
35.03468239356396 -0.45926109727280134
35.10560280326753 -0.5210525038906396
35.1765232129711 -0.5802242686566216
35.24744362267467 -0.6364788998011678
35.31836403237824 -0.6895335717260659
35.38928444208182 -0.7391215469375554
