0.0 0.0
0.08345990723231898 0.08336305019376417
0.16691981446463797 0.16614576736267528
0.25037972169695694 0.247771858478245
0.33383962892927593 0.327673082380224
0.4172995361615949 0.4052932055952842
0.5007594433939139 0.4800918745640231
0.5842193506262329 0.5515483773197273
0.6676792578585519 0.6191652684319182
0.7511391650908708 0.6824718319795844
0.8345990723231898 0.741027358446564
0.9180589795555087 0.7944242127269261
1.0015188867878277 0.842290671882389
1.0849787940201467 0.8842935128966869
1.1684387012524657 0.9201403324121978
1.2518986084847845 0.9495815822999552
1.3353585157171037 0.972412306892393
1.4188184229494227 0.9884735697850547
1.5022783301817415 0.9976535602745676
1.5857382374140607 0.999888371730398
1.6691981446463795 0.9951624464817419
1.7526580518786985 0.9835086841224647
1.8361179591110175 0.9650082124801254
1.9195778663433367 0.9397898228434833
2.0030377735756555 0.9080290733801654
2.0864976808079745 0.8699470669860562
2.1699575880402935 0.8258089120744372
2.2534174952726125 0.775921877020107
2.3368774025049315 0.720633251106348
2.4203373097372505 0.6603279268657863
2.503797216969569 0.5954257206457118
2.5872571242018885 0.5263784500507789
2.6707170314342075 0.4536667886085178
2.7541769386665265 0.37779691955393196
2.8376368458988455 0.2992970120279215
2.921096753131164 0.2187135442205168
3.004556660363483 0.13660749905541178
3.088016567595802 0.0535504588995984
3.1714764748281215 -0.029879373515174744
3.2549363820604404 -0.11310120025870014
3.338396289292759 -0.19553567143512338
3.4218561965250784 -0.2766089183352421
3.505316103757397 -0.3557565484314437
3.588776010989716 -0.43242757440408475
3.672235918222035 -0.5060882498473187
3.755695825454354 -0.5762257849520714
3.8391557326866734 -0.6423519162993769
3.922615639918992 -0.7040063059129075
4.006075547151311 -0.7607597459081551
4.08953545438363 -0.8122171464290416
4.172995361615949 -0.8580202860714083
4.256455268848268 -0.8978503056462664
4.339915176080587 -0.9314299279224434
4.423375083312906 -0.9585253878958555
4.506834990545225 -0.9789480601478119
4.590294897777544 -0.9925557719634706
4.673754805009863 -0.9992537930691555
4.757214712242182 -0.9989954950984653
4.840674619474501 -0.9917826761962889
4.92413452670682 -0.9776655485009957
5.007594433939138 -0.9567423885919409
5.091054341171458 -0.9291588533357007
5.174514248403777 -0.8951069658937865
5.257974155636096 -0.854823778950753
5.341434062868415 -0.8085897244686631
5.424893970100733 -0.7567266614561122
5.508353877333053 -0.6995956353422936
5.591813784565371 -0.6375943645542651
5.675273691797691 -0.5711544717946183
5.75873359903001 -0.500738479294086
5.842193506262328 -0.42683658895663973
5.925653413494648 -0.3499632698121676
6.009113320726966 -0.27065367653322747
6.092573227959286 -0.1894599239483936
6.176033135191604 -0.10694724348726804
6.259493042423923 -0.023690048314067146
6.342952949656243 0.0597320654575432
6.426412856888561 0.14273835363079465
6.509872764120881 0.22475096678456902
6.593332671353199 0.3051989729801081
6.676792578585518 0.3835223323116009
6.760252485817837 0.4591757956317102
6.843712393050157 0.531632700311045
6.927172300282476 0.6003886366073221
7.010632207514794 0.6649649591207552
7.094092114747113 0.7249121188906129
7.177552021979432 0.7798127929365126
7.261011929211752 0.8292847894581131
7.34447183644407 0.8729837084686063
7.427931743676389 0.9106053393399848
7.511391650908708 0.9418877785695243
7.594851558141026 0.9666132530246359
7.678311465373347 0.9846096359735352
7.761771372605665 0.9957516453478606
7.845231279837984 0.9999617158955242
7.928691187070303 0.997210539152283
8.012151094302622 0.9875172674730185
8.095611001534941 0.9709493807023534
8.17907090876726 0.9476222164127817
8.262530815999579 0.9176981669805653
8.345990723231898 0.8813855490889648
8.429450630464217 0.8389371535287728
8.512910537696536 0.790648485391734
8.596370444928855 0.7368557069077684
8.679830352161174 0.6779332972469674
8.763290259393493 0.614291445577681
8.846750166625812 0.5463731955289586
8.930210073858131 0.4746513609362093
9.01366998109045 0.39962523434115826
9.097129888322769 0.3218171111599247
9.180589795555088 0.24176865371627135
9.264049702787407 0.16003712045185936
9.347509610019726 0.077191486563913
9.430969517252045 -0.006191516923471182
9.514429424484364 -0.08953141808031115
9.597889331716683 -0.17224804503409397
9.681349238949002 -0.2537655648442764
9.764809146181321 -0.3335164921712505
9.84826905341364 -0.4109456398333702
9.931728960645959 -0.48551398375018123
10.015188867878276 -0.5567024153659978
10.098648775110597 -0.6240153554312873
10.182108682342916 -0.6869842039844429
10.265568589575235 -0.7451706025169013
10.349028496807554 -0.798169485611944
10.432488404039871 -0.8456119008131895
10.515948311272192 -0.8871675770922162
10.59940821850451 -0.922547224034878
10.68286812573683 -0.9515045457405249
10.766328032969149 -0.9738379554143117
10.849787940201466 -0.9893919787164541
10.933247847433787 -0.9980583360989925
11.016707754666106 -0.999776696595358
11.100167661898425 -0.9945350978152312
11.183627569130742 -0.9823700292208871
11.267087476363061 -0.9633661781052983
11.350547383595382 -0.9376558400403772
11.4340072908277 -0.9054179978995264
11.51746719806002 -0.866877075865892
11.600927105292337 -0.8223013771003168
11.684387012524656 -0.7720012159451778
11.767846919756977 -0.7163267576668113
11.851306826989296 -0.655665580775179
11.934766734221615 -0.5904399788907128
12.018226641453932 -0.5211040209414521
12.101686548686251 -0.4481403901559259
12.185146455918572 -0.37205702385719974
12.26860636315089 -0.2933835774501898
12.352066270383208 -0.21266773721824184
12.435526177615527 -0.13047140759750844
12.518986084847846 -0.04736679947146718
12.602445992080167 0.03606755328305324
12.685905899312486 0.11925082126743511
12.769365806544803 0.2016039230131581
12.852825713777122 0.2825535562654373
12.936285621009441 0.3615361890347763
13.019745528241762 0.4380019826327007
13.10320543547408 0.5114186193813712
13.186665342706398 0.5812750083504556
13.270125249938717 0.6470848433236953
13.353585157171036 0.708389988226337
13.437045064403357 0.7647636664457497
13.520504971635674 0.8158134318426974
13.603964878867993 0.8611839007705683
13.687424786100314 0.9005592260835255
13.770884693332631 0.9336652959107758
13.854344600564952 0.96027164189015
13.937804507797269 0.9801930435767771
14.021264415029588 0.9932908178577775
14.104724322261909 0.999473784396663
14.188184229494226 0.9986989003865094
14.271644136726547 0.9909715601930517
14.355104043958864 0.9763455578017325
14.438563951191183 0.9549227123301284
14.522023858423504 0.926852159212758
14.605483765655821 0.8923293119926983
14.68894367288814 0.8515945019475002
14.772403580120457 0.8049313050196888
14.855863487352778 0.7526645676989169
14.939323394585099 0.695158145598651
15.022783301817416 0.6328123704702918
15.106243209049735 0.5660612632881514
15.189703116282052 0.4953695128064621
15.273163023514373 0.4212292406221837
15.356622930746694 0.3441565752637275
15.440082837979011 0.26468805915507254
15.52354274521133 0.18337691346826449
15.607002652443647 0.10078918686660569
15.690462559675968 0.017499814949053148
15.773922466908289 -0.06591138217187364
15.857382374140606 -0.14886373629581995
15.940842281372925 -0.23077977346429818
16.024302188605244 -0.31108923405360683
16.10776209583756 -0.38923304264508124
16.191222003069882 -0.46466720003634554
16.2746819103022 -0.536866570299253
16.35814181753452 -0.6053285365209238
16.44160172476684 -0.6695764997783009
16.525061631999158 -0.7291631969881439
16.60852153923148 -0.783673814535164
16.691981446463796 -0.8327288760027172
16.775441353696117 -0.8759868839031357
16.858901260928434 -0.9131466970171874
16.94236116816075 -0.9439496267928441
17.025821075393072 -0.9681812382092011
17.10928098262539 -0.9856728425688343
17.19274088985771 -0.9963026718265023
17.27620079709003 -0.9999967262790695
17.359660704322348 -0.9967292897154636
17.44312061155467 -0.9865231084404327
17.526580518786986 -0.9694492329258327
17.610040426019307 -0.9456265231917829
17.693500333251624 -0.9152208213610005
17.77696024048394 -0.8784437971465677
17.860420147716262 -0.8355514743103033
17.94388005494858 -0.7868424483498166
18.0273399621809 -0.7326558078218154
18.11079986941322 -0.6733687737724503
18.194259776645538 -0.609394073707789
18.27771968387786 -0.5411770683855753
18.361179591110176 -0.46919265143018535
18.444639498342493 -0.3939419433540841
18.528099405574814 -0.31594880300046846
18.61155931280713 -0.23575618069270762
18.695019220039452 -0.15392233847814782
18.77847912727177 -0.07101696377918917
18.86193903450409 0.012382796493598105
18.94539894173641 0.09569635375763551
19.028858848968728 0.17834371953378006
19.11231875620105 0.2597495430441399
19.195778663433366 0.33934711652443345
19.279238570665683 0.4165823203679391
19.362698477898004 0.4909174806367766
19.44615838513032 0.5618351120864401
19.529618292362642 0.628841520646494
19.61307819959496 0.6914702402786359
19.69653810682728 0.7492852802864859
19.7799980140596 0.8018841604708189
19.863457921291918 0.8489007130010378
19.94691782852424 0.8900076314975861
20.030377735756552 0.924918749579814
20.113837642988873 0.9533910330172071
20.197297550221194 0.975226271615518
20.28075745745351 0.9902724590597818
20.36421736468583 0.9984248511083754
20.44767727191815 0.9996266947714981
20.53113717915047 0.9938696233978963
20.61459708638279 0.9811937149194204
20.698056993615108 0.9616872128479509
20.781516900847425 0.9354859119669692
20.864976808079742 0.902772212994299
20.948436715312063 0.8637738527969898
21.031896622544384 0.8187623189979766
21.1153565297767 0.7680509600112428
21.19881643700902 0.711992803662503
21.28227634424134 0.6509780995811351
21.36573625147366 0.5854316024719792
21.44919615870598 0.5158096151796132
21.532656065938298 0.44259681212979285
21.616115973170615 0.3663028652617392
21.699575880402932 0.2874588959399057
21.783035787635253 0.2066137775452605
21.866495694867574 0.12433031448567726
21.94995560209989 0.04118132422527299
22.03341550933221 -0.04225435039228775
22.11687541656453 -0.1253958707662159
22.20033532379685 -0.20766444605456474
22.283795231029167 -0.28848736243463885
22.367255138261484 -0.3673019700582024
22.450715045493805 -0.4435595999461549
22.534174952726122 -0.5167293835551947
22.617634859958443 -0.586301948426535
22.701094767190764 -0.6517929641892863
22.78455467442308 -0.7127465142330298
22.8680145816554 -0.7687382695776026
22.95147448888772 -0.8193784428451341
23.03493439612004 -0.8643145017702765
23.118394303352357 -0.9032336233584216
23.201854210584674 -0.9358648716073091
23.285314117816995 -0.9619810836317413
23.368774025049312 -0.9814004510611412
23.452233932281633 -0.9939877857010425
23.535693839513954 -0.9996554606475653
23.61915374674627 -0.9983640203033199
23.70261365397859 -0.990122455048093
23.78607356121091 -0.9749881386521942
23.86953346844323 -0.9530664288681603
23.952993375675547 -0.9245099339813106
24.036453282907864 -0.8895174504250567
24.119913190140185 -0.8483325788567876
24.203373097372502 -0.801242028328537
24.286833004604823 -0.7485736203579461
24.370292911837144 -0.6906940067942562
24.45375281906946 -0.6280061173663926
24.53721272630178 -0.5609463546820853
24.6206726335341 -0.48998155620510914
24.704132540766416 -0.4156057443598149
24.787592447998737 -0.33833668738720946
24.871052355231054 -0.2587122948942083
24.954512262463375 -0.17728687318845712
25.037972169695692 -0.09462726646734523
25.121432076928013 -0.011308910724271927
25.204891984160334 0.07208817215694178
25.28835189139265 0.15498341223241577
25.37181179862497 0.2367997331439012
25.45527170585729 0.3169675694437911
25.538731613089606 0.3949288316328721
25.622191520321927 0.4701407913080672
25.705651427554244 0.5420798593736976
25.789111334786565 0.6102452310142238
25.872571242018882 0.6741623720538575
25.956031149251203 0.7333863224328027
26.039491056483524 0.7875047938028337
26.12295096371584 0.8361410396783345
26.20641087094816 0.8789564781621639
26.28987077818048 0.9156530489881933
26.373330685412796 0.9459752884719783
26.456790592645117 0.9697121079247175
26.540250499877434 0.9866982631500728
26.623710407109755 0.9968155047939296
26.707170314342072 0.9999934015389024
26.790630221574393 0.9962098304129267
26.874090128806714 0.9854911307986323
26.95755003603903 0.96791192107137
27.041009943271348 0.9435945791423583
27.124469850503665 0.9127083905231669
27.207929757735986 0.8754683698422879
27.291389664968307 0.8321337640178371
27.374849572200628 0.7830062475065485
27.45830947943294 0.7284278221928859
27.541769386665262 0.6687784365381833
27.625229293897583 0.6044733405642133
27.708689201129904 0.5359601950844095
27.79214910836222 0.46371595530694065
27.875609015594538 0.38824355050443504
27.959068922826855 0.31006838286491456
28.042528830059176 0.2297346698972022
28.125988737291497 0.1478016558532315
28.209448644523818 0.06483971854145532
28.29290855175613 -0.01857360136613196
28.376368458988452 -0.10185762089138464
28.459828366220773 -0.18443255718253254
28.543288273453093 -0.26572356368053646
28.62674818068541 -0.34516473192133523
28.710208087917728 -0.4222030311154412
28.793667995150045 -0.4963021580794064
28.877127902382366 -0.5669462707178449
28.960587809614687 -0.6336435790652921
29.044047716847007 -0.6959297688888494
29.12750762407932 -0.7533712340181179
29.210967531311642 -0.8055680949005602
29.294427438543963 -0.8521569823684964
29.37788734577628 -0.8928135672386
29.4613472530086 -0.9272548181339871
29.544807160240914 -0.9552409718110422
29.628267067473235 -0.9765772022745636
29.711726974705556 -0.9911149770616042
29.795186881937877 -0.9987530912522722
29.878646789170197 -0.9994383720091756
29.96210669640251 -0.9931660487408651
30.045566603634832 -0.979979786312369
30.129026510867153 -0.959971381071636
30.21248641809947 -0.9332801218079914
30.29594632533179 -0.9000918200913023
30.379406232564104 -0.8606375167421794
30.462866139796425 -0.8151918734380957
30.546326047028746 -0.7640712606523489
30.629785954261067 -0.7076315552366295
30.713245861493387 -0.6462656629794085
30.7967057687257 -0.5804007833868716
30.880165675958022 -0.5104954357276369
30.963625583190343 -0.43703626704456827
31.04708549042266 -0.36053466435465037
31.13054539765498 -0.28152319462120096
31.214005304887294 -0.20055189728162992
31.297465212119615 -0.11818445514026102
31.380925119351936 -0.03499427028275177
31.464385026584257 0.0484395276704697
31.547844933816577 0.13153611318304606
31.63130484104889 0.2137170082276743
31.714764748281212 0.2944101093689071
31.79822465551353 0.37305367046907223
31.88168456274585 0.4491002132918066
31.96514446997817 0.5220203387793306
32.04860437721049 0.5913064124713083
32.132064284442805 0.6564760984091568
32.21552419167512 0.7170757169244724
32.29898409890745 0.772683402936313
32.382444006139764 0.8229120427707657
32.46590391337209 0.8674119690581632
32.5493638206044 0.9058733949472694
32.63282372783672 0.9380285706907631
32.71628363506904 0.9636536475887553
32.799743542301364 0.9825702363146392
32.88320344953368 0.99464664877483
32.966663356766 0.999798814857258
33.050123263998316 0.9979908676866084
33.13358317123063 0.9892353933120708
33.21704307846296 0.9735933430893818
33.300502985695275 0.951173609367127
33.38396289292759 0.922132267431145
33.46742280015991 0.8866714889842742
33.55088270739223 0.8450381347252484
33.63434261462455 0.7975220358245483
33.71780252185687 0.7444539762606858
33.801262429089185 0.6862033900629845
33.8847223363215 0.6231757894914804
33.96818224355383 0.5558099420577196
34.051642150786144 0.4845748160386916
34.13510205801847 0.4099663157476542
34.21856196525078 0.33250382928946465
34.3020218724831 0.25272661283304004
34.38548177971542 0.17119003657218412
34.46894168694774 0.08846171850824255
34.55240159418006 0.005117572969576228
34.63586150141237 -0.078262198623958
34.719321408644696 -0.16109714684128004
34.80278131587701 -0.24281061504671578
34.88624122310934 -0.3228337538032122
34.969701130341655 -0.4006094809254848
35.05316103757397 -0.4755963596153895
35.13662094480629 -0.5472723676816407
35.22008085203861 -0.6151385316045155
35.30354075927093 -0.6787224001468778
35.38700066650325 -0.7375813333300225
35.470460573735565 -0.7913055838779756
35.55392048096788 -0.839521149678818
35.63738038820021 -0.8818923774055557
35.720840295432524 -0.9181242991713751
35.80430020266485 -0.9479646859526832
35.88776010989716 -0.9712058034849124
35.97122001712948 -0.9876858584074975
36.0546799243618 -0.9972901245905627
36.13813983159412 -0.9999517418024775
36.22159973882644 -0.9956521811582736
36.30505964605875 -0.9844213741087383
36.388519553291076 -0.9663375040721983
36.47197946052339 -0.9415264621595867
36.55543936775572 -0.9101609707817208
36.638899274988034 -0.8724593812398719
36.72235918222035 -0.8286841536701499
36.80581908945267 -0.7791400299236523
36.889278996684986 -0.7241719121018576
36.97273890391731 -0.6641624615158791
37.05619881114963 -0.5995294347844855
37.139658718381945 -0.5307227756156007
37.22311862561426 -0.4582214825169891
37.306578532846586 -0.3825302742415194
37.390038440078904 -0.30417607618062414
37.47349834731123 -0.22370435216586682
37.55695825454354 -0.14167530721500768
37.64041816177586 -0.05865998765695592
37.72387806900818 0.024763694215035794
37.8073379762405 0.10801498328785636
37.89079788347282 0.19051432456324618
37.97425779070513 0.2716873977378912
38.057717697937456 0.3509691153422198
38.14117760516977 0.42780755660452763
38.2246375124021 0.5016678096551312
38.308097419634414 0.572035695322675
38.39155732686673 0.6384213465995756
38.47501723409905 0.7003626188579337
38.558477141331366 0.7574283070757475
38.64193704856369 0.8092211476766309
38.72539695579601 0.8553805840856686
38.808856863028325 0.895585276749016
38.89231677026064 0.9295553401436221
38.975776677492966 0.957054291204169
39.059236584725284 0.9778906956031872
39.1426964919576 0.9919195004237837
39.22615639918992 0.9990430439475149
39.309616306422235 0.9992117355277911
39.39307621365456 0.9924244008158463
39.47653612088688 0.9787282899359864
39.5599960281192 0.9582187485531908
39.64345593535151 0.9310385541229613
39.726915842583836 0.8973769219440707
39.81037574981615 0.8574681879336802
39.89383565704848 0.8115901772945853
39.977295564280794 0.7600622704312602
40.060755471513104 0.703243179578741
40.14421537874543 0.6415284516224401
40.227675285977746 0.5753477144930875
40.31113519321007 0.5051616863059044
40.39459510044239 0.43145896806513206
40.478055007674705 0.35475264226135406
40.56151491490702 0.2755767010406784
40.644974822139346 0.19448232881102678
40.72843472937166 0.11203406516429698
40.81189463660398 0.028805874826158276
40.8953545438363 -0.05462284800728316
40.978814451068615 -0.1376713131301865
41.06227435830094 -0.21976137750601965
41.14573426553326 -0.3003215700182623
41.22919417276558 -0.37879106977452187
41.31265407999789 -0.4546236102688577
41.396113987230216 -0.527291282223683
41.47957389446253 -0.5962882086373992
41.56303380169485 -0.661134066454196
41.646493708927174 -0.7213774303396104
