0.0 0.0
0.13575171278681447 0.1353351461117211
0.27150342557362894 0.26818009251076647
0.4072551383604434 0.3960904597668273
0.5430068511472579 0.5167126659099521
0.6787585639340723 0.6278272329131105
0.8145102767208868 0.7273896256294831
0.9502619895077014 0.8135678717380664
1.0860137022945158 0.884776270481414
1.2217654150813302 0.9397045699465127
1.3575171278681446 0.9773420760197078
1.4932688406549592 0.996996249405021
1.6290205534417737 0.9983054485161891
1.764772266228588 0.9812455837700986
1.9005239790154027 0.9461305608409926
2.036275691802217 0.8936065047194666
2.1720274045890315 0.8246398708549749
2.307779117375846 0.7404996621397287
2.4435308301626604 0.642734078945819
2.579282542949475 0.533142031860582
2.715034255736289 0.41374004129282493
2.8507859685231036 0.28672513300523683
2.9865376813099185 0.15443441230424068
3.122289394096733 0.019302060732060946
3.2580411068835473 -0.11618545346764017
3.3937928196703613 -0.24953512697218708
3.529544532457176 -0.37829329324936856
3.6652962452439906 -0.5000907706203649
3.8010479580308054 -0.6126864557807663
3.93679967081762 -0.7140085606482397
4.072551383604434 -0.8021927337688003
4.208303096391249 -0.8756163648384988
4.344054809178063 -0.9329284411289606
4.4798065219648775 -0.9730744064512593
4.615558234751692 -0.9953155652471241
4.751309947538506 -0.9992426747674665
4.887061660325321 -0.9847834752388267
5.022813373112135 -0.9522040194608374
5.15856508589895 -0.9021037773697893
5.294316798685764 -0.8354046056455217
5.430068511472578 -0.7533337853235637
5.565820224259394 -0.6574014395246011
5.701571937046207 -0.549372746820562
5.837323649833022 -0.43123546151815095
5.973075362619837 -0.3051633384945635
6.1088270754066505 -0.1734761355773113
6.244578788193466 -0.038596929434124495
6.38033050098028 0.09699246962899725
6.516082213767095 0.230797183583031
6.651833926553909 0.36035517304045556
6.787585639340723 0.483282539380764
6.923337352127538 0.5973173890667993
7.059089064914352 0.7003614530377731
7.194840777701168 0.7905186953720079
7.330592490487981 0.8661302008105568
7.4663442032747955 0.925804699202779
7.602095916061611 0.9684441652166018
7.737847628848424 0.9932640222725705
7.87359934163524 0.9998075789443623
8.009351054422053 0.9879544321924703
8.145102767208868 0.9579226828095105
8.280854479995682 0.9102649223124198
8.416606192782497 0.8458580651236977
8.552357905569313 0.7658872131320535
8.688109618356126 0.6718238495284674
8.82386133114294 0.5653987631564038
8.959613043929755 0.44857020157475064
9.095364756716569 0.32348783882489235
9.231116469503384 0.19245322090377884
9.366868182290197 0.05787741675597559
9.502619895077013 -0.07776334598327445
9.638371607863828 -0.21197324418077124
9.774123320650641 -0.3422827829600399
9.909875033437457 -0.4662942350096641
10.04562674622427 -0.5817257593508934
10.181378459011084 -0.6864533877684741
10.3171301717979 -0.7785501063440908
10.452881884584714 -0.8563213129826881
10.588633597371528 -0.9183359985045357
10.724385310158343 -0.96345307756333
10.860137022945157 -0.9908423848950059
10.99588873573197 -0.9999999505611753
11.131640448518787 -0.9907572731189691
11.267392161305601 -0.9632844200887044
11.403143874092414 -0.9180868986700106
11.53889558687923 -0.8559963542860021
11.674647299666043 -0.7781552681045607
11.810399012452859 -0.6859959351060538
11.946150725239674 -0.5812141095061969
12.081902438026487 -0.4657378024646867
12.217654150813301 -0.34169180620939055
12.353405863600116 -0.2113585973408676
12.489157576386932 -0.07713633870595732
12.624909289173745 0.05850524738380068
12.76066100196056 0.19307032264536142
12.896412714747374 0.32408285685759985
13.03216442753419 0.44913218742158945
13.167916140321005 0.5659173761406557
13.303667853107818 0.6722895470446713
13.439419565894632 0.7662914262322726
13.575171278681445 0.8461933561882516
13.710922991468262 0.9105251219039057
13.846674704255076 0.9581030031919506
13.982426417041891 0.9880515554268261
14.118178129828705 0.9998197179394221
14.253929842615518 0.9931909536678633
14.389681555402335 0.9682872334922833
14.525433268189149 0.9255667919408719
14.661184980975962 0.8658156955627339
14.796936693762776 0.7901333791115738
14.932688406549591 0.6999124156779438
15.068440119336406 0.5968128930045683
15.204191832123222 0.48273186746678304
15.339943544910035 0.3597684577723158
15.475695257696849 0.23018522066483627
15.611446970483662 0.09636651932777233
15.74719868327048 -0.0392253494800974
15.882950396057293 -0.17409546228583606
16.018702108844106 -0.3057621761030781
16.15445382163092 -0.43180279126852994
16.290205534417737 -0.5498981297069636
16.42595724720455 -0.6578752083737103
16.561708959991364 -0.7537472226729474
16.69746067277818 -0.835750104147068
16.833212385564995 -0.9023749797667597
16.968964098351808 -0.9523959355629495
17.104715811138625 -0.9848925737429716
17.24046752392544 -0.9992669482345451
17.376219236712252 -0.9952545670394191
17.511970949499066 -0.9729292589506774
17.64772266228588 -0.9327018150849313
17.783474375072696 -0.8753124302255318
17.91922608785951 -0.8018170830579411
18.054977800646324 -0.7135681059042339
18.190729513433137 -0.6121893014783827
18.32648122621995 -0.49954606452008243
18.462232939006768 -0.37771105807634703
18.59798465179358 -0.24892607599568967
18.733736364580395 -0.11556079337425301
18.869488077367212 0.019930836044194246
19.005239790154025 0.15505573321594082
19.140991502940842 0.287327567060118
19.276743215727656 0.41431250355726956
19.41249492851447 0.5336739888892332
19.548246641301283 0.6432157425995427
19.683998354088097 0.7409221696897619
19.819750066874914 0.8249954480592997
19.955501779661727 0.8938886088707538
20.09125349244854 0.9463340011540204
20.227005205235354 0.9813666168934643
20.362756918022168 0.9983418474108888
20.498508630808985 0.9969473443225102
20.6342603435958 0.9772087668254386
20.770012056382612 0.9394893095621898
20.90576376916943 0.8844830197506347
21.041515481956242 0.8132020265458371
21.177267194743056 0.7269579176166138
21.313018907529873 0.62733760561238
21.448770620316687 0.5161741285831744
21.5845223331035 0.39551292163222784
21.720274045890314 0.26757418041095193
21.85602575867713 0.1347120089771781
21.99177747146394 -0.0006288962939321556
22.127529184250758 -0.13595822971977906
22.263280897037575 -0.26878589854251816
22.399032609824385 -0.3966678412434542
22.534784322611202 -0.5172509988713994
22.670536035398015 -0.6283166119015214
22.80628774818483 -0.7278210459520538
22.942039460971646 -0.8139333951555894
23.07779117375846 -0.8850691712738102
23.213542886545273 -0.9399194586677294
23.349294599332087 -0.977474998664838
23.485046312118904 -0.9970447601649591
23.620798024905717 -0.9982686547811146
23.75654973769253 -0.9811241625537154
23.892301450479348 -0.9459267463233101
24.028053163266158 -0.8933240471373471
24.163804876052975 -0.8242839674968513
24.299556588839792 -0.7400768617142366
24.435308301626602 -0.6422521610839634
24.57106001441342 -0.5326098639686124
24.706811727200233 -0.41316741538981505
24.842563439987046 -0.2861225855475332
24.978315152773863 -0.1538130303120945
25.114066865560677 -0.01867327778575915
25.24981857834749 0.11681006760845122
25.385570291134304 0.2501440792548998
25.52132200392112 0.3788753788033882
25.657073716707934 0.5006352789294551
25.792825429494748 0.6131833677591698
25.928577142281565 0.7144487329943013
26.06432885506838 0.8025680672039399
26.200080567855192 0.875919953135922
26.33583228064201 0.933154698189915
26.47158399342882 0.9732191690906105
26.607335706215636 0.9953761697969851
26.743087419002453 0.9992180060893305
26.878839131789263 0.9846739872423915
27.01459084457608 0.9520117267519534
27.15034255736289 0.9018322181812254
27.286094270149707 0.83505877673261
27.421845982936524 0.7529200500226895
27.557597695723338 0.6569274106662624
27.69334940851015 0.5488471466514224
27.829101121296965 0.43066796120957956
27.964852834083782 0.30456438019071586
28.100604546870596 0.17285674025713652
28.23635625965741 0.03796849412265913
28.372107972444226 -0.09761838156867705
28.507859685231036 -0.23140905521849434
28.643611398017853 -0.36094174578430904
28.77936311080467 -0.4838330201513869
28.91511482359148 -0.5978216488836774
29.050866536378297 -0.7008102133972338
29.186618249165107 -0.7909036989739262
29.322369961951924 -0.8664443634947151
29.45812167473874 -0.9260422402991262
29.59387338752555 -0.9686007139109982
29.72962510031237 -0.9933366980308408
29.865376813099182 -0.9997950445148195
30.001128525886 -0.987856918211676
30.136880238672813 -0.9577419835585073
30.272631951459626 -0.9100043627015197
30.408383664246443 -0.8455224395133215
30.544135377033253 -0.7654826971153351
30.67988708982007 -0.671357886298818
30.815638802606887 -0.5648799265509519
30.951390515393697 -0.4480080383136494
31.087142228180515 -0.3228926928493162
31.222893940967325 -0.19183604304491325
31.35864565375414 -0.05724956323701762
31.49439736654096 0.07839032250436667
31.63014907932777 0.21258780718300904
31.765900792114586 0.34287362433422625
31.9016525049014 0.46685048313033306
32.03740421768821 0.5822371791168917
32.17315593047503 0.6869105689313167
32.30890764326184 0.7789446366588099
32.44465935604866 0.8566459329952293
32.580411068835474 0.9185847351274519
32.71616278162229 0.9636213539820627
32.8519144944091 0.9909271047823887
32.987666207195915 0.9999995550506072
33.12341791998273 0.9906717694879416
33.25916963276954 0.9631153816248927
33.39492134555636 0.9178374357223945
33.530673058343176 0.8556710570336941
33.66642477112999 0.7777601220963809
33.8021764839168 0.6855382111249768
33.937928196703616 0.5807022297851677
34.07367990949043 0.46518118571547895
34.20943162227725 0.3411006943160075
34.34518333506406 0.21074386690640437
34.48093504785088 0.07650930092039977
34.616686760637684 -0.05913305487217745
34.752438473424505 -0.19368734802558724
34.88819018621132 -0.3246777467121079
35.02394189899813 -0.44969399563189133
35.159693611784945 -0.5664357652985907
35.29544532457176 -0.6727549786632386
35.43119703735858 -0.7666953362561216
35.56694875014539 -0.8465283125743768
35.70270046293221 -0.9107849613730654
35.83845217571902 -0.9582829446345088
35.97420388850583 -0.9881482878763305
36.10995560129265 -0.9998314614951979
36.24570731407947 -0.9931174922456174
36.381459026866274 -0.9681299188001138
36.517210739653095 -0.9253285186074983
36.6529624524399 -0.8655008478756386
36.78871416522672 -0.7897477503450209
36.924465878013535 -0.6994631014953431
37.06021759080035 -0.5963081608965206
37.19596930358716 -0.4821810046272406
37.331721016373976 -0.35918160021194523
37.46747272916079 -0.2295731667059522
37.60322444194761 -0.09574053091256343
37.738976154734424 0.03985375401202839
37.87472786752124 0.17471472013776307
38.01047958030805 0.3063608927794156
38.146231293094864 0.43236995023633557
38.281983005881685 0.5504232951028357
38.41773471866849 0.6583487170262065
38.55348643145531 0.7541603619073276
38.68923814424212 0.8360952721005951
38.82498985702894 0.9026458252648715
38.96074156981575 0.9525874749823858
39.096493282602566 0.985001282711675
39.23224499538938 0.9992908264809655
39.36799670817619 0.9951931751979958
39.50374842096301 0.9727837266462732
39.63950013374983 0.9324748201474573
39.77525184653664 0.8750081494172316
39.911003559323454 0.8014411152199362
40.04675527211027 0.7131273689364865
40.18250698489708 0.6116919050486472
40.3182586976839 0.49900116084403356
40.45401041047071 0.3771286735146059
40.58976212325753 0.24831692656628848
40.725513836044335 0.1149360875753499
40.861265548831156 -0.020559603473470422
40.99701726161797 -0.15567699280145725
41.13276897440478 -0.2879298874738992
41.2685206871916 -0.4148848019567284
41.40427239997841 -0.5342057348441686
41.540024112765224 -0.6436971518546281
41.675775825552044 -0.7413443841972359
41.81152753833886 -0.8253506989691894
41.94727925112567 -0.8941703594796321
42.083030963912485 -0.9465370671819316
42.2187826766993 -0.9814872618759432
42.35453438948611 -0.998377851450818
42.490286102272925 -0.9968980449367697
42.626037815059746 -0.9770750711347548
42.76178952784655 -0.9392736775998983
42.89754124063337 -0.8841894191974566
43.03329295342019 -0.812835859723596
43.169044666207 -0.7265259220841902
43.304796378993814 -0.626847730192988
43.44054809178063 -0.5156353871040668
43.57629980456744 -0.39493522706808304
43.71205151735426 -0.26696816248271105
43.847803230141075 -0.1340888185626102
43.98355494292788 0.0012577923391291683
44.1193066557147 0.1365812595549186
44.255058368501516 0.2693915982665962
44.39081008128833 0.3972450658337528
44.52656179407515 0.5177891272546035
44.662313506861956 0.6288057423840581
44.79806521964877 0.7282521784136937
44.93381693243559 0.8142985966538366
45.069568645222404 0.8853617220119787
45.205320358009224 0.9401339756408515
45.34107207079603 0.9776075347082575
45.476823783582844 0.9970928765831382
45.61257549636966 0.9982314662202181
45.74832720915648 0.981002353292337
45.88407892194329 0.9457225576815846
46.0198306347301 0.8930412362361089
46.15558234751692 0.8239277381256909
46.29133406030373 0.7396537685805137
46.427085773090546 0.6417699892045762
46.56283748587737 0.5320774854237996
46.69858919866417 0.41259462607472036
46.83434091145099 0.28551992492531936
46.97009262423781 0.15319158748526676
47.10584433702462 0.018044487453977843
47.241596049811434 -0.11743463554964512
47.37734776259825 -0.2507529326029825
47.51309947538506 -0.3794573145081804
47.648851188171875 -0.5011795892319894
47.784602900958696 -0.6136800372170634
47.92035461374551 -0.7148886227683242
48.056106326532316 -0.8029430832149075
48.191858039319136 -0.8762231949977302
48.32760975210595 -0.9333805861783045
48.46336146489276 -0.9733635468114767
48.599113177679584 -0.9954363806650325
48.73486489046639 -0.9991929422098941
48.870616603253204 -0.9845641097969693
49.006368316040025 -0.9518190575123523
49.14212002882684 -0.901560302308468
49.27787174161365 -0.8347126175451102
49.413623454400465 -0.7525060169339675
49.54937516718728 -0.65645312198618
49.68512687997409 -0.5483213294074284
49.82087859276091 -0.4301002905672658
49.956630305547726 -0.30396530142843214
50.09238201833453 -0.17223727657029866
50.22813373112135 -0.03734004379425146
50.36388544390817 0.0982442548992481
50.49963715669498 0.23202083532922882
50.6353888694818 0.36152817577188384
50.77114058226861 0.4843833095609184
50.90689229505542 0.5983256722557624
51.04264400784224 0.7012586965788346
51.178395720629055 0.7912883897650625
51.31414743341587 0.8667581834909543
51.449899146202675 0.926279415135958
51.585650858989496 0.9687568795135579
51.72140257177631 0.9934089809139296
51.85715428456313 0.9997821146557508
51.99290599734994 0.9877590135230118
52.12865771013676 0.9575609055104094
52.26440942292357 0.9097434431742593
52.400161135710384 0.8451864794898712
52.5359128484972 0.765077878342103
52.67166456128402 0.6708916575400139
52.80741627407083 0.5643608665295112
52.94316798685764 0.44744569786062716
53.07891969964446 0.3222974191662631
53.21467141243127 0.1912187893128546
53.350423125218086 0.05662168707525124
53.48617483800491 -0.07901726802125815
53.62192655079171 -0.21320228610452177
53.757678263578526 -0.34346433009826066
53.89342997636535 -0.4674065466066977
54.02918168915216 -0.5827483686019254
54.164933401938974 -0.6873674784137502
54.30068511472578 -0.779338858892678
54.4364368275126 -0.8569702141952313
54.572188540299415 -0.9188331084403775
54.707940253086235 -0.9637892492783484
54.84369196587305 -0.9910114327476105
54.979443678659855 -0.9999987640296275
55.115195391446676 -0.9905858740357393
55.25094710423349 -0.9629459622387486
55.3866988170203 -0.9175876097603577
55.522450529807124 -0.8553454213544226
55.65820224259393 -0.7773646684758415
55.79395395538074 -0.6850802160062817
55.929705668167564 -0.5801901203902541
56.06545738095438 -0.4646243849821824
56.20120909374119 -0.34050944751369666
56.336960806528 -0.21012905312051053
56.47271251931482 -0.07588223287460899
56.60846423210163 0.05976083897281381
56.74421594488845 0.19430429680041972
56.879967657675266 0.3252725081531329
57.01571937046207 0.45025562598345514
57.15147108324889 0.5669539304251893
57.28722279603571 0.6732201442000944
57.42297450882252 0.7670989430438431
57.55872622160934 0.8468629341495917
57.69447793439615 0.9110444406171285
57.83022964718296 0.9584625070660155
57.96598135996978 0.9882446295027256
58.101733072756595 0.9998428096070447
58.23748478554341 0.9930436380348897
58.373236498330215 0.9679722212023107
58.508988211117035 0.9250898792969007
58.64473992390385 0.8651856578737901
58.78049163669067 0.7893618092248701
58.91624334947748 0.6990135106676775
59.05199506226429 0.5958031929422832
59.1877467750511 0.4816299510800057
59.323498487837924 0.35859460059144227
59.45925020062474 0.2289610219484432
59.59500191341156 0.09511450463096087
59.730753626198364 -0.04048214278137416
59.86650533898518 -0.17533390888816497
60.002257051772 -0.3069594882867797
60.13800876455881 -0.4329369381972514
60.273760477345625 -0.5509482428004611
60.40951219013243 -0.6588219652948146
60.54526390291925 -0.7545732028632953
60.681015615706066 -0.8364401093695956
60.81676732849289 -0.9029163137570041
60.9525190412797 -0.9527786376433911
61.08827075406651 -0.9851096021019422
61.22402246685332 -0.999314309497284
61.35977417964014 -0.9951313897471341
61.495525892426954 -0.972637809595604
61.631277605213775 -0.9322474564063191
61.76702931800058 -0.8747035225339457
61.902781030787395 -0.8010648304034871
62.038532743574216 -0.712686349919312
62.17428445636103 -0.6111942666882841
62.31003616914784 -0.4984560598077516
62.44578788193465 -0.3765461397944815
62.58153959472147 -0.24770767892492063
62.71729130750828 -0.11431133631800018
62.853043020295104 0.021188362771209304
62.98879473308192 0.15629819081507826
63.124546445868724 0.2885320940083614
63.26029815865554 0.4154569362648554
63.39604987144236 0.5347372695150857
63.53180158422917 0.6441783065206801
63.66755329701599 0.7417663054951569
63.8033050098028 0.8257056234441372
63.93905672258961 0.8944517564346645
64.07480843537643 0.94673975884441
64.21056014816324 0.9816075186698175
64.34631186095007 0.9984134606217371
64.48206357373687 0.9968483512672978
64.61781528652368 0.9769409890005384
64.75356699931051 0.9390576741449178
64.88931871209732 0.8838954689380002
65.02507042488413 0.8124693714161644
65.16082213767095 0.7260936392030698
65.29657385045776 0.6263576068486765
65.43232556324458 0.5150964416856982
65.56807727603139 0.39435737630286793
65.7038289888182 0.26636203896574223
65.83958070160502 0.1334655751144984
65.97533241439183 -0.0018866878868630994
66.11108412717864 -0.1372042353707204
66.24683583996546 -0.2699971914434449
66.38258755275228 -0.3978221333094317
66.51833926553908 -0.5183270508467133
66.6540909783259 -0.6292946241672661
66.78984269111272 -0.7286830228438965
66.92559440389954 -0.8146634760883694
67.06134611668635 -0.8856539225802139
67.19709782947315 -0.940348120781024
67.33284954225998 -0.9777396840975473
67.46860125504679 -0.9971405986405282
67.6043529678336 -0.9981938828482073
67.74010468062042 -0.9808801560341428
