0.0 0.0
0.07255610154919157 0.07249245772695043
0.14511220309838313 0.14460345442925446
0.21766830464757472 0.2159535363602349
0.29022440619676626 0.2861672537666979
0.3627805077459578 0.35487513653511815
0.43533660929514945 0.42171563837248915
0.507892710844341 0.4863370392914044
0.5804488123935325 0.5483992963883465
0.6530049139427241 0.6075758331762379
0.7255610154919157 0.6635552580556496
0.7981171170411073 0.7160430028819337
0.8706732185902989 0.7647628730060102
0.9432293201394903 0.8094585006323747
1.015785421688682 0.8498946938466381
1.0883415232378735 0.8858586742139127
1.160897624787065 0.9171611964357023
1.2334537263362568 0.9436375441735744
1.3060098278854482 0.9651483967995125
1.3785659294346397 0.9815805625120384
1.4511220309838313 0.9928475739603901
1.5236781325330229 0.9988901432425356
1.5962342340822147 0.9996764738827841
1.6687903356314062 0.9952024281473475
1.7413464371805978 0.9854915488174205
1.8139025387297891 0.9705949353052121
1.8864586402789807 0.950590974764811
1.9590147418281725 0.925584929612805
2.031570843377364 0.8957083836291508
2.1041269449265556 0.8611185495529544
2.176683046475747 0.8219974418166522
2.2492391480249387 0.7785509187717237
2.32179524957413 0.7310075994458267
2.394351351123322 0.6796176605314583
2.4669074526725137 0.6246515199364877
2.5394635542217046 0.5663984138238166
2.6120196557708963 0.5051648746278973
2.684575757320088 0.4412731180569134
2.7571318588692795 0.37505934756833137
2.8296879604184713 0.3068719852398157
2.9022440619676626 0.23706983834480425
2.9748001635168544 0.16602021128036037
3.0473562650660457 0.09409697278249644
3.119912366615237 0.021678588599422968
3.1924684681644293 -0.05085387002503909
3.2650245697136207 -0.12311873157836697
3.3375806712628124 -0.1947357326649148
3.410136772812004 -0.26532801898185926
3.4826928743611956 -0.3345241283562394
3.555248975910387 -0.4019599454081771
3.6278050774595783 -0.4672806175546992
3.70036117900877 -0.5301424222719893
3.7729172805579614 -0.59021457579039
3.8454733821071536 -0.647180973704667
3.918029483656345 -0.700741854340292
3.990585585205536 -0.7506153761229987
4.063141686754728 -0.796539100651353
4.135697788303919 -0.8382713736682983
4.208253889853111 -0.8755925966648997
4.280809991402303 -0.9083063824250007
4.353366092951494 -0.9362405884302287
4.425922194500686 -0.9592482226874923
4.4984782960498775 -0.9772082172124287
4.571034397599069 -0.9900260650986792
4.64359049914826 -0.997634317820676
4.716146600697452 -0.9999929401530995
4.788702702246644 -0.9970895208393871
4.861258803795835 -0.9889393379007444
4.933814905345027 -0.9755852782419928
5.006371006894218 -0.9570976119772985
5.078927108443409 -0.933573622663293
5.151483209992602 -0.9051370953853327
5.224039311541793 -0.8719376653906292
5.2965954130909845 -0.8341500306957826
5.369151514640176 -0.7919730328120572
5.441707616189367 -0.7456286104256798
5.514263717738559 -0.6953606315389835
5.586819819287751 -0.6414336102177662
5.6593759208369425 -0.5841313146974327
5.731932022386134 -0.5237552741721802
5.804488123935325 -0.4606231921246199
5.877044225484516 -0.39506727454501606
5.949600327033709 -0.32743248183718926
6.022156428582901 -0.258074713609695
6.0947125301320915 -0.1873589359040337
6.167268631681283 -0.11565726071458363
6.239824733230474 -0.04334698790597026
6.312380834779667 0.029191380168558285
6.384936936328859 0.10157614090048649
6.4574930378780495 0.1734263999752418
6.530049139427241 0.24436407566808996
6.602605240976432 0.3140158883399562
6.675161342525625 0.3820153246643069
6.747717444074816 0.44800456624914314
6.820273545624008 0.5116363725055857
6.8928296471731985 0.5725759078552048
6.965385748722391 0.6305025036612255
7.037941850271583 0.6851113456121528
7.110497951820774 0.7361150776787043
7.183054053369966 0.7832453142038772
7.2556101549191565 0.8262540521694192
7.328166256468349 0.8649149762072574
7.40072235801754 0.899024649488792
7.473278459566732 0.9284035842255246
7.545834561115923 0.9528971861479387
7.6183906626651146 0.9723765679927309
7.690946764214307 0.986739227717744
7.763502865763498 0.9959095878757902
7.83605896731269 0.9998393933091341
7.908615068861881 0.998507965071934
7.981171170411072 0.9919223092444848
8.053727271960264 0.9801170800666708
8.126283373509455 0.9631543975846266
8.198839475058648 0.9411235207701567
8.271395576607839 0.9141403778329963
8.34395167815703 0.8823469561974331
8.416507779706222 0.8459105553532947
8.489063881255413 0.8050229065128529
8.561619982804606 0.7598991637060712
8.634176084353797 0.7107767716231539
8.706732185902988 0.6579142161618688
8.77928828745218 0.601589664254389
8.851844389001371 0.5420995001309814
8.924400490550562 0.47975676572282583
8.996956592099755 0.41488951341070984
9.069512693648946 0.3478390797875574
9.142068795198139 0.27895828951837
9.21462489674733 0.20860959874905097
9.28718099829652 0.1371631878335946
9.359737099845713 0.06499501341589953
9.432293201394904 -0.0075151698837097386
9.504849302944097 -0.07998580776723033
9.577405404493287 -0.15203555402774774
9.649961506042478 -0.2232852772232375
9.72251760759167 -0.29336005569607976
9.795073709140862 -0.3618911504403674
9.867629810690055 -0.42851794543560506
9.940185912239246 -0.4928898452366276
10.012742013788436 -0.5546681198344607
10.085298115337627 -0.6135276870803141
10.157854216886818 -0.6691588232934648
10.230410318436011 -0.7212687930516711
10.302966419985204 -0.7695833895880275
10.375522521534394 -0.8138483776885806
10.448078623083585 -0.8538308314980599
10.520634724632776 -0.8893203601940785
10.593190826181969 -0.9201302150802193
10.665746927731162 -0.9460982722723895
10.738303029280353 -0.9670878858074747
10.810859130829543 -0.9829886066851645
10.883415232378734 -0.9937167640592937
10.955971333927927 -0.9992159055204279
11.028527435477118 -0.9994570941528902
11.10108353702631 -0.9944390608030921
11.173639638575501 -0.9841882107579193
11.246195740124692 -0.9687584847980315
11.318751841673885 -0.9482310753572236
11.391307943223076 -0.9227139992814438
11.463864044772269 -0.8923415294356353
11.53642014632146 -0.8572734881493451
11.60897624787065 -0.8176944062190288
11.681532349419843 -0.7738125518924602
11.754088450969032 -0.7258588349448065
11.826644552518225 -0.6740855916131837
11.899200654067418 -0.6187652567835092
11.971756755616608 -0.5601889304166576
12.044312857165801 -0.49866484575752557
12.11686895871499 -0.4345167473874216
12.189425060264183 -0.36808218765455114
12.261981161813376 -0.29971075044698325
12.334537263362567 -0.22976221165467461
12.40709336491176 -0.15860464600038454
12.479649466460948 -0.0866124902014947
12.552205568010141 -0.014164572654477367
12.624761669559334 0.05835787998995392
12.697317771108525 0.13057324887153174
12.769873872657717 0.202101531028951
12.842429974206906 0.27256633900537974
12.914986075756099 0.34159688142893563
12.987542177305292 0.40882991414607894
13.060098278854483 0.4739116516409829
13.132654380403673 0.5364996286827961
13.205210481952864 0.5962645024046669
13.277766583502057 0.6528917853318625
13.35032268505125 0.7060835002396376
13.422878786600439 0.7555597481328717
13.495434888149632 0.8010601810966445
13.567990989698822 0.8423453722674626
13.640547091248015 0.879198075716296
13.713103192797208 0.9114243696137645
13.785659294346397 0.9388546766620879
13.85821539589559 0.9613446564241932
13.930771497444782 0.9787759648544588
14.003327598993973 0.9910568770344143
14.075883700543166 0.9981227698364871
14.148439802092355 0.9999364619759912
14.220995903641548 0.9964884096619777
14.29355200519074 0.9877967568174142
14.366108106739931 0.973907239604433
14.438664208289122 0.954892945757042
14.511220309838313 0.9308539299877086
14.583776411387506 0.9019166874915793
14.656332512936698 0.8682334883187967
14.728888614485887 0.8299815761174981
14.80144471603508 0.7873622354637657
14.874000817584271 0.7405997326863393
14.946556919133464 0.689940135759511
15.019113020682656 0.6356500194740645
15.091669122231846 0.5780150626997196
15.164225223781038 0.5173385451203985
15.236781325330229 0.4539397513526508
15.309337426879422 0.38815229084482594
15.381893528428614 0.32032234239788043
15.454449629977804 0.2508068325452473
15.527005731526996 0.17997155737728132
15.599561833076187 0.10818925769342974
15.67211793462538 0.0358376576107554
15.744674036174573 -0.0367025230501167
15.817230137723762 -0.10904957214269799
15.889786239272954 -0.18082279379404076
15.962342340822143 -0.2516445116563941
16.034898442371336 -0.3211420562699331
16.10745454392053 -0.38894972607879646
16.180010645469718 -0.45471071178150047
16.25256674701891 -0.5180789738896071
16.325122848568103 -0.5787210636147596
16.397678950117296 -0.6363178775024939
16.47023505166649 -0.690566336579757
16.542791153215678 -0.7411809811803415
16.61534725476487 -0.7878954730561526
16.68790335631406 -0.8304639968700385
16.760459457863252 -0.868662553695482
16.833015559412445 -0.902290139716587
16.905571660961634 -0.931169803926003
16.978127762510827 -0.9551495792550724
17.05068386406002 -0.974103282236511
17.123239965609212 -0.9879311769917621
17.195796067158405 -0.9965605000490461
17.268352168707594 -0.9999458432304829
17.340908270256786 -0.9980693925935017
17.413464371805976 -0.9909410221692108
17.48602047335517 -0.9785982420044662
17.55857657490436 -0.961106000781052
17.63113267645355 -0.9385563440505988
17.703688778002743 -0.9110679298836338
17.776244879551932 -0.8787854044814727
17.848800981101125 -0.8418786410364995
17.921357082650317 -0.8005418458460539
17.99391318419951 -0.7549925363835861
18.066469285748703 -0.7054703967045729
18.13902538729789 -0.652236016210135
18.211581488847084 -0.5955695184050643
18.284137590396277 -0.5357690868658848
18.356693691945466 -0.4731493961753697
18.42924979349466 -0.40803995608008325
18.501805895043848 -0.3407833775841508
18.57436199659304 -0.2717335701031343
18.646918098142233 -0.20125387916482368
18.719474199691426 -0.12971517445642622
18.792030301240615 -0.05749389827905674
18.864586402789808 0.015029915321327261
18.937142504339 0.08747464032299915
19.009698605888193 0.15945906687467404
19.082254707437382 0.23060440725177705
19.154810808986575 0.30053628906731056
19.227366910535764 0.3688867252488293
19.299923012084957 0.4352960504154389
19.37247911363415 0.499414813465346
19.44503521518334 0.5609056164151024
19.51759131673253 0.6194448898143872
19.590147418281724 0.6747245953939328
19.662703519830917 0.7264538469871817
19.73525962138011 0.7743604411962126
19.8078157229293 0.8181922897474663
19.88037182447849 0.8577187460001131
19.95292792602768 0.8927318186268368
20.025484027576873 0.9230472660806027
20.098040129126066 0.9485055660881833
20.170596230675255 0.9689727550689353
20.243152332224447 0.9843411330617198
20.315708433773636 0.9945298304505763
20.38826453532283 0.9994852335070212
20.460820636872022 0.999181266509707
20.533376738421214 0.9936195289569245
20.605932839970407 0.9828292871499171
20.678488941519596 0.966867320191298
20.75104504306879 0.9458176212089344
20.82360114461798 0.9197909553774962
20.89615724616717 0.888924277063377
20.968713347716363 0.8533800091600211
21.041269449265553 0.8133451884058718
21.113825550814745 0.7690304811823014
21.186381652363938 0.7206690749705265
21.25893775391313 0.6685154513006997
21.331493855462323 0.612844046650048
21.404049957011512 0.5539478083365084
21.476606058560705 0.4921366530068455
21.549162160109898 0.42773583583085456
21.621718261659087 0.36108423898302033
21.69427436320828 0.29253258841780255
21.76683046475747 0.22244160832205095
21.83938656630666 0.1511801229558839
21.911942667855854 0.07912311587039346
21.984498769405043 0.006649756714642659
22.057054870954236 -0.06585859398491575
22.12961097250343 -0.13802039157355767
22.20216707405262 -0.20945591498633903
22.274723175601814 -0.2797892648702564
22.347279277151003 -0.3486503415962583
22.419835378700196 -0.41567679275266894
22.492391480249385 -0.48051591987210684
22.564947581798577 -0.5428265343586375
22.63750368334777 -0.602280752849027
22.71005978489696 -0.6585657225608449
22.782615886446152 -0.7113852675484649
22.855171987995345 -0.760461447204211
22.927728089544537 -0.8055360188037477
23.00028419109373 -0.8463717963996397
23.07284029264292 -0.882753898912496
23.14539639419211 -0.9144908808521476
23.2179524957413 -0.9414157397188903
23.290508597290493 -0.9633867947838093
23.363064698839686 -0.980288432623929
23.43562080038888 -0.9920317154891598
23.508176901938064 -0.9985548492997455
23.580733003487257 -0.9998235088115817
23.65328910503645 -0.9958310182383513
23.725845206585642 -0.9865983863800416
23.798401308134835 -0.9721741960729817
23.870957409684024 -0.9526343485431314
23.943513511233217 -0.9280816640078449
24.01606961278241 -0.8986453406277913
24.088625714331602 -0.8644802746560495
24.161181815880795 -0.8257662453618199
24.23373791742998 -0.7827069690177486
24.306294018979173 -0.7355290269288315
24.378850120528366 -0.6844806731437588
24.45140622207756 -0.6298305281225339
24.52396232362675 -0.5718661652344497
24.59651842517594 -0.5108925975243634
24.669074526725133 -0.44723067271000894
24.741630628274326 -0.38121538485604217
24.81418672982352 -0.3131941116088654
24.88674283137271 -0.24352478626808274
24.959298932921897 -0.17257401431328118
25.03185503447109 -0.10071514429708209
25.104411136020282 -0.028326303255680856
25.176967237569475 0.04421159302544002
25.249523339118667 0.11651684442038174
25.322079440667856 0.18820897499896447
25.39463554221705 0.2589107351210658
25.467191643766242 0.3282500865539317
25.539747745315434 0.3958621601666861
25.612303846864627 0.46139117590044426
25.684859948413813 0.5244923149110107
25.757416049963005 0.5848335340328316
25.829972151512198 0.6420973130162585
25.90252825306139 0.6959823253441466
25.975084354610583 0.7462050238357243
26.047640456159773 0.7925011326941988
26.120196557708965 0.8346270381468311
26.192752659258154 0.8723610703597893
26.265308760807347 0.9055046698822965
26.33786486235654 0.9338834324820933
26.41042096390573 0.9573480268742566
26.48297706545492 0.9757749805141903
26.555533167004114 0.989067329319877
26.628089268553307 0.997155127904522
26.7006453701025 0.9999958176346903
26.773201471651685 0.9975744505771883
26.845757573200878 0.989903768156265
26.91831367475007 0.9770241341072357
26.990869776299263 0.9590033220793246
27.063425877848456 0.9359361590053836
27.135981979397645 0.9079440261151004
27.208538080946838 0.8751742202173979
27.28109418249603 0.8377991786130278
27.353650284045223 0.7960155717159014
27.426206385594416 0.7500432681578761
27.4987624871436 0.7001241778226949
27.571318588692794 0.6465209788970965
27.643874690241987 0.5895157356375289
27.71643079179118 0.5294084141257867
27.788986893340372 0.4665153038238573
27.861542994889565 0.40116735323385044
27.934099096438754 0.3337084284209055
28.006655197987946 0.26449350356284834
28.07921129953714 0.19388679304811748
28.15176740108633 0.12225983495093992
28.224323502635524 0.04998953596871265
28.29687960418471 -0.022543811890730688
28.369435705733903 -0.09495853243565877
28.441991807283095 -0.16687357370059525
28.514547908832288 -0.2379105130718147
28.58710401038148 -0.3076955485769471
28.65966011193067 -0.37586146586040686
28.732216213479862 -0.44204957049428034
28.804772315029055 -0.5059115754566488
28.877328416578244 -0.567111433845352
28.949884518127437 -0.6253271071832746
29.022440619676626 -0.6802522600101673
29.09499672122582 -0.7315978718439998
29.16755282277501 -0.7790937580294911
29.240108924324204 -0.8224899914710659
29.312665025873397 -0.8615582177689222
29.385221127422582 -0.8960928568378728
29.457777228971775 -0.9259121846859657
29.530333330520968 -0.9508592896604289
29.60288943207016 -0.9708028981291643
29.675445533619353 -0.9856380652529408
29.748001635168542 -0.9952867272134067
29.820557736717735 -0.9996981119910547
29.893113838266927 -0.9988490065315866
29.96566993981612 -0.992743878894836
30.038226041365313 -0.9814148547434844
30.1107821429145 -0.9649215482952958
30.18333824446369 -0.943350748628397
30.255894346012884 -0.9168159629903212
30.328450447562076 -0.8854568195139203
30.40100654911127 -0.8494383324831298
30.473562650660458 -0.8089500340148066
30.54611875220965 -0.7642049767257869
30.618674853758844 -0.7154386126332413
30.691230955308036 -0.6629075541876002
30.76378705685723 -0.6068882239576209
30.836343158406414 -0.5476754000730568
30.908899259955607 -0.4855806650788873
30.9814553615048 -0.4209307663634496
31.054011463053993 -0.35406589678791234
31.126567564603185 -0.28533790456464
31.199123666152374 -0.21510844180417862
31.271679767701567 -0.1437470614733401
31.34423586925076 -0.07162927277839197
31.416791970799952 0.0008654347939880694
31.489348072349145 0.07335558838028969
31.56190417389833 0.14545973908042908
31.634460275447523 0.216798469171946
31.707016376996716 0.2869963886359132
31.77957247854591 0.3556841104888237
31.8521285800951 0.42250019452599674
31.924684681644287 0.4870930492484087
31.99724078319348 0.5491227819648896
32.06979688474267 0.6082629873342085
32.14235298629187 0.6642024649357264
32.21490908784106 0.716646856830511
32.28746518939025 0.76532019649603
32.360021290939436 0.8099663609837182
32.43257739248863 0.8503504186581234
32.50513349403782 0.8862598654256687
32.57768959558702 0.9175057429479637
32.65024569713621 0.9439236329554421
32.722801798685396 0.9653745224292741
32.79535790023459 0.981745535098814
32.86791400178378 0.9929505254054276
32.94047010333298 0.9989305318072196
33.01302620488216 0.9996540870393047
33.085582306431355 0.9951173836970388
33.158138407980545 0.9853442942708819
33.23069450952974 0.970386245527469
33.30325061107893 0.9503219478979194
33.37580671262812 0.9252569812973369
33.448362814177315 0.89532323955498
33.520918915726504 0.8606782363785503
33.5934750172757 0.8215042765046292
33.66603111882489 0.778007496396817
33.73858722037408 0.7304167795393924
33.81114332192327 0.6789825520343987
33.883699423472464 0.6239754648397527
33.95625552502165 0.5656849695826002
34.02881162657085 0.5044177954420078
34.10136772812004 0.44049633511589953
34.17392382966923 0.37425694836523565
34.246479931218424 0.30604819206246403
34.31903603276761 0.23622898605781353
34.39159213431681 0.16516672451471368
34.46414823586599 0.09323534265281917
34.53670433741519 0.020813349071336106
34.60926043896438 -0.051718165992953716
34.68181654051357 -0.12397753599263144
34.75437264206276 -0.19558452642902371
34.82692874361195 -0.26616233567614517
34.89948484516114 -0.3353395777405162
34.97204094671034 -0.40275223652353787
35.044597048259526 -0.46804558130285934
35.11715314980872 -0.5308760333534359
35.18970925135791 -0.5909129738858017
35.2622653529071 -0.6478404837882342
35.334821454456296 -0.7013590060179947
35.407377556005486 -0.7511869218940751
35.47993365755468 -0.7970620329969242
35.552489759103864 -0.838742940877149
35.62504586065306 -0.8760103173132275
35.69760196220225 -0.908668058433836
35.770158063751445 -0.9365443166319178
35.842714165300634 -0.9594924048403023
35.915270266849824 -0.9773915684106316
35.98782636839902 -0.990147620533824
36.06038246994821 -0.997693437858484
36.132938571497405 -0.9999893136992735
36.205494673046594 -0.9970231669766128
