0.0 0.0
0.12258854821839821 0.12228173637396295
0.24517709643679642 0.2427281288474649
0.3677656446551946 0.35953138045659355
0.49035419287359283 0.4709383746546618
0.612942741091991 0.5752769880867574
0.7355312893103892 0.6709811877260063
0.8581198375287875 0.7566145356850756
0.9807083857471857 0.830891748915873
1.1032969339655838 0.8926979902048554
1.225885482183982 0.941105600922665
1.3484740304023803 0.9753880243838855
1.4710625786207785 0.9950307108392382
1.5936511268391766 0.9997388404256469
1.716239675057575 0.9894417481593191
1.838828223275973 0.964293984556496
1.9614167714943713 0.9246729959628652
2.0840053197127695 0.8711734594078988
2.2065938679311676 0.8045983570130918
2.329182416149566 0.7259469239195709
2.451770964367964 0.6363996506263364
2.574359512586362 0.5373005648411651
2.6969480608047607 0.4301370587783838
2.819536609023159 0.3165175646784619
2.942125157241557 0.19814741362070276
3.0647137054599547 0.07680323996754433
3.1873022536783533 -0.04569368439222082
3.3098908018967514 -0.1675047857711736
3.43247935011515 -0.28680178409615176
3.555067898333548 -0.4017941338228104
3.677656446551946 -0.5107558984873013
3.800244994770344 -0.6120516555311096
3.9228335429887426 -0.7041610425898641
4.045422091207141 -0.7857015768273989
4.168010639425539 -0.8554494048164494
4.290599187643937 -0.9123576715280793
4.413187735862335 -0.9555722327270814
4.535776284080733 -0.9844444749437781
4.658364832299132 -0.9985410506054544
4.78095338051753 -0.9976503822114527
4.903541928735928 -0.9817858379298477
5.026130476954327 -0.9511855309527169
5.148719025172724 -0.9063087456215176
5.271307573391122 -0.8478290439633541
5.393896121609521 -0.7766241561031142
5.516484669827919 -0.6937628062877111
5.639073218046318 -0.600488672252488
5.761661766264716 -0.4982017186859491
5.884250314483114 -0.3884371849614617
6.006838862701512 -0.272842542512062
6.129427410919909 -0.15315276769837988
6.252015959138308 -0.031164301302706025
6.374604507356707 0.09129191450513696
6.497193055575106 0.21237791703815453
6.619781603793503 0.3302763093344582
6.742370152011901 0.4432175377256807
6.8649587002303 0.5495064513186052
6.987547248448697 0.6475477447550131
7.110135796667096 0.7358699023757614
7.232724344885494 0.8131472844077171
7.355312893103892 0.8782200236788767
7.477901441322291 0.9301114342290214
7.600489989540688 0.9680426705276265
7.723078537759087 0.9914444172767432
7.845667085977485 0.9999654343449353
7.968255634195883 0.9934778285801632
8.090844182414282 0.9720789733762139
8.213432730632679 0.9360900471816447
8.336021278851078 0.8860512128869567
8.458609827069475 0.822713510443269
8.581198375287874 0.7470275843973155
8.703786923506273 0.6601294155328042
8.82637547172467 0.5633232707739398
8.94896401994307 0.4580621272584255
9.071552568161467 0.34592586439782175
9.194141116379864 0.22859755124368444
9.316729664598263 0.10783818506579433
9.439318212816662 -0.014539739705277768
9.56190676103506 -0.13669943546379335
9.684495309253458 -0.25680739003417724
9.807083857471856 -0.3730608861149358
9.929672405690253 -0.48371505851797303
10.052260953908654 -0.5871090830973262
10.174849502127051 -0.6816911042939917
10.297438050345448 -0.7660415271558229
10.420026598563847 -0.8388943242392186
10.542615146782245 -0.8991560375943352
10.665203695000644 -0.9459221906303334
10.787792243219043 -0.9784908635326282
10.91038079143744 -0.9963732284768045
11.032969339655837 -0.999300886514669
11.155557887874236 -0.9872298960120758
11.278146436092635 -0.960341432175138
11.400734984311033 -0.9190390677658999
11.523323532529432 -0.8639427158215882
11.645912080747829 -0.7958793252920413
11.768500628966228 -0.71587046924579
11.891089177184627 -0.6251170119351902
12.013677725403024 -0.5249810848547729
12.136266273621422 -0.4169656423167165
12.258854821839819 -0.3026919033967098
12.38144337005822 -0.18387501882722088
12.504031918276617 -0.06229832805724421
12.626620466495016 0.06021340714209291
12.749209014713413 0.18182139078538032
12.87179756293181 0.30070039142231964
12.994386111150211 0.41506613729507247
13.116974659368609 0.5232020967257756
13.239563207587006 0.6234852417836324
13.362151755805403 0.7144104085409891
13.484740304023802 0.7946128882919109
13.607328852242201 0.8628889106584345
13.7299174004606 0.9182137111506699
13.852505948678997 0.9597569120021682
13.975094496897395 0.9868949854274295
14.097683045115792 0.9992206122387465
14.220271593334193 0.9965487953575826
14.34286014155259 0.9789196364619269
14.465448689770987 0.9465977340945289
14.588037237989386 0.9000682122658931
14.710625786207784 0.8400294391592987
14.833214334426184 0.767382545223818
14.955802882644582 0.6832178979797868
15.078391430862979 0.5887987365382457
15.200979979081376 0.4855422114662132
15.323568527299775 0.37499811457310545
15.446157075518174 0.25882561786597047
15.568745623736572 0.13876837080183704
15.69133417195497 0.016628329606048597
15.813922720173368 -0.10576128854392841
15.936511268391765 -0.22656352053477885
16.059099816610164 -0.34396522855687733
16.181688364828563 -0.45620431374647114
16.304276913046962 -0.561596163777104
16.426865461265358 -0.6585589374446176
16.549454009483757 -0.745637306745838
16.672042557702156 -0.8215243001026818
16.794631105920555 -0.8850809188836949
16.91721965413895 -0.9353532327958275
17.03980820235735 -0.9715866975593178
17.16239675057575 -0.9932374799696464
17.284985298794147 -0.9999806203671345
17.407573847012547 -0.9917149100024998
17.530162395230942 -0.9685644100933098
17.65275094344934 -0.9308765897715929
17.77533949166774 -0.8792171108704266
17.89792803988614 -0.8143613378253657
18.020516588104535 -0.7372827001198139
18.143105136322934 -0.649138081944028
18.265693684541333 -0.5512504583564657
18.388282232759728 -0.44508903856374965
18.51087078097813 -0.3322472143515823
18.633459329196526 -0.21441864464179067
18.756047877414925 -0.09337183512564455
18.878636425633324 0.029076405488508088
19.00122497385172 0.15108823421447906
19.12381352207012 0.27083235823393115
19.246402070288518 0.38651152102964026
19.368990618506917 0.4963894776631288
19.491579166725312 0.5988170543208519
19.61416771494371 0.6922569009975551
19.73675626316211 0.7753065658002263
19.859344811380506 0.8467195445472024
19.98193335959891 0.9054239897259861
20.104521907817308 0.9505387980043508
20.227110456035703 0.9813868348350672
20.349699004254102 0.9975050976642207
20.472287552472498 0.9986516652021173
20.594876100690897 0.984809328454188
20.7174646489093 0.9561858490132238
20.840053197127695 0.9132108407362085
20.962641745346094 0.8565293216090816
21.08523029356449 0.786992032580443
21.20781884178289 0.7056426686701486
21.330407390001287 0.6137022140029472
21.452995938219683 0.512550615884816
21.575584486438085 0.40370607297838373
21.69817303465648 0.2888022484442093
21.82076158287488 0.16956375005897925
21.94335013109328 0.047780245333159506
22.065938679311675 -0.0747203998621587
22.188527227530077 -0.1960995559930203
22.311115775748473 -0.3145354261136549
22.43370432396687 -0.42825038947491273
22.55629287218527 -0.5355376820858213
22.678881420403666 -0.6347870137760762
22.801469968622065 -0.7245087372692864
22.92405851684046 -0.8033562065099107
23.046647065058863 -0.870145988664658
23.169235613277262 -0.9238756264334721
23.291824161495658 -0.9637386840731506
23.414412709714057 -0.9891368513056263
23.537001257932456 -0.9996889234416675
23.65958980615085 -0.9952365229360547
23.782178354369254 -0.9758464764985859
23.90476690258765 -0.9418098120825289
24.02735545080605 -0.8936373908048433
24.149943999024448 -0.8320522393593286
24.272532547242843 -0.7579786980065706
24.395121095461242 -0.6725285470200437
24.517709643679638 -0.5769843198185377
24.64029819189804 -0.4727800532404007
24.76288674011644 -0.3614797638815567
24.885475288334835 -0.24475397354887352
25.008063836553234 -0.12435463616176218
25.13065238477163 -0.0020888424276856725
25.253240932990032 0.12020830303824566
25.37582948120843 0.2407012250583164
25.498418029426826 0.35758142830005984
25.621006577645225 0.46909464123884276
25.74359512586362 0.5735671462676231
25.86618367408202 0.6694309007615943
25.988772222300422 0.75524707205201
26.111360770518818 0.8297276330694968
26.233949318737217 0.8917546945247872
26.356537866955613 0.940397283467368
26.47912641517401 0.9749253163903693
26.60171496339241 0.9948205571573124
26.724303511610806 0.9997843952816883
26.84689205982921 0.9897423278140408
26.969480608047604 0.964845077567289
27.092069156266003 0.9254663308966763
27.214657704484402 0.8721971289883433
27.337246252702798 0.8058369968384524
27.4598348009212 0.7273819430692714
27.582423349139596 0.6380095106947163
27.705011897357995 0.539061103210445
27.827600445576394 0.4320218512788277
27.95018899379479 0.31849832219248325
28.07277754201319 0.20019440667822822
28.195366090231584 0.07888574495985318
28.317954638449987 -0.043606924077517366
28.440543186668386 -0.16544509061519153
28.56313173488678 -0.28480006835520577
28.68572028310518 -0.3998804415319708
28.808308831323576 -0.508958952525202
28.930897379541975 -0.6103984265142068
29.053485927760377 -0.7026763440666276
29.176074475978773 -0.7844076928482425
29.29866302419717 -0.8543657554692763
29.421251572415567 -0.9115005214594211
29.543840120633966 -0.9549544470237215
29.66642866885237 -0.984075326038838
29.789017217070764 -0.9984260791071308
29.911605765289163 -0.9977913137432484
30.03419431350756 -0.9821805572304415
30.156782861725958 -0.9518281136242204
30.279371409944357 -0.9071895470496023
30.401959958162752 -0.8489348440746365
30.524548506381155 -0.777938357787102
30.64713705459955 -0.6952656845051972
30.76972560281795 -0.6021576700914466
30.89231415103635 -0.5000117859214281
31.014902699254744 -0.39036115403796035
31.137491247473143 -0.274851536305209
31.26007979569154 -0.15521663293579493
31.38266834390994 -0.033252061138722575
31.50525689212834 0.08921159555359238
31.627845440346736 0.21033626277286474
31.750433988565135 0.32830396323346334
31.87302253678353 0.4413441030109573
31.995611085001933 0.5477600466371337
32.11819963322033 0.645954582142003
32.240788181438724 0.7344538938345162
32.363376729657126 0.8119296830109927
32.48596527787552 0.8772191045784852
32.608553826093924 0.9293422203615073
32.73114237431232 0.9675167071328719
32.853730922530715 0.9911695986138342
32.97631947074912 0.9999458852061083
33.098908018967514 0.9937138423812111
33.221496567185916 0.9725670077525683
33.34408511540431 0.9368227771562301
33.46667366362271 0.8870176408118062
33.58926221184111 0.8238991310647756
33.711850760059505 0.7484146025676519
33.8344393082779 0.6616970132998038
33.9570278564963 0.5650479198406863
34.0796164047147 0.45991794212281434
34.2022049529331 0.34788499087169955
34.3247935011515 0.23063058452033272
34.44738204936989 0.10991461106081957
34.569970597588295 -0.012451086363733991
34.69255914580669 -0.13462990366955283
34.81514769402509 -0.2547880416830605
34.93773624224349 -0.3711220298923476
35.060324790461884 -0.4818857949915658
35.18291333868029 -0.5854168679424565
35.30550188689868 -0.6801613362075908
35.428090435117085 -0.7646971666437713
35.55067898333548 -0.8377555489988429
35.673267531553876 -0.8982399396645085
35.79585607977228 -0.9452425198546371
35.918444627990674 -0.9780578211859967
36.04103317620907 -0.9961933141531529
36.163621724427465 -0.9993768005735634
36.28621027264587 -0.9875604990486537
36.40879882086427 -0.9609217621215983
36.531387369082665 -0.9198604143678828
36.65397591730106 -0.8649927513716156
36.776564465519456 -0.7971422896578219
36.89915301373786 -0.717327406416276
37.02174156195626 -0.6267460545340376
37.14433011017466 -0.5267577823508923
37.26691865839305 -0.4188633280057484
37.38950720661145 -0.3046820946453713
37.51209575482985 -0.18592784457317918
37.63468430304825 -0.06438297714812513
37.75727285126665 0.058128223499742344
37.879861399485044 0.17976696940818238
38.00244994770344 0.29870756741170024
38.12503849592184 0.41316482122886156
38.24762704414024 0.5214208257260982
38.37021559235863 0.6218507511992112
38.492804140577036 0.71294723067251
38.61539268879543 0.7933429841832308
38.737981237013834 0.8618313404801863
38.86056978523223 0.917384348123443
38.983158333450625 0.9591682041531053
39.10574688166903 0.9865557687560198
39.22833542988742 0.9991359780960541
39.350923978105826 0.9967200140294424
39.47351252632422 0.9793441381030429
39.596101074542624 0.9472691472996438
39.71868962276101 0.9009764596991224
39.841278170979415 0.8411608888062723
39.96386671919782 0.768720214996534
40.08645526741621 0.6847417106031697
40.209043815634615 0.5904858208928022
40.331632363853004 0.4873672458639294
40.454220912071406 0.376933706814209
40.5768094602898 0.260842716372376
40.699398008508204 0.14083670065636397
40.82198655672661 0.018716846952966604
40.944575104944995 -0.10368393055727147
41.0671636531634 -0.22452850126864285
41.18975220138179 -0.34200309190364653
41.312340749600196 -0.4543445096930853
41.4349292978186 -0.559866606386011
41.55751784603699 -0.6569855858876558
41.68010639425539 -0.7442437756793736
41.802694942473785 -0.8203315052318579
41.92528349069219 -0.8841067630356717
42.04787203891059 -0.9346123372137018
42.17046058712898 -0.9710901824498117
42.29304913534738 -0.992992797598366
42.41563768356578 -0.999991443206445
42.53822623178418 -0.9919810756108729
42.660814780002575 -0.9690819235534314
42.78340332822097 -0.931637683650644
42.905991876439366 -0.8802103618025807
43.02858042465777 -0.8155718379667007
43.15116897287617 -0.7386922809022579
43.273757521094566 -0.6507255867699798
43.39634606931296 -0.5529920601411489
43.51893461753136 -0.44695859735930554
43.64152316574976 -0.3342166696852557
43.76411171396816 -0.21645843667953024
43.88670026218656 -0.09545134833986256
44.00928881040495 0.026988382806173047
44.13187735862335 0.14902304149220422
44.25446590684175 0.2688209922417896
44.377054455060154 0.3845841706446852
44.49964300327855 0.4945750707602594
44.622231551496945 0.5971428235902579
44.74482009971534 0.6907479752053971
44.86740864793374 0.7739855926274387
44.98999719615214 0.8456063506672276
45.11258574437054 0.9045352832234342
45.23517429258893 0.9498879176009863
45.35776284080733 0.9809835496870567
45.480351389025735 0.9973554607354677
45.60293993724413 0.9987579224144781
45.72552848546253 0.9851698849781124
45.84811703368092 0.9567952932047813
45.970705581899324 0.9140600253612049
46.09329413011773 0.8576055011352073
46.21588267833612 0.7882790544767686
46.338471226554525 0.7071212158427436
46.46105977477291 0.6153500947278967
46.583648322991316 0.5143430968869099
46.70623687120972 0.40561625065639145
46.828825419428114 0.2908014526708159
46.951413967646516 0.17162197449478922
47.07400251586491 0.04986659779610867
47.19659106408331 -0.07263723373168823
47.3191796123017 -0.19405084273052053
47.441768160520105 -0.31255191514666353
47.56435670873851 -0.4263618516004616
47.6869452569569 -0.5337724626363425
47.8095338051753 -0.6331716071803049
47.932122353393694 -0.7230673893936123
48.0547109016121 -0.8021105507487502
48.1772994498305 -0.8691147212417523
48.299887998048895 -0.9230742257876325
48.42247654626729 -0.9631791785401779
48.545065094485686 -0.9888276385833091
48.66765364270409 -0.9996346445475511
48.790242190922484 -0.9954379925497481
48.91283073914089 -0.9763006707341223
49.035419287359275 -0.9425099138743002
49.15800783557768 -0.8945728922258956
49.28059638379608 -0.833209099336334
49.403184932014476 -0.7593395530642854
49.52577348023288 -0.674072971892161
49.64836202845127 -0.5786891340134172
49.77095057666967 -0.4746196689603269
49.89353912488807 -0.36342657007363427
50.01612767310647 -0.24677875032323515
50.13871622132487 -0.12642699335702118
50.26130476954326 -0.004177675741193178
50.38389331776166 0.11813434520154849
50.506481865980064 0.2386732710253465
50.62907041419846 0.3556299159201213
50.75165896241686 0.4672488610376493
50.87424751063525 0.5718548018216301
50.99683605885365 0.6678776928911263
51.11942460707205 0.7538763130739741
51.24201315529045 0.8285598968995495
51.36460170350885 0.8908075078804908
51.48719025172724 0.9396848628072161
51.609778799945644 0.9744583545369568
51.73236734816404 0.9946060628072334
51.85495589638244 0.9998255878110233
51.977544444600845 0.9900385889582821
52.10013299281923 0.9653919607009639
52.222721541037636 0.9262556277733721
52.34531008925603 0.8732169929394491
52.467898637474434 0.8070721205814735
52.59048718569284 0.7288137884570168
52.713075733911225 0.6396165869569693
52.83566428212963 0.5408192895119611
52.95825283034802 0.43390475875239504
53.080841378566426 0.320477690013138
53.20342992678482 0.2022405262340146
53.32601847500322 0.08096790575255544
53.44860702322161 -0.04151997349413407
53.571195571440015 -0.1633846735780265
53.69378411965842 -0.2827971099553977
53.81637266787681 -0.3979650044558187
53.93896121609521 -0.5071597858390758
54.061549764313604 -0.6087425341657187
54.184138312532006 -0.7011885795785692
54.30672686075041 -0.7831103862885374
54.429315408968804 -0.8532783782958144
54.5519039571872 -0.9106393942702106
54.674492505405595 -0.9543324945987087
54.797081053624 -0.983701883350061
54.9196696018424 -0.998306751208798
55.042258150060796 -0.9979278916446855
55.16484669827919 -0.9825709910145822
55.28743524649759 -0.9524665432151009
55.41002379471599 -0.9080663901670679
55.532612342934385 -0.8500369400561474
55.65520089115279 -0.7792491651179778
55.777789439371176 -0.6967655290925593
55.90037798758958 -0.6038240405554474
56.02296653580798 -0.5018196714717584
56.14555508402638 -0.39228341986434045
56.26814363224478 -0.2768593308475896
56.39073218046317 -0.15727982092152826
56.51332072868157 -0.03533967588710675
56.63590927689997 0.08713088734799614
56.75849782511837 0.20829369075420923
56.88108637333677 0.3263301846544771
57.00367492155516 0.4394687425938762
57.12626346977356 0.5460112519320788
57.248852017991965 0.6443586010563964
57.37144056621036 0.7330346806745105
57.49402911442876 0.810708538947915
57.61661766264715 0.87621435793653
57.739206210865554 0.928568951525334
57.86179475908395 0.9669865222039636
57.98438330730235 0.990890455212882
58.106971855520754 0.9999219730359513
58.22956040373914 0.9939455203429988
58.352148951957545 0.973050798558959
58.47473750017594 0.9375514195224893
58.59732604839434 0.8879801984414553
58.719914596612746 0.8250811567940229
58.842503144831134 0.7497983552049171
58.96509169304954 0.6632617239057587
59.08768024126793 0.5667701034522407
59.210268789486335 0.4617717502422117
59.33285733770474 0.34984259943031965
59.455445885923126 0.23266261149406267
59.57803443414153 0.11199055746899331
59.700622982359924 -0.010362378694766847
59.82321153057833 -0.13255978444904146
59.94580007879672 -0.25276758162357044
60.06838862701512 -0.3691815543650841
60.19097717523351 -0.48005442886855454
60.313565723451916 -0.5837220984572209
60.43615427167032 -0.6786286003953766
60.558742819888714 -0.7633494695534611
60.68133136810711 -0.8366131184069494
60.803919916325505 -0.8973199224735925
60.92650846454391 -0.9445587247330226
61.04909701276231 -0.9776205113115138
61.171685560980706 -0.9960090531716433
