0.0 0.0
0.060480469602431745 0.060443604556185075
0.12096093920486349 0.12066618061184212
0.18144140880729526 0.1804475079173475
0.24192187840972698 0.23956897976929672
0.3024023480121587 0.29781440240544815
0.3628828176145905 0.35497078557609035
0.4233632872170222 0.41082912140089284
0.48384375681945396 0.46518514866313965
0.5443242264218857 0.5178400997464941
0.6048046960243174 0.5686014274829176
0.6652851656267492 0.6172835092538261
0.725765635229181 0.6637083257697443
0.7862461048316126 0.7077061120463177
0.8467265744340444 0.7491159781962099
0.9072070440364761 0.7877864977667899
0.9676875136389079 0.8235762614721938
1.0281679832413397 0.8563543942948884
1.0886484528437714 0.8860010340658137
1.1491289224462031 0.9124077697730458
1.2096093920486348 0.9354780379961856
1.2700898616510665 0.9551274760168016
1.3305703312534984 0.9712842303136854
1.3910508008559301 0.9838892193148182
1.451531270458362 0.9928963494452296
1.5120117400607935 0.9982726836807069
1.5724922096632252 0.9999985619909931
1.6329726792656571 0.9980676732320422
1.6934531488680888 0.9924870782244358
1.7539336184705208 0.9832771839335698
1.8144140880729522 0.9704716688460283
1.874894557675384 0.9541173598150254
1.9353750272778159 0.9342740608252645
1.9958554968802475 0.9110143343033817
2.0563359664826795 0.8844232357736724
2.116816436085111 0.8545980028294035
2.177296905687543 0.821647699557073
2.2377773752899746 0.7856928177138766
2.2982578448924063 0.7468648361167847
2.358738314494838 0.7053057398544422
2.4192187840972696 0.6611675010800261
2.479699253699702 0.6146115232836799
2.540179723302133 0.5658080510766996
2.6006601929045647 0.514935547645747
2.661140662506997 0.4621800421536096
2.721621132109428 0.40773444947290644
2.7821016017118603 0.3517978647403164
2.842582071314292 0.2945748353109974
2.903062540916724 0.23627461277547337
2.9635430105191554 0.17711038777421279
3.024023480121587 0.11729851040798929
3.084503949724019 0.057057699094823965
3.1449844193264505 -0.0033917592334731586
3.2054648889288826 -0.06382881467046395
3.2659453585313143 -0.12403246266425691
3.326425828133746 -0.18378255218084164
3.3869062977361777 -0.24286059074629582
3.4473867673386094 -0.30105054342401794
3.5078672369410415 -0.3581396228053059
3.5683477065434728 -0.4139190671244626
3.6288281761459045 -0.468184903653048
3.6893086457483366 -0.5207386945817043
3.749789115350768 -0.5713882626620465
3.8102695849532 -0.6199483939551091
3.8707500545556317 -0.666241515116549
3.931230524158063 -0.7100983427419398
3.991710993760495 -0.7513585023976406
4.052191463362926 -0.7898711150735847
4.112671932965359 -0.8254953489134719
4.173152402567791 -0.8581009342047997
4.233632872170222 -0.8875686397455465
4.294113341772654 -0.9137907088455296
4.354593811375086 -0.9366712533680892
4.415074280977517 -0.9561266043711723
4.475554750579949 -0.9720856180656048
4.536035220182381 -0.9844899359717314
4.5965156897848125 -0.9932941983230889
4.656996159387244 -0.9984662099367451
4.717476628989676 -0.9999870579437523
4.777957098592108 -0.9978511809492041
4.838437568194539 -0.9920663893689895
4.898918037796971 -0.9826538368688805
4.959398507399404 -0.9696479430103925
5.019878977001835 -0.9530962673862846
5.080359446604266 -0.9330593357059564
5.140839916206698 -0.9096104184667083
5.2013203858091295 -0.8828352630202155
5.261800855411562 -0.8528317800139847
5.322281325013994 -0.8197096853544086
5.3827617946164255 -0.7835900990006738
5.443242264218856 -0.7446051020566473
5.503722733821288 -0.702897253780349
5.5642032034237205 -0.6586190702772035
5.624683673026152 -0.6119324667833679
5.685164142628584 -0.5630081655785723
5.745644612231016 -0.512025071693615
5.806125081833448 -0.4591696186953946
5.86660555143588 -0.40463508694180517
5.927086021038311 -0.3486208967994678
5.987566490640742 -0.29133187940885236
6.048046960243174 -0.23297752766343524
6.108527429845607 -0.17377123014187965
6.169007899448038 -0.11392949079459021
6.22948836905047 -0.05367113723805316
6.289968838652901 0.006783479447931756
6.350449308255333 0.06721329049398679
6.410929777857765 0.12739731783931005
6.471410247460197 0.18711548219813331
6.531890717062629 0.2461494078395686
6.59237118666506 0.30428322113793427
6.652851656267492 0.36130433997345673
6.713332125869925 0.417004251096684
6.773812595472355 0.4711792726139624
6.834293065074787 0.523631298805757
6.894773534677219 0.5741685245541566
6.9552540042796505 0.6226061467305253
7.015734473882083 0.6687670399784691
7.076214943484515 0.7124824044209354
7.1366954130869455 0.7535923829229352
7.197175882689377 0.791946645652691
7.257656352291809 0.8274049398036024
7.3181368218942415 0.859837602466831
7.378617291496673 0.8891260347790352
7.439097761099105 0.9151631356114139
7.499578230701536 0.9378536932141496
7.560058700303967 0.9571147333841006
7.6205391699064 0.9728758228825707
7.681019639508832 0.9850793269936268
7.741500109111263 0.9936806202811347
7.801980578713695 0.9986482497738182
7.862461048316126 0.999964049981614
7.922941517918559 0.9976232093227337
7.98342198752099 0.9916342877185221
8.043902457123423 0.9820191852917742
8.104382926725853 0.968813062282973
8.164863396328284 0.9520642104772923
8.225343865930718 0.9318338766125358
8.28582433553315 0.9081960384137617
8.346304805135581 0.8812371340735815
8.406785274738013 0.8510557461673718
8.467265744340445 0.8177622411592398
8.527746213942876 0.7814783658169917
8.588226683545308 0.7423368020119211
8.64870715314774 0.7004806815314135
8.709187622750171 0.6560630626785873
8.769668092352603 0.6092463705729263
8.830148561955035 0.5602018031985974
8.890629031557467 0.5091087053723993
8.951109501159898 0.45615391292059976
9.01158997076233 0.4015310694628562
9.072070440364762 0.34543991830158566
9.132550909967193 0.2880855720061839
9.193031379569625 0.22967776236305784
9.253511849172057 0.1704300734342325
9.313992318774488 0.11055916052906349
9.37447278837692 0.050283957945097116
9.434953257979352 -0.010175121624810555
9.495433727581784 -0.07059699309152954
9.555914197184215 -0.130760707427492
9.616394666786647 -0.190446259626982
9.676875136389079 -0.24943539321435243
9.737355605991512 -0.30751239835826716
9.797836075593942 -0.36446490067343473
9.858316545196374 -0.4200846378254003
9.918797014798807 -0.47416822109847195
9.979277484401237 -0.5265178791419487
10.03975795400367 -0.5769421811749385
10.1002384236061 -0.625256737005117
10.160718893208532 -0.6712848713017031
10.221199362810966 -0.7148582696569049
10.281679832413396 -0.7558175940733893
10.342160302015829 -0.7940130656270731
10.402640771618259 -0.8293050121745306
10.463121241220692 -0.86156437910224
10.523601710823124 -0.890673201249908
10.584082180425554 -0.916525034282213
10.644562650027988 -0.9390253439315039
10.705043119630417 -0.9580918516880877
10.765523589232851 -0.9736548356740166
10.826004058835283 -0.9856573856001124
10.886484528437713 -0.9940556108739439
10.946964998040146 -0.9988188010977284
11.007445467642576 -0.9999295383692635
11.06792593724501 -0.9973837609752312
11.128406406847441 -0.9911907782439588
11.188886876449873 -0.981373236503324
11.249367346052304 -0.9679670362682898
11.309847815654734 -0.9510212009608963
11.370328285257168 -0.9305976976427635
11.4308087548596 -0.9067712104156619
11.491289224462031 -0.8796288673187495
11.551769694064463 -0.849269921721172
11.612250163666896 -0.8158053893750883
11.672730633269326 -0.7793576424563443
11.73321110287176 -0.7400599620772754
11.79369157247419 -0.6980560509080397
11.854172042076621 -0.6534995076886526
11.914652511679055 -0.6065532655533771
11.975132981281485 -0.5573889962213474
12.035613450883918 -0.5061864822321633
12.096093920486348 -0.4531329595220955
12.156574390088782 -0.3984224327448714
12.217054859691213 -0.3422549658408491
12.277535329293643 -0.2848359504487208
12.338015798896077 -0.22637535483505164
12.398496268498507 -0.16708695608814988
12.45897673810094 -0.10718755838390041
12.519457207703372 -0.0468962001822798
12.579937677305802 0.013566646746440284
12.640418146908235 0.07397988353676173
12.700898616510665 0.13412259273615532
12.761379086113099 0.19377484614991428
12.82185955571553 0.2527185090684645
12.882340025317962 0.31073803793635335
12.942820494920394 0.3676212685459501
13.003300964522824 0.4231601918736492
13.063781434125257 0.4771517147215201
13.124261903727689 0.529398402382877
13.18474237333012 0.5797092006160671
13.245222842932552 0.6279001342863262
13.305703312534984 0.6737949801209626
13.366183782137416 0.7172259111177436
13.42666425173985 0.7580341102500348
13.487144721342279 0.796070351224502
13.54762519094471 0.8311955441677035
13.608105660547142 0.8632812442460777
13.668586130149574 0.8922101213594629
13.729066599752008 0.91787638919056
13.789547069354438 0.9401861920414065
13.85002753895687 0.9590579480423029
13.910508008559301 0.9744226474781293
13.970988478161733 0.986224105141165
14.031468947764166 0.9944191657876015
14.091949417366596 0.9989778619464423
14.15242988696903 0.9998835235037241
14.21291035657146 0.9971328386613256
14.273390826173891 0.9907358660474609
14.333871295776325 0.9807159979345649
14.394351765378754 0.9671098746990814
14.454832234981188 0.9499672508359436
14.515312704583618 0.9293508130177205
14.575793174186051 0.9053359508637194
14.636273643788483 0.8780104812573207
14.696754113390913 0.8474743272196231
14.757234582993346 0.8138391525137034
14.817715052595776 0.7772279533156677
14.87819552219821 0.7377746084456235
14.938675991800642 0.6956233898033303
14.999156461403071 0.6509284347986988
15.059636931005505 0.603853182706374
15.120117400607935 0.5545697770055326
15.180597870210368 0.5032584358903508
15.2410783398128 0.4501067932531208
15.301558809415232 0.39530921254980905
15.362039279017663 0.3390660760571569
15.422519748620093 0.2815830521203158
15.483000218222527 0.22307034307052606
15.543480687824959 0.16374191656306525
15.60396115742739 0.10381472314623064
15.664441627029822 0.04350790292258615
15.724922096632252 -0.01695801579650051
15.785402566234685 -0.07736192291269323
15.845883035837119 -0.13748293508996046
15.906363505439549 -0.19710120347465504
15.96684397504198 -0.2559987176327272
16.02732444464441 -0.3139601027642294
16.087804914246846 -0.37077340727994385
16.148285383849277 -0.42623087786006336
16.208765853451705 -0.48012971916080616
16.26924632305414 -0.5322728353908174
16.32972679265657 -0.5824695510455744
16.390207262259004 -0.6305363081643409
16.450687731861436 -0.6762973375597936
16.511168201463867 -0.7195853015659546
16.5716486710663 -0.7602419059539233
16.632129140668727 -0.798118478777833
16.692609610271163 -0.8330765140343194
16.753090079873594 -0.864988178147419
16.813570549476026 -0.893736777426874
16.874051019078458 -0.9192171847903787
16.93453148868089 -0.9413362241893879
16.99501195828332 -0.9600130113327116
17.055492427885753 -0.9751792494619536
17.115972897488184 -0.9867794790972073
17.176453367090616 -0.9947712808397478
17.236933836693048 -0.999125430490114
17.29741430629548 -0.9998260059143541
17.35789477589791 -0.9968704452676431
17.418375245500343 -0.9902695563623668
17.478855715102775 -0.9800474771464123
17.539336184705206 -0.966241587436188
17.599816654307638 -0.9489023722271459
17.66029712391007 -0.9280932370816465
17.7207775935125 -0.9038902762692533
17.781258063114933 -0.8763819945073138
17.841738532717365 -0.8456689833193579
17.902219002319796 -0.8118635531947982
17.962699471922228 -0.7750893228950406
18.02317994152466 -0.735480767407818
18.08366041112709 -0.6931827262027765
18.144140880729523 -0.6483498735865111
18.204621350331955 -0.6011461530938411
18.265101819934387 -0.5517441779836291
18.32558228953682 -0.5003246000313922
18.38606275913925 -0.4470754489268886
18.44654322874168 -0.39219144469235123
18.507023698344113 -0.3358732856356988
18.567504167946545 -0.27832691444251717
18.627984637548977 -0.21976276509054557
18.68846510715141 -0.16039499334053017
18.74894557675384 -0.10044069361736409
18.809426046356272 -0.04011910514520218
18.869906515958704 0.020349189760467148
18.930386985561135 0.0807430723121291
18.990867455163567 0.14084169583130587
19.051347924766 0.2004252933345792
19.11182839436843 0.2592759811714137
19.172308863970862 0.3171785557750611
19.232789333573294 0.37392128061300767
19.293269803175725 0.42929666045926723
19.353750272778157 0.4831022001571815
19.41423074238059 0.535141145098106
19.474711211983024 0.5852232007082202
19.535191681585456 0.6331652283124485
19.595672151187884 0.678791914830914
19.656152620790316 0.721936413858956
19.716633090392747 0.7624409557864334
19.777113559995183 0.8001574247252815
19.837594029597614 0.8349479001355813
19.898074499200042 0.8666851611695849
19.958554968802474 0.89525315188939
20.019035438404906 0.9205474056570719
20.07951590800734 0.9424754271454043
20.139996377609773 0.9609570305722046
20.2004768472122 0.9759246329214907
20.260957316814633 0.9873235010791811
20.321437786417064 0.9951119519796288
20.3819182560195 0.9992615050311054
20.44239872562193 0.9997569862628394
20.50287919522436 0.9965965838127744
20.56335966482679 0.9897918545531337
20.623840134429226 0.979367681829571
20.684320604031658 0.9653621844684424
20.74480107363409 0.947826577384933
20.805281543236518 0.9268249843017771
20.86576201283895 0.9024342032633962
20.926242482441385 0.8747434258029423
20.986722952043817 0.8438539107891686
21.04720342164625 0.8098786141457924
21.107683891248676 0.7729417757974071
21.168164360851108 0.7331784653523538
21.228644830453543 0.6907340881839255
21.289125300055975 0.6457638537160235
21.349605769658407 0.5984322078576183
21.410086239260835 0.5489122316615128
21.470566708863267 0.49738500840632377
21.531047178465702 0.4440389614161742
21.591527648068134 0.3890691650394966
21.652008117670565 0.33267663130653785
21.712488587272993 0.2750675748741454
21.772969056875425 0.21645265894569993
21.83344952647786 0.15704622492375933
21.893929996080292 0.09706550861234992
21.954410465682724 0.03672984583507189
22.014890935285152 -0.02374012962605328
22.075371404887587 -0.08412329283811278
22.13585187449002 -0.14419883632080258
22.19633234409245 -0.2037470774891467
22.256812813694882 -0.26255026198267695
22.31729328329731 -0.32039335994355295
22.377773752899746 -0.37706485233181253
22.438254222502177 -0.4323575044023102
22.49873469210461 -0.4860691235150323
22.55921516170704 -0.538003298507531
22.61969563130947 -0.5879701179258287
22.680176100911904 -0.6357868644873812
22.740656570514336 -0.6812786832365527
22.801137040116767 -0.7242792209494071
22.8616175097192 -0.7646312344495594
22.922097979321627 -0.8021871656106726
22.982578448924063 -0.8368096809429418
23.043058918526494 -0.8683721737903782
23.103539388128926 -0.8967592273025458
23.16401985773136 -0.9218670364876973
23.224500327333793 -0.9436037878039922
23.28498079693622 -0.9618899949007236
23.345461266538653 -0.9766587892818033
23.405941736141084 -0.9878561648286238
23.46642220574352 -0.995441175288143
23.52690267534595 -0.9993860840040063
23.58738314494838 -0.9996764653431867
23.64786361455081 -0.9963112574472386
23.708344084153243 -0.9893027661152728
23.768824553755678 -0.9786766198044504
23.82930502335811 -0.9644716759125521
23.889785492960538 -0.9467398786853192
23.95026596256297 -0.9255460692681706
24.0107464321654 -0.9009677485969028
24.071226901767837 -0.8730947939944059
24.13170737137027 -0.8420291305097655
24.192187840972696 -0.8078843582015545
24.252668310575128 -0.7707853367282814
24.313148780177563 -0.7308677287650543
24.373629249779995 -0.6882775039160662
24.434109719382427 -0.6431704049369735
24.494590188984855 -0.5957113782191089
24.555070658587287 -0.5460739706180687
24.615551128189722 -0.4944396948323874
24.676031597792154 -0.44099736565292524
24.736512067394585 -0.3859424095101511
24.796992536997013 -0.3294761498441943
24.857473006599445 -0.27180507091084405
24.91795347620188 -0.21314006271565267
24.978433945804312 -0.1536956498372
25.038914415406744 -0.09368920695953348
25.099394885009172 -0.03334016398245591
25.159875354611604 0.027130796383677512
25.22035582421404 0.08750254560436994
25.28083629381647 0.1475543179376887
25.341316763418902 0.20706651772433898
25.40179723302133 0.2658215223989765
25.462277702623766 0.3236044782864029
25.522758172226197 0.3802040862725055
25.58323864182863 0.43541337447704515
25.64371911143106 0.48903045510268284
25.70419958103349 0.5408592626926912
25.764680050635924 0.5907102710977062
25.825160520238356 0.6384011865296747
25.885640989840788 0.6837576141687651
25.94612145944322 0.7266136958855033
26.006601929045647 0.7668127167461908
26.067082398648083 0.8042076780837503
26.127562868250514 0.8386618350383601
26.188043337852946 0.8700491966022962
26.248523807455378 0.898254986340352
26.309004277057806 0.9231760621011306
26.36948474666024 0.9447212931844176
26.429965216262673 0.9628118935853892
26.490445685865105 0.9773817100971091
26.550926155467536 0.9883774642177373
26.611406625069968 0.9957589469778831
26.6718870946724 0.9994991659756521
26.73236756427483 0.9995844440817133
26.792848033877263 0.9960144694534486
26.8533285034797 0.9888022966752885
26.913808973082126 0.9779742990210726
26.974289442684558 0.9635700720129855
27.03476991228699 0.9456422886297532
27.09525038188942 0.9242565066935485
27.155730851491857 0.8994909291399606
27.216211321094285 0.871436118047672
27.276691790696717 0.8401946634735391
27.33717226029915 0.8058808083041278
27.39765272990158 0.7686200304954784
27.458133199504015 0.7285485842287882
27.518613669106443 0.6858130016599037
27.579094138708875 0.640569557084564
27.639574608311307 0.592983695478905
27.70005507791374 0.5432294275048362
27.760535547516174 0.4914886931926676
27.821016017118602 0.4379506966278566
27.881496486721034 0.38281121407471297
27.941976956323465 0.3262718780672044
28.0024574259259 0.2685394400846668
28.062937895528332 0.20982501450873253
28.12341836513076 0.15034330662608517
28.183898834733192 0.09031182750010786
28.244379304335624 0.029950098582463357
28.30485977393806 -0.030521151026893196
28.36534024354049 -0.09088079173576123
28.42582071314292 -0.15090810208028618
28.48630118274535 -0.21038357585310044
28.546781652347782 -0.2690897247875307
28.607262121950217 -0.3268118738626905
28.66774259155265 -0.38333894632113924
28.728223061155077 -0.43846423552854463
28.78870353075751 -0.4919861608527826
28.84918400035994 -0.5437090047983985
28.909664469962376 -0.5934436287009445
28.970144939564808 -0.6410081643639989
29.030625409167236 -0.686228679109769
29.091105878769667 -0.7289398118112933
29.151586348372103 -0.7689853775804232
29.212066817974534 -0.8062189389004019
29.272547287576966 -0.840504341114535
29.333027757179394 -0.8717162103127597
29.393508226781826 -0.8997404117954997
29.45398869638426 -0.924474467438266
29.514469165986693 -0.9458279304308294
29.574949635589125 -0.9637227160206193
29.635430105191553 -0.9780933870508801
29.695910574793984 -0.9888873932494594
29.75639104439642 -0.9960652633931844
29.81687151399885 -0.9996007496451409
29.877351983601283 -0.9994809235370382
29.93783245320371 -0.9957062232456728
29.998312922806143 -0.9882904519906154
30.058793392408578 -0.9772607275589792
30.11927386201101 -0.9626573831418495
30.17975433161344 -0.9445338198449822
