0.0 0.0
0.11693676972178646 0.11667044891911149
0.23387353944357292 0.23174733896925326
0.35081030916535944 0.3436588771175555
0.46774707888714584 0.4508765047117761
0.5846838486089323 0.5519357755022815
0.7016206183307189 0.6454563579762354
0.8185573880525053 0.7301608887994491
0.9354941577742917 0.8048924198536477
1.0524309274960781 0.8686302205664679
1.1693676972178646 0.9205037196959583
1.286304466939651 0.959804396143862
1.4032412366614377 0.9859954563854239
1.520178006383224 0.9987191663352575
1.6371147761050107 0.9978017375060075
1.754051545826797 0.9832557007215548
1.8709883155485834 0.955279734963089
1.98792508527037 0.9142559536857776
2.1048618549921563 0.8607446856712341
2.221798624713943 0.795476821702209
2.338735394435729 0.7193438315934686
2.455672164157516 0.6333855879325693
2.572608933879302 0.5387761628415952
2.689545703601089 0.4368077917566703
2.8064824733228755 0.3288732232581097
2.9234192430446617 0.21644669602839753
3.040356012766448 0.1010638027667489
3.1572927824882346 -0.015699483908337877
3.2742295522100213 -0.13224833709103512
3.3911663219318076 -0.24699085874393703
3.508103091653594 -0.3583598228494712
3.6250398613753805 -0.464834081575239
3.7419766310971667 -0.5649593420743244
3.8589134008189534 -0.6573680301378828
3.97585017054074 -0.740797969389652
4.092786940262526 -0.8141096208901316
4.209723709984313 -0.8763016476809949
4.326660479706099 -0.9265245916793253
4.443597249427886 -0.9640924761140056
4.560534019149673 -0.9884921750308295
4.677470788871458 -0.9993904218917035
4.794407558593245 -0.9966383615400538
4.911344328315032 -0.9802735833588129
5.0282810980368176 -0.950519607850825
5.145217867758604 -0.9077828336542807
5.262154637480391 -0.8526469866927796
5.379091407202178 -0.78586514727704
5.496028176923963 -0.7083494640571534
5.612964946645751 -0.6211586953187309
5.729901716367537 -0.5254837477918225
5.846838486089323 -0.4226314104926868
5.96377525581111 -0.31400650577193495
6.080712025532896 -0.20109270136130628
6.1976487952546835 -0.08543224550030253
6.314585564976469 0.03139509806683483
6.431522334698255 0.14779362750468686
6.548459104420043 0.2621734979927445
6.665395874141828 0.37297243683267745
6.782332643863615 0.4786770819581161
6.899269413585402 0.5778436523920297
7.016206183307188 0.6691176683215404
7.133142953028974 0.7512524514408875
7.250079722750761 0.8231261528731412
7.367016492472548 0.8837570760925387
7.483953262194333 0.9323170855572592
7.60089003191612 0.9681429179090436
7.717826801637907 0.9907452412441291
7.834763571359693 0.999815338718245
7.95170034108148 0.9952293251967561
8.068637110803266 0.9770498393562778
8.185573880525052 0.9455251881259663
8.30251065024684 0.9010859551542482
8.419447419968625 0.8443391196247002
8.536384189690413 0.7760597657500057
8.653320959412198 0.6971804961809884
8.770257729133984 0.6087786939290623
8.887194498855772 0.5120618067868463
9.004131268577558 0.4083508552416434
9.121068038299345 0.29906238914112204
9.238004808021131 0.18568913955852698
9.354941577742917 0.06977963012644768
9.471878347464703 -0.047082973679499325
9.58881511718649 -0.1633024884172261
9.705751886908278 -0.27729151436234933
9.822688656630064 -0.3874931172187972
9.93962542635185 -0.4924020937133045
10.056562196073635 -0.5905855306148331
10.173498965795423 -0.6807023763708284
10.290435735517208 -0.7615217580384949
10.407372505238996 -0.8319397933268663
10.524309274960782 -0.8909946681201227
10.641246044682568 -0.9378797735438283
10.758182814404355 -0.9719547231396928
10.875119584126141 -0.9927540996693204
10.992056353847927 -0.9999938120775654
11.108993123569714 -0.9935749757880518
11.225929893291502 -0.9735852633313334
11.342866663013288 -0.9402977068579569
11.459803432735074 -0.8941669688924595
11.57674020245686 -0.8358231322647102
11.693676972178647 -0.7660630940396391
11.810613741900434 -0.6858396809925201
11.92755051162222 -0.5962486352975266
12.044487281344006 -0.4985136481872719
12.161424051065792 -0.3939696460030971
12.278360820787578 -0.284044556925802
12.395297590509367 -0.17023980742836134
12.512234360231153 -0.05410981484244295
12.629171129952939 0.06275924385781144
12.746107899674724 0.1787710970652783
12.86304466939651 0.29234118142825116
12.9799814391183 0.40191828482007275
13.096918208840085 0.5060057337766005
13.213854978561871 0.6031818360101182
13.330791748283657 0.6921192987828264
13.447728518005443 0.7716033579115225
13.56466528772723 0.8405483697860241
13.681602057449018 0.8980126397770412
13.798538827170804 0.9432112844977222
13.91547559689259 0.9755269522379535
14.032412366614375 0.9945182551449308
14.149349136336163 0.9999257979779476
14.266285906057949 0.9916757210928459
14.383222675779736 0.9698807092638057
14.500159445501522 0.9348384525633456
14.617096215223308 0.8870275803228095
14.734032984945095 0.8271011237098821
14.850969754666881 0.7558775962153951
14.967906524388667 0.6743298138777672
15.084843294110454 0.5835716079455513
15.20178006383224 0.48484261146494956
15.318716833554028 0.37949132758670295
15.435653603275814 0.26895671085617634
15.5525903729976 0.154748513060997
15.669527142719385 0.03842666208514638
15.786463912441173 -0.07842004457385454
15.90340068216296 -0.1941956406072136
16.020337451884746 -0.3073187896133084
16.137274221606532 -0.41624438399159114
16.254210991328318 -0.5194846490005791
16.371147761050103 -0.6156294637273588
16.488084530771893 -0.7033656214119284
16.60502130049368 -0.7814947660566597
16.721958070215464 -0.8489497603313483
16.83889483993725 -0.904809261210587
16.955831609659036 -0.9483103042602197
17.072768379380825 -0.9788587246887046
17.18970514910261 -0.9960372728260692
17.306641918824397 -0.9996113131841177
17.423578688546183 -0.989532029256499
17.54051545826797 -0.9659370902854635
17.657452227989758 -0.9291487708881769
17.774388997711544 -0.8796695492259339
17.89132576743333 -0.818175243839247
18.008262537155115 -0.7455057828902856
18.1251993068769 -0.6626537318921792
18.24213607659869 -0.5707507366207283
18.359072846320476 -0.4710520663798321
18.476009616042262 -0.3649194687384636
18.592946385764048 -0.2538025699201016
18.709883155485834 -0.13921907488984112
18.826819925207623 -0.022734037578941192
18.943756694929405 0.0940615156127685
19.060693464651195 0.20957231706295912
19.17763023437298 0.32222064710208864
19.294567004094766 0.430467883507725
19.411503773816555 0.5328355169811263
19.528440543538338 0.6279253455634474
19.645377313260127 0.7144385721634909
19.762314082981913 0.7911935443507584
19.8792508527037 0.8571418941126174
19.996187622425488 0.9113828571284508
20.11312439214727 0.9531755759791208
20.23006116186906 0.9819492192467383
20.346997931590845 0.9973107782916103
20.46393470131263 0.9990504352131133
20.580871471034417 0.9871444286754342
20.697808240756203 0.9617553784549422
20.814745010477992 0.9232300642763084
20.931681780199778 0.8720946892754448
21.048618549921564 0.809047692783866
21.16555531964335 0.7349502106020415
21.282492089365135 0.6508143130613455
21.399428859086925 0.5577891815266096
21.51636562880871 0.45714541214937227
21.633302398530496 0.35025766126106267
21.750239168252282 0.23858586944638163
21.867175937974068 0.12365532075033535
21.984112707695854 0.007035809382913667
22.101049477417643 -0.10967980152425272
22.21798624713943 -0.22489733625115685
22.334923016861215 -0.33704308075087874
22.451859786583004 -0.44458527743252857
22.568796556304786 -0.5460550468763448
22.685733326026575 -0.6400664507189616
22.80267009574836 -0.7253354216771327
22.919606865470147 -0.8006973021518099
23.036543635191936 -0.8651227518590994
23.15348040491372 -0.9177318072116473
23.270417174635508 -0.9578059004185424
23.387353944357294 -0.9847976741391907
23.50429071407908 -0.9983384576364855
23.62122748380087 -0.9982433023151754
23.73816425352265 -0.9845135078668934
23.85510102324444 -0.9573366045181423
23.972037792966223 -0.9170837916237214
24.088974562688012 -0.8643048675908761
24.2059113324098 -0.799720720384525
24.322848102131584 -0.7242134811829537
24.439784871853373 -0.6388144756715843
24.556721641575155 -0.5446901375437456
24.673658411296945 -0.4431260766106433
24.790595181018734 -0.3355095191285283
24.907531950740516 -0.22331036018405906
25.024468720462306 -0.10806108693642424
25.141405490184088 0.008664153062625178
25.258342259905877 0.1252710525728692
25.375279029627666 0.24016692072339776
25.49221579934945 0.3517824369930653
25.609152569071238 0.45859308598390747
25.72608933879302 0.5591399802177482
25.84302610851481 0.6520497865452195
25.9599628782366 0.7360534839994884
26.07689964795838 0.8100036968882081
26.19383641768017 0.8728903663772715
26.310773187401953 0.923854546513924
26.427709957123742 0.9622001362545146
26.544646726845528 0.987403387253309
26.661583496567314 0.9991200575490572
26.778520266289103 0.9971901134396727
26.895457036010885 0.9816399153238743
27.012393805732675 0.952681857654165
27.12933057545446 0.9107114679189144
27.246267345176246 0.8563020042774618
27.363204114898036 0.7901966256371804
27.480140884619818 0.7132982411185503
27.597077654341607 0.6266571775506298
27.714014424063393 0.5314568334421725
27.83095119378518 0.4289975153754211
27.947887963506968 0.3206786775954402
28.06482473322875 0.20797980737789493
28.18176150295054 0.09244021725496691
28.298698272672326 -0.02436197988988028
28.41563504239411 -0.1408314256869882
28.532571812115897 -0.25537730669530595
28.649508581837683 -0.3664350827397005
28.766445351559472 -0.4724878563913642
28.883382121281258 -0.5720870917134091
29.000318891003044 -0.6638723992819485
29.11725566072483 -0.7465901172462566
29.234192430446615 -0.8191104346361677
29.351129200168405 -0.8804428230357235
29.46806596989019 -0.9297495658474898
29.585002739611976 -0.9663572003563112
29.701939509333762 -0.9897657163095146
29.818876279055548 -0.9996553853735567
29.935813048777334 -0.9958911281860612
30.052749818499123 -0.9785243593552829
30.16968658822091 -0.9477922852068353
30.286623357942695 -0.9041146638694887
30.40356012766448 -0.848088071952851
30.520496897386266 -0.780477756126272
30.637433667108056 -0.7022071808952643
30.75437043682984 -0.6143454153385436
30.871307206551627 -0.518092531085585
30.988243976273413 -0.41476321097841273
31.1051807459952 -0.3057687923008627
31.222117515716988 -0.1925979898402741
31.33905428543877 -0.07679656207826337
31.45599105516056 0.04005380175745584
31.572927824882346 0.15635708540604717
31.68986459460413 0.2705247449743043
31.80680136432592 0.38099740627502177
31.923738134047703 0.48626616374705245
32.04067490376949 0.5848931900429607
32.157611673491274 0.6755313747853422
32.274548443213064 0.7569427242534187
32.39148521293485 0.8280152706851539
32.508421982656635 0.8877782602370837
32.625358752378425 0.9354154121550146
32.74229552210021 0.9702760680534235
32.859232291821996 0.991884079019718
32.976169061543786 0.9999443091575726
33.09310583126557 0.994346666739896
33.21004260098736 0.9751676079113467
33.32697937070914 0.9426690924019004
33.44391614043093 0.8972950055149717
33.56085291015272 0.8396650952608762
33.6777896798745 0.7705665074460687
33.79472644959629 0.6909430343372691
33.91166321931807 0.6018822237490897
34.02859998903986 0.504600524627292
34.14553675876165 0.40042667201884635
34.26247352848343 0.2907835383672696
34.37941029820522 0.1771686990197834
34.496347067927005 0.06113397739498011
34.613283837648794 -0.05573575080412314
34.73022060737058 -0.17184420482595653
34.847157377092365 -0.28560550188371486
34.964094146814155 -0.39546581814668685
35.08103091653594 -0.49992461184999437
35.197967686257726 -0.5975551186442372
35.314904455979516 -0.6870238392463823
35.4318412257013 -0.7671087532173871
35.54877799542309 -0.8367160100911707
35.66571476514487 -0.8948948698768912
35.78265153486666 -0.9408506888677988
35.89958830458845 -0.973955773388137
36.01652507431023 -0.9937579532308466
36.13346184403202 -0.9999867576845745
36.2503986137538 -0.9925571097939104
36.36733538347559 -0.9715704883943185
36.48427215319738 -0.9373135420499455
36.60120892291916 -0.8902541738260239
36.71814569264095 -0.8310351503725102
36.835082462362735 -0.7604653226101918
36.952019232084524 -0.6795085779326048
37.06895600180631 -0.5892706748216916
37.185892771528096 -0.4909841396982605
37.302829541249885 -0.3859914322956536
37.41976631097167 -0.2757266094946843
37.53670308069346 -0.16169573806664053
37.653639850415246 -0.04545632385970198
37.77057662013703 0.07140396160219149
37.88751338985881 0.1872889665423684
38.0044501595806 0.30061586018308617
38.12138692930239 0.4098367520505539
38.23832369902418 0.5134598340431944
38.35526046874596 0.6100697564913197
38.47219723846774 0.69834695989916
38.58913400818953 0.7770856983240096
38.70607077791132 0.8452105082178021
38.82300754763311 0.9017908977892662
38.93994431735489 0.9460540562500067
39.056881087076675 0.977395409353616
39.173817856798465 0.9953868770535496
39.290754626520254 0.9997827204914683
39.40769139624204 0.9905228984541773
39.524628165963826 0.9677338874545341
39.64156493568561 0.9317269542351455
39.7585017054074 0.8829939042900963
39.87543847512919 0.8222003644741003
39.992375244850976 0.7501766914494261
40.10931201457276 0.6679066301488155
40.22624878429454 0.5765138771642535
40.34318555401633 0.4772467325873799
40.46012232373812 0.37146104993640705
40.5770590934599 0.26060171705020974
40.69399586318169 0.14618292089527327
40.81093263290347 0.02976746584134473
40.92786940262526 -0.08705457211029717
41.04480617234705 -0.20268756359168066
41.161742942068834 -0.31555211998444865
41.27867971179062 -0.4241066657097231
41.395616481512405 -0.5268684940434651
41.512553251234195 -0.6224340188638378
41.629490020955984 -0.709497945719188
41.746426790677766 -0.7868711003662213
41.863363560399556 -0.8534966712648336
41.98030033012134 -0.9084646441792846
42.09723709984313 -0.9510242317288979
42.21417386956492 -0.9805941281174916
42.3311106392867 -0.9967704489760487
42.44804740900849 -0.9993322478711745
42.56498417873027 -0.9882445341313862
42.68192094845206 -0.963658750771862
42.79885771817385 -0.9259107059898456
42.91579448789563 -0.8755159864836515
43.03273125761742 -0.813162915243048
43.1496680273392 -0.7397031499980291
43.26660479706099 -0.6561400507382249
43.38354156678278 -0.5636149751868483
43.500478336504564 -0.46339168941417436
43.61741510622635 -0.3568391065202944
43.734351875948136 -0.2454125891532205
43.851288645669925 -0.13063407124422818
43.96822541539171 -0.014071270470563143
44.0851621851135 0.10268372462535402
44.202098954835286 0.21803620038932767
44.31903572455707 0.33041059966429626
44.43597249427886 0.43827204174767204
44.55290926400064 0.5401472867638418
44.66984603372243 0.6346448581073191
44.78678280344422 0.7204740481112836
44.90371957316601 0.7964625473502173
45.02065634288779 0.861572456784353
45.13759311260957 0.9149144640419872
45.25452988233136 0.9557599902109675
45.37146665205315 0.9835511412308204
45.48840342177494 0.9979083279631066
45.60534019149672 0.9986354508602316
45.722276961218505 0.985722578417242
45.839213730940294 0.9593460828226034
45.95615050066208 0.9198662309551755
46.07308727038387 0.8678222636310501
46.190024040105655 0.803925030311034
46.30696080982744 0.7290472798685801
46.42389757954923 0.6442117400330397
46.540834349271016 0.5505771483267393
46.657771118992805 0.4494224252941553
46.77470788871459 0.34212920619529524
46.89164465843637 0.23016296975642273
47.00858142815816 0.11505302173366111
47.12551819787995 -0.0016283933133901427
47.24245496760174 -0.11828756673344189
47.35939173732351 -0.2333310936654165
47.4763285070453 -0.34518763677106595
47.59326527676709 -0.4523293885552504
47.71020204648888 -0.5532929391281954
47.82713881621067 -0.6466992643844075
47.944075585932445 -0.731272561587118
48.061012355654235 -0.8058576750899604
48.177949125376024 -0.869435874184191
48.29488589509781 -0.9211387675678272
48.4118226648196 -0.9602601643839195
48.52875943454138 -0.9862657198224442
48.64569620426317 -0.9988002335400862
48.76263297398496 -0.9976925012114272
48.879569743706746 -0.9829576529460462
48.996506513428535 -0.9547969466318982
49.11344328315031 -0.9135950190276466
49.2303800528721 -0.8599146321502333
49.34731682259389 -0.7944889867149314
49.46425359231568 -0.7182117076156828
49.58119036203747 -0.632124638230443
49.69812713175924 -0.5374036102646252
49.81506390148103 -0.4353423834970647
49.93200067120282 -0.3273349747897983
50.04893744092461 -0.21485661772300393
50.1658742106464 -0.0994436129206315
50.282810980368176 0.017327655716315536
50.399747750089965 0.13386225225934884
50.516684519811754 0.24856847339726093
50.633621289533544 0.3598795889278987
50.75055805925533 0.46627524115132946
50.86749482897711 0.5663022108780104
50.9844315986989 0.6585942664167287
51.10136836842069 0.7418908244320882
51.218305138142476 0.815054167789975
51.335241907864265 0.8770849852185838
51.45217867758604 0.9271360205345432
51.56911544730783 0.9645236450043876
51.68605221702962 0.988737194778647
51.80298898675141 0.9994459458620895
51.9199257564732 0.9965036313514615
52.03686252619497 0.9799504392414736
52.15379929591676 0.9500124635117114
52.27073606563855 0.9070986159919081
52.38767283536034 0.8517950411852379
52.50460960508213 0.7848571103355365
52.621546374803906 0.7071991040885495
52.738483144525695 0.6198817246678965
52.855419914247484 0.5240976081325035
52.972356683969274 0.42115503459807696
53.089293453691056 0.3124600589188745
53.20623022341284 0.1994973059001493
53.32316699313463 0.08380969235248274
53.44010376285642 -0.033022647042999176
53.557040532578206 -0.1494039422146887
53.67397730229999 -0.26374458373858833
53.79091407202177 -0.3744828347304115
53.90785084174356 -0.4801061620368502
54.02478761146535 -0.5791718953711315
54.14172438118714 -0.6703269322173362
54.25866115090892 -0.7523262193613572
54.3755979206307 -0.8240497586161005
54.49253469035249 -0.8845179044659123
54.60947146007428 -0.9329047446853542
54.72640822979607 -0.9685493811713722
54.84334499951785 -0.9909649569080737
54.960281769239636 -0.9998453057681409
55.077218538961425 -0.9950691343236606
55.194155308683214 -0.9767016785485702
55.311092078405004 -0.9449938127844185
55.428028848126786 -0.9003786231397538
55.54496561784857 -0.8434654921258076
55.66190238757036 -0.7750317753242871
55.77883915729215 -0.6960121837726172
55.895775927013936 -0.6074860170887058
56.01271269673572 -0.5106624217133412
56.1296494664575 -0.40686387562243626
56.24658623617929 -0.297508125085427
56.36352300590108 -0.1840888201890002
56.48045977562286 -0.06815511361839342
56.59739654534465 0.048709498650950714
56.71433331506643 0.16490880574406358
56.83127008478822 0.2788556839453836
56.94820685451001 0.3889937746394071
57.065143624231794 0.49381874204219195
57.18208039395358 0.5918988203720835
57.299017163675366 0.6818943698133337
57.415953933397155 0.7625761741650343
57.532890703118944 0.8328422302543084
57.64982747284073 0.8917327997934719
57.766764242562516 0.9384435180932963
57.8837010122843 0.9723363805852476
58.00063778200609 0.9929484570919014
58.11757455172788 0.9999982148204237
58.23451132144966 0.9933893637157378
58.35144809117145 0.973212171651063
