0.0 0.0
0.05960613248124167 0.05957084306856558
0.11921226496248334 0.11893010007949475
0.17881839744372505 0.1778669364948121
0.23842452992496668 0.236172018146587
0.29803066240620835 0.2936382547582447
0.3576367948874501 0.3500615354959353
0.41724292736869173 0.40524145393740185
0.47684905984993337 0.4589820198833738
0.536455192331175 0.5110923554832459
0.5960613248124167 0.5613873732025179
0.6556674572936584 0.6096884332239599
0.7152735897749002 0.6558239779475257
0.7748797222561418 0.6996301413353658
0.8344858547373835 0.7409513309376519
0.894091987218625 0.7796407805319426
0.9536981196998667 0.8155610714132124
1.0133042521811084 0.8485846204829987
1.07291038466235 0.8785941334040563
1.1325165171435918 0.905483021210988
1.1921226496248334 0.9291557788971115
1.2517287821060752 0.9495283246328916
1.3113349145873168 0.9665282984110792
1.3709410470685586 0.9800953190578258
1.4305471795498004 0.9901811986969042
1.4901533120310417 0.9967501139052992
1.5497594445122835 0.9997787329522463
1.6093655769935251 0.9992562986697885
1.668971709474767 0.9951846666605075
1.7285778419560087 0.9875782987067221
1.78818397443725 0.9764642114045615
1.8477901069184919 0.96188188020536
1.9073962393997335 0.9438830992051999
1.9670023718809753 0.9225317971806084
2.026608504362217 0.8979038105238218
2.0862146368434584 0.8700866138841118
2.1458207693247 0.8391790094718937
2.205426901805942 0.8052907761291596
2.2650330342871836 0.7685422794126807
2.324639166768425 0.7290640440748991
2.3842452992496668 0.6869962904609919
2.443851431730909 0.6424884364687471
2.5034575642121504 0.5956985668402133
2.5630636966933915 0.5467928716701091
2.6226698291746335 0.49594505612532347
2.682275961655875 0.4433357234720923
2.741882094137117 0.38915173360222755
2.8014882266183587 0.3335855393368253
2.8610943590996007 0.27683450286478206
2.920700491580842 0.21910019474403275
2.9803066240620835 0.16058767795532944
3.0399127565433255 0.10150477955150496
3.099518889024567 0.04206135248919213
3.159125021505809 -0.01753146973514361
3.2187311539870502 -0.07706202299743672
3.278337286468292 -0.1363188643429668
3.337943418949534 -0.19509152299773697
3.3975495514307754 -0.2531712479268271
3.4571556839120174 -0.31035174928451265
3.5167618163932586 -0.36642993112262817
3.5763679488745 -0.4212066127547292
3.635974081355742 -0.47448723621386546
3.6955802138369838 -0.5260825572912012
3.755186346318226 -0.5758093177010243
3.814792478799467 -0.6234908959847107
3.8743986112807085 -0.6689579348417565
3.9340047437619505 -0.7120489426596774
3.993610876243192 -0.752610867106256
4.053217008724434 -0.790499638746821
4.112823141205675 -0.8255806827557168
4.172429273686917 -0.8577293969044495
4.232035406168158 -0.8868315941287702
4.2916415386494 -0.912783908102771
4.3512476711306425 -0.9354941603794561
4.410853803611884 -0.9548816877937658
4.470459936093125 -0.9708776289651723
4.530066068574367 -0.9834251688822326
4.589672201055609 -0.9924797407003738
4.64927833353685 -0.9980091840361617
4.708884466018092 -0.9999938591958121
4.7684905984993335 -0.9984267169322253
4.828096730980575 -0.993313323482779
4.887702863461818 -0.9846718407989478
4.947308995943059 -0.9725329620379715
5.006915128424301 -0.9569398025456947
5.066521260905542 -0.93794774671779
5.126127393386783 -0.9156242512832893
5.1857335258680255 -0.8900486057091241
5.245339658349267 -0.8613116505766908
5.304945790830509 -0.829515454930705
5.36455192331175 -0.7947729537463666
5.424158055792992 -0.7572075468024825
5.483764188274234 -0.7169526603852914
5.543370320755476 -0.6741512733797467
5.6029764532367174 -0.6289554094315002
5.662582585717958 -0.581525596983356
5.7221887181992015 -0.5320302991040443
5.781794850680442 -0.48064531513449477
5.841400983161684 -0.4275531562768257
5.901007115642925 -0.3729423973439069
5.960613248124167 -0.31700700697193585
6.020219380605409 -0.25994565867502567
6.079825513086651 -0.20196102518882594
6.139431645567893 -0.14325905860954363
6.199037778049134 -0.08404825888521071
6.258643910530376 -0.024538933257387412
6.318250043011618 0.03505755071635034
6.377856175492859 0.0945295159059905
6.4374623079741005 0.1536657274522291
6.497068440455342 0.21225614303872234
6.556674572936584 0.2700926589286311
6.616280705417826 0.3269698491156383
6.675886837899068 0.38268569496409427
6.735492970380309 0.4370423027467384
6.795099102861551 0.48984660653140005
6.8547052353427915 0.5409110539201517
6.914311367824035 0.5900542722052786
6.973917500305276 0.6371017125759675
7.033523632786517 0.6818862700876349
7.093129765267759 0.7242488771918156
7.152735897749 0.7640390687185262
7.212342030230243 0.8011155163043588
7.271948162711484 0.8353465303681054
7.331554295192726 0.8666105278509819
7.3911604276739675 0.894796464060105
7.450766560155209 0.9198042270813892
7.510372692636452 0.9415449933609716
7.569978825117692 0.9599415431921938
7.629584957598934 0.9749285349875889
7.689191090080175 0.9864527373616923
7.748797222561417 0.9944732182003665
7.8084033550426595 0.9989614900450902
7.868009487523901 0.9999016112758305
7.927615620005143 0.9972902427331153
7.987221752486384 0.9911366595781897
8.046827884967625 0.9814627183491359
8.106434017448867 0.9683027793299618
8.16604014993011 0.951703584508398
8.22564628241135 0.9317240915558717
8.285252414892593 0.9084352644193335
8.344858547373834 0.8819198212687315
8.404464679855076 0.8522719406953632
8.464070812336317 0.8195969272046674
8.52367694481756 0.7840108371915425
8.5832830772988 0.7456400667266977
8.642889209780042 0.7046209026181213
8.702495342261285 0.661099038342257
8.762101474742526 0.615229056564195
8.821707607223768 0.5671738800848923
8.881313739705009 0.5171041931655865
8.94091987218625 0.4651978352847294
9.000526004667494 0.41163916948075324
9.060132137148734 0.35661842752420825
9.119738269629975 0.3003310342450777
9.179344402111218 0.24297691341520988
9.238950534592458 0.18475977765122556
9.2985566670737 0.12588640486004138
9.358162799554943 0.06656590379699943
9.417768932036184 0.007008971345180687
9.477375064517426 -0.05257285584605634
9.536981196998667 -0.11196795270523383
9.59658732947991 -0.17096535739700072
9.65619346196115 -0.2293555206246423
9.715799594442393 -0.2869310499155079
9.775405726923635 -0.34348744624571986
9.835011859404876 -0.3988238303878354
9.894617991886118 -0.4527436564015728
9.954224124367359 -0.505055409733382
10.013830256848602 -0.5555732874453626
10.073436389329844 -0.6041178581574177
10.133042521811085 -0.6505166993586744
10.192648654292327 -0.6946050098245267
10.252254786773566 -0.7362261949640805
10.311860919254809 -0.7752324230189803
10.371467051736051 -0.8114851501380328
10.431073184217292 -0.8448556124627021
10.490679316698534 -0.8752252834756358
10.550285449179775 -0.9024862949877928
10.609891581661017 -0.926541820268917
10.66949771414226 -0.9473064179605102
10.7291038466235 -0.9647063355498047
10.788709979104743 -0.9786797713268326
10.848316111585984 -0.9891770938941613
10.907922244067226 -0.9961610184496407
10.967528376548469 -0.9996067392160242
11.02713450902971 -0.9995020175471031
11.086740641510952 -0.9958472253974099
11.146346773992192 -0.9886553440010953
11.205952906473435 -0.9779519177646718
11.265559038954677 -0.9637749635373881
11.325165171435916 -0.9461748355814942
11.38477130391716 -0.9252140467219909
11.444377436398403 -0.9009670463111357
11.503983568879642 -0.8735199557963049
11.563589701360884 -0.8429702628304558
11.623195833842125 -0.8094264750116653
11.682801966323368 -0.7730077344815763
11.74240809880461 -0.7338433947516715
11.80201423128585 -0.6920725612603936
11.861620363767093 -0.6478435972929875
11.921226496248334 -0.6013135970189714
11.980832628729576 -0.552647827518892
12.040438761210819 -0.5020191417822324
12.10004489369206 -0.4496073647613793
12.159651026173302 -0.3955986546622961
12.219257158654543 -0.3401848417405145
12.278863291135785 -0.28356274695089373
12.338469423617028 -0.22593348287124237
12.398075556098268 -0.16750173938276908
12.45768168857951 -0.10847505664452639
12.517287821060751 -0.04906308794414313
12.576893953541994 0.010523144956962055
12.636500086023236 0.07007200133893997
12.696106218504475 0.12937197323732672
12.755712350985718 0.18821243668534268
12.815318483466958 0.24638439981633845
12.874924615948201 0.3036812451693275
12.934530748429443 0.3598994635609768
12.994136880910684 0.414839376917514
13.053743013391927 0.4683058474991487
13.113349145873167 0.5201089709979418
13.17295527835441 0.5700647510473896
13.232561410835652 0.6179957527479266
13.292167543316893 0.6637317328871679
13.351773675798135 0.7071102446164346
13.411379808279376 0.7479772144358349
13.470985940760619 0.7861874894385761
13.530592073241861 0.8216053528707455
13.590198205723102 0.8541050061754057
13.649804338204344 0.8835710158088473
13.709410470685583 0.9098987232419707
13.769016603166827 0.9329946166905675
13.82862273564807 0.9527766632541306
13.888228868129309 0.969174600283539
13.947835000610551 0.9821301849426904
14.007441133091792 0.9915974010776869
14.067047265573034 0.9975426226588204
14.126653398054277 0.9999447332148215
14.186259530535517 0.9987952008351721
14.24586566301676 0.9940981084740794
14.305471795498 0.9858701394484795
14.365077927979243 0.9741405181815761
14.424684060460486 0.9589509064023898
14.484290192941726 0.9403552551699935
14.543896325422969 0.9184196132480226
14.60350245790421 0.893221892510088
14.663108590385452 0.8648515912093223
14.722714722866694 0.8334094760949778
14.782320855347935 0.7990072245051308
14.841926987829178 0.7617670277067273
14.901533120310418 0.7218211568918542
14.96113925279166 0.6793114933717211
15.020745385272903 0.6343890246370608
15.080351517754142 0.5872133080748333
15.139957650235385 0.5379519042460289
15.199563782716625 0.48677978173751213
15.259169915197868 0.43387869570171245
15.31877604767911 0.37943654229155493
15.37838218016035 0.3236466912835281
15.437988312641593 0.26670729925931935
15.497594445122834 0.20882060578550582
15.557200577604076 0.15019221509111327
15.616806710085319 0.09103036579446071
15.67641284256656 0.031545191273060595
15.736018975047802 -0.02805202669636117
15.795625107529043 -0.08754960837675697
15.855231240010285 -0.14673622792316682
15.914837372491528 -0.20540166397813328
15.974443504972768 -0.2633375463441722
16.03404963745401 -0.3203380960812206
16.09365576993525 -0.37620085640033574
16.153261902416492 -0.4307274117576817
16.212868034897735 -0.483724092594621
16.272474167378977 -0.5350026632208648
16.33208029986022 -0.5843809903973793
16.39168643234146 -0.6316836902443681
16.4512925648227 -0.6767427511766277
16.510898697303944 -0.7193981306536716
16.570504829785186 -0.7594983236251155
16.63011096226643 -0.7969009006522569
16.689717094747667 -0.8314730137945417
16.74932322722891 -0.8630918684640997
16.808929359710152 -0.8916451595723669
16.86853549219139 -0.9170314704197128
16.928141624672634 -0.9391606329112563
16.987747757153876 -0.9579540478194344
17.04735388963512 -0.9733449639558281
17.10696002211636 -0.985278715260651
17.1665661545976 -0.9937129149678048
17.226172287078843 -0.9986176061558599
17.285778419560085 -0.9999753681502216
17.345384552041327 -0.9977813783985672
17.40499068452257 -0.9920434295997765
17.46459681700381 -0.9827819020255187
17.52420294948505 -0.9700296911328012
17.583809081966294 -0.9538320907245985
17.643415214447536 -0.9342466320735432
17.70302134692878 -0.9113428795800956
17.762627479410018 -0.8852021836909784
17.82223361189126 -0.8559173919554615
17.8818397443725 -0.8235925192458053
17.941445876853745 -0.7883423783131408
18.001052009334988 -0.7502921719910561
18.060658141816226 -0.709577048495243
18.12026427429747 -0.6663416213987619
18.179870406778708 -0.6207394559878948
18.23947653925995 -0.5729325238229155
18.299082671741193 -0.523090627441166
18.358688804222435 -0.47139079724573096
18.418294936703678 -0.4180166627219099
18.477901069184917 -0.36315780021480915
18.53750720166616 -0.3070090595846287
18.5971133341474 -0.24976987213130347
18.656719466628644 -0.1916435422465746
18.716325599109886 -0.13283652530947754
18.775931731591125 -0.07355769439003022
18.835537864072368 -0.014017598365653876
18.89514399655361 0.04557228591456947
18.954750129034853 0.10500030476168078
19.014356261516095 0.164055379406717
19.073962393997334 0.22252775571856082
19.133568526478577 0.280209749216907
19.19317465895982 0.336896482734127
19.25278079144106 0.39238661410604503
19.3123869239223 0.44648305130693
19.371993056403543 0.4989936524886977
19.431599188884785 0.5497319084378463
19.491205321366028 0.598517605026211
19.55081145384727 0.6451774633025726
19.61041758632851 0.6895457549516317
19.67002371880975 0.7314648909343516
19.729629851290994 0.7707859812188746
19.789235983772237 0.8073693636139895
19.84884211625348 0.8410850998267784
19.908448248734718 0.871813436982543
19.96805438121596 0.8994452329677696
20.027660513697203 0.9238823440853593
20.087266646178445 0.9450379736452696
20.146872778659688 0.9628369802524016
20.206478911140923 0.9772161446967534
20.26608504362217 0.9881243944978979
20.325691176103412 0.9955229853062095
20.385297308584654 0.999385638516577
20.444903441065897 0.9996986346057789
20.504509573547132 0.996460861862026
20.564115706028375 0.9896838203335808
20.623721838509617 0.9793915809824373
20.68332797099086 0.9656207001881325
20.742934103472102 0.9484200899053638
20.80254023595334 0.9278508439365901
20.862146368434583 0.9039860209366627
20.921752500915826 0.8769103849202355
20.98135863339707 0.8467201041936078
21.04096476587831 0.8135224097803613
21.10057089835955 0.7774352145540064
21.160177030840792 0.738586694430403
21.219783163322035 0.6971148331075259
21.279389295803277 0.6531669319695446
21.33899542828452 0.6068990868959899
21.39860156076576 0.5584756338342878
21.458207693247 0.5080685651048814
21.517813825728243 0.4558569185121769
21.577419958209486 0.40202614143103443
21.63702609069073 0.3467674321275082
21.696632223171967 0.2902770606533474
21.75623835565321 0.2327556717263123
21.815844488134452 0.17440757207241372
21.875450620615695 0.11544000476125427
21.935056753096937 0.05606241311196601
21.994662885578176 -0.0035143032157841504
22.05426901805942 -0.06307853730349451
22.11387515054066 -0.1224187265675626
22.173481283021903 -0.1813241041955844
22.233087415503146 -0.23958544775618434
22.292693547984385 -0.2969958223234524
22.352299680465627 -0.3533513154765466
22.41190581294687 -0.40845176156380913
22.471511945428112 -0.46210145265899505
22.531118077909355 -0.5141098336843597
22.59072421039059 -0.5642921792316545
22.650330342871833 -0.612470249677103
22.70993647535308 -0.6584729242598565
22.76954260783432 -0.7021368088754398
22.829148740315564 -0.7433068164253525
22.888754872796806 -0.7818367176614985
22.94836100527804 -0.8175896605689665
23.007967137759284 -0.8504386564424014
23.067573270240526 -0.880267030929445
23.12717940272177 -0.9069688384392967
23.18678553520301 -0.9304492384444137
23.24639166768425 -0.9506248323388177
23.305997800165493 -0.9674239596565398
23.365603932646735 -0.9807869525980685
23.425210065127978 -0.9906663479607848
23.48481619760922 -0.9970270557206277
23.54442233009046 -0.9998464836662171
23.6040284625717 -0.9991146176427578
23.663634595052944 -0.9948340571207058
23.723240727534186 -0.9870200059628687
23.78284686001543 -0.9757002184227282
23.842452992496668 -0.9609149005657954
23.90205912497791 -0.9427165674641256
23.961665257459153 -0.9211698566712306
24.021271389940395 -0.8963512986398765
24.080877522421638 -0.8683490448982201
24.140483654902877 -0.837262554949754
24.20008978738412 -0.8032022430091329
24.25969591986536 -0.7662890858286449
24.319302052346604 -0.7266541930082284
24.378908184827846 -0.6844383413152538
24.438514317309085 -0.6397914746680801
24.498120449790328 -0.5928721715593517
24.55772658227157 -0.5438470818107028
24.617332714752813 -0.4928903346593721
24.676938847234055 -0.4401829202791484
24.736544979715294 -0.38591204693237363
24.796151112196537 -0.33027047603627885
24.85575724467778 -0.27345583750543895
24.91536337715902 -0.21566992780207517
24.974969509640264 -0.1571179931874667
25.034575642121503 -0.09800800072023044
25.094181774602745 -0.03854989959074878
25.153787907083988 0.02104512458458095
25.21339403956523 0.08056539986071862
25.273000172046473 0.13979951978869695
25.332606304527708 0.19853709429733443
25.39221243700895 0.2565694969649726
25.451818569490193 0.31369060602694376
25.511424701971436 0.36969753648696996
25.571030834452678 0.4243913607320457
25.630636966933917 0.4775778150913355
25.69024309941516 0.5290679898295146
25.749849231896402 0.5786790001237593
25.809455364377644 0.6262346356412488
25.869061496858887 0.6715659864099359
25.928667629340126 0.7145120427596103
25.988273761821368 0.7549202672023722
26.04787989430261 0.7926471362212512
26.107486026783853 0.8275586500426754
26.167092159265096 0.859530808582122
26.226698291746334 0.8884500518724812
26.286304424227577 0.9142136634108087
26.34591055670882 0.9367301349908215
26.405516689190062 0.9559194917253417
26.465122821671304 0.9717135761042371
26.524728954152543 0.9840562900789389
26.584335086633786 0.9929037943136944
26.643941219115028 0.9982246638958351
26.70354735159627 0.9999999999520184
26.763153484077513 0.9982234967739856
26.822759616558752 0.9929014642154249
26.882365749039995 0.9840528052803839
26.941971881521237 0.9717089489828399
27.00157801400248 0.9559137387158941
27.061184146483722 0.9367232765270882
27.12079027896496 0.9142057238529518
27.180396411446203 0.8884410594205325
27.240002543927446 0.8595207951758235
27.29960867640869 0.8275476512480378
27.35921480888993 0.792635191104225
27.418820941371166 0.7549074181900974
27.478427073852412 0.7144983354897061
27.538033206333655 0.6715514695684208
27.597639338814897 0.6262193607896126
27.65724547129614 0.5786630215158193
27.716851603777375 0.5290513642187236
27.776457736258617 0.4775606015291843
27.83606386873986 0.4243736203583364
27.895670001221102 0.3696793323126612
27.955276133702345 0.313672002710336
28.014882266183584 0.25655056058205916
28.074488398664826 0.19851789210709972
28.13409453114607 0.13978011999422654
28.19370066362731 0.08054587136697064
28.253306796108554 0.021025536753625687
28.312912928589792 -0.03856947718608128
28.372519061071035 -0.09802749854347251
28.432125193552277 -0.15713734198548826
28.49173132603352 -0.21568905885105275
28.551337458514762 -0.2734746828549622
28.610943590996 -0.3302889687506926
28.670549723477244 -0.38593012132853266
28.730155855958486 -0.44020051215970646
28.78976198843973 -0.49290738154079444
28.84936812092097 -0.5438635231452071
28.90897425340221 -0.5928879489499581
28.968580385883453 -0.6398065320760367
29.028186518364695 -0.6844526252590708
29.087792650845937 -0.7266676527536309
29.14739878332718 -0.7663016735687812
29.20700491580842 -0.8032139140343717
29.26661104828966 -0.837273267806492
29.326217180770904 -0.8683587615361144
29.385823313252146 -0.8963599845469894
29.44542944573339 -0.9211774809966163
29.505035578214628 -0.942723103127405
29.56464171069587 -0.9609203243533446
29.624247843177113 -0.9757045110701266
29.683853975658355 -0.9870231522233217
29.743460108139598 -0.9948360458192023
