0.0 0.0
0.09217042920394755 0.0920399807001402
0.1843408584078951 0.18329859945037147
0.2765112876118427 0.2730011275757173
0.3686817168157902 0.3603860466387051
0.46085214601973773 0.4447115132552717
0.5530225752236854 0.5252616568817547
0.6451930044276328 0.6013526571086898
0.7373634336315804 0.6723385488689881
0.8295338628355279 0.737616706277899
0.9217042920394755 0.7966329585503843
1.0138747212434231 0.8488862945649601
1.1060451504473707 0.8939331161351965
1.198215579651318 0.9313910038812593
1.2903860088552657 0.9609419637315929
1.3825564380592132 0.9823351264939757
1.4747268672631608 0.9953888775782743
1.5668972964671084 0.9999923987908812
1.6590677256710558 0.996106609111964
1.7512381548750036 0.9837644964689142
1.843408584078951 0.9630708376894475
1.9355790132828985 0.9342013090117774
2.0277494424868463 0.8974009947030775
2.1199198716907937 0.8529823064471268
2.2120903008947415 0.8013223311642398
2.304260730098689 0.7428596297788354
2.396431159302636 0.678090514111102
2.488601588506584 0.6075648334996319
2.5807720177105313 0.5318813069239609
2.672942446914479 0.45168244025437737
2.7651128761184265 0.3676490717783825
2.857283305322374 0.2804945923088634
2.9494537345263216 0.19095888894166177
3.0416241637302694 0.09980206387624926
3.133794592934217 0.007797981622796922
3.225965022138164 -0.08427230062417773
3.3181354513421115 -0.17562716367355882
3.4103058805460593 -0.2654910617963827
3.502476309750007 -0.3531011066246861
3.5946467389539545 -0.4377135435972666
3.686817168157902 -0.5186100659713754
3.77898759736185 -0.5951039127983224
3.871158026565797 -0.6665456990949924
3.9633284557697444 -0.7323289287167645
4.055498884973693 -0.791895143130971
4.14766931417764 -0.8447386623810382
4.239839743381587 -0.8904108779934841
4.332010172585535 -0.9285240613836636
4.424180601789483 -0.9587546554292868
4.51635103099343 -0.9808460212682987
4.608521460197378 -0.9946106170025287
4.700691889401325 -0.99993158981127
4.792862318605272 -0.996763767958744
4.885032747809221 -0.9851340442739238
4.977203177013168 -0.9651411478472128
5.069373606217115 -0.9369548058821315
5.161544035421063 -0.9008143028173673
5.25371446462501 -0.8570264489513422
5.345884893828958 -0.8059629758144061
5.438055323032906 -0.7480573804003219
5.530225752236853 -0.683801245047538
5.622396181440801 -0.613740064212169
5.714566610644748 -0.5384686135607698
5.806737039848696 -0.45862590069640385
5.898907469052643 -0.3748897403832133
5.991077898256591 -0.28797100032241274
6.083248327460539 -0.1986075663295013
6.175418756664485 -0.10755807814456096
6.267589185868434 -0.01559548905468391
6.359759615072381 0.07649949599665222
6.451930044276328 0.16794504810695227
6.544100473480277 0.2579648516537683
6.636270902684223 0.3457946947294604
6.728441331888171 0.43068895682299113
6.820611761092119 0.5119269386723537
6.912782190296066 0.588818980551182
7.004952619500014 0.6607123170490766
7.097123048703962 0.7269966186422345
7.189293477907909 0.7871091730099103
7.281463907111856 0.8405396621105591
7.373634336315804 0.8868344944632756
7.465804765519751 0.9256006558561632
7.5579751947237 0.9565090457915258
7.650145623927647 0.9792972713435407
7.742316053131594 0.9937718747103185
7.834486482335541 0.9998099755498076
7.926656911539489 0.9973603141571517
8.018827340743437 0.986443686627567
8.110997769947385 0.9671527683104841
8.203168199151332 0.939651327053714
8.29533862835528 0.9041728329167039
8.387509057559226 0.8610184761555577
8.479679486763175 0.8105546103058725
8.571849915967123 0.7532096420700441
8.66402034517107 0.6894703944119358
8.756190774375018 0.6198779737339694
8.848361203578966 0.5450231762217402
8.940531632782912 0.46554147235339766
9.03270206198686 0.3821076121521808
9.124872491190807 0.2954298969801678
9.217042920394755 0.2062441665020887
9.309213349598704 0.11530755186617346
9.40138377880265 0.023392048133586762
9.493554208006598 -0.06872203947747481
9.585724637210545 -0.16025271989571066
9.677895066414493 -0.2504229548125105
9.770065495618441 -0.3384672552518603
9.862235924822388 -0.4236381800936457
9.954406354026336 -0.5052126813819307
10.046576783230282 -0.5824982425504918
10.13874721243423 -0.6548387574559459
10.230917641638179 -0.7216201003091077
10.323088070842125 -0.7822753392193744
10.415258500046074 -0.836289549092386
10.50742892925002 -0.8832041830224573
10.599599358453968 -0.9226209650694172
10.691769787657917 -0.9542052713725785
10.783940216861863 -0.9776889708983203
10.876110646065811 -0.9928727017050943
10.968281075269758 -0.9996275634017894
11.060451504473706 -0.9978962114315453
11.152621933677654 -0.9876933438912231
11.244792362881602 -0.9691055767537439
11.336962792085549 -0.9422907085525771
11.429133221289495 -0.907476380770748
11.521303650493444 -0.8649581453068268
11.613474079697392 -0.8150969554239076
11.70564450890134 -0.7583161014818464
11.797814938105287 -0.695097617466486
11.889985367309233 -0.6259781888221808
11.982155796513181 -0.5515445963275789
12.07432622571713 -0.47242873469330504
12.166496654921078 -0.3893022481705318
12.258667084125024 -0.3028708287107848
12.35083751332897 -0.21386822508202993
12.443007942532919 -0.12305001379992009
12.535178371736867 -0.031187184755098307
12.627348800940815 0.060940404009434915
12.719519230144762 0.15255064680602032
12.811689659348708 0.24286582989114663
12.903860088552657 0.3311192337693858
12.996030517756605 0.4165616421630289
13.088200946960553 0.4984677023903441
13.1803713761645 0.576142083156802
13.272541805368446 0.6489253774834807
13.364712234572394 0.716199700660462
13.456882663776343 0.7773939357020987
13.54905309298029 0.8319885817735188
13.641223522184237 0.8795201644282422
13.733393951388186 0.9195851702167585
13.825564380592132 0.9518434722636812
13.91773480979608 0.97602121773249
14.009905239000028 0.9919131526650647
14.102075668203975 0.9993843644595963
14.194246097407923 0.998371427194311
14.28641652661187 0.9888829400739318
14.378586955815818 0.9709994544278009
14.470757385019766 0.9448727898794054
14.562927814223713 0.9107247454925967
14.65509824342766 0.8688452168360679
14.747268672631607 0.8195897349510417
14.839439101835556 0.763376448114783
14.931609531039502 0.7006825720228974
15.02377996024345 0.6320403385261268
15.1159503894474 0.558032477314364
15.208120818651345 0.47928726890554973
15.300291247855293 0.3964732109364674
15.39246167705924 0.31029334303536105
15.484632106263188 0.22147927845457563
15.576802535467138 0.13078499313100606
15.668972964671083 0.03898042490131422
15.761143393875031 -0.05315506278944014
15.853313823078977 -0.14483929719664412
15.945484252282926 -0.23529393643422764
16.037654681486874 -0.3237510771111262
16.12982511069082 -0.40945977335146
16.22199553989477 -0.49169241185600165
16.314165969098713 -0.569750888884614
16.406336398302663 -0.6429725367210185
16.498506827506613 -0.7107357493077782
16.59067725671056 -0.7724652592935058
16.682847685914506 -0.8276370216933786
16.775018115118453 -0.8757826627037434
16.867188544322403 -0.9164934559031778
16.95935897352635 -0.9494237920845203
17.051529402730296 -0.9742941132611883
17.143699831934246 -0.9908932859398714
17.235870261138192 -0.9990803935120204
17.32804069034214 -0.9987859325478436
17.42021111954609 -0.9900124028370124
17.512381548750035 -0.9728342861670103
17.60455197795398 -0.9473974140192751
17.69672240715793 -0.9139177295510047
17.788892836361878 -0.8726794543726307
17.881063265565825 -0.8240326756838575
17.97323369476977 -0.7683903742519985
18.06540412397372 -0.706224918463197
18.157574553177668 -0.6380640542098689
18.249744982381614 -0.5644864246576813
18.341915411585564 -0.4861166579264899
18.43408584078951 -0.40362006438774123
18.526256269993457 -0.31769698859494
18.618426699197407 -0.22907686379581843
18.710597128401353 -0.13851201949966263
18.8027675576053 -0.04677129466964755
18.894937986809246 0.04536648923974635
18.987108416013196 0.13711913999045292
19.079278845217143 0.22770773488436657
19.17144927442109 0.31636323333057176
19.26361970362504 0.40233300551962237
19.355790132828986 0.4848872217805374
19.447960562032932 0.5633250483788915
19.540130991236882 0.6369805971574833
19.63230142044083 0.705228578510883
19.724471849644775 0.7674896097036561
19.81664227884872 0.823235133467906
19.908812708052672 0.8719919051243571
20.000983137256622 0.9133460101340974
20.093153566460565 0.9469463779744959
20.185323995664515 0.9725077625086753
20.27749442486846 0.9898131635470402
20.369664854072408 0.9987156690433651
20.461835283276358 0.9991397022863037
20.554005712480304 0.9910816634984657
20.64617614168425 0.9746099603962787
20.738346570888197 0.9498644274512009
20.830517000092147 0.9170551387823955
20.922687429296097 0.8764606247586701
21.01485785850004 0.828425507449611
21.10702828770399 0.773357574999441
21.199198716907937 0.7117243197603963
21.291369146111883 0.6440489695746199
21.383539575315833 0.5709060458965864
21.47571000451978 0.49291648646479713
21.567880433723726 0.41074237392818724
21.660050862927672 0.32508131517797106
21.752221292131622 0.23666051910083957
21.844391721335572 0.14623062302972228
21.936562150539515 0.054559320301659824
22.028732579743465 -0.03757515697916736
22.120903008947412 -0.12939064464589026
22.21307343815136 -0.2201076865542436
22.30524386735531 -0.3089561516783843
22.397414296559255 -0.39518177204228344
22.489584725763205 -0.4780525459837661
22.581755154967148 -0.5568649523914015
22.673925584171098 -0.6309499231593717
22.766096013375048 -0.699678523157764
22.85826644257899 -0.762467289499025
22.95043687178294 -0.818783184773469
23.042607300986887 -0.8681481222039326
23.134777730190834 -0.9101430243039343
23.226948159394784 -0.9444113805837789
23.31911858859873 -0.9706622741019418
23.41128901780268 -0.9886728511682117
23.503459447006623 -0.9982902132323217
23.595629876210573 -0.9994327148971511
23.687800305414523 -0.9920906570371468
23.779970734618466 -0.9763263691378471
23.872141163822416 -0.9522736801574719
23.964311593026363 -0.9201367824026637
24.05648202223031 -0.8801884980633297
24.14865245143426 -0.8327679631226512
24.240822880638206 -0.7782777483044099
24.332993309842156 -0.7171804414989669
24.4251637390461 -0.6499947206810156
24.51733416825005 -0.5772909506575025
24.609504597454 -0.49968634102668735
24.70167502665794 -0.4178397064541361
24.79384545586189 -0.3324458737476713
24.886015885065838 -0.24422978321178948
24.978186314269788 -0.1539403343572196
25.070356743473734 -0.06234402821185403
25.16252717267768 0.02978153979426199
25.25469760188163 0.12165428112845135
25.346868031085574 0.2124942535985573
25.439038460289524 0.30153028257505793
25.531208889493474 0.3880065077819659
25.623379318697417 0.47118880007849884
25.715549747901367 0.5503709937569814
25.807720177105313 0.624880881448606
25.899890606309263 0.6940859207441843
25.99206103551321 0.757398604084103
26.084231464717156 0.8142814463305788
26.176401893921106 0.8642515476807671
26.26857232312505 0.9068846931844734
26.360742752329 0.9418189540641434
26.45291318153295 0.9687577602641092
26.545083610736892 0.9874724181451436
26.637254039940842 0.9978040519506212
26.72942446914479 0.9996649525624525
26.82159489834874 0.9930393220967227
26.913765327552685 0.9779834080178572
27.00593575675663 0.9546250256327781
27.09810618596058 0.9231624730187793
27.190276615164525 0.8838628475967094
27.282447044368475 0.8370597786406766
27.374617473572425 0.7831505949739085
27.46678790277637 0.7225929518951965
27.558958331980318 0.6559009459712473
27.651128761184264 0.5836407506779318
27.743299190388214 0.5064258099410895
27.83546961959216 0.4249116303807551
27.927640048796107 0.3397902164693514
28.019810478000057 0.251784195845939
28.111980907204 0.16164068465891201
28.20415133640795 0.07012494501649437
28.2963217656119 -0.021986111610548253
28.388492194815846 -0.11391051988207647
28.480662624019793 -0.2048678989859197
28.57283305322374 -0.2940860775835514
28.66500348242769 -0.38080764906247794
28.757173911631636 -0.4642964014453054
28.849344340835582 -0.5438435673696248
28.941514770039532 -0.6187738410802277
29.033685199243475 -0.6884511113531749
29.125855628447425 -0.7522838616828167
29.218026057651375 -0.8097301918874414
29.31019648685532 -0.8603024185033791
29.402366916059268 -0.9035712149130113
29.494537345263215 -0.9391692560596001
29.586707774467165 -0.9667943368075993
29.67887820367111 -0.9862119374755004
29.77104863287506 -0.9972572147614592
29.863219062079004 -0.999836401159965
29.955389491282954 -0.9939276009894003
30.0475599204869 -0.979580976272701
30.13973034969085 -0.9569183208931112
30.2319007788948 -0.9261320266401862
30.32407120809874 -0.8874834499236667
30.41624163730269 -0.841300693020779
30.50841206650664 -0.7879758186928549
30.600582495710587 -0.7279615218173462
30.692752924914537 -0.6617672862910545
30.78492335411848 -0.5899550598300792
30.87709378332243 -0.5131344833846575
30.969264212526376 -0.43195771566830393
31.061434641730326 -0.3471138967376232
31.153605070934276 -0.2593232976236758
31.245775500138215 -0.16933120568078874
31.337945929342165 -0.07790159756236945
31.430116358546115 0.014189346463655772
31.522286787750062 0.10615983180056825
31.614457216954012 0.19722908647069454
31.706627646157955 0.28662398938181505
31.798798075361905 0.3735856336424034
31.89096850456585 0.4573757692070901
31.9831389337698 0.5372830701584932
32.07530936297375 0.6126291734199476
32.167479792177694 0.6827744376343575
32.25965022138164 0.7471233733197987
32.35182065058559 0.8051296982032929
32.44399107978954 0.856300974816113
32.53616150899349 0.9002027909803108
32.62833193819743 0.9364624476968045
32.72050236740138 0.9647721231270973
32.81267279660533 0.9848914858084061
32.90484322580927 0.9966497349176996
32.99701365501323 0.9999470502639949
33.089184084217166 0.9947554396994359
33.18135451342112 0.9811189767551434
33.273524942625066 0.9591534264844688
33.36569537182901 0.9290452626899889
33.457865801032966 0.89105008487739
33.550036230236906 0.8454904483753222
33.64220665944085 0.7927531260420881
33.734377088644806 0.7332858248056734
33.82654751784875 0.6675933849115593
33.9187179470527 0.5962334941443269
34.010888376256645 0.5198119534067038
34.10305880546059 0.43897753384826604
34.19522923466454 0.3544164692035873
34.28739966386849 0.26684663009643234
34.37957009307244 0.17701142976655554
34.471740522276384 0.08567351295557504
34.56391095148033 -0.006391718470524811
34.65608138068428 -0.09840268819894277
34.74825180988823 -0.18957828056480716
34.84042223909218 -0.27914447173527424
34.93259266829612 -0.36634090068846553
35.02476309750007 -0.45042732420364306
35.11693352670402 -0.5306899010637539
35.20910395590796 -0.606447252121579
35.30127438511192 -0.67705624478309
35.39344481431586 -0.7419174528014709
35.4856152435198 -0.8004802450315929
35.577785672723756 -0.8522474599445224
35.6699561019277 -0.8967796262183495
35.76212653113165 -0.9336986935752674
35.8542969603356 -0.9626912421922904
35.94646738953954 -0.9835111434397902
36.03863781874349 -0.9959816493598534
36.13080824794744 -0.9999968931460324
36.22297867715139 -0.9955227878864186
36.315149106355335 -0.9825973159402347
36.40731953555928 -0.9613302064913262
36.49948996476323 -0.9319020040159252
36.59166039396718 -0.8945625355728085
36.68383082317113 -0.8496287899276178
36.776001252375075 -0.797482226516206
36.86817168157902 -0.7385655370922899
36.96034211078297 -0.6733788875509539
37.052512539986914 -0.6024756718325943
37.14468296919087 -0.5264578139539974
37.236853398394814 -0.4459706580494097
37.32902382759875 -0.36169748980187816
37.42119425680271 -0.2743537357745568
37.51336468600665 -0.18468088988608652
37.6055351152106 -0.09344021859028116
37.69770554441455 -0.0014062981994316136
37.78987597361849 0.0906395607847727
37.88204640282244 0.18191594650948384
37.97421683202639 0.27164797946920866
38.06638726123034 0.3590738907488449
38.158557690434286 0.44345148896602005
38.25072811963823 0.5240644610123426
38.34289854884218 0.6002284531043056
38.43506897804613 0.6712968805194801
38.52723940725008 0.7366664166969448
38.619409836454025 0.7957821151029955
38.71158026565797 0.8481421203805861
38.80375069486192 0.8933019287878675
38.895921124065865 0.930878161757328
38.98809155326982 0.960551820540383
39.080261982473765 0.9820709943075031
39.172432411677704 0.9952529987138302
39.26460284088166 0.9999859267751593
39.356773270085604 0.996229598888335
39.44894369928955 0.9840159039309936
39.541114128493504 0.9634485285449044
39.63328455769744 0.9347020769011508
39.7254549869014 0.8980205884197509
39.817625416105344 0.8537154660274333
39.90979584530929 0.8021628325412592
40.001966274513244 0.7438003376208313
40.09413670371718 0.6791234423960519
40.18630713292113 0.6086812133115375
40.27847756212508 0.5330716608954801
40.37064799132903 0.4529366630237683
40.462818420532976 0.36895651577769384
40.55498884973692 0.28184415815514297
40.64715927894087 0.19233911966378564
40.739329708144815 0.10120124217744973
40.83150013734877 0.00920422935318658
40.923670566552715 -0.08287092162951008
41.015840995756655 -0.1742425502469991
41.10801142496061 -0.26413496844113554
41.200181854164555 -0.3517850457263431
41.2923522833685 -0.4364486876908714
41.384522712572455 -0.517407152893577
41.476693141776394 -0.5939731545298245
41.56886357098035 -0.6654966950672592
41.661034000184294 -0.7313705843187995
41.75320442938824 -0.7910355941081509
41.845374858592194 -0.8439852057677152
41.937545287796134 -0.8897699101657044
42.02971571700008 -0.9280010237579541
42.121886146204034 -0.9583539882684136
42.21405657540798 -0.980571125986207
42.30622700461193 -0.9944638272884698
42.39839743381587 -0.9999141518182346
42.49056786301982 -0.9968758297244019
42.582738292223766 -0.9853746544638762
42.67490872142772 -0.9655082638312253
42.767079150631666 -0.9374453110747942
42.859249579835605 -0.9014240331359569
42.95142000903956 -0.8577502281662726
43.043590438243506 -0.8067946594922036
43.13576086744745 -0.7489899080660136
43.227931296651406 -0.6848267001236745
43.320101725855345 -0.6148497412256427
43.4122721550593 -0.5396530920468048
43.504442584263245 -0.4598751251724611
43.59661301346719 -0.37619310571372977
43.688783442671145 -0.2893174417497801
43.780953871875084 -0.1999856534069747
43.87312430107903 -0.10895611177356833
43.965294730282984 -0.017001600802892043
44.05746515948693 0.07509724313975161
44.14963558869088 0.16655855839229666
44.241806017894824 0.25660589551306195
44.33397644709877 0.3444748088515643
44.42614687630272 0.42941934621463407
44.51831730550667 0.5107183815346356
44.61048773471062 0.5876817367793562
44.70265816391456 0.659656041132467
44.79482859311851 0.7260302777036461
44.886999022322456 0.7862409706803558
44.97916945152641 0.8397769688855594
45.071339880730356 0.8861837851319445
45.163510309934296 0.925067454534302
45.25568073913825 0.9560978790253356
45.347851168342196 0.9790116296820586
45.44002159754614 0.9936141830728445
45.532192026750096 0.9997815726398536
45.624362455954035 0.997461441097683
45.71653288515798 0.986673484914021
45.808703314361935 0.9675092870989342
45.90087374356588 0.9401315397223213
45.99304417276983 0.9047726627598436
