0.0 0.0
0.11383909869641738 0.11359337803103617
0.22767819739283476 0.22571624990525282
0.3415172960892522 0.33491714568426795
0.4553563947856695 0.43978242143604357
0.5691954934820869 0.538954559351862
0.6830345921785044 0.6311497412909305
0.7968736908749217 0.7151744682569124
0.910712789571339 0.7899410106614269
1.0245518882677564 0.8544814893654279
1.1383909869641737 0.9079604052144459
1.2522300856605912 0.9496854548684522
1.3660691843570087 0.9791164929116372
1.4799082830534258 0.995872524224441
1.5937473817498433 0.9997366360991301
1.7075864804462606 0.9906588062509477
1.821425579142678 0.9687565503741506
1.9352646778390956 0.9343134008600924
2.049103776535513 0.88777523637088
2.16294287523193 0.829744509783562
2.2767819739283475 0.7609724492261375
2.3906210726247648 0.6823493331657124
2.5044601713211825 0.5948929654412006
2.6182992700175998 0.49973549943531836
2.7321383687140175 0.3981087819515888
2.8459774674104343 0.29132840652501957
2.9598165661068516 0.1807766826019345
3.0736556648032693 0.06788474105891945
3.1874947634996866 -0.04588599228878966
3.3013338621961044 -0.15906271535753735
3.415172960892521 -0.2701803157352609
3.5290120595889385 -0.37780033707601335
3.642851158285356 -0.48052960042234355
3.7566902569817735 -0.577038239395992
3.8705293556781912 -0.6660769157850237
3.984368454374608 -0.7464929926655727
4.098207553071026 -0.8172454556914712
4.212046651767443 -0.8774183893904156
4.32588575046386 -0.9262328340113023
4.439724849160278 -0.9630568694316642
4.553563947856695 -0.9874137955855012
4.667403046553113 -0.9989883035129847
4.7812421452495295 -0.9976305571456346
4.895081243945947 -0.9833581329868281
5.008920342642365 -0.9563557925777927
5.122759441338782 -0.916973090694593
5.2365985400351995 -0.8657198502388382
5.350437638731616 -0.8032595624012441
5.464276737428035 -0.7304007975352391
5.578115836124452 -0.6480867379298889
5.691954934820869 -0.5573829679840417
5.805794033517286 -0.4594636798422043
5.919633132213703 -0.35559647306501985
6.033472230910122 -0.24712594510794458
6.147311329606539 -0.13545628503516108
6.2611504283029555 -0.022033095799175114
6.374989526999373 0.09167531959689325
6.48882862569579 0.20419696579714727
6.602667724392209 0.3140752105895628
6.716506823088626 0.4198876415213293
6.830345921785042 0.5202644795274163
6.94418502048146 0.6139063112014402
7.058024119177877 0.6996009101583818
7.171863217874296 0.7762389297307115
7.285702316570712 0.8428282638504416
7.399541415267129 0.8985068902104735
7.513380513963547 0.9425540294459811
7.627219612659964 0.9743994758763264
7.7410587113563825 0.993630979017774
7.854897810052799 0.9999995803107261
7.968736908749216 0.9934228359756782
8.082576007445635 0.9739858842768855
8.196415106142052 0.9419403433776459
8.310254204838468 0.8977010540548401
8.424093303534885 0.8418407094394422
8.537932402231302 0.7750824413028883
8.65177150092772 0.6982904588624308
8.765610599624138 0.6124588612894362
8.879449698320556 0.5186987687466125
8.993288797016973 0.4182239385474439
9.10712789571339 0.31233505264165407
9.220966994409807 0.20240287983075425
9.334806093106225 0.08985053068468112
9.448645191802642 -0.023864965124122884
9.562484290499059 -0.137271520581336
9.676323389195478 -0.24890104801394472
9.790162487891894 -0.3573084640005541
9.904001586588313 -0.4610903964836022
10.01784068528473 -0.5589033519133013
10.131679783981147 -0.649481107243299
10.245518882677564 -0.7316511016325289
10.35935798137398 -0.8043496156569401
10.473197080070399 -0.8666355415308724
10.587036178766816 -0.9177025660777249
10.700875277463233 -0.9568896087370978
10.81471437615965 -0.983689379484722
10.92855347485607 -0.9977549458799149
11.042392573552487 -0.9989042242278174
11.156231672248904 -0.9871223367167501
11.27007077094532 -0.962561804016705
11.383909869641737 -0.92554057084573
11.497748968338156 -0.8765378900639348
11.611588067034573 -0.8161881185769723
11.72542716573099 -0.7452725053631933
11.839266264427406 -0.6647090779313582
11.953105363123825 -0.5755407581322499
12.066944461820244 -0.4789218611691909
12.18078356051666 -0.37610315258249866
12.294622659213077 -0.2684156566504677
12.408461757909494 -0.15725342581282084
12.522300856605911 -0.044055494172478164
12.63613995530233 0.06971275130609596
12.749979053998747 0.18257854074558094
12.863818152695163 0.2930807868789047
12.97765725139158 0.39978899933683965
13.091496350087997 0.5013218028480232
13.205335448784417 0.596364819626796
13.319174547480834 0.6836876844550519
13.433013646177251 0.762159972191938
13.546852744873668 0.8307658315241382
13.660691843570085 0.888617135517754
13.774530942266503 0.9349649787332507
13.88837004096292 0.9692093720692808
14.002209139659337 0.9909070098322385
14.116048238355754 0.9997770084840871
14.229887337052173 0.9957045427783676
14.343726435748591 0.9787423322133244
14.457565534445008 0.9491099585594934
14.571404633141425 0.9071910232965948
14.685243731837842 0.8535281817577113
14.799082830534259 0.7888161182654957
14.912921929230677 0.713892553199737
15.026761027927094 0.6297273984129572
15.14060012662351 0.5374102013809757
15.254439225319928 0.43813604062834144
15.368278324016345 0.33319005501728566
15.482117422712765 0.2239308071739854
15.595956521409182 0.11177269641844254
15.709795620105599 -0.001832351131274448
15.823634718802015 -0.11541367825233001
15.937473817498432 -0.22750093479116495
16.051312916194853 -0.3366431118624203
16.16515201489127 -0.44142732566833714
16.278991113587686 -0.5404971077755479
16.392830212284103 -0.6325699650751356
16.50666931098052 -0.7164539821061653
16.620508409676937 -0.7910632508197613
16.734347508373354 -0.8554319280400197
16.84818660706977 -0.9087267386429906
16.962025705766187 -0.9502577625956875
17.075864804462604 -0.9794873662131192
17.189703903159025 -0.9960371620150834
17.30354300185544 -0.9996929070849345
17.41738210055186 -0.9904072765193546
17.531221199248275 -0.9683004760658378
17.645060297944692 -0.933658686017091
17.758899396641112 -0.8869303565066761
17.87273849533753 -0.8287204021646033
17.986577594033946 -0.7597823712850759
18.100416692730363 -0.6810086908792851
18.21425579142678 -0.5934191138944528
18.3280948901232 -0.4981475181539314
18.441933988819613 -0.39642722791073504
18.555773087516034 -0.2895750480320788
18.66961218621245 -0.1789742174981373
18.783451284908868 -0.06605650288781022
18.897290383605284 0.04771633634226321
19.0111294823017 0.1608714708470401
19.124968580998118 0.27194406768599855
19.23880767969454 0.3794962530998019
19.352646778390955 0.4821357262908813
19.466485877087372 0.578533783246063
19.58032497578379 0.6674425172764613
19.694164074480206 0.7477109736076616
19.808003173176626 0.8183000488933319
19.92184227187304 0.87829594277282
20.03568137056946 0.9269219873376433
20.149520469265873 0.9635487013701952
20.263359567962294 0.987701939199117
20.377198666658714 0.9990690286814501
20.491037765355127 0.9975028188533043
20.604876864051548 0.9830235848507398
20.71871596274796 0.9558187654410165
20.83255506144438 0.9162405365619416
20.946394160140798 0.8648012522807315
21.060233258837215 0.802166812190733
21.174072357533632 0.7291480411074223
21.28791145623005 0.6466901926565172
21.401750554926465 0.5558607126339516
21.515589653622886 0.45783542054530474
21.6294287523193 0.35388328820953313
21.74326785101572 0.24535001247325264
21.85710694971214 0.13364059469267878
21.970946048408553 0.020201152497811046
22.084785147104974 -0.09349980070798522
22.198624245801387 -0.20599036616947372
22.312463344497807 -0.3158143140257162
22.426302443194224 -0.42154993471679547
22.54014154189064 -0.5218284435132136
22.65398064058706 -0.6153516999147277
22.767819739283475 -0.7009090125348416
22.881658837979895 -0.7773928119258605
22.995497936676312 -0.8438129884541793
23.10933703537273 -0.899309709617106
23.223176134069146 -0.9431645508764507
23.337015232765562 -0.9748097959163857
23.45085433146198 -0.993835785930457
23.5646934301584 -0.9999962227986487
23.678532528854813 -0.9932113575030129
23.792371627551233 -0.9735690225067025
23.90621072624765 -0.9413234947319042
24.020049824944067 -0.8968922038558105
24.133888923640487 -0.8408503285369049
24.2477280223369 -0.7739233505253147
24.36156712103332 -0.6969776630468449
24.475406219729734 -0.6110093550385461
24.589245318426155 -0.5171313164276972
24.70308441712257 -0.41655883138104444
24.81692351581899 -0.3105938460245938
24.93076261451541 -0.2006081142939573
25.044601713211822 -0.08802544009810222
25.158440811908243 0.02569675432213106
25.27227991060466 0.1390862952365319
25.386119009301076 0.2506753152313185
25.499958107997493 0.35901925526810247
25.61379720669391 0.4627155650077731
25.727636305390327 0.5604218593170176
25.841475404086747 0.6508732959151335
25.95531450278316 0.7328989492013763
26.06915360147958 0.8054369682979557
26.182992700175994 0.8675483230823862
26.296831798872415 0.918428960262115
26.410670897568835 0.9574202121266379
26.524509996265248 0.9840173232322582
26.63834909496167 0.997875984638508
26.752188193658082 0.9988167911082458
26.866027292354502 0.9868275635714406
26.97986639105092 0.9620635067875072
27.093705489747336 0.9248452001652087
27.207544588443756 0.8756544477496657
27.32138368714017 0.8151280410998588
27.43522278583659 0.7440495157983245
27.549061884533007 0.6633390083079971
27.662900983229424 0.5740413444826504
27.77674008192584 0.47731251392943314
27.890579180622257 0.3744047053175789
28.004418279318674 0.26665009635648895
28.118257378015095 0.15544360828760462
28.232096476711508 0.04222484813925172
28.34593557540793 -0.07154052749176931
28.459774674104345 -0.18437978587931494
28.573613772800762 -0.2948321832100962
28.687452871497182 -0.40146787442513754
28.801291970193596 -0.5029064230660155
28.915131068890016 -0.5978346715094656
29.02897016758643 -0.6850237402537673
29.14280926628285 -0.7633449361953528
29.256648364979267 -0.8317843639572311
29.370487463675683 -0.8894560511206117
29.484326562372104 -0.9356134174488839
29.598165661068517 -0.9696589396308726
29.712004759764937 -0.9911518864298801
29.825843858461354 -0.9998140241042546
29.93968295715777 -0.9955332182408634
30.053522055854188 -0.9783648853744321
30.167361154550605 -0.9485312756010492
30.28120025324702 -0.9064185954726489
30.395039351943442 -0.8525720084176119
30.508878450639855 -0.7876885774088096
30.622717549336276 -0.7126082412386864
30.73655664803269 -0.6283029412167537
30.85039574672911 -0.53586403904809
30.96423484542553 -0.43648818877296947
31.078073944121943 -0.3314618456601983
31.191913042818364 -0.22214461259201387
31.305752141514777 -0.10995163952751731
31.419591240211197 0.0036646961104052607
31.533430338907614 0.11723359097064313
31.64726943760403 0.2292848558396214
31.76110853630045 0.33836794775678264
31.874947634996865 0.44307074780242706
31.988786733693285 0.5420378414729045
32.102625832389705 0.6339880649971544
32.216464931086115 0.7177310904515084
32.33030402978254 0.792182834972565
32.44414312847895 0.8563794945903751
32.55798222717537 0.9094900210092569
32.67182132587179 0.9508268798196711
32.785660424568206 0.9798549508725606
32.89949952326462 0.9961984555975213
33.01333862196104 0.999645821588321
33.12717772065746 0.9901524214819732
33.241016819353874 0.9678411506756172
33.35485591805029 0.9330008364024588
33.46869501674671 0.8860824987618406
33.582534115443124 0.8276935121057201
33.69637321413954 0.7585897423644582
33.810212312835965 0.6796657620969906
33.924051411532375 0.5919432699350288
34.0378905102288 0.49655786433553545
34.15172960892521 0.394744342860118
34.26556870762163 0.2878207172870097
34.37940780631805 0.17717115148599155
34.493246905014466 0.06422804293110121
34.60708600371088 -0.04954652018749484
34.7209251024073 -0.1626796862084116
34.83476420110372 -0.2737069065808631
34.94860329980013 -0.3811908949597981
35.06244239849655 -0.4837402333822122
35.176281497192974 -0.5800273846611571
35.290120595889384 -0.6688058778206437
35.40395969458581 -0.7489264441000755
35.517798793282225 -0.8193518946417413
35.63163789197864 -0.8791705472647539
35.74547699067506 -0.9276080285109105
35.859316089371475 -0.9640372981809682
35.97315518806789 -0.9879867665901512
36.08699428676431 -0.9991463994621775
36.200833385460726 -0.9973717314318068
36.31467248415714 -0.982685736199709
36.42851158285356 -0.955278529129844
36.542350681549976 -0.9155049061393336
36.6561897802464 -0.8638797507407551
36.77002887894282 -0.8010713686943296
36.88386797763923 -0.727892836555225
36.997707076335644 -0.6452914761121035
37.11154617503207 -0.5543365909740177
37.225385273728484 -0.45620562405980686
37.3392243724249 -0.35216891518612786
37.45306347112131 -0.24357325607259092
37.566902569817735 -0.13182445565010364
37.68074166851415 -0.01836914137080414
37.79458076721057 0.09532396789223002
37.90841986590699 0.20778307492637632
38.0222589646034 0.3175523571110476
38.13609806329982 0.42321081255266735
38.249937161996236 0.5233906554529711
38.36377626069266 0.6167950225763817
38.47761535938908 0.7022147615998422
38.59145445808549 0.7785440840141542
38.70529355678191 0.8447948799444277
38.81913265547833 0.9001095095792595
38.932971754174744 0.9437719056192208
39.04681085287116 0.9752168430194086
39.16064995156758 0.9940372560260856
39.274489050263995 0.9999895077857668
39.38832814896041 0.9929965443098197
39.50216724765683 0.9731488919653972
39.61600634635325 0.9407034855798327
39.72984544504966 0.8960803423291122
39.84368454374608 0.8398571244680553
39.9575236424425 0.7727616612896518
40.07136274113892 0.6956625271193568
40.18520183983534 0.6095577973155019
40.299040938531746 0.5155621278334187
40.41288003722817 0.41489232561275075
40.52671913592459 0.30885159658450667
40.640558234621004 0.19881267521271806
40.75439733331743 0.08620005396491218
40.86823643201384 -0.027528457242934713
40.982075530710254 -0.14090060290761047
41.09591462940667 -0.25244874080293717
41.209753728103095 -0.36072884112366266
41.32359282679951 -0.4643391799581988
41.43743192549592 -0.5619384850967817
41.55127102419234 -0.6522632992710924
41.66511012288876 -0.7341443360521211
41.77894922158518 -0.8065216166734868
41.892788320281596 -0.8684581918287085
42.006627418978006 -0.9191522708088818
42.12046651767443 -0.9579476009649013
42.23430561637085 -0.9843419631283606
42.348144715067264 -0.9979936730150247
42.46198381376369 -0.9987260044478271
42.5758229124601 -0.9865294771392782
42.689662011156514 -0.9615619794171114
42.80350110985293 -0.9241467243044561
42.917340208549355 -0.8747680654137797
43.03117930724577 -0.814065226819351
43.14501840594218 -0.7428240280771774
43.2588575046386 -0.661966711514976
43.37269660333502 -0.5725400034814951
43.48653570203144 -0.4757015641064711
43.600374800727856 -0.37270500098381
43.71421389942428 -0.264883640781207
43.82805299812069 -0.15363326885838244
43.94189209681711 -0.0403940603355264
44.05573119551352 0.07336806347915326
44.16957029420995 0.18618041195543467
44.283409392906364 0.2965825896382596
44.397248491602774 0.4031454015796229
44.5110875902992 0.5044893547689129
44.624926688995615 0.5993025161541629
44.73876578769203 0.6863574960760415
44.85260488638845 0.7645273372578497
44.966443985084865 0.8328001036631043
45.08028308378128 0.8902919803627819
45.1941221824777 0.9362587148298481
45.30796128117412 0.9701052515494994
45.42180037987054 0.9913934352216961
45.53563947856695 0.9998476828353521
45.649478577263366 0.9953585511871529
45.76331767595979 0.9779841536622413
45.87715677465621 0.9479494079360532
45.990995873352624 0.905643124336042
46.104834972049034 0.851612972555501
46.21867407074546 0.7865583918770983
46.332513169441874 0.7113215366858552
46.44635226813829 0.6268763744849457
46.560191366834715 0.5343160775444601
46.674030465531125 0.43483887140262345
46.78786956422754 0.32973252341549386
46.90170866292396 0.2203576721565131
47.01554776162038 0.10813021347246893
47.1293868603168 -0.005497028785273012
47.24322595901321 -0.11905311007558997
47.357065057709626 -0.23106800706107866
47.47090415640605 -0.340091647576197
47.58474325510247 -0.4447126823205121
47.698582353798884 -0.543576755270898
47.8124214524953 -0.6354040362956893
47.92626055119172 -0.7190057890050405
48.040099649888134 -0.7932997593608123
48.15393874858455 -0.8573241858350316
48.267777847280975 -0.9102502497505118
48.381616945977385 -0.9513928046295801
48.4954560446738 -0.9802192456557882
48.60929514337022 -0.9963564044302089
48.72313424206664 -0.9995953797673797
48.83697334076306 -0.9898942419944825
48.95081243945947 -0.9673785757456813
49.06465153815589 -0.9323398542249342
49.17849063685231 -0.8852316659830621
49.292329735548726 -0.8266638430547033
49.40616883424514 -0.7573945664685452
49.52000793294156 -0.6783205513277389
49.63384703163798 -0.590465438518087
49.747686130334394 -0.49496654331741624
49.86152522903082 -0.393060132450033
49.975364327727235 -0.28606542017999725
50.089203426423644 -0.17536749061931878
50.20304252512006 -0.0623993673278754
50.316881623816485 0.05137653767962029
50.4307207225129 0.1644873553705462
50.54455982120932 0.2754688265011008
50.65839891990573 0.3828842569662235
50.77223801860215 0.4853431163091918
50.88607711729857 0.581519038626479
50.999916215994986 0.6701669928400767
51.11375531469141 0.7501394000618529
51.22759441338782 0.8204009894051123
51.34143351208424 0.8800421999297149
51.45527261078065 0.9282909552277105
51.56911170947708 0.9645226582235111
51.682950808173494 0.9882682768022926
51.796789906869904 0.9992204155953937
51.91062900556632 0.9972372953212703
52.024468104262745 0.9823445881680645
52.13830720295916 0.9547350854581255
52.25214630165558 0.9147662018966534
52.36598540035199 0.8629553487128722
52.47982449904841 0.7999732355900063
52.59366359774483 0.7266351880930073
52.707502696441246 0.6438905929928505
52.82134179513767 0.5528106081215035
52.93518089383408 0.45457429585777676
53.049019992530496 0.3504533597508469
53.16285909122691 0.24179568187142664
53.27669818992334 0.13000787400513375
53.390537288619754 0.01653706856915379
53.504376387316164 -0.09714781502496704
53.61821548601259 -0.2095750860487922
53.732054584709005 -0.31928933401006415
53.84589368340542 -0.4248702694525349
53.95973278210184 -0.5249511101015503
54.073571880798255 -0.6182362743404263
54.18741097949467 -0.7035181529693053
54.30125007819109 -0.7796927421301927
54.41508917688751 -0.8457739350244752
54.52892827558393 -0.9009062874115968
54.64276737428034 -0.9443760916350883
54.756606472976756 -0.9756206158187279
54.87044557167318 -0.9942353886282214
54.9842846703696 -0.9999794352946262
55.098123769066014 -0.9927783971173365
55.21196286776242 -0.9727254940635628
55.32580196645885 -0.940080318003124
55.439641065155264 -0.8952654722005762
55.55348016385168 -0.8388611005675777
55.667319262548105 -0.7715973774962894
55.781158361244515 -0.6943450554955544
55.89499745994093 -0.608104192993938
56.00883655863735 -0.5139912082323338
56.12267565733377 -0.4132244268378751
56.23651475603019 -0.30710831017101525
56.3503538547266 -0.1970165686152405
56.464192953423016 -0.08437437841389613
56.57803205211944 0.029360067736579013
56.69187115081586 0.14271443750302157
56.80571024951227 0.2542213187745108
