0.0 0.0
0.1456910356126048 0.14517617897619642
0.2913820712252096 0.2872763128686867
0.4370731068378144 0.4232895329431062
0.5827641424504192 0.550333942183846
0.728455178063024 0.6657176779643154
0.8741462136756288 0.7669959482002333
1.0198372492882337 0.8520228324834276
1.1655282849008384 0.9189967506150899
1.3112193205134433 0.9664986351348541
1.456910356126048 0.9935219990324252
1.6026013917386528 0.999494261556274
1.7482924273512577 0.9842888802604933
1.8939834629638623 0.9482280322316454
2.0396744985764674 0.8920757876848003
2.1853655341890716 0.8170219205690697
2.3310565698016767 0.7246566992093432
2.476747605414282 0.6169371911291823
2.6224386410268865 0.4961457960003929
2.768129676639491 0.36484188533805506
2.913820712252096 0.22580757361654477
3.059511747864701 0.08198876982763598
3.2052027834773056 -0.06356724149852795
3.3508938190899107 -0.20777636725382764
3.4965848547025153 -0.34758305262594086
3.64227589031512 -0.4800250232924487
3.7879669259277247 -0.6022960511543747
3.9336579615403298 -0.711805413706231
4.079348997152935 -0.8062327871960563
4.2250400327655395 -0.8835774104794322
4.370731068378143 -0.9422004778660606
4.516422103990749 -0.9808598627240246
4.6621131396033535 -0.998736436105516
4.807804175215958 -0.9954514227455334
4.953495210828564 -0.971074426688398
5.0991862464411675 -0.9261219564922356
5.244877282053773 -0.8615464812599133
5.390568317666378 -0.7787162493811971
5.536259353278982 -0.6793862975938597
5.681950388891587 -0.5656612646341935
5.827641424504192 -0.4399507973946632
5.973332460116797 -0.3049184944590684
6.119023495729402 -0.1634254688179561
6.264714531342006 -0.01846972557775249
6.410405566954611 0.12687736084947918
6.556096602567216 0.2695361241315014
6.701787638179821 0.40648385909356954
6.847478673792425 0.534818867882593
6.993169709405031 0.6518219421846713
7.138860745017635 0.7550139787886311
7.28455178063024 0.8422085077163284
7.4302428162428455 0.9115580199347693
7.575933851855449 0.9615931130418415
7.721624887468055 0.991253625492793
7.8673159230806595 0.9999110996842587
8.013006958693264 0.9873820979399496
8.15869799430587 0.9539320892540977
8.304389029918473 0.9002698244389492
8.450080065531079 0.827532318857693
8.595771101143683 0.7372607609340938
8.741462136756287 0.6313678568979717
8.887153172368894 0.5120973036778198
9.032844207981498 0.3819762486434882
9.178535243594103 0.24376174349896199
9.324226279206707 0.10038232687947321
9.46991731481931 -0.04512402657818104
9.615608350431916 -0.1896742759346567
9.761299386044522 -0.33020563852810497
9.906990421657127 -0.463740485314556
10.052681457269731 -0.5874494319428175
10.198372492882335 -0.6987112887675244
10.34406352849494 -0.7951685995578883
10.489754564107546 -0.8747775921280255
10.635445599720152 -0.9358514825169508
10.781136635332755 -0.9770962151736875
10.92682767094536 -0.9976378818716098
11.072518706557965 -0.9970412383901929
11.218209742170568 -0.9753189266260663
11.363900777783174 -0.9329312067319628
11.50959181339578 -0.8707762049590986
11.655282849008383 -0.790170883835208
11.800973884620987 -0.69282313788894
11.946664920233594 -0.5807956061664468
12.092355955846198 -0.4564619682935846
12.238046991458804 -0.32245665009843805
12.383738027071407 -0.18161900444958415
12.529429062684011 -0.0369331500265047
12.675120098296619 0.10853525726004382
12.820811133909222 0.25170398048782683
12.966502169521826 0.38953950926739545
13.112193205134432 0.5191213348510183
13.257884240747035 0.6377038309222046
13.403575276359643 0.7427744289134032
13.549266311972247 0.8321068552122838
13.69495734758485 0.9038083022475928
13.840648383197456 0.9563595339765931
13.986339418810061 0.9886470760046369
14.132030454422667 0.9999868082810327
14.27772149003527 0.9901384604806814
14.423412525647874 0.959310702938121
14.56910356126048 0.908156725265443
14.714794596873086 0.8377603963359139
14.860485632485691 0.7496132988805421
15.006176668098295 0.645583125296819
15.151867703710899 0.5278741043105998
15.297558739323502 0.3989802969852483
15.44324977493611 0.26163275165898975
15.588940810548714 0.11874163751068217
15.734631846161319 -0.026665417151227777
15.880322881773923 -0.17150747536598154
16.02601391738653 -0.3127155715207156
16.171704952999132 -0.44729773769741515
16.31739598861174 -0.5724023985650505
16.463087024224343 -0.6853787915830633
16.608778059836947 -0.7838331323112775
16.75446909544955 -0.8656793347753803
16.900160131062158 -0.9291832122066817
17.045851166674762 -0.972999221614955
17.191542202287366 -0.9961989736371647
17.33723323789997 -0.9982909035851202
17.482924273512573 -0.979230686894852
17.62861530912518 -0.9394221782914106
17.774306344737788 -0.8797088547697334
17.91999738035039 -0.8013559437007721
18.065688415962995 -0.7060236147389929
18.2113794515756 -0.5957318035507639
18.357070487188206 -0.4728174126911098
18.50276152280081 -0.33988479647206543
18.648452558413414 -0.19975057896700185
18.794143594026018 -0.05538397436694773
18.93983462963862 0.09015612579738547
19.08552566525123 0.2337859655492993
19.231216700863833 0.3724622641966093
19.37690773647644 0.5032466984573011
19.522598772089044 0.6233681607097876
19.668289807701647 0.7302814742176743
19.813980843314255 0.821721321249653
19.95967187892686 0.8957502414461675
20.105362914539462 0.9507996834262125
20.251053950152066 0.985703239818016
20.39674498576467 0.9997213615178616
20.542436021377277 0.9925570275224294
20.68812705698988 0.9643620383166205
20.833818092602485 0.9157337994702974
20.979509128215092 0.8477026635942472
21.125200163827696 0.76171009885857
21.270891199440303 0.6595781466467441
21.416582235052907 0.5434708154876253
21.56227327066551 0.4158482292645712
21.707964306278114 0.27941450122597933
21.85365534189072 0.1370604382614125
21.999346377503326 -0.008197710554279116
22.14503741311593 -0.15328216333094782
22.290728448728533 -0.29511881851259025
22.436419484341137 -0.43070239004651084
22.582110519953744 -0.5571600844648763
22.727801555566348 -0.6718124706657214
22.873492591178955 -0.7722302526626479
23.01918362679156 -0.8562857423817077
23.164874662404163 -0.9221979418814215
23.310565698016767 -0.9685702797775774
23.456256733629374 -0.9944202022999131
23.601947769241974 -0.9991999919947118
23.74763880485458 -0.9828083729591671
23.89332984046719 -0.9455926567116271
24.03902087607979 -0.8883413832302591
24.184711911692396 -0.8122676130844307
24.330402947305 -0.7189832246711835
24.476093982917607 -0.6104647611561251
24.62178501853021 -0.48901155076611547
24.767476054142815 -0.35719698779596776
24.913167089755422 -0.2178140066047766
25.058858125368022 -0.07381590391842745
25.20454916098063 0.07174623668343846
25.350240196593237 0.21578819222339626
25.495931232205837 0.3552579499517528
25.641622267818445 0.48720037449017317
25.78731330343105 0.6088198223026635
25.933004339043652 0.7175393767961268
26.07869537465626 0.8110554489557503
26.224386410268863 0.8873865866173887
26.37007744588147 0.9449154581885376
26.51576848149407 0.9824231212516734
26.661459517106678 0.9991148499545263
26.807150552719285 0.9946369739471986
26.952841588331886 0.9690843720767243
27.098532623944493 0.922998462059932
27.244223659557093 0.8573557287301852
27.3899146951697 0.7735470339255832
27.535605730782308 0.6733481464082192
27.68129676639491 0.5588821162370945
27.826987802007515 0.43257429082004145
27.972678837620123 0.2971009257807251
28.118369873232727 0.15533247949215157
28.264060908845334 0.010272792772456312
28.409751944457934 -0.13500455757446395
28.55544298007054 -0.27742138280953427
28.70113401568315 -0.41396010402833777
28.84682505129575 -0.5417276897080489
28.992516086908356 -0.6580169542996547
29.13820712252096 -0.7603639190487979
29.283898158133564 -0.846600019663674
29.42958919374617 -0.9148980546350215
29.575280229358775 -0.9638109006387351
29.720971264971382 -0.9923021747052362
29.866662300583982 -0.9997681934744926
30.01235333619659 -0.986050764256134
30.158044371809197 -0.9514405368730562
30.303735407421797 -0.8966708452684644
30.449426443034405 -0.8229021693625754
30.595117478647005 -0.7316975463867937
30.740808514259612 -0.6249894526887758
30.88649954987222 -0.50503885772871
31.032190585484823 -0.3743873178453643
31.177881621097427 -0.23580312484646185
31.32357265671003 -0.09222265044642529
31.469263692322638 0.053311870633398165
31.614954727935245 0.1977168006279518
31.760645763547846 0.33793243595427735
31.906336799160453 0.4709878373112859
32.05202783477306 0.5940637790099383
32.197718870385664 0.7045524837409433
32.343409905998264 0.8001128770980809
32.48910094161087 0.8787201911045737
32.63479197722348 0.9387088657250291
32.78048301283608 0.978807839350402
32.92617404844869 0.998167480508427
33.071865084061294 0.9963775901607576
33.217556119673894 0.9734760931477044
33.3632471552865 0.929948234623073
33.5089381908991 0.8667162985053669
33.65462922651171 0.7851200657944641
33.800320262124316 0.6868884268100421
33.946011297736916 0.5741027488417911
34.091702333349524 0.44915277539082665
34.237393368962124 0.3146859914251046
34.38308440457473 0.17355152751587036
34.52877544018734 0.028739791434646812
34.67446647579994 -0.11668089368196054
34.820157511412546 -0.25962930206623525
34.965848547025146 -0.39707659143883783
35.111539582637754 -0.5261104792082095
35.25723061825036 -0.6439969489612958
35.40292165386297 -0.7482381797864515
35.548612689475576 -0.8366254710010957
35.694303725088176 -0.9072860408959931
35.83999476070078 -0.95872270790755
35.98568579631339 -0.9898456134391324
36.13137683192599 -0.9999953141769253
36.2770678675386 -0.9889567546119905
36.4227589031512 -0.9569638237137202
36.568449938763806 -0.9046943992062464
36.71414097437641 -0.8332559844514729
36.85983200998901 -0.7441622422695992
37.00552304560162 -0.639300922906974
37.15121408121422 -0.5208938657050962
37.29690511682683 -0.39144992196966116
37.442596152439435 -0.25371179652698206
37.588287188052036 -0.11059793430787188
37.73397822366464 0.034859316713009764
37.87966925927724 0.17957795599638998
38.02536029488985 0.32049163297411365
38.17105133050246 0.4546146179875541
38.31674236611506 0.579105065001274
38.462433401727665 0.6913252256587336
38.60812443734027 0.7888973388429344
38.75381547295288 0.8697540115340043
38.89950650856548 0.9321820234759028
39.04519754417809 0.9748586275032701
39.190888579790695 0.9968795763839916
39.336579615403295 0.9977782823347222
39.4822706510159 0.9775357032506145
39.62796168662851 0.936580746176283
39.77365272224111 0.8757811794691182
39.91934375785372 0.7964252462112777
40.06503479346632 0.7001943684520486
40.210725829078925 0.5891275206328176
40.35641686469153 0.4655780270634478
40.50210790030413 0.3321636988405635
40.64779893591674 0.1917113667246809
40.79348997152934 0.04719698523360623
40.93918100714195 -0.09831742295205727
41.084872042754554 -0.24174864622648318
41.230563078367155 -0.3800576122548323
41.37625411397976 -0.5103137809307157
41.52194514959236 -0.629757237713709
41.66763618520497 -0.7358571716911158
41.81332722081758 -0.8263654993095927
41.959018256430184 -0.899364497577884
42.104709292042784 -0.9533074374711419
42.25040032765539 -0.9870513565816994
42.396091363268 -0.9998812766175428
42.541782398880606 -0.9915253526194722
42.68747343449321 -0.9621606329098474
42.833164470105814 -0.9124093077290634
42.978855505718414 -0.8433255260450163
43.12454654133102 -0.7563730598656947
43.27023757694363 -0.6533942893115405
43.41592861255623 -0.5365711656029535
43.561619648168836 -0.4083789790932103
43.70731068378144 -0.2715339119264165
43.853001719394044 -0.1289354865934826
43.99869275500665 0.016394870193000417
44.14438379061925 0.16137784657443457
44.29007482623186 0.30294149111317886
44.43576586184446 0.43808630240419694
44.581456897457066 0.5639487835894651
44.72714793306967 0.6778621151590315
44.872838968682274 0.7774126604817703
45.01853000429488 0.8604911068062481
45.16422103990749 0.9253371581377547
45.30991207552009 0.9705768330228385
45.455603111132696 0.9952515769624108
45.6012941467453 0.9988385726091449
45.74698518235791 0.9812618174094382
45.89267621797051 0.9428937339728485
46.03836725358312 0.8845472790479145
46.184058289195725 0.807458718302251
46.329749324808326 0.7132614318810351
46.47544036042093 0.6039513057611295
46.62113139603353 0.4818444422013429
46.76682243164614 0.3495280853348861
46.91251346725875 0.20980580171037683
47.058204502871355 0.06563807731565643
47.20389553848395 -0.07992041026385477
47.349586574096556 -0.22378551545231842
47.49527760970916 -0.36290897266887456
47.64096864532177 -0.4943429840749441
47.78665968093438 -0.6153026785748101
47.93235071654698 -0.7232251186657944
48.07804175215958 -0.8158236048796808
48.223732787772185 -0.8911361271933023
48.36942382338479 -0.9475669368024213
48.5151148589974 -0.9839203574212187
48.66080589461 -0.9994261197013827
48.80649693022261 -0.9937556819760422
48.952187965835215 -0.9670291915187399
49.09787900144782 -0.9198129388198004
49.24357003706042 -0.8531073588197932
49.38926107267302 -0.7683258333342581
49.53495210828563 -0.6672647438115651
49.68064314389824 -0.552065408956843
49.826334179510845 -0.4251687137012494
49.97202521512345 -0.28926339085434244
50.117716250736045 -0.14722905126648966
50.26340728634865 -0.0020751695986428475
50.40909832196126 0.14312268150886534
50.55478935757387 0.2852879977754174
50.700480393186474 0.4214085293590681
50.84617142879907 0.5486001054893513
50.991862464411675 0.6641677453147257
51.13755350002428 0.7656627601258641
51.28324453563689 0.8509346370525961
51.4289355712495 0.9181766049038856
51.5746266068621 0.9659639166855177
51.720317642474704 0.9932840376517416
51.866008678087304 0.9995580992555444
52.01169971369991 0.9846531644235905
52.15739074931252 0.9488850442747289
52.30308178492512 0.8930116066004504
52.44877282053773 0.8182167178895894
52.594463856150334 0.7260851591394709
52.74015489176294 0.6185690469462615
52.88584592737555 0.4979464713565752
53.03153696298814 0.36677322687640607
53.17722799860075 0.22782865937805075
53.322919034213356 0.08405677632042492
53.468610069825964 -0.061496131939655294
53.61430110543857 -0.20574603804294958
53.759992141051164 -0.34563652310844567
53.90568317666377 -0.4782035372357147
54.05137421227638 -0.6006382028599553
54.197065247888986 -0.7103463302599295
54.34275628350159 -0.8050033841826008
54.48844731911419 -0.8826037369319429
54.634138354726794 -0.9415031643297908
54.7798293903394 -0.9804536841289246
54.92552042595201 -0.9986299987097152
55.071211461564616 -0.9956469817828469
55.216902497177216 -0.9715678385836238
55.36259353278982 -0.9269027666567108
55.50828456840243 -0.8625981456071034
55.65397560401503 -0.7800164848687516
55.79966663962764 -0.6809075543647157
55.945357675240245 -0.5673713097528644
56.091048710852846 -0.4418133978102694
56.23673974646545 -0.30689418472423063
56.38243078207806 -0.16547238729690136
56.52812181769067 -0.020544501425701262
56.673812853303275 0.12481868872925524
56.81950388891587 0.26753717562414575
56.965194924528475 0.4045869886388662
57.11088596014108 0.5330642670538288
57.25657699575369 0.6502467880951368
57.4022680313663 0.7536516463695816
57.54795906697889 0.8410878625569284
57.6936501025915 0.9107028066676345
57.839341138204105 0.9610214522332002
57.98503217381671 0.9909776296974195
58.13072320942932 0.9999366168003098
58.27641424504192 0.9877085873015948
58.42210528065452 0.9545526330873426
58.56779631626713 0.9011712744379128
58.713487351879735 0.8286955747756469
58.85917838749234 0.7386611752863543
59.00486942310494 0.6329757572016764
59.15056045871755 0.5138786211631502
59.29625149433016 0.3838932401150222
59.441942529942764 0.24577379105207547
59.587633565555365 0.10244679852710865
59.733324601167965 -0.043050873603652125
59.87901563678057 -0.18763636834394404
60.02470667239318 -0.32824615624004694
60.17039770800579 -0.4619009465444773
60.316088743618394 -0.5857688134996553
60.46177977923099 -0.6972252001991711
60.607470814843595 -0.793908528643319
60.7531618504562 -0.8737702377028835
60.89885288606881 -0.9351181887690279
61.04454392168142 -0.9766525193945979
61.19023495729401 -0.9974931852470664
61.33592599290662 -0.9971986068043096
61.481617028519224 -0.9757750257002964
61.62730806413183 -0.9336763724751135
61.77299909974444 -0.871794648531451
61.91869013535704 -0.7914410260881344
62.06438117096965 -0.6943180665916535
62.21007220658225 -0.5824836462320444
62.355763242194854 -0.45830735292214997
62.50145427780746 -0.3244202786168847
62.64714531342006 -0.18365927079077185
62.79283634903267 -0.039006824293534886
62.938527384645276 0.10647211282320511
63.08421842025788 0.249695080527392
63.22990945587049 0.3876274190781015
63.375600491483084 0.517346568487346
63.52129152709569 0.6361039927720655
63.6669825627083 0.7413834169228014
63.812673598320906 0.830954142643469
63.95836463393351 0.9029183131889734
64.10405566954611 0.9557511258363687
64.24974670515871 0.9883331399532598
64.39543774077133 0.9999739961084488
64.54112877638393 0.9904270436558097
64.68681981199653 0.959894566856877
64.83251084760913 0.9090234988091674
64.97820188322174 0.838891713995075
65.12389291883434 0.7509851898897768
65.26958395444696 0.6471665215360979
65.41527499005956 0.5296354562110451
65.56096602567216 0.4008822843894338
65.70665706128476 0.26363507457386814
65.85234809689737 0.12080186999830538
65.99803913250997 -0.02459092803762604
66.14373016812259 -0.1694626846477167
66.28942120373517 -0.31074380495877846
66.43511223934779 -0.44544077379077174
66.58080327496039 -0.57069958333268
66.726494310573 -0.6838662048864346
66.8721853461856 -0.7825428233812153
67.0178763817982 -0.8646386431414748
67.16356741741082 -0.9284141884174967
67.30925845302342 -0.9725181600230628
67.45494948863602 -0.9960160671485591
67.60064052424863 -0.9984100276882529
67.74633155986123 -0.9796493175453901
67.89202259547383 -0.9401314453925983
68.03771363108645 -0.8806937301151821
68.18340466669905 -0.8025955593975183
68.32909570231166 -0.7074917053638939
68.47478673792425 -0.597397262671773
68.62047777353686 -0.4746449519614735
68.76616880914946 -0.3418356933325719
68.91185984476208 -0.2017834971134387
69.05755088037468 -0.057455839598629606
69.20324191598728 0.0880892129060045
69.34893295159988 0.2317677994917948
69.49462398721249 0.37053560660113216
69.64031502282509 0.5014523720377699
69.7860060584377 0.6217441842996121
69.93169709405029 0.7288622572129737
70.0773881296629 0.8205369345306738
70.22307916527551 0.8948257802245957
70.36877020088812 0.9501547355188409
70.51446123650072 0.9853514706130161
70.66015227211332 0.9996702244276418
70.80584330772594 0.992807606058045
70.95153434333854 0.964909023129955
71.09722537895115 0.9165656008504319
71.24291641456375 0.8488016570344408
71.38860745017635 0.7630529984906268
71.53429848578895 0.6611364986303733
71.67998952140157 0.5452116009006203
71.82568055701417 0.4177345637196477
71.97137159262678 0.2814064163903873
72.11706262823937 0.13911572872040787
72.26275366385198 -0.0061225930340227915
72.40844469946458 -0.15123118708562577
72.5541357350772 -0.2931354403644078
72.6998267706898 -0.42882863452485614
