0.0 0.0
0.08245981443499269 0.08236639695322084
0.16491962886998537 0.16417305090218448
0.2473794433049781 0.24486402272677102
0.32983925773997075 0.3238909552248172
0.4122990721749634 0.4007167996209735
0.4947588866099562 0.4748194652261047
0.5772187010449489 0.5456953674449921
0.6596785154799415 0.6128628500208986
0.7421383299149342 0.6758654582602093
0.8245981443499268 0.7342750409930733
0.9070579587849196 0.787694660189837
0.9895177732199124 0.8357612884601867
1.071977587654905 0.8781482761034214
1.1544374020898978 0.9145675709443527
1.2368972165248904 0.9447716758693362
1.319357030959883 0.9685553307594764
1.4018168453948758 0.9857569073909727
1.4842766598298684 0.996259507823186
1.566736474264861 0.9999917588100368
1.6491962886998537 0.9969282968360951
1.7316561031348465 0.987089940481172
1.8141159175698391 0.9705435489420611
1.896575732004832 0.9474015676728832
1.9790355464398248 0.9178212642317595
2.061495360874817 0.8820036595268209
2.14395517530981 0.8401921617245576
2.2264149897448027 0.7926709121041571
2.3088748041797955 0.7397628540990161
2.3913346186147884 0.6818275386477779
2.4737944330497807 0.6192586807692229
2.556254247484773 0.5524814839659608
2.638714061919766 0.48194975063966417
2.721173876354759 0.40814279815479176
2.8036336907897517 0.3315622015085163
2.886093505224744 0.2527283847429259
2.968553319659737 0.17217708426346792
3.0510131340947293 0.09045570809811367
3.133472948529722 0.008119615838866877
3.215932762964715 -0.07427165545371366
3.2983925773997074 -0.1561581937351068
3.3808523918347007 -0.23698351700972678
3.463312206269693 -0.31619835505399396
3.5457720207046854 -0.39326438212988013
3.6282318351396783 -0.4676578753222493
3.7106916495746707 -0.5388732736387903
3.793151464009664 -0.6064266136857226
3.8756112784446564 -0.6698588185712028
3.9580710928796496 -0.7287388176858257
4.040530907314642 -0.7826664761588876
4.122990721749634 -0.8312753140825287
4.205450536184627 -0.8742349970245135
4.28791035061962 -0.9112535809047141
4.370370165054613 -0.9420794959796323
4.452829979489605 -0.9665032564522524
4.535289793924598 -0.9843588840891214
4.617749608359591 -0.9955250361700763
4.700209422794583 -0.999925830105335
4.782669237229577 -0.9975313591160466
4.865129051664569 -0.9883578954738503
4.9475888660995615 -0.9724677799182766
5.030048680534554 -0.9499689980034843
5.112508494969546 -0.9210144462533834
5.19496830940454 -0.8858008931121814
5.277428123839532 -0.8445676417514992
5.359887938274524 -0.7975949038213015
5.442347752709518 -0.7452018951962623
5.52480756714451 -0.6877446666584331
5.607267381579503 -0.6256136842583834
5.689727196014496 -0.5592311757981365
5.772187010449488 -0.4890482614685724
5.854646824884481 -0.41554188814083554
5.937106639319474 -0.3392115881455926
6.019566453754466 -0.26057608456671705
6.102026268189459 -0.1801697661190572
6.184486082624451 -0.0985390555661912
6.266945897059444 -0.016238696357567146
6.349405711494437 0.06617201727981133
6.43186552592943 0.14813304117574191
6.514325340364422 0.229087387147608
6.596785154799415 0.30848490816339086
6.679244969234407 0.3857860370137929
6.761704783669401 0.460465453086336
6.844164598104394 0.5320156523228712
6.926624412539386 0.5999503960999163
7.0090842269743785 0.6638080155939968
7.091544041409371 0.7231545491763115
7.174003855844364 0.7775866915157015
7.256463670279357 0.8267345343485019
7.338923484714349 0.8702640802896436
7.421383299149341 0.9078795126017151
7.503843113584334 0.9393252054971666
7.586302928019328 0.964387461312105
7.66876274245432 0.9828959627462436
7.751222556889313 0.9947249302999296
7.833682371324305 0.9997939770425613
7.916142185759299 0.9980686549035982
7.998602000194292 0.9895606887736884
8.081061814629283 0.9743278968250219
8.163521629064276 0.9524737975923886
8.245981443499268 0.9241469064851342
8.328441257934262 0.8895397265107483
8.410901072369255 0.8488874400689034
8.493360886804247 0.8024663107061981
8.57582070123924 0.7505918056929227
8.658280515674232 0.693616452180374
8.740740330109226 0.6319274415077789
8.823200144544218 0.5659439979394129
8.90565995897921 0.49611452971334763
8.988119773414203 0.4229135817626671
9.070579587849195 0.34683861081773737
9.15303940228419 0.26840660480519496
9.235499216719182 0.18815056951744547
9.317959031154174 0.1066159064284312
9.400418845589167 0.024356706271227012
9.48287866002416 -0.05806801643456953
9.565338474459153 -0.1400981223163637
9.647798288894146 -0.22117615372632154
9.730258103329138 -0.30075112309476343
9.81271791776413 -0.37828225731438364
9.895177732199123 -0.4532426727093525
9.977637546634115 -0.5251229556150493
10.060097361069108 -0.5934346242356351
10.1425571755041 -0.6577134482534813
10.225016989939093 -0.7175226036311556
10.307476804374085 -0.7724556411666588
10.38993661880908 -0.8221392486282991
10.472396433244072 -0.8662357876983668
10.554856247679064 -0.9044455884851422
10.637316062114056 -0.9365089860102407
10.719775876549049 -0.9622080848318163
10.802235690984043 -0.9813682398116431
10.884695505419035 -0.9938592429631243
10.967155319854028 -0.9995962083146892
11.04961513428902 -0.9985401487752426
11.132074948724012 -0.9906982410814287
11.214534763159007 -0.9761237770261874
11.296994577593999 -0.9549158013000418
11.379454392028991 -0.927218438406264
11.461914206463984 -0.8932199132240475
11.544374020898976 -0.853151271875716
11.62683383533397 -0.8072848115906541
11.709293649768963 -0.7559322302362498
11.791753464203955 -0.6994425080911951
11.874213278638948 -0.6381995362561423
11.95667309307394 -0.5726195078184747
12.039132907508932 -0.5031480895002394
12.121592721943925 -0.43025739301006827
12.204052536378917 -0.3544427666810807
12.28651235081391 -0.2762194291980532
12.368972165248902 -0.19611896829027115
12.451431979683896 -0.11468572818413332
12.533891794118889 -0.03247311036555864
12.616351608553881 0.0499601872086683
12.698811422988873 0.13205396689312626
12.781271237423866 0.21325033832753268
12.86373105185886 0.2929975097307423
12.946190866293852 0.3707535377502022
13.028650680728845 0.44599001038377883
13.111110495163837 0.5181956379456366
13.19357030959883 0.5868797276728188
13.276030124033824 0.6515755183598999
13.358489938468814 0.7118433523602927
13.440949752903808 0.7672736633980536
13.523409567338803 0.8174897598856529
13.605869381773793 0.8621503848329838
13.688329196208787 0.9009520349510304
13.770789010643778 0.9336310231900867
13.853248825078772 0.9599652706960401
13.935708639513765 0.9797758160069441
14.018168453948757 0.9929280312337757
14.10062826838375 0.9993325369604621
14.183088082818742 0.9989458096457432
14.265547897253734 0.9917704773991026
14.348007711688728 0.9778553021207426
14.430467526123719 0.9572948481269776
14.512927340558713 0.930228839512984
14.595387154993704 0.8968412106201368
14.677846969428698 0.8573588560607119
14.760306783863692 0.8120500887945311
14.842766598298683 0.7612228167360725
14.925226412733677 0.7052224502834137
15.007686227168668 0.6444295549889841
15.090146041603662 0.5792572653239747
15.172605856038656 0.5101484771119373
15.255065670473646 0.43757283771108585
15.33752548490864 0.3620235543993428
15.419985299343631 0.28401404265164953
15.502445113778625 0.20407443708698814
15.58490492821362 0.12274798879601391
15.66736474264861 0.04058737353214244
15.749824557083604 -0.041849064145194376
15.832284371518599 -0.12400110525115648
15.91474418595359 -0.20531046349429766
15.997204000388583 -0.2852245792612295
16.079663814823572 -0.3632003746840681
16.162123629258566 -0.4387079442721885
16.24458344369356 -0.5112341560274795
16.32704325812855 -0.5802861385708687
16.409503072563545 -0.6453946305823521
16.491962886998536 -0.7061171697924884
16.57442270143353 -0.7620410998537807
16.656882515868524 -0.8127863746578582
16.739342330303515 -0.8580081410410337
16.82180214473851 -0.8973990823267358
16.9042619591735 -0.9306915067786297
16.986721773608494 -0.9576591667718245
17.069181588043488 -0.978118796319451
17.15164140247848 -0.9919313565059726
17.234101216913473 -0.999002980363534
17.316561031348463 -0.9992856107701839
17.399020845783458 -0.9927773270349758
17.481480660218452 -0.9795223579505395
17.563940474653442 -0.9596107812244254
17.646400289088437 -0.9331779113318117
17.728860103523427 -0.9004033799495995
17.81131991795842 -0.8615099152210288
17.893779732393416 -0.8167618281466844
17.976239546828406 -0.7664632163879967
18.0586993612634 -0.710955897689785
18.14115917569839 -0.6506170869658499
18.223618990133385 -0.5858568328335502
18.30607880456838 -0.5171152310181522
18.38853861900337 -0.44485943356395
18.470998433438364 -0.36958047417689166
18.553458247873355 -0.29178993127298003
18.63591806230835 -0.21201645140952438
18.718377876743343 -0.1308021567252951
18.800837691178334 -0.04869896080370768
18.883297505613328 0.0337351820043903
18.96575732004832 0.11594006830955643
19.048217134483313 0.1973570526965903
19.130676948918307 0.27743284414968433
19.213136763353297 0.3556232660903492
19.29559657778829 0.43139695447572757
19.378056392223282 0.504238968825843
19.460516206658276 0.5736542916401592
19.542976021093267 0.639171192422123
19.62543583552826 0.700344433450656
19.707895649963252 0.7567582955128209
19.790355464398246 0.8080294030355675
19.872815278833237 0.853809329417535
19.95527509326823 0.8937869648557542
20.03773490770322 0.927690630575976
20.120194722138216 0.9552899250988677
20.202654536573206 0.9763972899952243
20.2851143510082 0.9908692844897307
20.367574165443195 0.9986075602513236
20.450033979878185 0.999559529745732
20.53249379431318 0.9937187236082095
20.61495360874817 0.9811248346078422
20.697413423183164 0.9618634479046593
20.77987323761816 0.9360654594326611
20.86233305205315 0.9039061863612927
20.944792866488143 0.8656041756804596
21.027252680923134 0.8214197190056854
21.109712495358128 0.7716530836964175
21.192172309793122 0.7166424723084351
21.274632124228113 0.6567617242474131
21.357091938663107 0.592417775242681
21.439551753098097 0.5240478919060417
21.52201156753309 0.4521167001688786
21.604471381968086 0.3771130277916904
21.686931196403076 0.29954658240355864
21.76939101083807 0.2199444876468494
21.85185082527306 0.138847700966747
21.934310639708055 0.05680733738940872
22.01677045414305 -0.025619075728402503
22.09923026857804 -0.10787138752643712
22.181690083013034 -0.18939063029680206
22.264149897448025 -0.2696228180993384
22.34660971188302 -0.3480227115221091
22.429069526318013 -0.42405752300244925
22.511529340753004 -0.4972105375281608
22.593989155187998 -0.5669846241133657
22.67644896962299 -0.6329056141858102
22.758908784057983 -0.6945255239269565
22.841368598492977 -0.7514255986664944
22.923828412927968 -0.8032191586423426
23.006288227362962 -0.8495542267869824
23.088748041797952 -0.8901159206822741
23.171207856232947 -0.9246285924276386
23.25366767066794 -0.9528577018794927
23.33612748510293 -0.9746114105318843
23.418587299537926 -0.9897418852066596
23.501047113972916 -0.9981463026935815
23.58350692840791 -0.9997675485131156
23.6659667428429 -0.994594605053235
23.748426557277895 -0.9826626264425671
23.830886371712886 -0.9640526996510582
23.91334618614788 -0.9388912934416564
23.99580600058287 -0.907349398917823
24.078265815017865 -0.8696413675074897
24.160725629452855 -0.8260234542802875
24.24318544388785 -0.7767920764972845
24.32564525832284 -0.722281799227777
24.408105072757834 -0.6628630617223571
24.49056488719283 -0.5989396599933663
24.57302470162782 -0.5309460027104795
24.655484516062813 -0.4593441590597401
24.737944330497804 -0.3846207186281451
24.820404144932798 -0.30728348465320726
24.902863959367792 -0.22785802310949393
24.985323773802783 -0.14688409108367897
25.067783588237777 -0.06491196871007267
25.150243402672768 0.01750128040601297
25.232703217107762 0.09979559486385343
25.315163031542756 0.18141172151517307
25.397622845977747 0.26179501601934496
25.48008266041274 0.3403992120781985
25.56254247484773 0.41669013373555164
25.645002289282726 0.49014932551362317
25.72746210371772 0.5602775757166557
25.80992191815271 0.6265983089582756
25.892381732587705 0.6886608248577221
25.974841547022695 0.7460433608954873
26.05730136145769 0.7983559586139795
26.139761175892684 0.8452431136850891
26.222220990327674 0.8863861918354775
26.30468080476267 0.9215055942114875
26.38714061919766 0.9503626574683441
26.469600433632653 0.9727612756711186
26.552060248067647 0.9885492329853455
26.63452006250264 0.997619238100672
26.71697987693763 0.9999096533578138
26.799439691372623 0.9954049136238476
26.881899505807617 0.984135632069257
26.96435932024261 0.9661783921279
27.046819134677605 0.9416552270536852
27.129278949112592 0.9107327906107756
27.211738763547586 0.873621224533098
27.29419857798258 0.8305727304496857
27.376658392417575 0.7818798559806647
27.45911820685257 0.7278735066512174
27.541578021287556 0.66892069713409
27.62403783572255 0.6054220571026484
27.706497650157544 0.5378091086442073
27.78895746459254 0.46654133373560125
27.87141727902753 0.39210305170983456
27.95387709346252 0.3150001279337784
28.036336907897514 0.23575653606401561
28.118796722332508 0.15491079724293366
28.2012565367675 0.07301232043345096
28.283716351202493 -0.009382331237373684
28.366176165637484 -0.09171322275274296
28.448635980072478 -0.17342085239515942
28.53109579450747 -0.25394995399080544
28.613555608942463 -0.33275327037020314
28.696015423377457 -0.4092952724014788
28.778475237812447 -0.48305579832262846
28.860935052247438 -0.5535335886406836
28.943394866682432 -0.6202496925754102
29.025854681117426 -0.682750722898152
29.10831449555242 -0.7406119370466978
29.190774309987408 -0.7934401235775966
29.2732341244224 -0.8408762743403
29.355693938857396 -0.8825980242135826
29.43815375329239 -0.9183218418244479
29.520613567727384 -0.9478049563618283
29.60307338216237 -0.9708470073909273
29.685533196597365 -0.9872914064564523
29.76799301103236 -0.9970264012215665
29.850452825467354 -0.9999858349109609
29.932912639902348 -0.9961495958970121
30.015372454337335 -0.9855437543737586
30.09783226877233 -0.9682403851898809
30.180292083207323 -0.9443570780446865
30.262751897642318 -0.9140561383756789
30.34521171207731 -0.8775434843683018
30.4276715265123 -0.8350672475835291
30.510131340947293 -0.7869160867130889
30.592591155382287 -0.7334172259217053
30.67505096981728 -0.6749342311072618
30.757510784252275 -0.6118645391909578
30.839970598687263 -0.5446367572278205
30.922430413122257 -0.4737077496921573
31.00489022755725 -0.399559533732175
31.087350041992245 -0.3226960034927799
31.16980985642724 -0.2436395057673913
31.252269670862226 -0.16292729024982028
31.33472948529722 -0.08110785850944562
31.417189299732215 0.0012627634986875302
31.49964911416721 0.08362480405782488
31.582108928602203 0.16541854976875692
31.664568743037197 0.24608814923276712
31.747028557472184 0.32508539048931034
31.82948837190718 0.4018734265378681
31.911948186342173 0.47593042362609345
31.994408000777167 0.5467531075114579
32.07686781521216 0.6138601835967233
32.159327629647144 0.6767956076968217
32.24178744408214 0.7351316852098091
32.32424725851713 0.7884719776305081
32.40670707295213 0.836453996655057
32.48916688738712 0.8787516675676339
32.57162670182211 0.9150775451689206
32.6540865162571 0.9451847671872512
32.7365463306921 0.9688687318975822
32.81900614512709 0.9859684885475389
32.90146595956209 0.996367831141556
32.98392577399707 0.9999960881499644
33.06638558843207 0.996828602776387
33.14884540286706 0.9868869005196255
33.23130521730206 0.9702385428913441
33.31376503173705 0.9469966682836514
33.39622484617204 0.9173192231067168
33.47868466060703 0.8814078884214646
33.56114447504203 0.839506709361673
33.64360428947702 0.7919004366596434
33.726064103912016 0.7389125915459835
33.808523918347 0.6809032671741073
33.890983732782 0.6182666815103006
33.97344354721699 0.5514284983195703
34.055903361651986 0.48084293445297727
34.138363176086976 0.4069896730949071
34.22082299052197 0.33037060394692985
34.30328280495696 0.25150641250136646
34.385742619391955 0.1709330415829655
34.468202433826946 0.0891980492053153
34.550662248261936 0.006856887493046541
34.63312206269693 -0.07553087204245092
34.715581877131925 -0.15740534122175323
34.798041691566915 -0.23821012006808867
34.880501506001906 -0.3173960779730747
34.962961320436904 -0.3944250854614429
35.045421134871894 -0.4687736711946076
35.127880949306885 -0.5399365793609832
35.210340763741875 -0.6074302032777209
35.29280057817687 -0.670795871870009
35.375260392611864 -0.7296029666937062
35.457720207046854 -0.7834518483188339
35.540180021481845 -0.8319765721867891
35.62263983591684 -0.8748473754850293
35.70509965035183 -0.9117729181389447
35.78755946478683 -0.9425022626917208
35.870019279221815 -0.9668265796172927
35.95247909365681 -0.9845805664775866
36.0349389080918 -0.9956435712796687
36.1173987225268 -0.9999404123988362
36.19985853696179 -0.9974418894955587
36.28231835139678 -0.9881649819542437
36.36477816583177 -0.9721727334952613
36.44723798026677 -0.9495738237443836
36.52969779470176 -0.9205218296711651
36.61215760913676 -0.8852141819153247
36.69461742357174 -0.8438908230937543
36.77707723800674 -0.7968325772058907
36.85953705244173 -0.7443592412187455
36.94199686687673 -0.6868274118005542
37.02445668131172 -0.624628061972245
37.10691649574671 -0.5581838841450826
37.1893763101817 -0.4879464176007173
37.2718361246167 -0.4143929799345364
37.35429593905169 -0.338023423315588
37.436755753486686 -0.25935673760667854
37.51921556792167 -0.1789275234292284
37.60167538235667 -0.09728235914087802
37.68413519679166 -0.014976086415344321
37.766595011226656 0.06743196033349022
37.849054825661646 0.14938175505896578
37.93151464009664 0.23031638588932274
38.01397445453163 0.3096858397720883
38.096434268966625 0.3869507402357229
38.178894083401616 0.4615860128674803
38.261353897836614 0.5330844535978523
38.3438137122716 0.6009601755421868
38.426273526706595 0.6647519109757721
38.508733341141586 0.7240261460026435
38.59119315557658 0.778380066615931
38.673652970011574 0.8274442961287403
38.756112784446564 0.8708854053728117
38.838572598881555 0.9084081786060951
38.92103241331655 0.9397576197307353
39.00349222775154 0.9647206851876303
39.085952042186534 0.9831277317512545
39.168411856621525 0.9948536693858145
39.25087167105652 0.9998188113282365
39.33333148549151 0.9979894156209951
39.415791299926504 0.9893779144146652
39.4982511143615 0.9740428294818937
39.58071092879649 0.9520883745169606
39.66317074323148 0.9236637469235816
39.74563055766647 0.8889621139038258
39.82809037210147 0.8482192997384358
39.91055018653646 0.8017121831795114
39.99301000097145 0.7497568158464595
40.07546981540644 0.69270627441222
40.15792962984144 0.6309482611757604
40.24038944427643 0.5649024693268466
40.32284925871143 0.49501773080805
40.40530907314641 0.4217689661566131
40.48776888758141 0.345653957054128
40.5702287020164 0.2671899635173206
40.6526885164514 0.1869102087184045
40.73514833088639 0.1053602553236553
40.81760814532138 0.023094297975526194
40.90006795975637 -0.059328602886076894
40.98252777419137 -0.14134832026939678
41.06498758862636 -0.22240746712442447
41.147447403061356 -0.3019551842165647
