0.0 0.0
0.0935557302708907 0.09341931284040615
0.1871114605417814 0.18602155305309587
0.28066719081267216 0.27699679436648256
0.3742229210835628 0.3655493407171188
0.4677786513544535 0.4509046856401444
0.5613343816253443 0.5323162863293087
0.654890111896235 0.609072093118657
0.7484458421671256 0.680500777277127
0.8420015724380163 0.7459776026459399
0.935557302708907 0.8049298897637296
1.0291130329797977 0.8568420246885747
1.1226687632506887 0.9012599687083102
1.2162244935215791 0.9377952294958729
1.30978022379247 0.9661282589767983
1.4033359540633605 0.98601124819012
1.4968916843342512 0.9972702946980077
1.5904474146051422 0.9998069235873405
1.6840031448760326 0.9935989487600928
1.7775588751469236 0.9787006669794356
1.871114605417814 0.9552423829743686
1.9646703356887047 0.9234292697564559
2.0582260659595955 0.8835395741166711
2.1517817962304866 0.8359221829975982
2.2453375265013773 0.7809935720262116
2.3388932567722676 0.7192341628962553
2.4324489870431583 0.6511841214596253
2.526004717314049 0.5774386332778754
2.61956044758494 0.4986426979552499
2.713116177855831 0.4154854877835371
2.806671908126721 0.3286943200396758
2.9002276383976118 0.23902829565616934
2.9937833686685025 0.1472716599023564
3.0873390989393936 0.05422694314595473
3.1808948292102843 -0.03929205831220822
3.2744505594811746 -0.1324673999386142
3.3680062897520653 -0.22448414294912722
3.461562020022956 -0.3145374820019011
3.555117750293847 -0.4018397842602424
3.648673480564738 -0.4856274782597168
3.742229210835628 -0.5651677323274622
3.8357849411065192 -0.6397648641422944
3.9293406713774095 -0.708766425375715
4.0228964016483 -0.7715689081957858
4.116452131919191 -0.8276230237231024
4.210007862190082 -0.8764385062719541
4.303563592460973 -0.9175884013573775
4.3971193227318635 -0.9507127999639297
4.490675053002755 -0.9755219864151836
4.584230783273645 -0.9917989723117498
4.677786513544535 -0.9994013943752721
4.771342243815426 -0.9982627595992871
4.8648979740863165 -0.9883930268165048
4.958453704357208 -0.9698785195959437
5.052009434628098 -0.9428811712317555
5.145565164898988 -0.9076371084272801
5.23912089516988 -0.8644545860618502
5.3326766254407705 -0.8137112911034805
5.426232355711662 -0.7558510392481966
5.519788085982552 -0.6913798931781829
5.613343816253442 -0.6208617363895774
5.706899546524333 -0.5449133413025259
5.8004552767952235 -0.4641989747892409
5.894011007066115 -0.3794245883016883
5.987566737337005 -0.29133164341376044
6.081122467607896 -0.20069062678152672
6.174678197878787 -0.10829431124164011
6.2682339281496775 -0.01495082198828347
6.361789658420569 0.07852343152609316
6.455345388691459 0.17131089614657127
6.548901118962349 0.2626000255747315
6.64245684923324 0.35159237838988855
6.736012579504131 0.4375096014512338
6.829568309775022 0.5196002376020163
6.923124040045912 0.5971462981335699
7.016679770316802 0.6694695425245181
7.110235500587694 0.7359374105307029
7.2037912308585845 0.7959685547420496
7.297346961129476 0.8490379252170196
7.390902691400366 0.8946813617229271
7.484458421671256 0.9324996534170684
7.5780141519421464 0.9621620304614864
7.6715698822130385 0.9834090570326981
7.765125612483929 0.9960549004232692
7.858681342754819 0.999988956389017
7.95223707302571 0.9951768165260709
8.0457928032966 0.9816605692168355
8.139348533567492 0.9595584315126884
8.232904263838382 0.9290637151730843
8.326459994109273 0.8904431359043729
8.420015724380164 0.8440344805862434
8.513571454651053 0.7902436528888978
8.607127184921946 0.7295411231208523
8.700682915192836 0.662457813358057
8.794238645463727 0.5895804538441511
8.887794375734616 0.5115464512761957
8.98135010600551 0.42903831385929747
9.074905836276399 0.3427776818902863
9.16846156654729 0.25351901608063593
9.262017296818179 0.1620429988224814
9.35557302708907 0.06914970611211621
9.449128757359961 -0.024348390148617324
9.542684487630853 -0.11763352826917076
9.636240217901744 -0.20988980915316274
9.729795948172633 -0.30031033239045896
9.823351678443524 -0.3881042536441193
9.916907408714415 -0.4725037016062166
10.010463138985306 -0.5527704940248429
10.104018869256196 -0.6282025940619409
10.197574599527087 -0.6981402505127836
10.291130329797976 -0.7619717681829256
10.38468606006887 -0.8191388579532567
10.47824179033976 -0.8691415197398792
10.57179752061065 -0.9115424156410622
10.665353250881541 -0.9459706950224133
10.75890898115243 -0.9721252380849669
10.852464711423323 -0.989777289547005
10.946020441694213 -0.9987724594046378
11.039576171965104 -0.9990320732719296
11.133131902235993 -0.9905538604900808
11.226687632506884 -0.9734119739872747
11.320243362777775 -0.9477563417154843
11.413799093048667 -0.9138113553367615
11.507354823319558 -0.8718739076281455
11.600910553590447 -0.8223107957706179
11.694466283861338 -0.7655555132336953
11.78802201413223 -0.7021044583147892
11.88157774440312 -0.6325125924945361
11.97513347467401 -0.5573885865814093
12.068689204944901 -0.4773894970988348
12.162244935215792 -0.3932150194767099
12.255800665486683 -0.3056013683105632
12.349356395757574 -0.21531483821342043
12.442912126028464 -0.1231451015790409
12.536467856299355 -0.02989830187623941
12.630023586570244 0.06360999711761176
12.723579316841137 0.15656194447588212
12.817135047112027 0.2481445552860217
12.910690777382918 0.33755682125336317
13.004246507653807 0.42401671655387657
13.097802237924698 0.5067680376607209
13.19135796819559 0.585087017321407
13.28491369846648 0.6582886548378377
13.378469428737372 0.7257327072827195
13.472025159008261 0.7868292892514227
13.565580889279152 0.8410440321722289
13.659136619550043 0.8879027580501118
13.752692349820935 0.9269956267661454
13.846248080091824 0.957980720659028
13.939803810362715 0.9805870350369326
14.033359540633604 0.9946168484637855
14.126915270904497 0.9999474520887673
14.220471001175389 0.9965322228938016
14.314026731446278 0.9844010314721072
14.407582461717169 0.9636599807712529
14.501138191988058 0.9344904780857535
14.594693922258951 0.8971476484158214
14.68824965252984 0.8519581030695185
14.781805382800732 0.7993170830247383
14.875361113071621 0.7396850020360471
14.968916843342512 0.6735834197213438
15.062472573613404 0.6015904798489354
15.156028303884293 0.5243358537230757
15.249584034155186 0.44249523289460396
15.343139764426077 0.3567844193650715
15.436695494696966 0.26795306497310756
15.530251224967857 0.1767781147202275
15.623806955238747 0.08405701138266557
15.717362685509638 -0.00939927915634711
15.810918415780531 -0.10277336085132908
15.90447414605142 -0.19524855667938296
15.998029876322311 -0.2860160515362657
16.0915856065932 -0.3742819663697825
16.185141336864092 -0.45927430167814676
16.278697067134985 -0.5402496896433433
16.372252797405874 -0.6164998958434559
16.465808527676764 -0.6873580136780262
16.559364257947653 -0.7522042973281885
16.652919988218546 -0.810471582234833
16.74647571848944 -0.8616502456856822
16.840031448760328 -0.9052926641245622
16.933587179031218 -0.9410171281979213
17.027142909302107 -0.9685111812964494
17.120698639573 -0.9875343523919545
17.214254369843893 -0.9979202592672909
17.30781010011478 -0.9995780637438869
17.40136583038567 -0.9924932661790163
17.49492156065656 -0.9767278322839138
17.588477290927454 -0.9524196511535425
17.682033021198343 -0.919781329248253
17.775588751469233 -0.8790983308755047
17.869144481740125 -0.8307264814355596
17.96270021201102 -0.7750888552684851
18.056255942281908 -0.7126720753222596
18.149811672552797 -0.6440220570061643
18.243367402823687 -0.5697392334549853
18.33692313309458 -0.49047330396523264
18.430478863365472 -0.40691755153511766
18.524034593636358 -0.3198027792087193
18.61759032390725 -0.22989091825883565
18.71114605417814 -0.13796836411331195
18.804701784449033 -0.04483909831063107
18.898257514719923 0.04868234335769081
18.991813244990812 0.1417779950153474
19.085368975261705 0.23363361486997483
19.178924705532594 0.3234458068099574
19.272480435803487 0.4104290471417725
19.366036166074377 0.4938225550098893
19.459591896345266 0.5728969464086218
19.55314762661616 0.6469606135879175
19.64670335688705 0.7153657740569718
19.740259087157938 0.7775141362793331
19.83381481742883 0.832862132505623
19.92737054769972 0.8809256729760176
20.020926277970613 0.9212843799108575
20.114482008241502 0.9535852642576208
20.20803773851239 0.977545813036409
20.301593468783285 0.9929564602810751
20.395149199054174 0.9996824199644448
20.488704929325067 0.9976648648763273
20.582260659595953 0.986921441143496
20.675816389866846 0.9675461138915015
20.76937212013774 0.9397083453982108
20.862927850408628 0.9036516129271698
20.95648358067952 0.8596912792042536
21.050039310950407 0.8082118341630601
21.1435950412213 0.7496635320834975
21.237150771492193 0.6845584535362134
21.330706501763082 0.6134660265761697
21.42426223203397 0.5370080463583572
21.51781796230486 0.4558532367355537
21.611373692575754 0.370711401403953
21.704929422846647 0.28232721575248804
21.798485153117536 0.19147371371411573
21.892040883388425 0.09894552658498189
21.985596613659315 0.005551932946749759
22.079152343930208 -0.08789021952053078
22.1727080742011 -0.1805636584270843
22.266263804471986 -0.2716578347767209
22.35981953474288 -0.36037601226540117
22.45337526501377 -0.44594223576988745
22.54693099528466 -0.5276081180781971
22.64048672555555 -0.6046593855029714
22.73404245582644 -0.6764221251280356
22.827598186097333 -0.7422686790478179
22.921153916368223 -0.8016231340469246
23.014709646639115 -0.8539663587055474
23.108265376910005 -0.8988405438746464
23.201821107180894 -0.935853206808655
23.295376837451787 -0.9646806239343347
23.388932567722676 -0.9850706622318076
23.482488297993566 -0.9968449844636837
23.57604402826446 -0.9999006089646835
23.669599758535348 -0.994210810349397
23.76315548880624 -0.9798253532603204
23.85671121907713 -0.9568700571117418
23.95026694934802 -0.9255456956363489
24.043822679618913 -0.8861262408594532
24.137378409889802 -0.8389564668595475
24.230934140160695 -0.7844489342733858
24.324489870431584 -0.7230803819200278
24.418045600702474 -0.6553875571037058
24.511601330973367 -0.581962521064952
24.605157061244256 -0.5034474706398678
24.69871279151515 -0.4205291214187848
24.792268521786035 -0.3339327015309294
24.885824252056928 -0.2444156085870961
24.97937998232782 -0.15276078525870782
25.07293571259871 -0.0597698714322416
25.1664914428696 0.03374380716763763
25.26004717314049 0.1269623525626867
25.35360290341138 0.2190704480959781
25.447158633682275 0.309262489429785
25.540714363953164 0.39674963059670115
25.634270094224053 0.48076668347715157
25.727825824494943 0.5605788103584324
25.821381554765836 0.6354879510402327
25.91493728503673 0.7048389282732646
26.008493015307614 0.768025178131076
26.102048745578507 0.8244940551955384
26.195604475849397 0.873751666155247
26.28916020612029 0.9153671895408738
26.38271593639118 0.9489766438157007
26.47627166666207 0.9742860708645873
26.56982739693296 0.9910741070375984
26.66338312720385 0.9991939192612169
26.756938857474744 0.9985744892833458
26.850494587745633 0.9892212348197046
26.944050318016522 0.9712159621689052
27.037606048287415 0.9447161507106402
27.131161778558305 0.9099535755449832
27.224717508829194 0.8672322803195815
27.318273239100087 0.8169259179750078
27.411828969370976 0.759474482666885
27.50538469964187 0.6953804614483244
27.59894042991276 0.6252044393712404
27.692496160183648 0.5495601964455431
27.78605189045454 0.46910933933969756
27.87960762072543 0.38455551477534433
27.973163350996323 0.29663825522729104
28.06671908126721 0.20612651075626237
28.160274811538102 0.11381192354677336
28.253830541808995 0.020501903973136105
28.347386272079884 -0.0729874312478
28.440942002350777 -0.16583839705210954
28.534497732621663 -0.257238891741439
28.628053462892556 -0.3463894998619765
28.72160919316345 -0.4325104841257304
28.815164923434338 -0.514848605220885
28.908720653705227 -0.5926837098630862
29.002276383976117 -0.6653350294666427
29.09583211424701 -0.7321671343456531
29.189387844517903 -0.7925954913678425
29.282943574788792 -0.8460915764522721
29.37649930505968 -0.8921874971955058
29.47005503533057 -0.9304800851953846
29.563610765601464 -0.9606344222797688
29.657166495872357 -0.9823867697988053
29.750722226143242 -0.9955468753602849
29.844277956414135 -0.9999996368326991
29.937833686685025 -0.9957061090621359
30.031389416955918 -0.9827038444979868
30.124945147226807 -0.9611065647482444
30.2185008774977 -0.9311031659370609
30.312056607768586 -0.8929560665640168
30.40561233803948 -0.846998912315173
30.49916806831037 -0.7936336579003533
30.59272379858126 -0.7333270514397049
30.686279528852154 -0.6666065521481463
30.77983525912304 -0.5940557170228544
30.873390989393933 -0.5163090968830915
30.966946719664822 -0.4340466864032241
31.060502449935715 -0.34798797668042325
31.154058180206608 -0.2588856623551591
31.247613910477494 -0.16751905832376784
31.341169640748387 -0.07468728362245673
31.434725371019276 0.018797727901419425
31.52828110129017 0.11211832900025402
31.621836831561062 0.20445831040808404
31.715392561831948 0.2950100396455129
31.80894829210284 0.38298152480956643
31.90250402237373 0.46760334156642563
31.996059752644623 0.5481353627616852
32.08961548291551 0.6238732317888444
32.1831712131864 0.694154523098174
32.27672694345729 0.7583645359642817
32.370282673728184 0.8159416708383846
32.46383840399908 0.8663823412622058
32.55739413426997 0.9092453783823908
32.650949864540856 0.9441558895423029
32.74450559481175 0.9708085372028339
32.838061325082634 0.988970209513791
32.93161705535353 0.998482059178321
33.02517278562442 0.9992608927778075
33.118728515895306 0.9912998984058441
33.2122842461662 0.9746687052471558
33.30583997643709 0.9495127745803912
33.399395706707985 0.9160521275312425
33.49295143697888 0.8745794207033424
33.58650716724976 0.8254573865180331
33.680062897520656 0.7691156606505253
33.77361862779154 0.7060470243106751
33.867174358062435 0.6368030942343905
33.96073008833333 0.5619894980823882
34.054285818604214 0.4822605774435624
34.14784154887511 0.398313664772087
34.241397279146 0.3108829843138939
34.33495300941689 0.22073323036669276
34.428508739687786 0.12865287904003783
34.52206446995867 0.035447292012715154
34.61562020022956 -0.05806832739602459
34.70917593050045 -0.15107606423306352
34.80273166077134 -0.2427624456347563
34.896287391042236 -0.3323255556984921
34.98984312131312 -0.418982049273661
35.083398851584015 -0.5019740033274327
35.17695458185491 -0.5805755459611932
35.2705103121258 -0.6540992050984561
35.364066042396686 -0.7219019213166618
35.45762177266757 -0.7833906722329456
35.551177502938465 -0.8380276592512976
35.64473323320936 -0.8853350113063383
35.73828896348025 -0.9248989644634095
35.831844693751144 -0.9563734808189339
35.92540042402204 -0.979483275049109
36.01895615429292 -0.9940262221358458
36.112511884563816 -0.9998751252112869
36.2060676148347 -0.9969788280588011
36.299623345105594 -0.985362662540217
36.39317907537649 -0.9651282270359516
36.48673480564737 -0.9364524978358679
36.580290535918266 -0.8995862812528838
36.67384626618916 -0.8548520199976304
36.76740199646005 -0.8026409730002098
36.860957726730945 -0.7434097933451814
36.95451345700183 -0.6776765342501565
37.048069187272716 -0.6060161180208521
37.14162491754361 -0.5290553076124955
37.2351806478145 -0.4474672247777536
37.328736378085395 -0.3619654627470324
37.42229210835628 -0.2732978449334289
37.515847838627174 -0.18223988425045418
37.60940356889807 -0.08958800024935731
37.70295929916896 0.003847446599184802
37.796515029439846 0.09724924255469555
37.89007075971073 0.18980046819726323
37.983626489981624 0.2806916434436561
38.07718222025252 0.3691278074968241
38.17073795052341 0.45433547180551315
38.2642936807943 0.5355693852213099
38.35784941106519 0.6121190521831066
38.45140514133608 0.6833149469190634
38.544960871606975 0.7485343693147566
38.63851660187786 0.8072068912304886
38.73207233214875 0.8588193456326128
38.82562806241964 0.9029203149024404
38.91918379269053 0.9391240790667675
39.012739522961425 0.9671139894175285
39.10629525323232 0.9866452380140041
39.19985098350321 0.9975469988446547
39.2934067137741 0.9997239219213699
39.38696244404499 0.9931569672383467
39.480518174315876 0.9779035713015481
39.57407390458677 0.9540971447722234
39.66762963485766 0.9219459056182584
39.76118536512855 0.8817310579789415
39.85474109539944 0.8338043326713191
39.94829682567033 0.7785849108496365
40.041852555941226 0.7165557577243731
40.13540828621212 0.6482593984072869
40.228964016483005 0.5742931728281473
40.32251974675389 0.4953040112250201
40.41607547702478 0.4119827759032383
40.509631207295676 0.32505821875167323
40.60318693756657 0.2352906073655945
40.696742667837455 0.14346507552397797
40.79029839810835 0.05038475617985838
40.88385412837924 -0.04313624297528767
40.977409858650134 -0.13627995993549993
41.07096558892103 -0.22823173251521964
41.164521319191905 -0.31818732362297397
41.2580770494628 -0.4053599553542068
41.35163277973369 -0.48898719038081895
41.445188510004584 -0.5683376004510464
41.53874424027548 -0.6427171636748201
41.63229997054636 -0.7114753346421565
41.725855700817256 -0.7740107342835666
41.81941143108815 -0.8297764097072204
41.91296716135904 -0.8782846180089006
42.00652289162993 -0.919111092214059
42.10007862190081 -0.9518987520408507
42.193634352171706 -0.9763608270286861
42.2871900824426 -0.9922833647165349
42.38074581271349 -0.999527101933721
42.474301542984385 -0.9980286828363341
42.56785727325527 -0.9878012130359677
42.661413003526164 -0.9689341449742043
42.75496873379706 -0.9415924955454082
42.84852446406794 -0.906015402810714
42.942080194338835 -0.862514034426604
43.03563592460972 -0.8114688660816138
43.129191654880614 -0.7533263537446757
43.22274738515151 -0.6885950288306876
43.3163031154224 -0.6178410504360388
43.40985884569329 -0.541683253545601
43.50341457596418 -0.46078773652099725
43.59697030623507 -0.3758620352095267
43.69052603650596 -0.2876489346287902
43.78408176677685 -0.19691997235167058
43.87763749704774 -0.10446869041315386
43.97119322731863 -0.01110369475962476
44.06474895758952 0.08235841705521424
44.158304687860415 0.17510019807129393
44.25186041813131 0.2663105015523568
44.3454161484022 0.3551915755125003
44.43897187867309 0.44096604008831713
44.53252760894397 0.5228836867305214
44.626083339214865 0.6002280397472816
44.71963906948576 0.6723226228101216
44.81319479975665 0.7385368756137232
44.90675053002754 0.7982916689407332
45.00030626029843 0.8510643698952652
45.09386199056932 0.8963934130030075
45.187417720840216 0.9338823371978504
45.2809734511111 0.9632032533862975
45.37452918138199 0.9840997122613646
45.46808491165288 0.9963889472832022
45.56164064192377 0.9999634732086973
45.655196372194666 0.994792026188845
45.74875210246556 0.9809198372115121
45.842307832736445 0.9584682364979928
45.93586356300734 0.9276335923134065
46.02941929327823 0.8886855934724395
46.12297502354912 0.8419648905621069
46.21653075382001 0.7878801165120928
46.310086484090895 0.7269043125716811
46.40364221436179 0.6595707909526298
46.49719794463268 0.5864684703246481
46.590753674903574 0.5082367249604809
46.68430940517447 0.42555979258155896
