0.0 0.0
0.13706452042467224 0.13663575876290723
0.2741290408493445 0.2707086010357414
0.41119356127401674 0.3997036836951277
0.548258081698689 0.5212014086250285
0.6853226021233612 0.6329228078192025
0.8223871225480335 0.7327722906439734
0.9594516429727057 0.8188769514385258
1.096516163397378 0.8896217001486854
1.2335806838220502 0.943679557038716
1.3706452042467223 0.9800365432344498
1.5077097246713946 0.9980107002186286
1.644774245096067 0.9972648815242734
1.781838765520739 0.9778130766885863
1.9189032859454114 0.9400201488471509
2.0559678063700835 0.8845949908904517
2.193032326794756 0.8125772285546662
2.330096847219428 0.7253177198607088
2.4671613676441004 0.6244532166791895
2.6042258880687728 0.5118756637016549
2.7412904084934446 0.3896967106861961
2.878354928918117 0.2602081036315044
3.0154194493427893 0.12583869783360063
3.1524839697674616 -0.010891100856230367
3.289548490192134 -0.14741661201377698
3.426613010616806 -0.2811769870952217
3.563677531041478 -0.40966324401477444
3.7007420514661504 -0.5304653288481301
3.8378065718908227 -0.6413173219117612
3.974871092315495 -0.7401399402745189
4.111935612740167 -0.8250795394696308
4.24900013316484 -0.8945428828406884
4.386064653589512 -0.9472270263429314
4.523129174014184 -0.9821437582419673
4.660193694438856 -0.9986381352874066
4.797258214863528 -0.9964007676730527
4.934322735288201 -0.975473622351079
5.071387255712873 -0.9362492358457559
5.2084517761375455 -0.8794633513322057
5.345516296562217 -0.8061811180886327
5.482580816986889 -0.7177771121828965
5.619645337411562 -0.6159095531511974
5.756709857836234 -0.5024892002941008
5.893774378260906 -0.3796435120110705
6.0308388986855785 -0.2496767404472653
6.16790341911025 -0.11502670996885754
6.304967939534923 0.02178090981448248
6.442032459959595 0.15817997876575726
6.579096980384268 0.29161202005422593
6.71616150080894 0.41957421024611996
6.853226021233612 0.53966632548849
6.990290541658284 0.6496357632029994
7.127355062082956 0.747419794804726
7.264419582507629 0.8311842568994986
7.401484102932301 0.8993579552177597
7.538548623356973 0.9506621359604234
7.6756131437816455 0.9841344717541466
7.812677664206317 0.9991471123045133
7.94974218463099 0.9954184611658021
8.086806705055663 0.973018457727055
8.223871225480334 0.932367265338706
8.360935745905007 0.8742273901869567
8.49800026632968 0.7996893787444612
8.635064786754352 0.7101513620743675
8.772129307179023 0.6072928306811386
8.909193827603694 0.49304313182085907
9.046258348028369 0.3695452801761095
9.18332286845304 0.23911576070906584
9.320387388877712 0.1042010776823039
9.457451909302385 -0.032668135130022945
9.594516429727056 -0.16892458227263815
9.731580950151729 -0.30201246211336386
9.868645470576402 -0.42943540675435893
10.005709991001074 -0.5488033071276102
10.142774511425745 -0.6578771449627756
10.279839031850418 -0.7546109907011957
10.416903552275091 -0.8371903795890165
10.553968072699762 -0.9040663461179621
10.691032593124435 -0.9539844784198788
10.828097113549108 -0.9860084476333565
10.965161633973779 -0.9995375708953006
11.10222615439845 -0.9943180785233224
11.239290674823124 -0.9704478740471492
11.376355195247797 -0.9283746978037715
11.513419715672468 -0.8688877285422978
11.650484236097139 -0.7931027805696489
11.787548756521812 -0.7024413740985189
11.924613276946486 -0.5986040713811451
12.061677797371157 -0.4835385787707481
12.19874231779583 -0.35940321302949196
12.3358068382205 -0.22852641715605038
12.472871358645172 -0.09336308510606624
12.609935879069846 0.04355148536458724
12.74700039949452 0.17964914801389945
12.88406491991919 0.31237707957640615
13.021129440343863 0.439245663808349
13.158193960768536 0.5578751899404213
13.295258481193208 0.6660404896017206
13.43232300161788 0.7617126749471784
13.569387522042552 0.8430971950943399
13.706452042467223 0.9086674970338713
13.843516562891898 0.9571936596263787
13.980581083316569 0.9877654635893358
14.117645603741241 0.9998094647437287
14.254710124165912 0.993099750272557
14.391774644590583 0.9677621762329582
14.528839165015258 0.9242720068377
14.66590368543993 0.8634449997867323
14.802968205864602 0.7864221048638033
14.940032726289274 0.6946480628110009
15.077097246713945 0.5898443059083349
15.21416176713862 0.47397666857000853
15.351226287563291 0.349218513619119
15.488290807987964 0.21790996589186618
15.625355328412635 0.08251401783843394
15.762419848837308 -0.05442966953957362
15.89948436926198 -0.1903524038458874
16.036548889686653 -0.32270464299662327
16.173613410111326 -0.4490038177193691
16.310677930535995 -0.5668808978238535
16.447742450960668 -0.6741248287871913
16.58480697138534 -0.768724005143762
16.721871491810013 -0.8489040027514034
16.858936012234686 -0.9131608621788275
16.99600053265936 -0.9602892989081461
17.133065053084028 -0.9894053112055626
17.270129573508704 -0.9999627615978591
17.407194093933374 -0.9917636209311107
17.544258614358046 -0.9649616828608693
17.68132313478272 -0.9200596791000337
17.81838765520739 -0.8578998495345475
17.955452175632065 -0.7796481440859765
18.092516696056737 -0.6867723526512486
18.229581216481407 -0.5810145733425411
18.36664573690608 -0.46435853544856387
18.503710257330752 -0.3389923900499149
18.640774777755425 -0.20726766623567142
18.777839298180098 -0.07165516279138154
18.91490381860477 0.0653013972891771
19.05196833902944 0.20103308015272456
19.189032859454112 0.33299392732261474
19.326097379878785 0.45870871097914445
19.463161900303458 0.5758193625244852
19.60022642072813 0.6821292035581489
19.737290941152803 0.7756441496097958
19.874355461577473 0.8546101137590305
20.01141998200215 0.9175459085516741
20.148484502426818 0.9632710290617013
20.28554902285149 0.9909277959639766
20.422613543276164 0.999997443273681
20.559678063700837 0.990309848990105
20.69674258412551 0.9620467261242739
20.833807104550182 0.9157382142553844
20.97087162497485 0.8522529355492175
21.107936145399524 0.7727817017606582
21.245000665824197 0.678815177832818
21.38206518624887 0.572115921063069
21.519129706673542 0.45468532030546827
21.656194227098215 0.3287260553405196
21.793258747522884 0.19660078057274666
21.930323267947557 0.060787808037905955
22.06738778837223 -0.07616537901344417
22.2044523087969 -0.21168990999690931
22.341516829221575 -0.34324371204364235
22.478581349646248 -0.4683591923971685
22.615645870070917 -0.5846895237652427
22.752710390495594 -0.6900526644388929
22.889774910920263 -0.7824722874805388
23.026839431344936 -0.8602148512606442
23.16390395176961 -0.9218221159999824
23.300968472194278 -0.96613849639542
23.438032992618954 -0.992332737268051
23.575097513043623 -0.9999135056572681
23.712162033468296 -0.9887386068953805
23.849226553892972 -0.9590176517941614
23.98629107431764 -0.911308124914166
24.123355594742314 -0.8465049276653984
24.260420115166983 -0.7658235923824575
24.39748463559166 -0.6707774822325625
24.534549156016332 -0.563149404624454
24.671613676441 -0.44495817057359566
24.808678196865674 -0.3184207272794086
24.945742717290344 -0.1859105742047529
25.08280723771502 -0.04991324265922527
25.219871758139693 0.08702032603126414
25.356936278564362 0.2223216292695996
25.49400079898904 0.35345278133438507
25.631065319413707 0.4779541172372326
25.76812983983838 0.5934903293711937
25.905194360263053 0.6978942715516963
26.042258880687726 0.7892076088050431
26.1793234011124 0.8657175504245475
26.31638792153707 0.9259889772817577
26.45345244196174 0.9688913607714882
26.590516962386417 0.9936199684642166
26.727581482811086 0.9997109587052664
26.86464600323576 0.9870500810270376
27.001710523660435 0.9558748191781036
27.138775044085104 0.9067699365717814
27.275839564509777 0.84065650770946
27.412904084934446 0.758774641319492
27.54996860535912 0.6626602192786881
27.687033125783795 0.5541160876312491
27.824097646208465 0.43517824008350636
27.961162166633137 0.30807762828042157
28.098226687057807 0.17519831519964196
28.235291207482483 0.039032756591889615
28.372355727907156 -0.0978649507332089
28.509420248331825 -0.2329269768405522
28.646484768756498 -0.3636199241991698
28.783549289181167 -0.4874923473532364
28.920613809605843 -0.602220735394334
29.057678330030516 -0.7056530947283
29.194742850455185 -0.7958493146422133
29.33180737087986 -0.871117558522791
29.46887189130453 -0.9300459981255972
29.605936411729203 -0.9715292956462458
29.74300093215388 -0.9947893368616297
29.88006545257855 -0.9993898264437134
30.01712997300322 -0.9852444716773326
30.15419449342789 -0.9526186010776362
30.291259013852564 -0.9021241875462991
30.42832353427724 -0.834708369418612
30.56538805470191 -0.7516356847154879
30.702452575126582 -0.654464351837638
30.83951709555125 -0.5450170416118684
30.976581615975928 -0.42534668892660243
31.1136461364006 -0.2976979852377814
31.25071065682527 -0.16446527424124752
31.387775177249942 -0.02814764047475884
31.524839697674615 0.10869796673427928
31.661904218099288 0.24350469470772798
31.79896873852396 0.3737439346156289
31.93603325894863 0.4969727513241847
32.073097779373306 0.6108797062374323
32.21016229979797 0.7133282136202298
32.34722682022265 0.8023966171555958
32.484291340647324 0.8764142350085986
32.62135586107199 0.9339926972893309
32.75842038149666 0.9740519881089243
32.895484901921336 0.9958407037502832
33.03254942234601 0.9989501469651884
33.16961394277068 0.9833219930269167
33.306678463195354 0.9492493837440289
33.44374298362003 0.8973714289145863
33.5808075040447 0.8286612183586144
33.71787202446937 0.7444075693905899
33.854936544894045 0.6461908520998952
33.99200106531872 0.5358533458914552
34.12906558574339 0.41546468331750536
34.266130106168056 0.28728302938055417
34.40319462659273 0.15371272447855022
34.54025914701741 0.01725918549589321
34.677323667442074 -0.1195180890265026
34.81438818786675 -0.2540535281465086
34.95145270829142 -0.3838236116777353
35.08851722871609 -0.5063942045883901
35.225581749140765 -0.6194662147768671
35.36264626956544 -0.7209187178079997
35.49971078999011 -0.8088487397068064
35.63677531041478 -0.8816069515923428
35.77383983083946 -0.9378286066171029
35.91090435126413 -0.9764591389187666
36.047968871688795 -0.9967739444174633
36.185033392113475 -0.9983919724242926
36.32209791253814 -0.9812828731194293
36.45916243296281 -0.9457675668324824
36.59622695338749 -0.8925122244469494
36.73329147381216 -0.8225157718400782
36.87035599423683 -0.7370911527409166
37.007420514661504 -0.6378407014646552
37.14448503508618 -0.5266260874639042
37.28154955551085 -0.4055333954557266
37.41861407593552 -0.2768339961265739
37.555678596360195 -0.14294194137464308
37.69274311678486 -0.006368683239439388
37.82980763720954 0.13032403413135618
37.966872157634214 0.26457222585854884
38.10393667805888 0.3938577597382763
38.24100119848355 0.5157555895768743
38.378065718908225 0.6279792424844713
38.5151302393329 0.7284237069090607
38.65219475975757 0.8152049169476819
38.78925928018224 0.8866950923160948
38.926323800606916 0.9415532710948952
39.06338832103159 0.9787504625405141
39.20045284145626 0.9975889481625394
39.337517361880934 0.9977153690314651
39.47458188230561 0.9791273538344475
39.61164640273028 0.9421735633547069
39.748710923154945 0.8875471505402649
39.88577544357962 0.8162727588333835
40.0228399640043 0.7296873026368443
40.159904484428964 0.6294148904234059
40.296969004853636 0.5173363608628717
40.43403352527831 0.395554003386612
40.57109804570298 0.2663521249359558
40.708162566127655 0.1321542025554753
40.84522708655233 -0.004522574467658457
40.982291606977 -0.14111452025198848
41.11935612740167 -0.275059540120167
41.256420647826346 -0.40384518855067414
41.39348516825102 -0.5250557958459454
41.530549688675684 -0.6364177795483417
41.667614209100364 -0.7358422906846512
41.80467872952503 -0.8214643949110493
41.9417432499497 -0.8916780536266498
42.07880777037438 -0.9451662489045188
42.21587229079905 -0.9809256871782872
42.35293681122372 -0.998285618310096
42.49000133164839 -0.9969204170451264
42.627065852073066 -0.9768556908587999
42.76413037249774 -0.9384677996299459
42.90119489292241 -0.8824767961495784
43.038259413347085 -0.8099329198822038
43.17532393377175 -0.7221968973200923
43.31238845419643 -0.6209144184424393
43.4494529746211 -0.5079852680319636
43.58651749504577 -0.38552769086161226
43.72358201547044 -0.2558386591640139
43.860646535895114 -0.1213507876582551
43.99771105631979 0.015413295708795165
44.13477557674446 0.15188826742530753
44.27184009716914 0.28551422693040096
44.4089046175938 0.4137847134101434
44.54596913801848 0.5342937202088858
44.68303365844315 0.6447808249926303
44.82009817886782 0.7431735891453546
44.957162699292496 0.8276264311001683
45.09422721971716 0.8965552444471561
45.231291740141835 0.9486671114760007
45.36835626056651 0.9829845548078193
45.50542078099119 0.9988638722214029
45.64248530141586 0.9960072107621587
45.779549821840526 0.9744681536562284
45.9166143422652 0.9346507152343911
46.05367886268987 0.8773017627182866
46.190743383114544 0.8034970070156794
46.32780790353922 0.7146208252994899
46.46487242396388 0.6123402938443204
46.601936944388555 0.49857391819404756
46.739001464813235 0.375455647197857
46.87606598523791 0.2452948459137985
47.01313050566258 0.11053297817968069
47.150195026087246 -0.026302188631029382
47.28725954651192 -0.1626439976737815
47.42432406693659 -0.29593504615850974
47.56138858736127 -0.42367515529429794
47.698453107785944 -0.5434682668668558
47.83551762821061 -0.6530673867962586
47.97258214863528 -0.750416732655518
48.109646669059956 -0.8336902945767906
48.24671118948463 -0.9013260862472143
48.3837757099093 -0.9520554435384476
48.52084023033397 -0.9849268212070649
48.65790475075864 -0.9993236413042141
48.79496927118332 -0.9949758585067234
48.93203379160799 -0.9719650254354285
49.069098312032665 -0.930722762949047
49.20616283245733 -0.8720226641067587
49.343227352882 -0.7969657836591872
49.480291873306676 -0.7069599852456505
49.61735639373135 -0.6036935336882183
49.75442091415603 -0.4891034277196036
49.89148543458069 -0.3653390671371114
50.02854995500537 -0.23472193588818638
50.16561447543004 -0.09970205732395084
50.30267899585471 0.03718796159829419
50.439743516279385 0.1733804351570458
50.57680803670405 0.30632076169115197
50.713872557128724 0.4335153410028834
50.8509370775534 0.5525783475388243
50.98800159797808 0.661276482010628
51.12506611840275 0.7575708620363925
51.262130638827415 0.8396552660478872
51.39919515925209 0.9059900131114939
51.53625967967676 0.9553308431692742
51.67332420010143 0.9867522559851705
51.810388720526106 0.9996648710209082
51.94745324095077 0.993826482617408
52.08451776137545 0.9693466031164607
52.221582281800124 0.92668440870603
52.3586468022248 0.8666401265195329
52.49571132264947 0.7903400245437956
52.63277584307414 0.6992152858843125
52.76984036349881 0.594975163649342
52.90690488392348 0.4795749199944182
53.04396940434816 0.35517915070397715
53.181033924772834 0.22412118324147431
53.318098445197506 0.08885930985050237
53.45516296562217 -0.04806932334458916
53.592227486046845 -0.18409630632321497
53.72929200647152 -0.316670141578952
53.86635652689619 -0.44330410329708336
54.00342104732087 -0.5616228815907364
54.14048556774553 -0.6694071368761686
54.27755008817021 -0.7646351286680354
54.41461460859488 -0.8455206379509591
54.551679129019554 -0.9105464718068825
54.68874364944423 -0.9584929218419052
54.82580816986889 -0.9884606426097987
54.962872690293565 -0.9998875208949531
55.09993721071824 -0.9925592194327132
55.23700173114292 -0.9666131972955178
55.37406625156759 -0.9225361315332817
55.511130771992256 -0.8611547884310479
55.64819529241693 -0.7836205156143795
55.7852598128416 -0.6913876458885916
55.922324333266275 -0.5861862178972079
56.05938885369095 -0.4699895252861926
56.19645337411561 -0.34497710306367174
56.333517894540286 -0.21349384543067418
56.470582414964966 -0.07800602192166897
56.60764693538964 0.05894498312719953
56.74471145581431 0.19479034005999968
56.88177597623898 0.32698195818264025
57.01884049666365 0.45304028103785476
57.15590501708832 0.5706007961635859
57.292969537512995 0.6774583869379102
57.430034057937675 0.7716086945900055
57.567098578362334 0.851285714537952
57.704163098787014 0.9149949218480871
57.841227619211686 0.9615413044718435
57.97829213963636 0.9900517784328214
58.11535666006103 0.9999915645157115
58.2524211804857 0.9911742192748877
58.38948570091037 0.9637651322080982
58.52655022133505 0.9182784234977678
58.66361474175972 0.8555673005098817
58.800679262184396 0.7768080539363612
58.93774378260906 0.6834779937699731
59.074808303033734 0.5773277389730175
59.21187282345841 0.4603483806105886
59.34893734388308 0.33473413437892646
59.48600186430776 0.2028411830662638
59.62306638473242 0.06714348095007476
59.7601309051571 -0.06981365087974674
59.89719542558177 -0.2054612678454297
60.03425994600644 -0.3372549883187157
60.171324466431116 -0.4627227193237448
60.30838898685578 -0.5795110263008012
60.445453507280455 -0.6854292771598113
60.58251802770513 -0.7784907326007201
60.71958254812981 -0.8569498119578319
60.85664706855448 -0.9193348355617685
60.993711588979146 -0.9644756294611767
61.13077610940382 -0.9915254747143487
61.26784062982849 -0.9999769895415709
61.404905150253164 -0.9896716464320883
61.54196967067784 -0.960802745690523
61.6790341911025 -0.9139117896470934
61.816098711527175 -0.8498783255416026
61.953163231951855 -0.7699034476011986
62.09022775237653 -0.6754872677681865
62.2272922728012 -0.568400777665946
62.364356793225866 -0.45065262959628166
62.50142131365054 -0.3244514596665636
62.63848583407521 -0.19216445976278565
62.775550354499885 -0.056272975445914766
62.912614874924564 0.08067403736527243
63.04967939534923 0.2161078238983744
63.1867439157739 0.3474880134044854
63.323808436198576 0.4723502696278278
63.46087295662325 0.5883525150744873
63.59793747704792 0.6933188620381082
63.73500199747259 0.7852804263556279
63.87206651789726 0.8625122583376316
64.00913103832194 0.9235656981491122
64.14619555874661 0.9672955487414633
64.28326007917128 0.9928815566451258
64.42032459959594 0.999843797701409
64.55738912002062 0.9880516791389007
64.6944536404453 0.9577263891398865
64.83151816086998 0.9094367479495882
64.96858268129465 0.8440885383501014
65.10564720171931 0.7629075156305022
65.24271172214398 0.6674164157399337
65.37977624256865 0.5594063928885503
65.51684076299333 0.4409034223493353
65.65390528341801 0.3141302986532781
65.79096980384267 0.18146494198881155
65.92803432426734 0.04539579486417617
66.06509884469202 -0.09152485432910332
66.20216336511669 -0.22672874532866116
66.33922788554136 -0.35767981960265954
66.47629240596603 -0.48192178993398727
66.61335692639071 -0.5971242137108105
66.75042144681538 -0.7011262057134239
66.88748596724005 -0.7919769704640017
67.02455048766473 -0.8679723938622298
67.1616150080894 -0.927687007746912
67.29867952851407 -0.970000727815015
67.43574404893874 -0.9941198633672608
67.57280856936342 -0.9995920047943874
67.70987308978809 -0.9863145095551847
67.84693761021275 -0.9545364274723647
67.98400213063744 -0.9048538292329027
68.12106665106211 -0.8381986257176118
68.25813117148678 -0.7558210878788744
68.39519569191145 -0.6592663950463915
