0.0 0.0
0.1174109119454147 0.11714133994334217
0.2348218238908294 0.23266970299588116
0.3522327358362441 0.34499432214124004
0.4696436477816588 0.4525685442931782
0.5870545597270734 0.5539111269248377
0.7044654716724882 0.647626634027733
0.8218763836179029 0.7324246505584647
0.9392872955633176 0.8071375507999615
1.0566982075087321 0.870736575975922
1.1741091194541469 0.922345999737851
1.2915200313995616 0.9612551864731124
1.4089309433449764 0.9869283763972073
1.526341855290391 0.9990120626945165
1.6437527672358059 0.9973398591280146
1.7611636791812204 0.9819347910934397
1.8785745911266352 0.9530089785712619
1.99598550307205 0.9109607153420418
2.1133964150174642 0.8563689846829042
2.2308073269628794 0.7899854870612044
2.3482182389082937 0.7127242896000129
2.4656291508537085 0.6256492398370208
2.5830400627991232 0.5299593170830437
2.700450974744538 0.42697212308448096
2.8178618866899527 0.31810573931494973
2.935272798635367 0.20485920071199257
3.052683710580782 0.08879185472560677
3.1700946225261966 -0.028498110105955522
3.2875055344716118 -0.145395670402495
3.4049164464170265 -0.26029120599541106
3.522327358362441 -0.37160266358176686
3.6397382703078556 -0.4777973407965805
3.7571491822532703 -0.5774129907477069
3.874560094198685 -0.6690779564145656
3.9919710061441 -0.7515300576702395
4.109381918089514 -0.8236339708622251
4.2267928300349284 -0.8843968616438157
4.344203741980343 -0.9329820557999426
4.461614653925759 -0.9687205598271433
4.579025565871174 -0.9911202726350966
4.6964364778165875 -0.9998727615292703
4.813847389762003 -0.994857509172829
4.931258301707417 -0.9761435730492914
5.048669213652832 -0.9439886345759764
5.1660801255982465 -0.8988354509614638
5.283491037543661 -0.8413057586631961
5.400901949489076 -0.7721917123915172
5.518312861434491 -0.692444977540728
5.6357237733799055 -0.6031636262388539
5.75313468532532 -0.5055770174508789
5.870545597270734 -0.4010288693287647
5.98795650921615 -0.29095875689340905
6.105367421161564 -0.1768822898161082
6.222778333106979 -0.06037024324139056
6.340189245052393 0.05697307099073499
6.457600156997808 0.17353189490585982
6.5750110689432235 0.28770127256370503
6.692421980888637 0.3979091494881237
6.809832892834053 0.5026380190606227
6.927243804779467 0.6004458178175053
7.044654716724882 0.6899857819330273
7.162065628670296 0.7700249914748095
7.279476540615711 0.83946134708654
7.396887452561126 0.8973387453376324
7.514298364506541 0.9428602437829691
7.6317092764519545 0.975399034456527
7.74912018839737 0.9945070746994426
7.866531100342784 0.9999212564803808
7.9839420122882 0.9915670292598016
8.101352924233614 0.9695594265131102
8.218763836179027 0.9342014817779939
8.336174748124444 0.8859800560361643
8.453585660069857 0.825559133884358
8.570996572015273 0.7537706808028967
8.688407483960686 0.6716031874126268
8.805818395906101 0.5801880584599637
8.923229307851518 0.48078403394687164
9.04064021979693 0.3747598569188932
9.158051131742347 0.2635754265669931
9.27546204368776 0.14876169615551224
9.392872955633175 0.03189959257148797
9.51028386757859 -0.08540175223744231
9.627694779524006 -0.20152715819455894
9.74510569146942 -0.31487763730522933
9.862516603414834 -0.4238924109113401
9.979927515360249 -0.5270704008224929
10.097338427305663 -0.622990898402038
10.214749339251078 -0.7103331270050696
10.332160251196493 -0.7878944284035353
10.449571163141908 -0.8546068227806014
10.566982075087322 -0.9095517142715425
10.684392987032735 -0.9519725395633085
10.801803898978152 -0.9812851853879677
10.919214810923567 -0.9970860314664065
11.036625722868981 -0.999157508155048
11.154036634814394 -0.9874710922695902
11.271447546759811 -0.9621876998347992
11.388858458705226 -0.9236554703523938
11.50626937065064 -0.8724049730965195
11.623680282596055 -0.8091419014437069
11.741091194541468 -0.7347373558326797
11.858502106486885 -0.65021584915273
11.9759130184323 -0.5567411997204057
12.093323930377714 -0.45560050609103364
12.210734842323127 -0.3481864243638448
12.328145754268542 -0.23597799201319467
12.445556666213959 -0.12052026229203702
12.562967578159373 -0.0034030296315719186
12.680378490104786 0.11376106102246653
12.797789402050201 0.22935871951352108
12.915200313995616 0.34179822466213944
13.032611225941032 0.4495313414600351
13.150022137886447 0.5510746394815902
13.26743304983186 0.6450299189691114
13.384843961777275 0.7301034633349678
13.50225487372269 0.8051238529834183
13.619665785668106 0.8690580951648457
13.737076697613519 0.9210258477624548
13.854487609558934 0.9603115411571242
13.971898521504349 0.9863742312584455
14.089309433449763 0.9988550480307342
14.206720345395178 0.9975821369515665
14.324131257340593 0.9825730253614673
14.441542169286008 0.9540343811213134
14.558953081231422 0.9123591669006157
14.676363993176835 0.8581212292806909
14.793774905122252 0.7920673971780239
14.911185817067667 0.7151071983885441
15.028596729013081 0.6283003358507615
15.146007640958494 0.5328420960733029
15.263418552903909 0.43004689064538126
15.380829464849326 0.3213301574552839
15.49824037679474 0.2081888708279114
15.615651288740153 0.09218092894689368
15.733062200685568 -0.025096297613949523
15.850473112630983 -0.1420279608739495
15.9678840245764 -0.2570039710839828
16.085294936521812 -0.36844116684640943
16.20270584846723 -0.4748051144452853
16.320116760412642 -0.5746312362210471
16.437527672358055 -0.6665449770627467
16.55493858430347 -0.7492807313353766
16.672349496248888 -0.8216992696281258
16.7897604081943 -0.8828034253660799
16.907171320139714 -0.9317518252886571
17.02458223208513 -0.9678704747330424
17.141993144030547 -0.9906620381991537
17.25940405597596 -0.9998126874074621
17.376814967921373 -0.9951964225553712
17.49422587986679 -0.9768768072706471
17.611636791812202 -0.9451060933724772
17.72904770375762 -0.9003217474917422
17.846458615703035 -0.8431404273771959
17.96386952764845 -0.7743494908307486
18.08128043959386 -0.6948961541895161
18.198691351539278 -0.6058744496368519
18.316102263484694 -0.5085101609335791
18.433513175430107 -0.404143944996754
18.55092408737552 -0.2942128717332748
18.668334999320937 -0.180230636315491
18.78574591126635 -0.06376671636574058
18.903156823211766 0.05357523895521611
19.02056773515718 0.17017949038447897
19.137978647102596 0.2844404564679264
19.255389559048012 0.39478482160320133
19.372800470993422 0.4996931997983017
19.49021138293884 0.5977210558467777
19.60762229488425 0.6875185958454804
19.725033206829668 0.7678493531726489
19.842444118775084 0.8376072140067029
19.959855030720497 0.8958316479530629
20.077265942665914 0.9417209340609474
20.194676854611327 0.9746432001145904
20.31208776655674 0.9941451231934679
20.429498678502156 0.9999581716991908
20.54690959044757 0.9920023028995395
20.664320502392986 0.9703870650763271
20.7817314143384 0.9354100891010722
20.899142326283815 0.8875529902087148
21.016553238229232 0.8274747363998918
21.133964150174645 0.7560025747854914
21.25137506212006 0.6741206408131277
21.36878597406547 0.5829564072207472
21.486196886010887 0.48376515930833114
21.603607797956304 0.377912710295454
21.721018709901717 0.2668565947653438
21.838429621847133 0.15212599915225425
21.955840533792546 0.035300705619188695
22.073251445737963 -0.08201066074197282
22.19066235768338 -0.1981927818628094
22.30807326962879 -0.3116458888096223
22.425484181574205 -0.4208077897910085
22.542895093519622 -0.5241753807471623
22.660306005465035 -0.6203253423311199
22.77771691741045 -0.707933738294919
22.895127829355864 -0.7857942454208221
23.01253874130128 -0.8528347639807528
23.129949653246697 -0.9081321800062585
23.24736056519211 -0.9509250761000865
23.364771477137523 -0.9806242157679036
23.482182389082936 -0.9968206569062298
23.599593301028353 -0.9992913827279767
23.71700421297377 -0.9880023725905939
23.834415124919182 -0.9631090704430799
23.9518260368646 -0.9249542444415696
24.069236948810012 -0.874063267205525
24.18664786075543 -0.8111368817029833
24.304058772700845 -0.7370415523749918
24.421469684646254 -0.6527975343593263
24.53888059659167 -0.5595648250942288
24.656291508537084 -0.4586271917415331
24.7737024204825 -0.3513744943633515
24.891113332427917 -0.23928354825333978
25.00852424437333 -0.12389778893845695
25.125935156318747 -0.006806019853868468
25.243346068264156 0.1103794646752174
25.360756980209572 0.22604507990943576
25.47816789215499 0.33859816893941197
25.595578804100402 0.44648893276436585
25.71298971604582 0.5482317702390129
25.83040062799123 0.6424257340484988
25.947811539936648 0.727773821043033
26.065222451882065 0.8031008313139976
26.182633363827478 0.867369550101178
26.300044275772894 0.9196950297144166
26.417455187718303 0.9593567748148549
26.53486609966372 0.9858086632706622
26.652277011609137 0.9986864659820321
26.76968792355455 0.9978128621313289
26.887098835499966 0.9831998808008864
27.00450974744538 0.9550487353386417
27.121920659390796 0.9137470527522935
27.239331571336212 0.8598635362818369
27.35674248328162 0.7941401346441348
27.474153395227038 0.717481825775046
27.59156430717245 0.6309441557418637
27.708975219117868 0.5357187044088303
27.826386131063284 0.43311667798624764
27.943797043008697 0.32455085438539477
28.061207954954114 0.21151612998259053
28.178618866899527 0.09556893565363855
28.29602977884494 -0.02169419449065009
28.413440690790356 -0.13865860657012472
28.53085160273577 -0.25371375990100414
28.648262514681186 -0.3652754033249913
28.7656734266266 -0.47180738954489165
28.883084338572015 -0.5718428270944951
29.00049525051743 -0.6640042786907099
29.117906162462845 -0.7470227278469588
29.23531707440826 -0.8197550525871439
29.35272798635367 -0.881199765655974
29.470138898299087 -0.930510804491
29.587549810244504 -0.9670091810753412
29.704960722189917 -0.9901923312586223
29.822371634135333 -0.9997410348106532
29.939782546080746 -0.9955238109222332
30.057193458026163 -0.977598728629269
30.17460436997158 -0.9462126072315763
30.29201528191699 -0.9017976177161975
30.409426193862405 -0.8449653319818968
30.526837105807818 -0.776498301804041
30.644248017753235 -0.6973392834931839
30.76165892969865 -0.6085782566184172
30.879069841644064 -0.5114374155410366
30.99648075358948 -0.4072543404175102
31.113891665534894 -0.2974635793985511
31.231302577480307 -0.18357689562800397
31.348713489425723 -0.06716245103043383
31.466124401371136 0.050176786483913355
31.583535313316553 0.1668251150749714
31.700946225261966 0.28117634636842237
31.818357137207382 0.39165592185571907
31.9357680491528 0.4967425937668311
32.05317896109821 0.5949893718811723
32.170589873043625 0.6850434478496956
32.28800078498904 0.7656648226803279
32.40541169693446 0.8357433808957402
32.52282260887987 0.894314176260915
32.640233520825284 0.9405707186038502
32.7576444327707 0.9738760787765296
32.87505534471611 0.9937716588465373
32.99246625666153 0.9999835067581981
33.10987716860694 0.9924260885135604
33.227288080552356 0.9712034659322063
33.344698992497776 0.9366078637727243
33.46210990444319 0.8891156459458752
33.5795208163886 0.8293807562249208
33.69693172833402 0.7582257137712488
33.81434264027943 0.6766302874623452
33.93175355222485 0.5857180049707881
34.04916446417026 0.48674068235760065
34.166575376115674 0.38106118719938104
34.283986288061094 0.2701346725924109
34.40139720000651 0.15548854043192634
34.51880811195192 0.038701409861975816
34.63621902389733 -0.07861861951021702
34.753629935842746 -0.19485611033096287
34.871040847788166 -0.3084105312538669
34.98845175973358 -0.4177182954453879
35.10586267167899 -0.5212742903832452
35.223273583624405 -0.6176526024931219
35.340684495569825 -0.7055261512560274
35.45809540751524 -0.7836849624345384
35.57550631946065 -0.8510528288049382
35.69291723140607 -0.9067021289853097
35.81032814335148 -0.9498666003118933
35.9277390552969 -0.979951889887702
36.04514996724231 -0.9965437385206933
36.16256087918772 -0.9994136848629487
36.27997179113314 -0.9885222112076509
36.397382703078556 -0.9640192876278884
36.51479361502397 -0.9262423069647395
36.63220452696939 -0.8757114390988209
36.749615438914795 -0.8131224684746382
36.867026350860215 -0.739337213501329
36.98443726280563 -0.6553716597499392
37.10184817475104 -0.5623819703469064
37.21925908669646 -0.46164856619369765
37.336669998641874 -0.3545584952198576
37.45408091058729 -0.24258633343585456
37.5714918225327 -0.1272738807686676
37.68890273447811 -0.010208931258077768
37.80631364642353 0.10699659006266783
37.923724558368946 0.2227288225577083
38.04113547031436 0.33539419203175946
38.15854638225977 0.4434413534392265
38.27595729420519 0.5453825521193661
38.393368206150605 0.6398141094240358
38.510779118096025 0.7254357506614202
38.62819003004143 0.8010685092195865
38.745600941986844 0.8656709603393569
38.863011853932264 0.9183535610054636
38.98042276587768 0.9583908985031155
39.0978336778231 0.9852316789835
39.2152445897685 0.9985063185006987
39.33265550171392 0.9980320319953555
39.450066413659336 0.9838153501523078
39.567477325604756 0.9560520294763697
39.68488823755017 0.9151243568244636
39.802299149495575 0.8615958855093149
39.919710061440995 0.7962036754558984
40.03712097338641 0.719848144259804
40.15453188533183 0.633580668893182
40.27194279727724 0.53858910877665
40.389353709222654 0.4361814495569734
40.50676462116807 0.3277677928075375
40.62417553311348 0.21484093964423248
40.7415864450589 0.09895583561054293
40.85899735700431 -0.018291840134604803
40.976408268949726 -0.1352876465103083
41.09381918089514 -0.25042061054924314
41.21123009284056 -0.36210540967909177
41.32864100478597 -0.46880420081099133
41.44605191673139 -0.5690477956596265
41.5634628286768 -0.6614558907213655
41.68087374062221 -0.7447560733541146
41.79828465256763 -0.8178013422545639
41.915695564513044 -0.8795859010849136
42.033106476458464 -0.9292590077787921
42.15051738840387 -0.9661366888283728
42.26792830034929 -0.9897111572530122
42.3853392122947 -0.9996578045686267
42.50275012424012 -0.9958396704820468
42.620161036185536 -0.9783093287648432
42.73757194813094 -0.947308163339137
42.85498286007636 -0.903263044543299
42.972393772021775 -0.8467804513437258
43.089804683967195 -0.7786381204267729
43.20721559591261 -0.699774337158722
43.32462650785802 -0.6112750158717271
43.442037419803434 -0.5143587473737536
43.559448331748854 -0.41036001957065066
43.67685924369427 -0.30071084224395156
43.79427015563968 -0.1869210290018016
43.91168106758509 -0.07055740791068157
44.029091979530506 0.046777752933099166
44.146502891475926 0.16346880782316228
44.26391380342134 0.2779089800656967
44.38132471536676 0.388522486480363
44.498735627312165 0.49378623513611325
44.61614653925758 0.5922507975553419
44.733557451203 0.6825603666094792
44.85096836314841 0.7634714252961203
44.96837927509383 0.8338698693380399
45.085790187039244 0.8927863478344878
45.20320109898466 0.9394096107319162
45.32061201093007 0.9730976793261051
45.43802292287549 0.9933866859836096
45.5554338348209 0.9999972613640068
45.67284474676632 0.9928383811941532
45.79025565871173 0.9720086196262987
45.90766657065714 0.9377947919219539
46.02507748260256 0.8906680051510862
46.142488394547975 0.8312771712865027
46.259899306493395 0.7604400720147932
46.3773102184388 0.6791320982969427
46.49472113038422 0.588472819729014
46.612132042329634 0.48971056863620954
46.72954295427505 0.38420525116927695
46.84695386622047 0.2734096220859517
46.96436477816587 0.1588492810541413
47.08177569011129 0.04210166591750524
47.199186602056706 -0.07522566782420462
47.316597514002126 -0.19151718223984612
47.43400842594754 -0.30517160210547783
47.551419337892945 -0.41462396365280496
47.668830249838365 -0.5183671633272431
47.78624116178378 -0.6149727098400972
47.9036520737292 -0.7031103937698033
48.02106298567461 -0.7815666038715391
48.138473897620024 -0.8492610378891186
48.25588480956544 -0.9052615777696055
48.37329572151086 -0.9487971244565678
48.49070663345627 -0.9792682155333293
48.60811754540169 -0.9962552795166908
48.725528457347096 -0.9995244131436264
48.84293936929251 -0.9890306021006962
48.96035028123793 -0.9649183408483237
49.07776119318334 -0.9275196430053071
49.19517210512876 -0.8773494696895194
49.31258301707417 -0.8150986387642897
49.42999392901959 -0.7416243126264496
49.547404840965 -0.6579381955145409
49.664815752910414 -0.5651926028540774
49.782226664855834 -0.46466459445807434
49.89963757680124 -0.35773839006058866
50.01704848874666 -0.2458863093123503
50.13445940069207 -0.13064849868534548
50.25187031263749 -0.013611724436272284
50.369281224582906 0.10361247636067446
50.48669213652831 0.21940998586272653
50.60410304847373 0.33218633104330525
50.721513960419145 0.4403886387775521
50.838924872364565 0.5425270181184297
50.95633578430998 0.6371950753400166
51.07374669625539 0.7230892792664807
51.191157608200804 0.7990269102357936
51.308568520146224 0.8639623455501559
51.42597943209164 0.9170014571706712
51.54339034403706 0.957413923407377
51.66080125598246 0.9846432850788058
51.778212167927876 0.9983146076729583
51.895623079873296 0.9982396440055181
52.01303399181871 0.9844194262881989
52.13044490376413 0.9570442519157075
52.247855815709535 0.9164910631670602
52.365266727654955 0.8633182569013885
52.48267763960037 0.7982579957161848
52.60008855154579 0.7222061264393171
52.7174994634912 0.6362098447722038
52.83491037543661 0.5414532759356363
52.95232128738203 0.43924116986552153
53.06973219932744 0.3309809354674877
53.18714311127286 0.21816326130937866
53.30455402321827 0.10234158959512347
53.42196493516368 -0.014889273947260029
53.5393758471091 -0.13191511973239634
53.65678675905451 -0.2471245611654941
53.77419767099993 -0.3589312226192795
53.891608582945345 -0.46579558302244145
54.00901949489076 -0.5662461742846941
54.12643040683617 -0.6588998426667011
54.24384131878159 -0.7424807941061777
54.361252230727004 -0.815838161255614
54.478663142672424 -0.8779618503424919
54.59607405461783 -0.9279964496486404
54.71348496656324 -0.9652530080961631
54.83089587850866 -0.9892185217546281
54.948306790454076 -0.9995629976452427
55.065717702399496 -0.9961439975769554
55.1831286143449 -0.9790085994481638
55.30053952629032 -0.9483927490079035
55.417950438235735 -0.9047180110024615
55.535361350181155 -0.8485857644424256
55.65277226212657 -0.7807689219184729
55.770183174071974 -0.7022012869866453
55.887594086017394 -0.6139646961665661
56.00500499796281 -0.5172741226008224
56.12241590990823 -0.41346094649041004
56.23982682185364 -0.3039546226640805
56.35723773379905 -0.19026299770966865
56.474648645744466 -0.073951547690689
56.59205955768988 0.04337817766577527
56.7094704696353 0.1601106074972518
56.82688138158071 0.2746383953979526
56.944292293526125 0.3853845517643171
57.06170320547154 0.49082415814270103
57.17911411741696 0.5895053645837587
57.29652502936237 0.680069380880511
57.41393594130779 0.7612691864209834
57.5313468532532 0.8319867010300687
57.64875776519861 0.8912481803670155
57.76616867714403 0.938237623891521
57.88357958908944 0.9723080107776835
58.00099050103486 0.9929902090629165
58.11840141298027 0.9999994353573294
58.23581232492569 0.993239176166706
58.3532232368711 0.9728025168344068
58.47063414881652 0.9389708598033596
58.588045060761935 0.8922100498470283
