0.0 0.0
0.002911584111241483 0.0029115799975038686
0.005823168222482966 0.005823135312623899
0.008734752333724451 0.008734641263185496
0.011646336444965932 0.011646073167432535
0.014557920556207415 0.014557406344236615
0.017469504667448902 0.017468616113306277
0.020381088778690385 0.020379677795396223
0.023292672889931865 0.023290566712516534
0.026204257001173348 0.02620125818814189
0.02911584111241483 0.029111727547420724
0.032027425223656314 0.032021950117384436
0.034939009334897804 0.03493190122715653
0.03785059344613928 0.03784155620816175
0.04076217755738077 0.04075089039433526
0.043673761668622246 0.04365987912233163
0.04658534577986373 0.046568497731734076
0.04949692989110522 0.04947672156526337
0.052408514002346696 0.05238452596898692
0.055320098113588186 0.05529188629252781
0.05823168222482966 0.058198777889273696
0.061143266336071145 0.0611051761165858
0.06405485044731263 0.0640110563360078
0.06696643455855412 0.06691639391347468
0.06987801866979561 0.06982116421952153
0.07278960278103708 0.07272534262949246
0.07570118689227856 0.07562890452374921
0.07861277100352004 0.07853182528787993
0.08152435511476154 0.08143408031290789
0.08443593922600302 0.08433564499549992
0.08734752333724449 0.0872364947381752
0.09025910744848598 0.09013660494951366
0.09317069155972746 0.09303595104436448
0.09608227567096896 0.09593450844405446
0.09899385978221044 0.09883225257659643
0.10190544389345191 0.10172915887689755
0.10481702800469339 0.10462520278696759
0.10772861211593487 0.10752035975612699
0.11064019622717637 0.11041460524121517
0.11355178033841785 0.11330791470679837
0.11646336444965932 0.11620026362537783
0.11937494856090082 0.1190916274775977
0.12228653267214229 0.12198198175245274
0.12519811678338377 0.12487130194749631
0.12810970089462526 0.1277595635690479
0.13102128500586674 0.130646742132401
0.13393286911710825 0.1335328131620304
0.1368444532283497 0.13641775219179977
0.13975603733959122 0.1393015347651693
0.14266762145083267 0.1421841364354026
0.14557920556207415 0.1450655327657743
0.14849078967331567 0.14794569932977714
0.15140237378455712 0.15082461171132872
0.15431395789579863 0.15370224550497905
0.1572255420070401 0.15657857631611688
0.16013712611828157 0.15945357976117697
0.16304871022952308 0.16232723146784642
0.16596029434076454 0.16519950707527148
0.16887187845200605 0.1680703822342641
0.1717834625632475 0.17093983260750817
0.17469504667448899 0.17380783386976603
0.1776066307857305 0.17667436170808457
0.18051821489697195 0.17953939182200127
0.18342979900821346 0.18240289992375047
0.18634138311945492 0.18526486173846887
0.1892529672306964 0.18812525300440172
0.1921645513419379 0.19098404947310826
0.19507613545317937 0.19384122690966724
0.19798771956442088 0.1966967610928826
0.20089930367566233 0.1995506278154885
0.20381088778690382 0.2024028028843548
0.20672247189814533 0.2052532621206921
0.20963405600938678 0.20810198136025643
0.2125456401206283 0.2109489364535546
0.21545722423186975 0.21379410326604836
0.21836880834311123 0.21663745767835957
0.22128039245435274 0.2194789755864742
0.2241919765655942 0.22231863290194684
0.2271035606768357 0.22515640555210503
0.23001514478807716 0.22799226948025306
0.23292672889931865 0.2308262006458762
0.23583831301056013 0.2336581750248443
0.23874989712180164 0.23648816860961552
0.24166148123304312 0.23931615740943976
0.24457306534428458 0.24214211745056222
0.24748464945552606 0.2449660247764265
0.25039623356676755 0.24778785544787774
0.2533078176780091 0.2506075855433655
0.2562194017892505 0.25342519115914647
0.259130985900492 0.25624064840948746
0.2620425700117335 0.25905393342686756
0.26495415412297496 0.26186502236218046
0.2678657382342165 0.26467389138493697
0.2707773223454579 0.26748051668346634
0.2736889064566994 0.2702848744651192
0.2766004905679409 0.2730869409564682
0.27951207467918243 0.2758866924035101
0.2824236587904239 0.278684105071867
0.28533524290166534 0.28147915524698763
0.2882468270129068 0.2842718192343483
0.2911584111241483 0.2870620733596538
0.29406999523538985 0.289849893969038
0.29698157934663133 0.29263525742926444
0.29989316345787276 0.29541814012792683
0.30280474756911424 0.2981985184736491
0.3057163316803557 0.30097636889628515
0.30862791579159726 0.30375166784711916
0.31153949990283875 0.3065243917990646
0.3144510840140802 0.3092945172468643
0.31736266812532166 0.3120620207072894
0.32027425223656314 0.31482687871933834
0.3231858363478047 0.317589067844436
0.32609742045904616 0.3203485646666321
0.3290090045702876 0.32310534579279987
0.33192058868152907 0.32585938785283464
0.33483217279277055 0.3286106674998513
0.3377437569040121 0.33135916141038285
0.3406553410152536 0.33410484628457765
0.343566925126495 0.3368476988463972
0.3464785092377365 0.3395876958438137
0.34939009334897797 0.34232481404900644
0.3523016774602195 0.34505903025855944
0.355213261571461 0.3477903212936576
0.3581248456827024 0.3505186640002837
0.3610364297939439 0.35324403524941433
0.3639480139051854 0.3559664119372161
0.3668595980164269 0.3586857709852414
0.3697711821276684 0.361402089340624
0.37268276623890984 0.3641153439762749
0.3755943503501513 0.36682551189107687
0.3785059344613928 0.3695325701100801
0.38141751857263434 0.37223649568469647
0.3843291026838758 0.37493726569289426
0.38724068679511725 0.3776348572393925
0.39015227090635873 0.3803292474558552
0.3930638550176002 0.3830204135010849
0.39597543912884176 0.38570833256121656
0.39888702324008324 0.3883929818499106
0.40179860735132467 0.3910743386085467
0.40471019146256615 0.39375238010641606
0.40762177557380763 0.3964270836409146
0.41053335968504917 0.39909842653773514
0.41344494379629065 0.4017663861510596
0.4163565279075321 0.4044309398637511
0.41926811201877356 0.4070920650875458
0.42217969613001505 0.40974973926324404
0.4250912802412566 0.41240393986090207
0.42800286435249807 0.41505464438002226
0.4309144484637395 0.41770183034974484
0.433826032574981 0.4203454753290377
0.43673761668622246 0.42298555690688683
0.439649200797464 0.4256220527024864
0.4425607849087055 0.428254940365428
0.4454723690199469 0.43088419757589097
0.4483839531311884 0.433509802044831
0.4512955372424299 0.43613173151416923
0.4542071213536714 0.4387499637569808
0.4571187054649129 0.44136447657768346
0.4600302895761543 0.44397524781222575
0.4629418736873958 0.44658225532827484
0.4658534577986373 0.449185477025404
0.46876504190987883 0.45178489083528034
0.47167662602112026 0.45438047472185117
0.47458821013236174 0.45697220668153177
0.4774997942436033 0.4595600647433912
0.4804113783548447 0.4621440269693386
0.48332296246608625 0.4647240714543097
0.4862345465773277 0.46730017632645193
0.48914613068856916 0.4698723197473101
0.4920577147998107 0.4724404799120116
0.4949692989110521 0.47500463504945084
0.49788088302229366 0.47756476342247456
0.5007924671335351 0.48012084332806526
0.5037040512447766 0.48267285309752583
0.5066156353560182 0.48522077109666295
0.5095272194672595 0.4877645757259702
0.512438803578501 0.4903042454208121
0.5153503876897425 0.49283975865160573
0.518261971800984 0.4953710939240043
0.5211735559122256 0.49789822977907866
0.524085140023467 0.5004211447934992
0.5269967241347084 0.5029398175797183
0.5299083082459499 0.5054542267861506
0.5328198923571914 0.5079643510973546
0.535731476468433 0.5104701692342133
0.5386430605796744 0.5129716599541141
0.5415546446909159 0.5154688020511298
0.5444662288021573 0.5179615743561976
0.5473778129133988 0.5204499557372988
0.5502893970246404 0.5229339250996381
0.5532009811358818 0.5254134613858219
0.5561125652471233 0.5278885435760378
0.5590241493583649 0.5303591506882316
0.5619357334696062 0.5328252617782858
0.5648473175808478 0.5352868559401978
0.5677589016920892 0.5377439123062553
0.5706704858033307 0.5401964100472155
0.5735820699145723 0.5426443283724797
0.5764936540258137 0.5450876465302704
0.5794052381370552 0.5475263438078077
0.5823168222482966 0.5499603995314838
0.5852284063595381 0.5523897930670392
0.5881399904707797 0.5548145038197371
0.5910515745820211 0.5572345112345378
0.5939631586932627 0.5596497947962741
0.596874742804504 0.5620603340298235
0.5997863269157455 0.5644661085002833
0.6026979110269871 0.566867097813143
0.6056094951382285 0.5692632816144572
0.6085210792494701 0.5716546395910187
0.6114326633607114 0.5740411514705298
0.6143442474719529 0.5764227970217755
0.6172558315831945 0.5787995560547935
0.6201674156944359 0.5811714084210462
0.6230789998056775 0.5835383340135917
0.6259905839169189 0.5859003127672535
0.6289021680281603 0.5882573246587913
0.6318137521394019 0.5906093497070706
0.6347253362506433 0.5929563679732311
0.6376369203618849 0.595298359560858
0.6405485044731263 0.5976353046161476
0.6434600885843678 0.5999671833280786
0.6463716726956094 0.6022939759285783
0.6492832568068507 0.6046156626926898
0.6521948409180923 0.6069322239387414
0.6551064250293337 0.6092436400285105
0.6580180091405752 0.611549891367393
0.6609295932518168 0.6138509584045674
0.6638411773630581 0.6161468216331607
0.6667527614742997 0.6184374615904151
0.6696643455855411 0.6207228588578516
0.6725759296967826 0.6230029940614352
0.6754875138080242 0.6252778478717395
0.6783990979192656 0.6275474010041092
0.6813106820305072 0.6298116342188257
0.6842222661417485 0.632070528321268
0.68713385025299 0.6343240641620771
0.6900454343642316 0.6365722226373175
0.692957018475473 0.638814984688639
0.6958686025867146 0.6410523313034392
0.6987801866979559 0.6432842435150233
0.7016917708091974 0.6455107024027666
0.704603354920439 0.6477316890922732
0.7075149390316804 0.6499471847555369
0.710426523142922 0.652157170611101
0.7133381072541634 0.6543616279242167
0.7162496913654048 0.6565605380070028
0.7191612754766464 0.6587538822186035
0.7220728595878878 0.6609416419653467
0.7249844436991294 0.6631237987009017
0.7278960278103708 0.665300333926436
0.7308076119216123 0.6674712291907726
0.7337191960328538 0.6696364660905466
0.7366307801440952 0.6717960262703601
0.7395423642553368 0.6739498914229392
0.7424539483665782 0.6760980432892879
0.7453655324778197 0.6782404636588443
0.7482771165890613 0.6803771343696337
0.7511887007003026 0.6825080373084229
0.7541002848115442 0.6846331544108748
0.7570118689227856 0.6867524676616995
0.7599234530340271 0.6888659590948092
0.7628350371452687 0.6909736107934689
0.76574662125651 0.6930754048904488
0.7686582053677516 0.6951713235681766
0.771569789478993 0.6972613490588866
0.7744813735902345 0.6993454636447727
0.7773929577014761 0.7014236496581367
0.7803045418127175 0.703495889481539
0.7832161259239591 0.7055621655479476
0.7861277100352004 0.7076224603408872
0.7890392941464419 0.7096767563945877
0.7919508782576835 0.7117250362941325
0.7948624623689249 0.7137672826756051
0.7977740464801665 0.7158034782262378
0.8006856305914078 0.7178336056845571
0.8035972147026493 0.7198576478405312
0.8065087988138909 0.7218755875357149
0.8094203829251323 0.7238874076633957
0.8123319670363739 0.7258930911687385
0.8152435511476153 0.7278926210489302
0.8181551352588567 0.7298859803533243
0.8210667193700983 0.731873152183584
0.8239783034813397 0.7338541196938253
0.8268898875925813 0.7358288660907609
0.8298014717038227 0.7377973746338413
0.8327130558150642 0.7397596286353975
0.8356246399263058 0.7417156114607821
0.8385362240375471 0.7436653065285106
0.8414478081487887 0.7456086973104017
0.8443593922600301 0.7475457673317174
0.8472709763712716 0.7494765001713031
0.8501825604825132 0.7514008794617263
0.8530941445937545 0.7533188888894152
0.8560057287049961 0.7552305121947983
0.8589173128162375 0.7571357331724402
0.861828896927479 0.7590345356711807
0.8647404810387206 0.7609269035942711
0.867652065149962 0.76281282089951
0.8705636492612036 0.7646922715993808
0.8734752333724449 0.7665652397611855
0.8763868174836864 0.7684317095071814
0.879298401594928 0.7702916650147145
0.8822099857061694 0.7721450905163538
0.885121569817411 0.7739919703000262
0.8880331539286523 0.7758322887091473
0.8909447380398938 0.7776660301427569
0.8938563221511354 0.7794931790556493
0.8967679062623768 0.7813137199585052
0.8996794903736184 0.7831276374180245
0.9025910744848598 0.7849349160570552
0.9055026585961012 0.7867355405547255
0.9084142427073428 0.7885294956465723
0.9113258268185842 0.790316766124671
0.9142374109298258 0.7920973368377655
0.9171489950410672 0.7938711926913945
0.9200605791523087 0.7956383186480217
0.9229721632635502 0.7973986997271618
0.9258837473747916 0.7991523210055079
0.9287953314860332 0.8008991676170584
0.9317069155972746 0.8026392247532421
0.9346184997085161 0.8043724776630452
0.9375300838197577 0.8060989116531347
0.9404416679309991 0.8078185120879842
0.9433532520422405 0.809531264389997
0.946264836153482 0.8112371540396309
0.9491764202647235 0.8129361665755201
0.9520880043759651 0.8146282875945984
0.9549995884872066 0.8163135027522208
0.9579111725984479 0.8179917977622861
0.9608227567096894 0.8196631583973571
0.9637343408209309 0.8213275704887815
0.9666459249321725 0.8229850199268117
0.969557509043414 0.8246354926607252
0.9724690931546554 0.826278974698943
0.9753806772658968 0.8279154521091483
0.9782922613771383 0.8295449110184049
0.9812038454883799 0.8311673376132749
0.9841154295996214 0.832782718139935
0.9870270137108628 0.834391038904294
0.9899385978221042 0.8359922862721086
0.9928501819333457 0.8375864466690986
0.9957617660445873 0.8391735065810628
0.9986733501558288 0.8407534525539925
1.0015849342670702 0.8423262711941862
1.0044965183783117 0.8438919491683635
1.0074081024895531 0.8454504732037772
1.0103196866007946 0.8470018300883266
1.0132312707120363 0.8485460066706692
1.0161428548232776 0.8500829898603315
1.019054438934519 0.8516127666278219
1.0219660230457606 0.853135324004739
1.024877607157002 0.8546506490838828
1.0277891912682438 0.8561587290193635
1.030700775379485 0.857659551026711
1.0336123594907265 0.8591531023829828
1.036523943601968 0.860639370426872
1.0394355277132095 0.8621183425588146
1.0423471118244512 0.8635900062410966
1.0452586959356924 0.8650543489979596
1.048170280046934 0.8665113584157075
1.0510818641581754 0.8679610221428108
1.0539934482694169 0.869403327890012
1.0569050323806586 0.8708382634304294
1.0598166164918998 0.8722658165996608
1.0627282006031413 0.8736859752958871
1.0656397847143828 0.875098727479974
1.0685513688256243 0.8765040611755748
1.071462952936866 0.8779019644692316
1.0743745370481073 0.8792924255104761
1.0772861211593487 0.8806754325119311
1.0801977052705902 0.882050973749409
1.0831092893818317 0.8834190375620118
1.0860208734930734 0.8847796123522303
1.0889324576043147 0.8861326865860418
1.0918440417155562 0.8874782487930089
1.0947556258267976 0.888816287566375
1.0976672099380391 0.8901467915631627
1.1005787940492808 0.8914697495042692
1.103490378160522 0.8927851501745617
1.1064019622717636 0.8940929824229732
1.109313546383005 0.8953932351625964
1.1122251304942465 0.8966858973707778
1.1151367146054882 0.8979709580892113
1.1180482987167297 0.8992484064240311
1.120959882827971 0.9005182315459037
1.1238714669392125 0.9017804226901207
1.126783051050454 0.9030349691566885
1.1296946351616957 0.9042818603104202
1.1326062192729371 0.9055210855810256
1.1355178033841784 0.9067526344632002
1.1384293874954199 0.9079764965167151
1.1413409716066614 0.9091926613665048
1.144252555717903 0.9104011187027555
1.1471641398291446 0.9116018582809925
1.1500757239403858 0.9127948699221666
1.1529873080516273 0.9139801435127415
1.1558988921628688 0.915157669004778
1.1588104762741105 0.9163274364160208
1.161722060385352 0.9174894358299813
1.1646336444965932 0.9186436573960235
1.1675452286078347 0.9197900913294464
1.1704568127190762 0.9209287279115673
1.173368396830318 0.9220595574898041
1.1762799809415594 0.9231825704777566
1.1791915650528006 0.9242977573552891
1.1821031491640421 0.92540510866861
1.1850147332752836 0.9265046150303523
1.1879263173865253 0.9275962671196529
1.1908379014977668 0.9286800556822322
1.193749485609008 0.9297559715304717
1.1966610697202495 0.9308240055434931
1.199572653831491 0.9318841486672343
1.2024842379427327 0.9329363919145273
1.2053958220539742 0.9339807263651729
1.2083074061652155 0.9350171431660185
1.211218990276457 0.936045633531031
1.2141305743876984 0.9370661887413727
1.2170421584989402 0.9380788001454745
1.2199537426101816 0.9390834591591094
1.222865326721423 0.9400801572654653
1.2257769108326644 0.9410688860152178
1.2286884949439059 0.9420496370266004
1.2316000790551476 0.943022401985477
1.234511663166389 0.9439871726454115
1.2374232472776303 0.9449439408277381
1.2403348313888718 0.9458926984216307
1.2432464155001133 0.9468334373841711
1.246157999611355 0.9477661497404181
1.2490695837225965 0.9486908275834738
1.2519811678338377 0.9496074630745522
1.2548927519450792 0.9505160484430446
1.2578043360563207 0.9514165759865855
1.2607159201675624 0.9523090380711184
1.2636275042788039 0.9531934271309602
1.2665390883900451 0.9540697356688651
1.2694506725012866 0.9549379562560889
1.272362256612528 0.9557980815324513
1.2752738407237698 0.9566501042063983
1.2781854248350113 0.9574940170550644
1.2810970089462526 0.958329812924334
1.284008593057494 0.9591574847289009
1.2869201771687355 0.95997702545233
1.2898317612799772 0.9607884281471155
1.2927433453912187 0.9615916859347401
1.29565492950246 0.9623867920057338
1.2985665136137015 0.9631737396197313
1.301478097724943 0.9639525221055287
1.3043896818361846 0.9647231328611411
1.3073012659474261 0.9654855653538572
1.3102128500586674 0.9662398131202958
1.3131244341699089 0.9669858697664604
1.3160360182811504 0.967723728967793
1.318947602392392 0.968453384469228
1.3218591865036335 0.969174830085245
1.3247707706148748 0.9698880596999213
1.3276823547261163 0.9705930672669844
1.3305939388373578 0.9712898468098622
1.3335055229485995 0.9719783924217343
1.336417107059841 0.9726586982655819
1.3393286911710822 0.9733307585742373
1.3422402752823237 0.9739945676504331
1.3451518593935652 0.9746501198668498
1.348063443504807 0.9752974096661641
1.3509750276160484 0.9759364315610957
1.3538866117272896 0.976567180134454
1.3567981958385311 0.9771896500391842
1.3597097799497726 0.9778038359984123
1.3626213640610143 0.9784097328054894
1.3655329481722558 0.979007335324037
1.368444532283497 0.9795966384879896
1.3713561163947385 0.9801776373016382
1.37426770050598 0.9807503268396722
1.3771792846172217 0.9813147022472213
1.3800908687284632 0.9818707587398967
1.3830024528397045 0.9824184916038319
1.385914036950946 0.9829578961957223
1.3888256210621874 0.9834889679428647
1.3917372051734291 0.9840117023431961
1.3946487892846706 0.9845260949653317
1.3975603733959119 0.9850321414486026
1.4004719575071534 0.985529837503093
1.4033835416183948 0.986019178909676
1.4062951257296366 0.98650016152005
1.409206709840878 0.9869727812567733
1.4121182939521193 0.987437034113299
1.4150298780633608 0.9878929161540089
1.4179414621746023 0.9883404235142469
1.420853046285844 0.9887795524003518
1.4237646303970855 0.9892102990896889
1.4266762145083267 0.9896326599306827
1.4295877986195682 0.9900466313428468
1.4324993827308097 0.9904522098168146
1.4354109668420514 0.9908493919143693
1.4383225509532929 0.9912381742684727
1.4412341350645341 0.9916185535832939
1.4441457191757756 0.9919905266342371
1.447057303287017 0.9923540902679694
1.4499688873982588 0.992709241402447
1.4528804715095003 0.9930559770269413
