0.0 0.0
0.0942570377546797 0.09411753037348289
0.1885140755093594 0.1873995028731007
0.28277111326403914 0.27901777755189117
0.3770281510187188 0.3681589844617263
0.4712851887733985 0.454031744599951
0.5655422265280783 0.5358736956245096
0.6597992642827579 0.6129582599645744
0.7540563020374376 0.6846010952406525
0.8483133397921173 0.7501661697285433
0.942570377546797 0.8090714089303132
1.0368274153014767 0.8607938631230821
1.1310844530561566 0.9048743500090902
1.225341490810836 0.9409215312504609
1.3195985285655158 0.9686153866979472
1.4138555663201955 0.9877100554701065
1.5081126040748751 0.9980360186603323
1.602369641829555 0.9995016042940775
1.6966266795842346 0.9920938011755399
1.7908837173389143 0.9758783743986312
1.885140755093594 0.9509992814967435
1.9793977928482738 0.9176773944146281
2.0736548306029534 0.8762085386484816
2.167911868357633 0.8269608669623858
2.262168906112313 0.7703715909967602
2.3564259438669923 0.7069430997849959
2.450682981621672 0.6372384996373517
2.544940019376352 0.5618766149882007
2.6391970571310317 0.4815264945881648
2.7334540948857113 0.39690147181413765
2.827711132640391 0.30875283182866303
2.9219681703950706 0.21786314181043842
3.0162252081497503 0.12503930346891715
3.1104822459044303 0.031105389521485845
3.20473928365911 -0.0631046722703602
3.298996321413789 -0.15675450255608853
3.3932533591684693 -0.2490126956159493
3.487510396923149 -0.3390602004258245
3.5817674346778285 -0.4260975920394031
3.6760244724325086 -0.5093521687336928
3.770281510187188 -0.588084811910742
3.864538547941868 -0.6615965478546488
3.9587955856965475 -0.7292347530897888
4.053052623451227 -0.7903989482502667
4.147309661205907 -0.8445461290236862
4.241566698960586 -0.8911955868421175
4.335823736715266 -0.929933176523075
4.430080774469946 -0.9604149929731705
4.524337812224626 -0.9823704243133683
4.6185948499793055 -0.9956045543207542
4.712851887733985 -0.9999998928583949
4.807108925488665 -0.9955174189308513
4.901365963243344 -0.982196927105296
4.995623000998025 -0.9601566742227702
5.089880038752704 -0.929592329536015
5.184137076507383 -0.890775237594353
5.278394114262063 -0.8440500092974074
5.372651152016743 -0.7898314625038367
5.466908189771423 -0.7286009393557799
5.561165227526103 -0.6609020330131322
5.655422265280782 -0.5873357617348969
5.749679303035462 -0.5085552331512183
5.843936340790141 -0.4252598460957067
5.938193378544821 -0.3381890814730836
6.0324504162995005 -0.24811593728569054
6.126707454054181 -0.15584006610144716
6.220964491808861 -0.06218067588756075
6.31522152956354 0.03203074276495815
6.40947856731822 0.125957798459623
6.503735605072899 0.21876662432122598
6.597992642827578 0.3096332809103766
6.692249680582259 0.3977510710041089
6.7865067183369385 0.4823377013033048
6.880763756091619 0.562642227486651
6.975020793846298 0.6379517209542008
7.069277831600977 0.7075975980744688
7.163534869355657 0.7709615557451623
7.257791907110337 0.827481060572758
7.352048944865017 0.8766543429390109
7.4463059826196965 0.9180448516180025
7.540563020374376 0.951285129396473
7.634820058129055 0.9760800752903968
7.729077095883736 0.9922095643964587
7.823334133638415 0.9995304021198734
7.917591171393095 0.9979775954292812
8.011848209147773 0.987564929852753
8.106105246902453 0.968384847092444
8.200362284657135 0.94060762434441
8.294619322411814 0.9044798626094348
8.388876360166494 0.8603222974153508
8.483133397921172 0.8085269513868737
8.577390435675852 0.7495536539418787
8.671647473430532 0.683925959011631
8.765904511185212 0.612226497026668
8.860161548939892 0.5350918024325458
8.95441858669457 0.4532066626558014
9.048675624449253 0.36729803868894095
9.14293266220393 0.2781286112664057
9.237189699958611 0.1864900099272922
9.331446737713291 0.09319578507602767
9.42570377546797 -0.0009258145663319273
9.519960813222651 -0.09503919499971701
9.61421785097733 -0.18830883519264932
9.70847488873201 -0.27990670468208956
9.802731926486688 -0.3690196146733703
9.896988964241368 -0.4548564373786027
9.99124600199605 -0.5366551295015557
10.085503039750728 -0.6136894975158544
10.179760077505408 -0.6852756446756245
10.274017115260087 -0.7507780425231823
10.368274153014767 -0.8096151729921149
10.462531190769447 -0.8612646910161634
10.556788228524127 -0.9052680618112651
10.651045266278807 -0.9412346316618097
10.745302304033485 -0.9688450960714368
10.839559341788165 -0.9878543344887797
10.933816379542845 -0.9980935864419813
11.028073417297525 -0.9994719497626781
11.122330455052206 -0.9919771875984886
11.216587492806884 -0.9756758370495072
11.310844530561564 -0.9507126184643419
11.405101568316244 -0.9173091506398638
11.499358606070924 -0.8757619833308786
11.593615643825602 -0.826439964536735
11.687872681580282 -0.7697809659376038
11.782129719334963 -0.7062879955514075
11.876386757089643 -0.6365247321224856
11.970643794844323 -0.5611105208868771
12.064900832599001 -0.4807148751408755
12.159157870353681 -0.3960515324268994
12.253414908108361 -0.3078721181047709
12.347671945863041 -0.21695947256200632
12.441928983617721 -0.12412070130292277
12.5361860213724 -0.03018000961656497
12.63044305912708 0.06402861456407465
12.724700096881758 0.15766880465130412
12.81895713463644 0.24990924050926114
12.91321417239112 0.33993102875894904
13.007471210145798 0.42693497276087955
13.101728247900478 0.5101486677337187
13.195985285655157 0.588833358019808
13.290242323409839 0.6622904956200671
13.384499361164519 0.7298679417727764
13.478756398919197 0.7909657565198377
13.573013436673877 0.845041524861781
13.667270474428555 0.891615172216918
13.761527512183237 0.9302732264339124
13.855784549937916 0.960672488520383
13.950041587692596 0.9825430794995329
14.044298625447276 0.9956908363453428
14.138555663201954 0.9999990357256918
14.232812700956636 0.9954294302503207
14.327069738711314 0.9820225880240266
14.421326776465994 0.9598975324905966
14.515583814220674 0.9292506857648837
14.609840851975353 0.8903541248339193
14.704097889730035 0.8435531661081845
14.798354927484713 0.7892632997669572
14.892611965239393 0.7279665011140113
14.986869002994071 0.6602069516908107
15.081126040748751 0.5865862081343091
15.175383078503433 0.507757861669375
15.26964011625811 0.42442173564785113
15.363897154012792 0.33731767264739004
15.458154191767472 0.24721896628712373
15.55241122952215 0.1549254960711748
15.64666826727683 0.06125662620766613
15.740925305031508 -0.03295606855382861
15.83518234278619 -0.126876185487769
15.92943938054087 -0.21966991931996674
16.023696418295547 -0.3105134645952499
16.11795345605023 -0.3986003292685934
16.212210493804907 -0.48314849459098114
16.306467531559587 -0.5634073577259946
16.40072456931427 -0.6386643954617107
16.494981607068947 -0.7082514898588352
16.589238644823627 -0.7715508596771314
16.683495682578304 -0.8280005449219741
16.777752720332987 -0.8770993958203529
16.872009758087668 -0.9184115219350278
16.966266795842344 -0.9515701619185204
17.060523833597028 -0.97628093955192
17.154780871351704 -0.9923244771620201
17.249037909106384 -0.9995583432153821
17.343294946861064 -0.9979183167989045
17.437551984615745 -0.9874189577611108
17.531809022370425 -0.9681534774525298
17.6260660601251 -0.9402929112127191
17.720323097879785 -0.9040845999504264
17.814580135634465 -0.8598499942971639
17.90883717338914 -0.8079818008284685
18.00309421114382 -0.7489404956881957
18.097351248898505 -0.6832502365672385
18.19160828665318 -0.6114942093293536
18.28586532440786 -0.534309450595851
18.380122362162542 -0.4523811922533566
18.474379399917222 -0.366436778092963
18.568636437671902 -0.27723920658776524
18.662893475426582 -0.1855803571347795
18.757150513181262 -0.09227395989740833
18.85140755093594 0.0018516283391178277
18.94566458869062 0.09596077816473639
19.039921626445302 0.18921800610652245
19.13417866419998 0.2807953918950708
19.22843570195466 0.3698799285862024
19.32269273970934 0.45568074028488637
19.41694977746402 0.5374361033938889
19.5112068152187 0.6144202090537408
19.605463852973376 0.6859496067383656
19.69972089072806 0.7513892718013416
19.793977928482736 0.8101582431062004
19.888234966237416 0.8617347806910326
19.9824920039921 0.9056609976784971
20.076749041746776 0.9415469253100874
20.171006079501456 0.9690739750160219
20.265263117256133 0.9879977667851059
20.359520155010816 0.9981502987248851
20.453777192765497 0.9994414385510928
20.548034230520173 0.9918597237652583
20.642291268274857 0.9754724634166252
20.736548306029533 0.9504251405449765
20.830805343784213 0.9169401206093438
20.925062381538893 0.8753146773689598
21.019319419293574 0.8259183537422864
21.113576457048254 0.7691896810739355
21.20783349480293 0.7056322859352174
21.302090532557614 0.6358104190213967
21.396347570312294 0.560343945839324
21.49060460806697 0.47990284365710173
21.584861645821654 0.3952012535709014
21.67911868357633 0.30699114049359055
21.77337572133101 0.21605561735049644
21.86763275908569 0.12320199274900655
21.96188979684037 0.029254603843366325
22.05614683459505 -0.06495250197676505
22.150403872349727 -0.15858297160341697
22.24466091010441 -0.2508055711971676
22.33891794785909 -0.34080156572604087
22.433174985613768 -0.42777198754238915
22.527432023368448 -0.5109447294685908
22.621689061123128 -0.5895813994204939
22.715946098877808 -0.6629838757145811
22.810203136632488 -0.7305005048620139
22.904460174387168 -0.7915318868267196
22.998717212141848 -0.8455361963870723
23.092974249896525 -0.8920339933591139
23.187231287651205 -0.930612478977058
23.28148832540589 -0.9609291606437016
23.375745363160565 -0.9827148925158017
23.470002400915245 -0.995776264930662
23.564259438669925 -0.9999973214610204
23.658516476424605 -0.9953405883545806
23.752773514179285 -0.9818474072189914
23.847030551933965 -0.9596375679987678
23.941287589688645 -0.9289082455025145
24.035544627443322 -0.8899322489217661
24.129801665198002 -0.8430555998818807
24.224058702952686 -0.788694460526618
24.318315740707362 -0.7273314389082817
24.412572778462042 -0.6595113044834573
24.506829816216722 -0.5858361517514438
24.601086853971402 -0.5069600549716181
24.695343891726083 -0.42358326141420294
24.78960092948076 -0.33644597469565946
24.883857967235443 -0.24632178338907337
24.97811500499012 -0.15401079324917902
25.0723720427448 -0.06033252402270827
25.166629080499483 0.03388136609497814
25.26088611825416 0.12779446376617462
25.35514315600884 0.22057302603241383
25.449400193763516 0.3113933821288503
25.5436572315182 0.39944924587966196
25.63791426927288 0.48395887375624186
25.732171307027556 0.5641720050504155
25.82642834478224 0.6393765225490197
25.920685382536917 0.7089047745776221
26.014942420291597 0.7721395022875551
26.109199458046277 0.8285193195647724
26.203456495800957 0.8775436969110378
26.297713533555637 0.9187774050514177
26.391970571310313 0.9518543788185757
26.486227609064997 0.9764809670110322
26.580484646819677 0.9924385393737295
26.674741684574354 0.9995854275566545
26.768998722329037 0.9978581828200117
26.863255760083714 0.9872721393202978
26.957512797838394 0.9679212779765201
27.051769835593074 0.9399773921251348
27.146026873347754 0.9036885623708588
27.240283911102434 0.859376954173349
27.33454094885711 0.8074359577223642
27.428797986611794 0.74832669549305
27.523055024366474 0.6825739284866637
27.61731206212115 0.6107613975002987
27.71156909987583 0.5335266407850034
27.80582613763051 0.45155533410015775
27.90008317538519 0.3655752034120053
27.99434021313987 0.2763495642783105
28.08859725089455 0.18467054527525834
28.18285428864923 0.09135205562775363
28.277111326403908 -0.0027774405248123545
28.371368364158588 -0.09688227907862754
28.46562540191327 -0.1901270148354337
28.55988243966795 -0.281683838429113
28.65413947742263 -0.3707399254628159
28.74839651517731 -0.456504652612262
28.84265355293199 -0.5382166166321126
28.93691059068667 -0.6151503939519148
29.03116762844135 -0.686622980851207
29.12542466619603 -0.7519998570391121
29.219681703950705 -0.8107006188070868
29.313938741705385 -0.8622041317447608
29.40819577946007 -0.9060531572739853
29.502452817214746 -0.9418584119276175
29.596709854969426 -0.9693020233355217
29.690966892724106 -0.9881403522361457
29.785223930478786 -0.9982061554604335
29.879480968233466 -0.999410070685474
29.973738005988142 -0.9917414097765307
30.067995043742826 -0.9752682536743051
30.162252081497503 -0.9501368479850542
30.256509119252183 -0.9165703046393755
30.350766157006866 -0.8748666211461236
30.445023194761546 -0.8253960350261299
30.53928023251622 -0.7685977369125694
30.6335372702709 -0.7049759714984526
30.727794308025583 -0.6350955609463474
30.822051345780263 -0.5595768905026
30.916308383534943 -0.4790904008328592
31.01056542128962 -0.39435063597495484
31.1048224590443 -0.3061098997502359
31.19907949679898 -0.2151515769506314
31.29333653455366 -0.12228317859462196
31.387593572308344 -0.02832917299508555
31.481850610063017 0.06587633371653061
31.576107647817697 0.15949700262886413
31.67036468557238 0.25170168691139216
31.76462172332706 0.34167181058093243
31.85887876108174 0.4286086356665027
31.953135798836417 0.5117403532559789
32.047392836591094 0.5903289354716228
32.14164987434578 0.6636766875438751
32.23590691210046 0.7311324418153144
32.33016394985514 0.7920973386856642
32.424420987609814 0.8460301431755576
32.518678025364494 0.8924520499097199
32.612935063119174 0.9309509338617292
32.707192100873854 0.9611850091231209
32.80144913862854 0.9828858632149094
32.895706176383214 0.995860840003488
32.989963214137894 0.9999947500658499
33.084220251892575 0.9952508933197801
33.178477289647255 0.9816713848403442
33.272734327401935 0.9593767809701087
33.36699136515661 0.9285650090424279
33.461248402911295 0.8895096102194956
33.555505440665975 0.8425573110449714
33.649762478420655 0.7881249452703937
33.744019516175335 0.7266957532829206
33.83827655393001 0.6588150919873403
33.93253359168469 0.5850855932292046
34.02679062943937 0.5061618137417754
34.121047667194055 0.4227444241134501
34.215304704948736 0.33557398836504193
34.30956174270341 0.24542438936054953
34.40381878045809 0.15309595841948156
34.49807581821277 0.05940837012476548
34.59233285596745 -0.03480663459528877
34.68658989372213 -0.12871263250775436
34.78084693147681 -0.22147594368448664
34.87510396923149 -0.31227303275697416
34.96936100698617 -0.400297820109682
35.06361804474085 -0.48476883810447746
35.15787508249553 -0.564936168804512
35.2521321202502 -0.6400881016057373
35.34638915800488 -0.7095574516708758
35.44064619575957 -0.7727274830718915
35.53490323351425 -0.8290373840564906
35.62916027126893 -0.8779872458302429
35.7234173090236 -0.9191425006535611
35.81767434677828 -0.9521377798530269
35.91193138453296 -0.9766801574962832
36.00618842228764 -0.992551750933819
36.10044546004233 -0.9996116551204757
36.19470249779701 -0.9977971935441456
36.28895953555168 -0.9871244746561566
36.38321657330636 -0.9676882488634401
36.47747361106104 -0.9396610673521024
36.57173064881572 -0.903291750210188
36.6659876865704 -0.8589031774493636
36.760244724325084 -0.8068894225364186
36.854501762079764 -0.7477122538825547
36.948758799834444 -0.6818970353495898
37.043015837589124 -0.6100280621676172
37.137272875343804 -0.5327433736709721
37.23152991309848 -0.4507290889040764
37.325786950853164 -0.36471331538454843
37.420043988607844 -0.2754596851005779
37.514301026362524 -0.1837605751285531
37.608558064117204 -0.09043007305725262
37.70281510187188 0.003703250329871522
37.79707213962656 0.09780369695154004
37.89132917738124 0.19103586060024183
37.985586215135925 0.2825720435227063
38.079843252890605 0.37159960456608754
38.17410029064528 0.45732817365452877
38.26835732839996 0.5389966685472236
38.36261436615464 0.6158800515845124
38.45687140390932 0.6872957664369712
38.551128441664 0.7526097977131433
38.64538547941868 0.8112422996298879
38.73964251717336 0.8626727437750535
38.83389955492804 0.9064445402615985
38.92815659268272 0.9421690912474159
39.0224136304374 0.9695292408344702
39.11667066819207 0.9882820907196825
39.21092770594675 0.9982611566007498
39.30518474370144 0.999377846192708
39.39944178145612 0.9916222457337157
39.4936988192108 0.9750632079975802
39.58795585696547 0.9498477410316797
39.68221289472015 0.9161997030469401
39.77646993247483 0.8744178150464186
39.87072697022951 0.8248730088359671
39.9649840079842 0.7680051339608678
40.05924104573887 0.7043190528036605
40.15349808349355 0.6343801585100651
40.24775512124823 0.5588093555341718
40.34201215900291 0.4782775473645255
40.43626919675759 0.39349968036813904
40.530526234512266 0.30522839663005075
40.62478327226695 0.2142473521372904
40.71904031002163 0.12136425962731118
40.81329734777631 0.027403717864945096
40.90755438553099 -0.06680010899154075
41.001811423285666 -0.16041089694419966
41.096068461040346 -0.25259758688384293
41.190325498795026 -0.34254176257770674
41.28458253654971 -0.4294449164160984
41.37883957430439 -0.5125355384139337
41.47309661205907 -0.591075965532467
41.56735364981375 -0.6643689305141098
41.66161068756843 -0.7317637520910169
41.75586772532311 -0.7926621116119987
41.85012476307779 -0.8465233648038654
41.94438180083247 -0.8928693415104078
42.03863883858715 -0.9312885907978259
42.13289587634183 -0.9614400337393489
42.22715291409651 -0.9830559914503081
42.32140995185119 -0.9959445614913293
42.41566698960586 -0.9999913215423843
42.50992402736055 -0.9951603452227994
42.60418106511523 -0.9814945210389586
42.69843810286991 -0.959115171628147
42.79269514062459 -0.9282209766788133
42.88695217837926 -0.88908620908937
42.98120921613394 -0.8420583000245631
43.07546625388862 -0.7875547544864345
43.16972329164331 -0.7260594447827974
43.26398032939799 -0.6581183147991916
43.35823736715266 -0.58433453321091
43.45249440490734 -0.5053631386640366
43.54675144266202 -0.4219052244645939
43.6410084804167 -0.33470171440296387
43.73526551817138 -0.24452678497072602
43.82952255592606 -0.15218099236621388
43.92377959368074 -0.05848416530595681
44.01803663143542 0.03573187326169852
44.1122936691901 0.1296306909255192
44.20655070694478 0.2223786715022683
44.300807744699455 0.31315241572563385
44.395064782454135 0.4011460512313094
44.48932182020882 0.485578386941447
44.5835788579635 0.5656998483332912
44.67783589571818 0.6407991320219651
44.772092933472855 0.7102095205791727
44.866349971227535 0.7733148015261561
44.960607008982215 0.8295547379530749
45.054864046736895 0.8784300421977828
45.14912108449158 0.9195068084285296
45.243378122246256 0.9524203647789629
45.337635160000936 0.9768785108369425
45.431892197755616 0.992664111745253
45.526149235510296 0.9996370258843649
45.620406273264976 0.9977353490235829
45.71466331101965 0.9869759638952562
45.808920348774336 0.9674543903130258
45.903177386529016 0.9393439371647518
45.997434424283696 0.9028941638085333
46.091691462038376 0.8584286645312953
46.18594849979305 0.8063421957390913
46.28020553754773 0.7470971713833677
46.37446257530241 0.6812195577362068
46.4687196130571 0.6092942039598778
46.56297665081178 0.531959649925124
46.65723368856645 0.44990245737330514
46.75149072632113 0.3638511147493548
46.84574776407581 0.2745695698173224
46.94000480183049 0.18285044747463947
47.03426183958517 0.08950801297617743
