0.0 0.0
0.05963241604628338 0.059597079935528964
0.11926483209256676 0.11898229395682598
0.17889724813885016 0.1779445293269232
0.23852966418513352 0.23627417698585723
0.2981620802314169 0.2937638767048811
0.3577944962777003 0.35020925424614513
0.41742691232398366 0.40540964790726575
0.47705932837026704 0.4591688218679373
0.5366917444165504 0.5112956638026589
0.5963241604628338 0.5616048642795848
0.6559565765091172 0.609917575530253
0.7155889925554006 0.6560620472482859
0.7752214086016839 0.6998742371568152
0.8348538246479673 0.7411983941740853
0.8944862406942506 0.7798876121040909
0.9541186567405341 0.8158043518839028
1.0137510727868175 0.8488209305311011
1.0733834888331009 0.8788199750531253
1.1330159048793842 0.9056948397049049
1.1926483209256675 0.9293499851114327
1.2522807369719509 0.9497013179075091
1.3119131530182344 0.9666764896872501
1.3715455690645177 0.9802151542006001
1.4311779851108013 0.9902691818825253
1.4908104011570844 0.9968028309522393
1.5504428172033677 0.9997928744742126
1.6100752332496513 0.9992286829292629
1.6697076492959346 0.9951122620021924
1.7293400653422182 0.987458245451635
1.7889724813885013 0.9762938430874639
1.8486048974347846 0.9616587440406951
1.9082373134810682 0.9436049756697624
1.9678697295273515 0.9221967186047468
2.027502145573635 0.897510078587072
2.0871345616199184 0.8696328159157717
2.1467669776662017 0.8386640334621361
2.206399393712485 0.8047138243618407
2.2660318097587684 0.7679028806369974
2.3256642258050517 0.7283620641394696
2.385296641851335 0.6862319413407317
2.444929057897619 0.6416622836220848
2.5045614739439017 0.5948115348416816
2.564193889990185 0.5458462480711403
2.623826306036469 0.4949404935041434
2.6834587220827517 0.4422752396418779
2.7430911381290355 0.38803770995518794
2.802723554175319 0.3324207173104967
2.8623559702216026 0.27562197852557774
2.9219883862678855 0.2178434114919281
2.981620802314169 0.1592904173624359
3.0412532183604526 0.10017115035616155
3.1008856344067355 0.04069577777604398
3.1605180504530193 -0.01892426712985333
3.2201504664993026 -0.07847703680748443
3.279782882545586 -0.13775082286431703
3.3394152985918693 -0.19653490868660922
3.3990477146381526 -0.25462031853094363
3.4586801306844364 -0.31180056042701754
3.5183125467307192 -0.3678723602506876
3.5779449627770026 -0.4226363843576704
3.6375773788232864 -0.47589794820894166
3.6972097948695692 -0.5274677084687028
3.756842210915853 -0.5771623361145272
3.8164746269621364 -0.6248051681667846
3.8761070430084192 -0.6702268357204839
3.935739459054703 -0.7132658660468849
3.9953718751009863 -0.7537692566244263
4.05500429114727 -0.7915930190583169
4.1146367071935535 -0.8266026909551566
4.174269123239837 -0.8586738139329008
4.23390153928612 -0.8876923760668463
4.2935339553324035 -0.913555217198763
4.353166371378687 -0.936170395668305
4.41279878742497 -0.9554575151629825
4.4724312034712534 -0.9713480105247533
4.532063619517537 -0.9837853914971977
4.59169603556382 -0.9927254435467641
4.651328451610103 -0.9981363850441713
4.710960867656387 -0.9999989802471909
4.77059328370267 -0.9983066076831609
4.830225699748953 -0.9930652836881313
4.889858115795238 -0.9842936410189618
4.949490531841521 -0.9720228626144046
5.009122947887803 -0.9562965707406484
5.068755363934087 -0.9371706719154103
5.12838777998037 -0.9147131581618648
5.188020196026654 -0.8890038652989464
5.247652612072938 -0.8601341891272983
5.307285028119221 -0.8282067605198137
5.366917444165503 -0.7933350805718203
5.426549860211787 -0.755643117107932
5.486182276258071 -0.7152648639799798
5.545814692304354 -0.6723438647227038
5.605447108350638 -0.6270327022605893
5.665079524396921 -0.5794924564799384
5.724711940443205 -0.5298921315944807
5.7843443564894885 -0.4784080553402313
5.843976772535771 -0.42522325213543016
5.903609188582054 -0.37052679243397085
5.963241604628338 -0.31451312058534964
6.022874020674622 -0.257381363590562
6.082506436720905 -0.1993346232113146
6.1421388527671885 -0.14057925394906767
6.201771268813471 -0.08132412946069001
6.261403684859754 -0.021779900018579747
6.3210361009060385 0.037841756345023334
6.380668516952322 0.09732888634738679
6.440300932998605 0.15647001494314652
6.4999333490448885 0.21505489711203976
6.559565765091172 0.2728752652739382
6.619198181137456 0.32972556967413824
6.6788305971837385 0.38540370910685445
6.738463013230022 0.43971174937923274
6.798095429276305 0.4924566269617353
6.8577278453225885 0.543450835323469
6.917360261368873 0.5925130915125387
6.976992677415156 0.6394689806117518
7.0366250934614385 0.6841515757786636
7.096257509507722 0.7264020316657257
7.155889925554005 0.7660701491109498
7.215522341600289 0.8030149090916349
7.275154757646573 0.8371049740429548
7.334787173692856 0.8682191547592489
7.3944195897391385 0.8962468412181771
7.454052005785422 0.9210883957961882
7.513684421831706 0.9426555074774182
7.573316837877989 0.9608715057968266
7.632949253924273 0.9756716334015069
7.692581669970556 0.9870032762612232
7.7522140860168385 0.9948261507097819
7.811846502063124 0.9991124466523135
7.871478918109406 0.9998469264293633
7.931111334155689 0.997026978986336
7.990743750201973 0.990662629155719
8.050376166248256 0.9807765020190905
8.11000858229454 0.9674037424756009
8.169640998340823 0.9505918903028635
8.229273414387107 0.9304007111544018
8.28890583043339 0.9069019840944655
8.348538246479674 0.8801792464255054
8.408170662525958 0.8503274967154576
8.46780307857224 0.8174528570805508
8.527435494618523 0.7816721959242164
8.587067910664807 0.7431127124732596
8.64670032671109 0.7019114845882503
8.706332742757374 0.6582149814556426
8.765965158803658 0.6121785428940151
8.82559757484994 0.5639658271254565
8.885229990896223 0.5137482289752652
8.944862406942507 0.46170427056825025
9.004494822988791 0.4080189666876894
9.064127239035074 0.35288316705306333
9.123759655081358 0.2964928778547583
9.18339207112764 0.2390485649576779
9.243024487173923 0.18075444125081655
9.302656903220207 0.12181774067628615
9.362289319266491 0.062447981518584016
9.421921735312774 0.0028562215730818467
9.481554151359058 -0.056745692158404304
9.54118656740534 -0.1161458765776326
9.600818983451624 -0.17513316572830234
9.660451399497907 -0.23349786148497348
9.720083815544191 -0.29103247902391766
9.779716231590475 -0.34753248442571855
9.839348647636758 -0.4027970217875097
9.898981063683042 -0.45662962725996764
9.958613479729323 -0.5088389274706633
10.018245895775607 -0.559239319850945
10.077878311821891 -0.6076516324477397
10.137510727868174 -0.6539037608747322
10.197143143914458 -0.6978312801385372
10.25677555996074 -0.7392780291648371
10.316407976007024 -0.7780966659465441
10.376040392053309 -0.8141491913404125
10.435672808099591 -0.8473074396500481
10.495305224145875 -0.8774535342512949
10.554937640192158 -0.9044803066402562
10.614570056238442 -0.9282916774142661
10.674202472284726 -0.9488029978314121
10.733834888331007 -0.9659413507343932
10.793467304377293 -0.9796458097689316
10.853099720423574 -0.9898676559752109
10.912732136469858 -0.9965705509823934
10.972364552516142 -0.9997306661904829
11.031996968562424 -0.9993367674803184
11.091629384608709 -0.995390255150546
11.151261800654991 -0.9879051589395974
11.210894216701275 -0.9769080881503702
11.27052663274756 -0.9624381370549188
11.330159048793842 -0.9445467459154352
11.389791464840126 -0.9232975181155866
11.44942388088641 -0.8987659940523092
11.509056296932693 -0.8710393825918569
11.568688712978977 -0.8402162510447737
11.628321129025258 -0.8064061747619318
11.687953545071542 -0.7697293475972822
11.747585961117826 -0.7303161546221552
11.807218377164109 -0.6883067086100556
11.866850793210393 -0.643850351939758
11.926483209256675 -0.5971051256874311
11.98611562530296 -0.5482372077951231
12.045748041349244 -0.49742032231294087
12.105380457395526 -0.444835121815018
12.16501287344181 -0.3906685451847768
12.224645289488093 -0.3351131530525566
12.284277705534377 -0.27836644324806903
12.343910121580661 -0.22063014870127443
12.403542537626942 -0.16210952028758424
12.463174953673226 -0.10301259716685816
12.522807369719509 -0.043549467210165164
12.582439785765793 0.016068479856609114
12.642072201812077 0.07562930393717633
12.70170461785836 0.13492126800582996
12.761337033904644 0.19373359082651964
12.820969449950926 0.2518571962741031
12.88060186599721 0.3090854565940035
12.940234282043495 0.3652149269579543
12.999866698089777 0.42004606870454825
13.059499114136061 0.4733839586934755
13.119131530182344 0.5250389822516998
13.178763946228628 0.5748275072482091
13.238396362274912 0.6225725369009772
13.298028778321193 0.6681043389954644
13.357661194367477 0.7112610492777928
13.41729361041376 0.7518892468775216
13.476926026460044 0.7898444997144677
13.536558442506328 0.8249918779506094
13.59619085855261 0.8572064336618038
13.655823274598895 0.8863736450240859
13.715455690645177 0.9123898234354695
13.775088106691461 0.9351624821259682
13.834720522737745 0.9546106649454112
13.894352938784028 0.970665234160244
13.953985354830312 0.9832691162361938
14.013617770876593 0.9923775047330488
14.073250186922877 0.9979580195902739
14.132882602969161 0.9999908222371973
14.192515019015444 0.9984686861185631
14.252147435061728 0.9933970223847282
14.31177985110801 0.9847938606551776
14.371412267154295 0.9726897849237424
14.431044683200579 0.9571278248333772
14.490677099246861 0.9381633027070114
14.550309515293145 0.9158636368782705
14.609941931339428 0.8903081020212337
14.669574347385712 0.8615875473312296
14.729206763431996 0.829804073558551
14.788839179478277 0.7950706700432082
14.848471595524561 0.7575108130410493
14.908104011570844 0.7172580267692168
14.967736427617128 0.6744554087313628
15.027368843663412 0.6292551210101259
15.087001259709695 0.5818178493352779
15.146633675755979 0.5323122318505459
15.206266091802261 0.48091425960984635
15.265898507848545 0.42780665093411113
15.32553092389483 0.37317820185289435
15.385163339941112 0.317223114939884
15.444795755987396 0.2601403089283028
15.504428172033677 0.20213271156051604
15.564060588079963 0.14340653818569019
15.623693004126247 0.08417055867015551
15.683325420172528 0.024635355226482962
15.742957836218812 -0.03498742620026099
15.802590252265095 -0.09448582832777307
15.862222668311379 -0.15364833603860942
15.921855084357663 -0.21226462831036294
15.981487500403945 -0.2701263259008866
16.041119916450228 -0.3270277321305412
16.100752332496512 -0.38276656412800375
16.160384748542796 -0.43714467194008455
16.22001716458908 -0.4899687429491474
16.27964958063536 -0.5410509890939303
16.339281996681645 -0.5902098144507433
16.39891441272793 -0.6372704608017635
16.458546828774214 -0.6820656288955127
16.518179244820498 -0.7244360731909069
16.57781166086678 -0.764231167970597
16.637444076913063 -0.8013094428110946
16.697076492959347 -0.8355390855060655
16.75670890900563 -0.8667984106549624
16.816341325051916 -0.8949762922511403
16.875973741098196 -0.9199725587316292
16.93560615714448 -0.9416983490841814
16.99523857319076 -0.9600764287456167
17.054870989237045 -0.975041464168497
17.11450340528333 -0.9865402550800086
17.174135821329614 -0.9945319236074159
17.233768237375898 -0.9989880595977275
17.29340065342218 -0.9998928216149782
17.353033069468463 -0.9972429932560797
17.412665485514747 -0.9910479945850422
17.47229790156103 -0.9813298486449162
17.531930317607316 -0.9681231031665046
17.591562733653596 -0.9514747077521687
17.65119514969988 -0.9314438469713313
17.710827565746165 -0.9081017299610311
17.770459981792445 -0.8815313372794759
17.83009239783873 -0.8518271259125259
17.889724813885014 -0.8190946934818213
17.949357229931298 -0.7834504028482516
18.008989645977582 -0.7450209684453162
18.068622062023863 -0.7039430058129398
18.128254478070147 -0.6603625459331274
18.18788689411643 -0.6144345160940147
18.247519310162716 -0.5663221891277816
18.307151726209 -0.5161966029804077
18.36678414225528 -0.4642359526766692
18.426416558301565 -0.41062495684191186
18.486048974347845 -0.35555420103264435
18.54568139039413 -0.2992194602103111
18.605313806440414 -0.2418210027669282
18.664946222486698 -0.1835628785766656
18.724578638532982 -0.12465219360438538
18.784211054579263 -0.06529837364986495
18.843843470625547 -0.005712419845055794
18.90347588667183 0.053893841448883005
18.963108302718116 0.11330851167825301
19.0227407187644 0.17232037339010933
19.08237313481068 0.2307196411042599
19.142005550856965 0.28829870709466004
19.20163796690325 0.34485287942891835
19.261270382949533 0.40018110964227466
19.320902798995814 0.4540867074591339
19.380535215042098 0.5063780400213819
19.440167631088382 0.5568692131376943
19.499800047134666 0.6053807321320821
19.55943246318095 0.6517401399423258
19.61906487922723 0.6957826301998964
19.678697295273516 0.7373516331118902
19.7383297113198 0.7762993720621485
19.797962127366084 0.8124873889529104
19.857594543412368 0.8457870364193876
19.917226959458645 0.8760799351674614
19.97685937550493 0.9032583948087015
20.036491791551214 0.9272257966965944
20.096124207597498 0.9478969374030823
20.155756623643782 0.9651983316143087
20.215389039690063 0.9790684733688058
20.275021455736347 0.9894580547094318
20.33465387178263 0.9963301409717426
20.394286287828916 0.9996603020856706
20.4539187038752 0.999436699423724
20.51355111992148 0.99566012788697
20.573183535967765 0.9883440130791817
20.63281595201405 0.9775143635792035
20.692448368060333 0.9632096784811958
20.752080784106617 0.9454808105314568
20.811713200152898 0.9243907853483664
20.871345616199182 0.9000145773681093
20.930978032245466 0.8724388433127079
20.99061044829175 0.8417616141278494
21.050242864338035 0.808091946485679
21.109875280384315 0.7715495350914533
21.1695076964306 0.7322642871722778
21.229140112476884 0.6903758606606445
21.288772528523168 0.6460331677144683
21.348404944569452 0.5993938453386278
21.40803736061573 0.5506236949899286
21.467669776662014 0.49989609315764394
21.5273021927083 0.4473913750150873
21.586934608754586 0.3932961933332193
21.64656702480087 0.3378028549353741
21.706199440847147 0.2811086370520229
21.76583185689343 0.2234150860058329
21.825464272939715 0.16492730072029693
21.885096688986 0.10585320359890064
21.944729105032284 0.046402801366933116
22.004361521078565 -0.013212561496410187
22.06399393712485 -0.07278095408161907
22.123626353171133 -0.13209061245716772
22.183258769217417 -0.19093069248424743
22.2428911852637 -0.24909201936164474
22.302523601309982 -0.30636783123617223
22.362156017356266 -0.36255451423515545
22.42178843340255 -0.4174523263079045
22.481420849448835 -0.47086610730300416
22.54105326549512 -0.5226059727570653
22.6006856815414 -0.5724879889285576
22.660318097587684 -0.6203348266770097
22.719950513633968 -0.6659763918630138
22.779582929680252 -0.7092504300280364
22.839215345726537 -0.7500031032043741
22.89884776177282 -0.7880895368047277
22.9584801778191 -0.8233743346472133
23.018112593865386 -0.8557320602849241
23.07774500991167 -0.8850476829288978
23.137377425957954 -0.9112169863792894
23.19700984200424 -0.9341469395109777
23.256642258050515 -0.9537560269965522
23.3162746740968 -0.9699745390909782
23.375907090143084 -0.9827448194477327
23.435539506189368 -0.9920214700854768
23.495171922235652 -0.9977715127765773
23.554804338281933 -0.999974506283763
23.614436754328217 -0.9986226190281392
23.6740691703745 -0.9937206569302246
23.733701586420786 -0.9852860463250434
23.79333400246707 -0.9733487720120015
23.85296641851335 -0.9579512706597844
23.912598834559635 -0.939148279945209
23.97223125060592 -0.9170066439623553
24.031863666652203 -0.8916050755937198
24.091496082698487 -0.863033876688171
24.151128498744768 -0.8313946170404621
24.210760914791052 -0.7967997733135088
24.270393330837337 -0.7593723291870811
24.33002574688362 -0.7192453381543333
24.389658162929905 -0.6765614505204435
24.449290578976186 -0.6314724062848627
24.50892299502247 -0.5841384957099464
24.568555411068754 -0.5347279894936741
24.62818782711504 -0.48341654057212075
24.687820243161323 -0.43038655967829703
24.7474526592076 -0.37582656687721816
24.807085075253884 -0.3199305213824399
24.866717491300168 -0.262897132036642
24.926349907346452 -0.20492915090735148
24.985982323392737 -0.14623265250914888
25.045614739439017 -0.08701630121466818
25.1052471554853 -0.027490609458707092
25.164879571531586 0.032132810627434984
25.22451198757787 0.09164199949104421
25.284144403624154 0.1508254036681349
25.343776819670435 0.2094726278499586
25.40340923571672 0.2673751828323215
25.463041651763003 0.32432722668872005
25.522674067809287 0.38012629653251506
25.58230648385557 0.4345740282666981
25.641938899901852 0.4874768617625787
25.701571315948136 0.5386467289605167
25.76120373199442 0.5879017224464753
25.820836148040705 0.6350667421276871
25.88046856408699 0.6799741177084707
25.94010098013327 0.7224642047533334
25.999733396179554 0.7623859522183818
26.05936581222584 0.7995974394334467
26.118998228272122 0.833966380626016
26.178630644318407 0.8653705951933683
26.238263060364687 0.8936984420511193
26.29789547641097 0.9188492165140892
26.357527892457256 0.9407335082985677
26.41716030850354 0.9592735193733216
26.476792724549824 0.9744033405293681
26.5364251405961 0.9860691856853265
26.596057556642386 0.9942295830954041
26.65568997268867 0.998855522780257
26.715322388734954 0.9999305596566433
26.77495480478124 0.9974508719992219
26.83458722082752 0.991425275026677
26.894219636873803 0.9818751895638664
26.953852052920087 0.9688345658914044
27.01348446896637 0.9523497630533834
27.073116885012656 0.9324793840522992
27.132749301058936 0.9092940675170553
27.19238171710522 0.8828762365846518
27.252014133151505 0.8533198058882997
27.31164654919779 0.8207298476935814
27.371278965244073 0.7852222183695533
27.430911381290354 0.7469231465226711
27.490543797336638 0.7059687842576955
27.550176213382922 0.662504723160868
27.609808629429207 0.6166854767259784
27.66944104547549 0.568673931063317
27.72907346152177 0.5186407658442148
27.788705877568056 0.46676384753968314
27.84833829361434 0.4132275971102151
27.907970709660624 0.3582223343945355
27.96760312570691 0.3019436015280212
28.027235541753186 0.24459146779601118
28.08686795779947 0.18636981839319314
28.146500373845754 0.12748562961760998
28.206132789892038 0.0681482330758143
28.265765205938322 0.00856857151500226
28.325397621984603 -0.05104155107241445
28.385030038030887 -0.11047022240595662
28.44466245407717 -0.16950617525915102
28.504294870123456 -0.2279395385084908
28.56392728616974 -0.2855625832192721
28.62355970221602 -0.34217046111601085
28.683192118262305 -0.3975619328122154
28.74282453430859 -0.45154008321062816
28.802456950354873 -0.5039130215307767
28.862089366401158 -0.554494563475205
28.921721782447438 -0.6031048931093226
28.981354198493722 -0.6495712021019184
29.040986614540007 -0.6937283040538178
29.10061903058629 -0.7354192217308174
29.160251446632575 -0.7744957451132592
29.219883862678856 -0.8108189582784082
29.27951627872514 -0.8442597332425924
29.339148694771424 -0.8746991890074775
29.39878111081771 -0.9020291141786239
29.458413526863993 -0.9261523516538959
29.51804594291027 -0.9469831440141786
29.577678358956554 -0.9644474383885583
29.637310775002838 -0.9784831497101457
29.696943191049122 -0.989040381426723
29.756575607095407 -0.9960816028815562
