0.0 0.0
0.08517435779076328 0.08507140981344943
0.17034871558152656 0.16952602753866403
0.25552307337228986 0.252751533006717
0.3406974311630531 0.3341445174646018
0.4258717889538164 0.41311485846152635
0.5110461467445797 0.4890899984057109
0.596220504535343 0.5615190957709262
0.6813948623261062 0.6298770188553368
0.7665692201168696 0.6936681531367541
0.8517435779076328 0.7524299946198806
0.9369179356983961 0.8057365031227517
1.0220922934891594 0.8532011911900861
1.1072666512799227 0.8944799262380385
1.192441009070686 0.9292734256140026
1.2776153668614492 0.9573294264815665
1.3627897246522125 0.9784445147983327
1.4479640824429758 0.9924656001259891
1.5331384402337391 0.9992910255798368
1.6183127980245025 0.9988713048703224
1.7034871558152656 0.9912094810928106
1.7886615136060289 0.9763611046642723
1.8738358713967922 0.9544338305668493
1.9590102291875555 0.9255866378183986
2.044184586978319 0.890028676829076
2.129358944769082 0.848017753000956
2.2145333025598455 0.7998584575650223
2.2997076603506086 0.7458999592075
2.384882018141372 0.6865334724968661
2.4700563759321352 0.6221894214661746
2.5552307337228983 0.5533343189155272
2.640405091513662 0.4804673840606502
2.725579449304425 0.4041169230505899
2.8107538070951885 0.3248364985968058
2.8959281648859516 0.24320091648495842
2.9811025226767147 0.15980205806831813
3.0662768804674783 0.07524458895842184
3.1514512382582414 -0.00985842497380395
3.236625596049005 -0.09488996250121177
3.321799953839768 -0.17923352062106035
3.406974311630531 -0.2622775843783732
3.4921486694212946 -0.3434200605245175
3.5773230272120577 -0.42207264286571394
3.662497385002821 -0.49766507765145296
3.7476717427935844 -0.5696492980775231
3.8328461005843475 -0.6375033979273237
3.918020458375111 -0.7007354155414282
4.003194816165874 -0.7588869006805247
4.088369173956638 -0.8115362384209683
4.173543531747401 -0.8583017059837394
4.258717889538164 -0.8988442403339286
4.343892247328927 -0.93286989648486
4.429066605119691 -0.9601319786834368
4.5142409629104545 -0.9804328290250144
4.599415320701217 -0.9936252605298238
4.68458967849198 -0.9996136242907343
4.769764036282744 -0.9983545029552263
4.854938394073507 -0.9898570255136336
4.9401127518642705 -0.9741828011113484
5.025287109655034 -0.9514454723648708
5.110461467445797 -0.9218098914202885
5.19563582523656 -0.8854909247279976
5.280810183027324 -0.8427518951993946
5.365984540818087 -0.7939026730403443
5.45115889860885 -0.7392974291034309
5.5363332563996135 -0.6793320670478292
5.621507614190377 -0.6144413529243807
5.70668197198114 -0.5450957629971919
5.791856329771903 -0.47179807265595874
5.877030687562667 -0.3950797111503852
5.962205045353429 -0.3154969085759031
6.047379403144193 -0.23362666304615592
6.1325537609349565 -0.15006255729140994
6.21772811872572 -0.06541045501373574
6.302902476516483 0.019715891798367927
6.388076834307245 0.1046992927476912
6.47325119209801 0.18892359383547436
6.5584255498887725 0.27177814475437834
6.643599907679536 0.35266222627813343
6.7287742654702996 0.43098940564798466
6.813948623261062 0.5061917883781691
6.899122981051825 0.5777241356536016
6.984297338842589 0.6450678174674561
7.069471696633353 0.7077345728372633
7.1546460544241155 0.7652700498368918
7.239820412214879 0.8172570997781528
7.324994770005642 0.863318801658269
7.410169127796406 0.9031211949451127
7.495343485587169 0.936375700886714
7.580517843377932 0.9628412147898765
7.665692201168695 0.982325854098259
7.750866558959458 0.9946883495958714
7.836040916750222 0.9998390696493544
7.921215274540986 0.9977406700629943
8.006389632331748 0.988408364834839
8.091563990122511 0.9719098158508538
8.176738347913275 0.9483646423168679
8.261912705704038 0.9179435534850707
8.347087063494802 0.8808671109630337
8.432261421285565 0.8374041295788851
8.517435779076328 0.7878697283968037
8.602610136867092 0.7326230460135452
8.687784494657855 0.6720646367007523
8.772958852448618 0.606633566271746
8.858133210239382 0.5368042287286208
8.943307568030145 0.4630829067698529
9.028481925820909 0.38600410109571087
9.113656283611672 0.30612665512509335
9.198830641402434 0.22402970322066085
9.284004999193197 0.140308471798831
9.36917935698396 0.055569963767766475
9.454353714774726 -0.029571442417577122
9.539528072565489 -0.11449844717521249
9.624702430356251 -0.19859530539492506
9.709876788147014 -0.2812522907666764
9.795051145937776 -0.36187011647099987
9.880225503728541 -0.4398642801800979
9.965399861519304 -0.5146693018671314
10.050574219310068 -0.5857428236983969
10.13574857710083 -0.6525695422829562
10.220922934891593 -0.7146649447698301
10.306097292682358 -0.771578821704943
10.39127165047312 -0.8228985311786153
10.476446008263883 -0.8682519905976095
10.561620366054647 -0.9073103743905027
10.64679472384541 -0.9397904980872636
10.731969081636175 -0.9654568714877785
10.817143439426937 -0.9841234060332479
10.9023177972177 -0.9956547640015441
10.987492155008463 -0.9999673397444587
11.072666512799227 -0.9970298658526002
11.157840870589991 -0.986863639853068
11.243015228380754 -0.9695423697962811
11.328189586171517 -0.9451916398514995
11.41336394396228 -0.9139879997856262
11.498538301753042 -0.8761576849268281
11.583712659543806 -0.8319749758936048
11.66888701733457 -0.7817602099817454
11.754061375125334 -0.7258774586271738
11.839235732916096 -0.6647318877837639
11.924410090706859 -0.5987668203541154
12.009584448497623 -0.5284605219715305
12.094758806288386 -0.45432273343718793
12.179933164079149 -0.3768909749533197
12.265107521869913 -0.2967266489477867
12.350281879660676 -0.2144109697456789
12.43545623745144 -0.1305407495989688
12.520630595242203 -0.045724071626753036
12.605804953032965 0.039424118961547364
12.690979310823728 0.1242864733950875
12.77615366861449 0.2082477152970168
12.861328026405257 0.29069910161444884
12.94650238419602 0.37104283617994394
13.031676741986782 0.448696403904971
13.116851099777545 0.5230967941811361
13.202025457568308 0.5937045828683603
13.287199815359072 0.6600078432744043
13.372374173149835 0.7215258577700138
13.457548530940599 0.7778126031294328
13.542722888731362 0.8284599843265356
13.627897246522124 0.8731007933406654
13.713071604312889 0.9114113715199597
13.79824596210365 0.9431139561992798
13.883420319894414 0.9679786945591012
13.968594677685179 0.9858253101242822
14.053769035475941 0.9965244098201514
14.138943393266706 0.9999984221093607
14.224117751057467 0.9962221594077485
14.309292108848231 0.9852230007015398
14.394466466638995 0.9670806930418545
14.479640824429758 0.9419267733557448
14.564815182220523 0.909943614765796
14.649989540011283 0.8713631043327547
14.735163897802048 0.8264649618079108
14.820338255592812 0.77557471158479
14.905512613383573 0.7190613225540564
14.990686971174338 0.6573345329733637
15.0758613289651 0.5908418797476407
15.161035686755865 0.5200654536583267
15.246210044546629 0.44551840406713183
15.33138440233739 0.3677412184361801
15.416558760128154 0.2872978036390849
15.501733117918915 0.2047713974746182
15.58690747570968 0.12076034002558485
15.672081833500444 0.03587373552186337
15.757256191291207 -0.0492729638397391
15.842430549081971 -0.13406242010020186
15.927604906872732 -0.21787988541530423
16.012779264663497 -0.30011765915359984
16.097953622454263 -0.380179493900038
16.183127980245022 -0.45748491842050915
16.268302338035788 -0.5314734462445841
16.35347669582655 -0.6016086393529223
16.438651053617313 -0.6673819975065993
16.523825411408076 -0.7283166450194736
16.60899976919884 -0.7839707882435059
16.694174126989605 -0.8339409186992529
16.779348484780368 -0.8778647386279133
16.86452284257113 -0.9154237877538632
16.949697200361893 -0.9463457522128647
17.034871558152656 -0.970406438905581
17.12004591594342 -0.9874314009617645
17.205220273734184 -0.9972972025300301
17.290394631524947 -0.9999323137231372
17.37556898931571 -0.9953176292301584
17.460743347106472 -0.9834866068354566
17.545917704897235 -0.9645250248401644
17.631092062688 -0.9385703601449312
17.716266420478764 -0.9058107915030197
17.801440778269527 -0.8664838351704379
17.88661513606029 -0.820874622845056
17.971789493851052 -0.7693138343801242
18.056963851641818 -0.7121753002606181
18.142138209432577 -0.649873291225158
18.227312567223343 -0.582859514684466
18.312486925014106 -0.511619839713292
18.39766128280487 -0.4366707743604242
18.482835640595635 -0.35855572081740195
18.568009998386394 -0.2778410355969934
18.65318435617716 -0.19511192328621965
18.73835871396792 -0.11096819364552823
18.823533071758686 -0.02601991281617118
18.90870742954945 0.05911701983401228
18.99388178734021 0.14382533715744614
19.079056145130977 0.22749087959046313
19.164230502921736 0.3095070479860067
19.249404860712502 0.3892792016312512
19.334579218503265 0.4662289695630423
19.419753576294028 0.5397984439230804
19.504927934084794 0.6094542249496814
19.590102291875553 0.6746912882788203
19.67527664966632 0.7350366465154557
19.760451007457082 0.790052778527584
19.845625365247844 0.8393408015997954
19.930799723038607 0.8825433634471993
20.01597408082937 0.9193472331218501
20.101148438620136 0.949485572026839
20.1863227964109 0.9727398685725486
20.27149715420166 0.9889415224482728
20.356671511992424 0.997973067022757
20.441845869783187 0.9997690210109221
20.527020227573953 0.9943163632319366
20.612194585364715 0.9816546270165086
20.697368943155478 0.9618756135789137
20.78254330094624 0.9351227264318963
20.867717658737003 0.9015899316701284
20.952892016527766 0.8615203516604637
21.038066374318532 0.8152045023351394
21.123240732109295 0.7629781868680623
21.208415089900058 0.7052200610056015
21.29358944769082 0.6423488877039766
21.378763805481583 0.574820500977876
21.46393816327235 0.5031245009732829
21.54911252106311 0.4277807042261956
21.634286878853874 0.34933537484381527
21.719461236644637 0.26835726393334663
21.8046355944354 0.18543348599352694
21.889809952226166 0.10116526216635541
21.974984310016925 0.01616356121161961
22.06015866780769 -0.06895533019165219
22.145333025598454 -0.1535742757000881
22.230507383389217 -0.23707976372126802
22.315681741179983 -0.3188663555484829
22.400856098970742 -0.39834107496476173
22.486030456761508 -0.47492770749032776
22.571204814552267 -0.5480709781025738
22.656379172343033 -0.6172405771390743
22.741553530133796 -0.6819350051944899
22.82672788792456 -0.7416852091349332
22.911902245715325 -0.7960579828675286
22.997076603506084 -0.8446591082086615
23.08225096129685 -0.8871362130787489
23.167425319087613 -0.9231813263007179
23.252599676878376 -0.9525331104792744
23.33777403466914 -0.9749787567718631
23.4229483924599 -0.9903555278137345
23.508122750250667 -0.9985519376104516
23.59329710804143 -0.9995085598432817
23.678471465832192 -0.9932184587270312
23.763645823622955 -0.9797272392964727
23.848820181413718 -0.9591327167567808
23.933994539204484 -0.9315842072952765
24.019168896995247 -0.8972814454963045
24.10434325478601 -0.8564731362082799
24.189517612576772 -0.8094551513623052
24.274691970367535 -0.7565683848159209
24.359866328158297 -0.6981962807749968
24.445040685949063 -0.634762053713406
24.530215043739826 -0.5667256199468781
24.61538940153059 -0.49458026310796027
24.70056375932135 -0.4188490576984
24.785738117112114 -0.34008107664918
24.87091247490288 -0.25884741038449377
24.95608683269364 -0.1757370262526092
25.041261190484406 -0.09135249834385753
25.12643554827517 -0.006305638655930686
25.21160990606593 0.07878693871838191
25.296784263856697 0.16330828821996962
25.381958621647456 0.24664560585540246
25.467132979438222 0.32819467220144777
25.55230733722898 0.4073642331689041
25.637481695019748 0.48358028676415554
25.722656052810514 0.5562902447679908
25.807830410601273 0.6249669391584921
25.89300476839204 0.6891124442302066
25.9781791261828 0.7482616866980938
26.063353483973565 0.8019858176120959
26.148527841764327 0.8498953216348238
26.23370219955509 0.8916428411393489
26.318876557345856 0.9269256946514817
26.404050915136615 0.955488071377153
26.48922527292738 0.9771228859039568
26.574399630718144 0.9916732796296895
26.659573988508907 0.9990337580321571
26.74474834629967 0.9991509555346726
26.829922704090432 0.9920240224217738
26.915097061881198 0.9777046309999029
27.00027141967196 0.956296600958387
27.085445777462724 0.9279551466469497
27.170620135253486 0.8928857517272194
27.25579449304425 0.8513426793573253
27.340968850835015 0.8036271287111701
27.426143208625778 0.7500850511981543
27.511317566416544 0.6911046422163525
27.5964919242073 0.6271135266247098
27.681666281998066 0.5585756583402874
27.76684063978883 0.4859879565395272
27.852014997579595 0.40987670285184524
27.937189355370357 0.3307937256671046
28.022363713161116 0.24931239922170967
28.107538070951883 0.16602348647115553
28.192712428742645 0.0815308558894189
28.27788678653341 -0.0035528967504825475
28.363061144324174 -0.08861088987127975
28.448235502114933 -0.17302642865960263
28.5334098599057 -0.2561874762800207
28.618584217696462 -0.3374910913173751
28.703758575487228 -0.41634779927477755
28.78893293327799 -0.4921858664325261
28.87410729106875 -0.5644554450813556
28.959281648859516 -0.6326325600758245
29.04445600665028 -0.6962229078041761
29.129630364441045 -0.7547654400311397
29.214804722231808 -0.8078357066296697
29.299979080022567 -0.8550489329659594
29.38515343781333 -0.8960628096257436
29.470327795604096 -0.9305799742555932
29.55550215339486 -0.9583501675251537
29.640676511185625 -0.9791720475789794
29.725850868976384 -0.9928946498226462
29.811025226767146 -0.9994184814593114
29.896199584557912 -0.9986962428409808
29.981373942348675 -0.9907331704045089
30.06654830013944 -0.97558699870593
30.1517226579302 -0.953367541828394
30.236897015720963 -0.9242358971986014
30.32207137351173 -0.8884032775843231
30.407245731302492 -0.8461294797413379
30.492420089093258 -0.7977210008125293
30.577594446884014 -0.7435288161358279
30.66276880467478 -0.6839458345724471
30.747943162465546 -0.6194040498051395
30.83311752025631 -0.550371408260238
30.918291878047075 -0.4773484163620244
31.00346623583783 -0.40086451171782067
31.088640593628597 -0.32147422454363794
31.17381495141936 -0.23975315716133974
31.258989309210126 -0.15629381071688642
31.34416366700089 -0.07170128937734965
31.429338024791647 0.013411086847639966
31.514512382582414 0.09842622885164051
31.599686740373176 0.1827277525041419
31.684861098163942 0.2657044476121023
31.770035455954705 0.346754709368886
31.855209813745464 0.4252909001614507
31.94038417153623 0.5007436101113617
32.02555852932699 0.5725657854594788
32.110732887117756 0.6402366948624354
32.195907244908526 0.7032657048440201
32.28108160269928 0.76119583702839
32.366255960490044 0.8136070813642392
32.45143031828081 0.8601194413179272
32.536604676071576 0.9003956889572011
32.62177903386234 0.9341438099503152
32.7069533916531 0.9611191207535621
32.792127749443864 0.9811260426370534
32.87730210723463 0.9940195196865316
32.96247646502539 0.9997060705002967
33.04765082281615 0.9981444659561446
33.13282518060692 0.9893460281343114
33.21799953839768 0.9733745482291534
33.30317389618844 0.9503458240447067
33.38834825397921 0.920426820427447
33.47352261176997 0.8838344587233335
33.558696969560735 0.8408340440359054
33.6438713273515 0.7917373416882972
33.72904568514226 0.7369003168353457
33.81422004293302 0.6767205536142576
33.899394400723786 0.6116343725457345
33.984568758514555 0.5421136670852156
34.06974311630531 0.46866248226019164
34.154917474096074 0.39181336019932095
34.24009183188684 0.3121234790495135
34.325266189677606 0.2301706132747694
34.41044054746837 0.14654894462578877
34.495614905259124 0.06186475415212037
34.580789263049894 -0.02326797350914723
34.66596362084066 -0.10823200169779795
34.75113797863142 -0.19241131687314128
34.83631233642218 -0.27519559488859213
34.921486694212945 -0.3559846260165566
35.00666105200371 -0.4341926666408756
35.09183540979447 -0.509252686065817
35.17700976758524 -0.5806204776510406
35.262184125376 -0.6477786044655955
35.34735848316676 -0.7102401508539089
35.43253284095753 -0.7675522527137585
35.51770719874829 -0.8192993808906841
35.60288155653905 -0.865106353883427
35.688055914329816 -0.904641058017254
35.77323027212058 -0.9376168553632305
35.85840462991134 -0.9637946619453084
35.943578987702104 -0.9829846811676326
36.02875334549287 -0.9950477798942261
36.113927703283636 -0.9998964972040738
36.19910206107439 -0.9974956785078584
36.284276418865154 -0.9878627304287958
36.369450776655924 -0.9710674945996322
36.45462513444669 -0.9472317412908076
36.53979949223745 -0.9165282865411082
36.62497385002821 -0.87917973919189
36.710148207818975 -0.8354568869092157
36.79532256560974 -0.7856767328957143
36.8804969234005 -0.730200197526562
36.96567128119127 -0.6694295015733781
37.050845638982025 -0.6038052499884493
37.13601999677279 -0.5338032373925691
37.22119435456356 -0.4599309984278018
37.30636871235432 -0.382724127985952
37.39154307014508 -0.30274239799215685
37.47671742793584 -0.22056569889812352
37.56189178572661 -0.13678983531021557
37.64706614351737 -0.05202220623546885
37.732240501308134 0.03312259873525657
37.8174148590989 0.11802725537782
37.90258921688966 0.2020761806122177
37.98776357468042 0.2846599956563053
38.072937932471184 0.365179944196443
38.158112290261954 0.4430522335423133
38.24328664805272 0.5177122672911096
38.32846100584347 0.5886187388132073
38.41363536363424 0.655257555880278
38.498809721425005 0.7171455679811467
38.58398407921577 0.7738340693014439
38.66915843700653 0.8249120519692543
38.75433279479729 0.8700091859799198
38.839507152588055 0.9087985041946466
38.92468151037882 0.9409987729459155
39.00985586816959 0.9663765310621271
39.09503022596035 0.9847477825279584
39.180204583751106 0.9959793305081884
39.265378941541876 0.9999897430628991
39.35055329933264 0.9967499435523605
39.4357276571234 0.9862834214510035
39.520902014914164 0.9686660620419992
39.606076372704926 0.9440255962272205
39.69125073049569 0.9125406744416171
39.77642508828645 0.874439571386392
39.861599446077214 0.8299985309720315
39.946773803867984 0.7795397634708262
40.03194816165874 0.7234291094001275
40.1171225194495 0.6620733870737643
40.20229687724027 0.595917443052781
40.287471235031035 0.525440926880453
40.3726455928218 0.45115481348568165
40.45781995061256 0.37359769846842356
40.54299430840332 0.2933318931273142
40.628168666194085 0.21093934754169014
40.71334302398485 0.12701743126682463
40.79851738177562 0.042174602233540144
40.88369173956637 -0.042974004746036035
40.968866097357136 -0.12781103788212422
41.054040455147906 -0.21172140438453307
41.13921481293867 -0.2940967300615775
41.22438917072943 -0.3743397702072608
41.30956352852019 -0.45186873979642755
41.394737886310956 -0.5261215315928767
41.47991224410172 -0.596559791587765
41.56508660189248 -0.6626728222204358
41.650260959683244 -0.7239812850819822
41.73543531747401 -0.7800406762560149
41.82060967526477 -0.8304445490993757
41.90578403305553 -0.8748274610967195
41.9909583908463 -0.9128676234234274
42.076132748637065 -0.9442892340067436
42.16130710642782 -0.9688644771698178
42.24648146421859 -0.9864151753606122
42.33165582200935 -0.9968140809901744
42.416830179800115 -0.9999857990141233
42.50200453759088 -0.9959073335683067
