0.0 0.0
0.09333125545024652 0.09319581732919967
0.18666251090049304 0.18558042079766285
0.2799937663507396 0.27634965767622216
0.3733250218009861 0.36471343603592044
0.4666562772512326 0.44990260202579435
0.5599875327014792 0.5311756348972093
0.6533187881517257 0.6078251014985625
0.7466500436019722 0.6791838140578379
0.8399812990522187 0.7446306376531977
0.9333125545024652 0.8035958968210511
1.0266438099527118 0.8555663342403114
1.1199750654029583 0.9000895783304584
1.213306320853205 0.9367780808756399
1.3066375763034515 0.9653124904001427
1.3999688317536978 0.9854444319320256
1.4933000872039444 0.9969986689587258
1.586631342654191 0.9998746287561137
1.6799625981044375 0.9940472778139156
1.773293853554684 0.9795673397374516
1.8666251090049304 0.9565608537289828
1.959956364455177 0.9252280774918241
2.0532876199054235 0.885841744106787
2.1466188753556703 0.8387446880537994
2.2399501308059167 0.7843468610427665
2.333281386256163 0.7231217636290769
2.42661264170641 0.6556023236744118
2.519943897156656 0.5823762575283902
2.613275152606903 0.504080954309184
2.7066064080571492 0.42139792781239316
2.7999376635073956 0.3350468843409828
2.8932689189576424 0.24577945809228588
2.9866001744078887 0.15437266863177823
3.0799314298581355 0.06162215740239902
3.173262685308382 -0.03166473785842972
3.266593940758628 -0.12467601051103978
3.359925196208875 -0.21660205304575103
3.4532564516591213 -0.3066427042321138
3.546587707109368 -0.3940142140439438
3.6399189625596144 -0.47795606573463045
3.733250218009861 -0.5577375956806465
3.826581473460108 -0.6326643533714688
3.919912728910354 -0.7020841461860022
4.0132439843606 -0.7653927163393557
4.106575239810847 -0.822039000585521
4.199906495261093 -0.8715299268934061
4.293237750711341 -0.9134347063440225
4.3865690061615865 -0.9473885828904164
4.479900261611833 -0.9730960083409479
4.57323151706208 -0.9903332149295626
4.666562772512326 -0.9989501630803891
4.759894027962573 -0.9988718474125262
4.85322528341282 -0.9900989496170314
4.946556538863066 -0.9727078325232082
5.039887794313312 -0.9468498754058412
5.133219049763559 -0.9127501563191288
5.226550305213806 -0.8707054929268151
5.319881560664052 -0.8210818588819173
5.4132128161142985 -0.764311198244919
5.506544071564545 -0.7008876656690194
5.599875327014791 -0.6313633250793707
5.693206582465038 -0.5563433442867289
5.786537837915285 -0.4764807273635441
5.8798690933655315 -0.392470630633988
5.973200348815777 -0.3050443117538435
6.066531604266023 -0.21496276454988442
6.159862859716271 -0.12301009502367252
6.253194115166517 -0.029986696177698665
6.346525370616764 0.06329771892709718
6.4398566260670105 0.15603116523932067
6.533187881517256 0.24740645356144916
6.626519136967503 0.33662821664911696
6.71985039241775 0.4229198324073593
6.813181647867997 0.5055301839215495
6.906512903318243 0.5837401974809866
6.999844158768489 0.6568691016855601
7.093175414218736 0.7242803531536959
7.186506669668982 0.785387177251856
7.279837925119229 0.8396576756168467
7.373169180569476 0.8866194560130025
7.466500436019722 0.9258637442241193
7.5598316914699675 0.9570489421885683
7.653162946920216 0.979903601406154
7.746494202370462 0.9942287857349852
7.839825457820708 0.9998998030116357
7.933156713270954 0.9968672904218598
8.0264879687212 0.9851576441743732
8.119819224171449 0.964872789737641
8.213150479621694 0.936189294639625
8.30648173507194 0.899356831553033
8.399812990522186 0.8546960050440066
8.493144245972433 0.8025955609010818
8.586475501422681 0.7435090023355662
8.679806756872926 0.6779506425072725
8.773138012323173 0.6064911277359994
8.86646926777342 0.5297524703665637
8.959800523223667 0.4484026345232835
9.053131778673913 0.3631497218817049
9.14646303412416 0.2747358080669466
9.239794289574405 0.1839304833291301
9.333125545024652 0.09152415372044409
9.4264568004749 -0.0016788389168852053
9.519788055925146 -0.0948672182653494
9.613119311375392 -0.18722983520739186
9.70645056682564 -0.2779627283934084
9.799781822275884 -0.3662761222445512
9.893113077726133 -0.4514013014768798
9.98644433317638 -0.5325973023082163
10.079775588626624 -0.6091573621048036
10.173106844076871 -0.680415071327401
10.266438099527118 -0.7457501742278168
10.359769354977365 -0.8045939678043029
10.453100610427612 -0.8564342520211119
10.546431865877857 -0.9008197882035215
10.639763121328103 -0.9373642268006711
10.73309437677835 -0.9657494703273676
10.826425632228597 -0.9857284422124822
10.919756887678844 -0.9971272374527549
11.01308814312909 -0.9998466363518559
11.106419398579336 -0.9938629681685112
11.199750654029582 -0.9792283171561506
11.293081909479831 -0.9560700692006264
11.386413164930076 -0.9245898030022541
11.479744420380323 -0.88506153545376
11.57307567583057 -0.8378293364870919
11.666406931280815 -0.7833043341504068
11.759738186731063 -0.7219611359842517
11.85306944218131 -0.6543336978467402
11.946400697631555 -0.5810106761470919
12.039731953081802 -0.5026303039435935
12.133063208532047 -0.4198748355064863
12.226394463982295 -0.3334646077025024
12.319725719432542 -0.24415176989320425
12.413056974882787 -0.15271373692454673
12.506388230333034 -0.05994642219552202
12.59971948578328 0.03334269029203078
12.693050741233527 0.12634157459881024
12.786381996683774 0.21824073104827824
12.879713252134021 0.30824023243728077
12.973044507584266 0.3955566869240103
13.066375763034513 0.47943005698554353
13.159707018484761 0.5591302750899838
13.253038273935006 0.6339635984977608
13.346369529385253 0.7032786478773483
13.4397007848355 0.7664720771728186
13.533032040285745 0.822993825370479
13.626363295735993 0.8723519044510736
13.71969455118624 0.9141166818512828
13.813025806636485 0.9479246201582862
13.906357062086732 0.9734814414855494
13.999688317536979 0.9905646889858529
14.093019572987226 0.9990256632051249
14.186350828437472 0.9987907164222688
14.279682083887717 0.9898618937085367
14.373013339337964 0.9723169151264054
14.466344594788211 0.9463084992229087
14.559675850238458 0.9120630337060078
14.653007105688705 0.8698786048749682
14.746338361138951 0.8201224029573739
14.839669616589196 0.7632275259377695
14.933000872039443 0.6996892096986836
15.026332127489692 0.6300605172884172
15.119663382939935 0.5549475248379315
15.212994638390184 0.4750040460305299
15.306325893840432 0.3909259410447368
15.399657149290675 0.3034450595075423
15.492988404740924 0.21332287018101345
15.586319660191169 0.12134383283209609
15.679650915641416 0.02830856997940162
15.772982171091664 -0.06497310204704328
15.866313426541907 -0.1576892220726948
15.959644681992156 -0.2490327517150057
16.0529759374424 -0.33820860016991644
16.14630719289265 -0.42444054500189227
16.239638448342898 -0.506977988696034
16.33296970379314 -0.5851024921606123
16.426300959243388 -0.658134028309769
16.519632214693633 -0.7254369012926207
16.61296347014388 -0.7864252798455416
16.70629472559413 -0.8405682966029775
16.79962598104437 -0.8873946689804226
16.89295723649462 -0.926496801407512
16.986288491944865 -0.9575343332037054
17.079619747395114 -0.9802371012145025
17.172951002845362 -0.9944074914201397
17.266282258295607 -0.9999221590474685
17.359613513745852 -0.9967331022124475
17.452944769196097 -0.9848680797478374
17.546276024646346 -0.9644303695791611
17.639607280096595 -0.9355978697521216
17.73293853554684 -0.898621549936494
17.826269790997088 -0.8538232668852187
17.919601046447333 -0.8015929628638411
18.012932301897578 -0.7423852714362561
18.106263557347827 -0.6767155601513996
18.199594812798072 -0.6051554445769223
18.29292606824832 -0.5283278127274693
18.386257323698565 -0.4469014031970083
18.47958857914881 -0.3615849841892398
18.57291983459906 -0.2731211841142214
18.666251090049304 -0.18228002745214425
18.759582345499553 -0.0898522321506675
18.8529136009498 0.0033576731019594065
18.946244856400043 0.0965383518180437
19.03957611185029 0.1888787219094376
19.132907367300536 0.27957501567206
19.226238622750785 0.3678377761031664
19.319569878201033 0.45289872865245173
19.41290113365128 0.5340174685926098
19.506232389101523 0.6104879057997438
19.59956364455177 0.6816444108456586
19.692894900002017 0.746867608904007
19.786226155452265 0.8055897710377716
19.87955741090251 0.8572997559401785
19.97288866635276 0.9015474591141261
20.066219921803 0.937947730762665
20.15955117725325 0.9661837282876873
20.252882432703498 0.9860096742152599
20.346213688153743 0.9972529955415764
20.43954494360399 0.999815825877759
20.532876199054236 0.9936758573182487
20.62620745450448 0.9788865346177862
20.71953870995473 0.9555765899867777
20.812869965404975 0.9239489225543875
20.906201220855223 0.8842788322529406
20.99953247630547 0.8369116234966446
21.092863731755713 0.7822595995131397
21.186194987205962 0.7207984734904532
21.279526242656207 0.6530632277781729
21.372857498106455 0.5796434571859842
21.4661887535567 0.5011782369134385
21.55952000900695 0.4183505597824716
21.652851264457194 0.33188139119332755
21.74618251990744 0.2425233935518503
21.839513775357688 0.15105437479332562
21.932845030807933 0.05827051802952804
22.02617628625818 -0.035020548749191194
22.119507541708426 -0.12800678259258758
22.21283879715867 -0.21987879393884566
22.30617005260892 -0.30983689186670604
22.399501308059165 -0.3970980449267269
22.492832563509413 -0.48090269696183857
22.586163818959662 -0.5605213785894694
22.679495074409903 -0.6352610567963216
22.772826329860152 -0.7044711673763516
22.866157585310397 -0.7675492777031246
22.959488840760645 -0.8239463305456176
23.052820096210894 -0.8731714232830707
23.14615135166114 -0.9147960809187602
23.239482607111384 -0.9484579856986282
23.33281386256163 -0.9738641308706684
23.426145118011878 -0.9907933711334922
23.519476373462126 -0.999098347573936
23.61280762891237 -0.9987067703382849
23.70613888436262 -0.9896220478722204
23.79947013981286 -0.9719232572523405
23.89280139526311 -0.9457644558674887
23.98613265071336 -0.9113733404413149
24.079463906163603 -0.8690492650684511
24.172795161613852 -0.8191606355161192
24.266126417064093 -0.7621417024722399
24.359457672514342 -0.698488781652844
24.45278892796459 -0.6287559336705772
24.546120183414835 -0.5535501412683699
24.639451438865084 -0.4735260258976154
24.73278269431533 -0.3893801496299051
24.826113949765574 -0.3018449520007044
24.919445205215823 -0.21168237456118774
25.012776460666068 -0.11967722863267172
25.106107716116316 -0.02663036399333901
25.19943897156656 0.0666483020401616
25.29277022701681 0.1593468344586715
25.386101482467055 0.2506583479692289
25.4794327379173 0.3397880304490687
25.57276399336755 0.4259600613098592
25.666095248817793 0.5084243645519901
25.759426504268042 0.5864631377276424
25.852757759718287 0.6593970999818404
25.946089015168532 0.7265914047861207
26.03942027061878 0.787461165897928
26.132751526069026 0.8414765484456
26.226082781519274 0.8881673808241121
26.319414036969523 0.9271272472577303
26.412745292419764 0.9580170254063188
26.506076547870013 0.980567838222528
26.599407803320258 0.9945833943656959
26.692739058770506 0.9999416968006012
26.786070314220755 0.9965961047086982
26.879401569671 0.9845757394685547
26.972732825121245 0.9639852311716637
27.06606408057149 0.9350038078800642
27.15939533602174 0.897883735553234
27.252726591471987 0.8529481222237663
27.346057846922232 0.8005881055351564
27.43938910237248 0.7412594481224997
27.532720357822722 0.6754785704713067
27.62605161327297 0.6038180557859569
27.71938286872322 0.5269016659953296
27.812714124173464 0.44539891227819195
27.906045379623713 0.3600192273687344
27.999376635073958 0.27150579036886674
28.092707890524203 0.1806290578185192
28.18603914597445 0.08818005733218812
28.279370401424696 -0.005036497823419607
28.372701656874945 -0.09820921327719645
28.46603291232519 -0.19052707625641
28.559364167775435 -0.28118651496794594
28.652695423225683 -0.3693983932102375
28.74602667867593 -0.4543948793320035
28.839357934126177 -0.5354361297476493
28.932689189576422 -0.6118167288332425
29.02602044502667 -0.6828718291477204
29.119351700476916 -0.7479829385322772
29.21268295592716 -0.8065833037147798
29.30601421137741 -0.8581628435580871
29.399345466827654 -0.9022725890113257
29.492676722277903 -0.9385285911170167
29.586007977728148 -0.9666152630571447
29.679339233178393 -0.9862881271477042
29.77267048862864 -0.9973759428707408
29.866001744078886 -0.9997821974206624
29.959332999529135 -0.9934859457905011
30.052664254979383 -0.9785419930856727
30.14599551042963 -0.9550804174783084
30.23932676587987 -0.9233054379545487
30.33265802133012 -0.8834936367103825
30.425989276780367 -0.8359915516690333
30.519320532230616 -0.7812126600755506
30.612651787680864 -0.7196337794246449
30.705983043131102 -0.6517909170495313
30.79931429858135 -0.5782746044985827
30.8926455540316 -0.49972475731137295
30.985976809481848 -0.41682510493653097
31.079308064932096 -0.330297239275753
31.172639320382338 -0.24089433365780183
31.265970575832583 -0.14939458691503799
31.35930183128283 -0.05659444962795693
31.45263308673308 0.03669830850085981
31.54596434218333 0.12967162979898356
31.63929559763357 0.22151623710057347
31.732626853083815 0.3114326780201992
31.825958108534063 0.398638283707772
31.919289363984312 0.4823739815128733
32.01262061943456 0.5619109022582709
32.1059518748848 0.6365567246102642
32.19928313033505 0.7056617013218915
32.2926143857853 0.768624314894187
32.385945641235544 0.8248965134262967
32.479276896685796 0.8739884810795832
32.572608152136034 0.9154729016315656
32.66593940758628 0.9489886780081496
32.75927066303653 0.9742440754176955
32.852601918486776 0.9910192607279394
32.94593317393703 0.9991682159819617
33.039264429387266 0.998620009397177
33.13259568483751 0.9893794127840907
33.22592694028776 0.9715268600105379
33.31925819573801 0.9452177468729687
33.41258945118826 0.9106810784689522
33.5059207066385 0.8682174758447618
33.59925196208874 0.8181965592689023
33.692583217538996 0.7610537309087219
33.78591447298924 0.69728638491491
33.87924572843949 0.6274495779028183
33.97257698388973 0.5521511975165799
34.06590823933998 0.47204667113060644
34.15923949479023 0.38783326074630436
34.25257075024047 0.3002439937432369
34.345902005690725 0.21004128231414243
34.43923326114096 0.11801028712273129
34.532564516591215 0.024952082949541474
34.62589577204146 -0.06832331418490278
34.719227027491705 -0.16100399772525445
34.81255828294196 -0.2522832377423768
34.905889538392195 -0.34136650303494204
34.99922079384245 -0.42747837704850106
35.09255204929269 -0.5098693074128128
35.18588330474294 -0.5878221303470844
35.27921456019319 -0.6606583131418068
35.37254581564343 -0.727743860380222
35.46587707109368 -0.7884948324893688
35.559208326543924 -0.84238242858481
35.652539581994176 -0.8889375893661781
35.74587083744442 -0.9277550799978589
35.839202092894666 -0.9584970174359402
35.93253334834491 -0.9808958114980474
36.025864603795156 -0.994756494075872
36.11919585924541 -0.9999584162159668
36.21252711469565 -0.9964562982967404
36.3058583701459 -0.9842806241604884
36.399189625596144 -0.9635373757697729
36.49252088104639 -0.9344071106978145
36.58585213649664 -0.8971433904827829
36.679183391946886 -0.8520705735262447
36.77251464739713 -0.7995809917472192
36.865845902847376 -0.7401315355674407
36.95917715829762 -0.6742396769534452
37.05250841374787 -0.6024789651325337
37.14583966919812 -0.5254740341897405
37.23917092464837 -0.44389516600160195
37.33250218009861 -0.358452455833289
37.42583343554885 -0.2698896313838765
37.519164690999105 -0.1789775790815128
37.61249594644935 -0.08650763397803243
37.7058272018996 0.006715308349510799
37.79915845734984 0.0998797979334688
37.892489712800085 0.19217489360241533
37.98582096825034 0.2827972217390538
38.07915222370058 0.37095796916716345
38.172483479150834 0.4558897492986455
38.26581473460107 0.5368532817748325
38.359145990051324 0.6131438274600121
38.45247724550157 0.6840973227740985
38.545808500951814 0.7490961599690681
38.639139756402066 0.8075745630350631
38.732471011852304 0.8590235124422216
38.82580226730256 0.9029951758513459
38.9191335227528 0.9391068062265672
39.01246477820305 0.9670440734194584
39.1057960336533 0.9865638002249979
39.19912728910354 0.9974960790937207
39.29245854455379 0.999745751075348
39.385789800004034 0.993293234120534
39.47912105545428 0.9781946935309033
39.57245231090453 0.9545815530736806
39.66578356635477 0.9226593510163974
39.75911482180502 0.8827059510391554
39.852446077255266 0.8350691235974823
39.94577733270552 0.7801635187884424
40.03910858815576 0.7184670570695242
40.132439843606 0.650516769246822
40.22577109905625 0.5769041219429911
40.3191023545065 0.49826986923403205
40.41243360995675 0.4152984752681557
40.505764865406995 0.32871215641472096
40.59909612085723 0.23926459480257276
40.692427376307485 0.14773437796778716
40.78575863175773 0.05491822171481098
40.87908988720798 -0.038375964818272594
40.97242114265823 -0.13133611152561578
41.06575239810847 -0.22315305591832646
41.15908365355872 -0.31302758640004363
41.25241490900896 -0.40017739892597937
41.345746164459214 -0.48384390649183373
41.43907741990946 -0.5632988421800231
41.532408675359704 -0.6378505982877479
41.62573993080995 -0.7068502463584531
41.719071186260194 -0.7696971857160032
41.81240244171045 -0.8258443713344265
41.90573369716069 -0.8748030755377273
41.99906495261094 -0.9161471420820829
42.09239620806118 -0.9495166955910963
42.18572746351143 -0.9746212740557537
42.27905871896168 -0.9912423571325247
42.372389974411924 -0.9992352682322773
42.46572122986217 -0.9985304338434802
42.559052485312414 -0.9891339891280119
42.65238374076266 -0.9711277245182469
42.74571499621291 -0.9446683737802478
42.839046251663156 -0.9099862497400649
42.9323775071134 -0.8673832395482945
43.025708762563646 -0.8172301769329631
43.1190400180139 -0.759963614313669
43.21237127346414 -0.6960820228738369
43.30570252891439 -0.6261414536671152
43.39903378436463 -0.5507506975254772
43.49236503981488 -0.47056598589906923
43.58569629526513 -0.38628527875384244
43.679027550715375 -0.29864218924744074
43.77235880616562 -0.20839959806530983
43.865690061615865 -0.11634301300054234
43.95902131706611 -0.023273731578249423
44.05235257251636 0.06999813376024334
44.14568382796661 0.16266070720173953
44.23901508341685 0.25390741645468373
44.3323463388671 0.34294401347861814
44.42567759431734 0.42899548793843845
44.519008849767594 0.5113128132059274
44.61234010521784 0.5891794661886265
44.70567136066809 0.6619176642349336
44.79900261611833 0.728894264826733
44.892333871568574 0.7895262767064701
44.98566512701883 0.8432859344673823
45.07899638246907 0.8897052924357831
45.172327637919324 0.9283802978583522
45.26565889336956 0.958974307939708
45.35899014881981 0.9812210201166667
45.45232140427006 0.994926790062786
45.545652659720304 0.9999723172464415
45.638983915170556 0.9963136833706182
45.732315170620794 0.9839827346554216
45.825646426071046 0.9630868046357691
45.91897768152129 0.9338077798871645
46.012308936971536 0.8964005168118094
46.10564019242179 0.8511906232660248
46.198971447872026 0.7985716243385839
46.29230270332228 0.7390015369500934
46.38563395877252 0.6729988830896392
46.47896521422277 0.6011381763908907
46.57229646967302 0.5240449213344821
