0.0 0.0
0.06784576945789318 0.06779373187544419
0.13569153891578636 0.135275525602667
0.20353730837367956 0.20213487834915592
0.2713830778315727 0.2680641513095219
0.3392288472894659 0.3327599852387153
0.4070746167473591 0.3959246962937729
0.4749203862052523 0.4572676457614333
0.5427661556631455 0.5165065773691178
0.6106119251210387 0.5733689160259274
0.6784576945789318 0.6275930220177849
0.746303464036825 0.6789293948858108
0.8141492334947182 0.7271418214485525
0.8819950029526114 0.7720084626856878
0.9498407724105046 0.8133228744821449
1.0176865418683976 0.850894957535907
1.085532311326291 0.8845518320587052
1.1533780807841842 0.914138633244854
1.2212238502420774 0.9395192238480552
1.2890696196999705 0.9605768205873991
1.3569153891578636 0.9772145315002937
1.424761158615757 0.9893558017698076
1.49260692807365 0.9969447659750509
1.5604526975315434 0.9999465051437879
1.6282984669894365 0.9983472074245121
1.6961442364473296 0.9921542316386839
1.7639900059052227 0.9813960734207103
1.831835775363116 0.966122234101466
1.8996815448210091 0.946402992938659
1.9675273142789025 0.9223290837420752
2.035373083736795 0.8940112773816389
2.1032188531946887 0.8615798720992869
2.171064622652582 0.8251840939698815
2.238910392110475 0.7849914102698017
2.3067561615683685 0.7411867589126067
2.374601931026261 0.693971697497353
2.4424477004841547 0.6435634758850308
2.510293469942048 0.5901940365704692
2.578139239399941 0.5341089474492656
2.645985008857834 0.47556627189039724
2.713830778315727 0.4148353813136187
2.7816765477736207 0.3521957157353186
2.849522317231514 0.28793549798591533
2.9173680866894065 0.22235040751503524
2.9852138561473 0.15574221988667758
3.053059625605193 0.08841741822443606
3.1209053950630867 0.020685782995897486
3.1887511645209794 -0.04714103337496328
3.256596933978873 -0.11475094050879925
3.324442703436766 -0.18183284608705233
3.392288472894659 -0.2480780872757653
3.4601342423525523 -0.31318185097064044
3.5279800118104454 -0.3768445763284049
3.595825781268339 -0.43877333313103667
3.663671550726232 -0.49868316964060505
3.7315173201841247 -0.5562984237428695
3.7993630896420183 -0.6113539913466892
3.8672088590999114 -0.6635965462029763
3.935054628557805 -0.7127857055304709
4.002900398015698 -0.7586951360849523
4.07074616747359 -0.8011135955825557
4.138591936931484 -0.8398459046853108
4.206437706389377 -0.8747138450765133
4.2742834758472705 -0.9055569794936464
4.342129245305164 -0.9322333899456324
4.409975014763057 -0.9546203307176776
4.47782078422095 -0.9726147931590471
4.545666553678843 -0.9861339796550217
4.613512323136737 -0.9951156846021577
4.681358092594629 -0.9995185806338743
4.749203862052522 -0.9993224087793653
4.817049631510416 -0.9945280716808558
4.884895400968309 -0.985157629440292
4.9527411704262025 -0.9712541981145668
5.020586939884096 -0.9528817513263397
5.088432709341989 -0.9301248259032917
5.156278478799882 -0.9030881329002549
5.224124248257775 -0.8718960757940122
5.291970017715668 -0.8366921780676906
5.359815787173561 -0.7976384228185932
5.427661556631454 -0.754914507428122
5.495507326089347 -0.708717016723266
5.5633530955472414 -0.6592585184341715
5.631198865005135 -0.6067665851098543
5.699044634463028 -0.5514827469924876
5.76689040392092 -0.4936613806684001
5.834736173378813 -0.43356853860940137
5.902581942836707 -0.3714807249900614
5.9704277122946 -0.3076836234137438
6.038273481752493 -0.24247078240148448
6.106119251210386 -0.17614226469216618
6.1739650206682795 -0.1090032665689279
6.2418107901261735 -0.04136271356468496
6.309656559584067 0.026468160991680582
6.377502329041959 0.09417724804795985
6.445348098499852 0.16145299893070353
6.513193867957746 0.22798585886884334
6.581039637415639 0.2934696913428081
6.648885406873532 0.3576031867053013
6.716731176331425 0.4200912485922652
6.784576945789318 0.48064635174477527
6.852422715247212 0.5389898649941357
6.920268484705105 0.5948533333227451
6.988114254162998 0.6479797131016217
7.055960023620891 0.6981245548208839
7.123805793078784 0.7450571278711371
7.191651562536678 0.7885614822003114
7.259497331994571 0.8284374419609698
7.327343101452464 0.864501526576042
7.395188870910356 0.8965877949848879
7.4630346403682495 0.9245486091850872
7.5308804098261435 0.9482553135566716
7.598726179284037 0.9675988268430477
7.66657194874193 0.9824901440647326
7.734417718199823 0.9928607460564555
7.802263487657716 0.99866291474323
7.87010925711561 0.9998699527047231
7.937955026573503 0.9964763060176425
8.005800796031396 0.9884975898109092
8.07364656548929 0.9759705164160304
8.14149233494718 0.9589527264432715
8.209338104405075 0.9375225235608915
8.277183873862969 0.9117785141978081
8.345029643320862 0.8818391538275042
8.412875412778755 0.8478422019208701
8.480721182236648 0.8099440880758872
8.548566951694541 0.7683191922407727
8.616412721152434 0.7231590423424823
8.684258490610327 0.6746714330125103
8.75210426006822 0.6230794694649768
8.819950029526114 0.5686205409263917
8.887795798984007 0.5115452283406339
8.9556415684419 0.45211615137510697
9.023487337899793 0.39060676003331835
9.091333107357686 0.32730007643401837
9.159178876815579 0.2624873925463272
9.227024646273474 0.19646692987293785
9.294870415731367 0.12954246724858282
9.362716185189258 0.06202194306762738
9.430561954647152 -0.0057839616276397785
9.498407724105045 -0.07356325267840623
9.56625349356294 -0.14100405838277394
9.634099263020833 -0.2077960645057209
9.701945032478726 -0.2736319421227362
9.769790801936619 -0.33820876172717895
9.83763657139451 -0.4012293870946772
9.905482340852405 -0.4624038424910042
9.973328110310298 -0.5214506469324877
10.041173879768191 -0.5780981093597006
10.109019649226084 -0.6320855787649149
10.176865418683978 -0.6831646435211624
10.24471118814187 -0.7311002743944393
10.312556957599764 -0.7756719059797329
10.380402727057657 -0.8166744515848773
10.44824849651555 -0.8539192468924702
10.516094265973443 -0.8872349180577958
10.583940035431336 -0.9164681702483883
10.65178580488923 -0.9414844929969443
10.719631574347122 -0.9621687791220531
10.787477343805016 -0.9784258543689177
10.855323113262909 -0.9901809153330388
10.923168882720804 -0.9973798736518505
10.991014652178695 -0.9999896048805851
11.058860421636588 -0.9979981009072193
11.126706191094483 -0.9914145252051956
11.194551960552374 -0.9802691706696888
11.26239773001027 -0.9646133202314187
11.33024349946816 -0.9445190108893753
11.398089268926055 -0.9200787022481919
11.465935038383948 -0.8914048510853416
11.53378080784184 -0.8586293939056711
11.601626577299735 -0.8219031398641965
11.669472346757626 -0.7813950768505081
11.737318116215521 -0.7372915939276458
11.805163885673414 -0.6897956237032812
11.873009655131307 -0.639125708579342
11.9408554245892 -0.5855149951765709
12.008701194047092 -0.5292101615609359
12.076546963504986 -0.4704702822080232
12.144392732962881 -0.40956563592806206
12.212238502420773 -0.34677646223661374
12.280084271878666 -0.2823916718932353
12.347930041336559 -0.21670751754131756
12.415775810794452 -0.1500262305658163
12.483621580252347 -0.08265463044110775
12.551467349710238 -0.014902712967756263
12.619313119168133 0.052917776105922784
12.687158888626024 0.1204947755142587
12.755004658083918 0.18751734435645906
12.822850427541812 0.25367709282368295
12.890696196999704 0.3186696011878364
12.958541966457599 0.3821958205229188
13.026387735915492 0.4439634487137489
13.094233505373385 0.503688275420746
13.162079274831278 0.5610954898121351
13.22992504428917 0.6159209450463647
13.297770813747064 0.6679123736864939
13.365616583204957 0.716830548454056
13.43346235266285 0.7624503829814897
13.501308122120744 0.8045619674982162
13.569153891578637 0.8429715346849065
13.63699966103653 0.87750235125176
13.704845430494425 0.9079955311383935
13.772691199952316 0.9343107665935703
13.84053696941021 0.9563269737708836
13.908382738868102 0.9739428498697973
13.976228508325995 0.987077339258506
14.04407427778389 0.9956700064338387
14.111920047241782 0.999681314102113
14.179765816699677 0.9990928051014153
14.247611586157568 0.993907187328225
14.315457355615461 0.9841483212776175
14.383303125073356 0.9698611102543722
14.451148894531247 0.9511112937601603
14.518994663989142 0.9279851450074865
14.586840433447033 0.900589073952227
14.654686202904928 0.869049137671296
14.722531972362821 0.833510460338367
14.790377741820713 0.7941365654664668
14.858223511278608 0.7511086234900091
14.926069280736499 0.7046246181483589
14.993915050194394 0.6548984355065951
15.061760819652287 0.6021588798052063
15.12960658911018 0.5466486206670075
15.197452358568073 0.4886230765055277
15.265298128025965 0.42834923927259877
15.33314389748386 0.3661044459528087
15.400989666941754 0.3021751024575548
15.468835436399646 0.23685536579037522
15.536681205857539 0.17044579054731077
15.604526975315432 0.10325194598015688
15.672372744773325 0.035583009985841615
15.74021851423122 -0.03224965350858589
15.808064283689111 -0.09993392721950108
15.875910053147006 -0.16715837664668495
15.943755822604897 -0.2336136830715793
16.011601592062792 -0.2989940668202862
16.079447361520685 -0.3629986942423674
16.14729313097858 -0.4253330619316348
16.21513890043647 -0.4857103518196677
16.28298466989436 -0.5438527509069236
16.350830439352258 -0.5994927295589941
16.41867620881015 -0.6523742724861429
16.486521978268044 -0.7022540567421438
16.554367747725937 -0.7489025713220108
16.62221351718383 -0.7921051732070935
16.690059286641723 -0.8316630749983571
16.757905056099617 -0.867394259593469
16.82575082555751 -0.8991343176990032
16.893596595015403 -0.9267372043241325
16.961442364473296 -0.9500759107749674
17.02928813393119 -0.9690430490575037
17.097133903389082 -0.9835513460001778
17.164979672846975 -0.9935340448224297
17.23282544230487 -0.9989452123015451
17.30067121176276 -0.9997599501244139
17.368516981220655 -0.9959745094517152
17.436362750678548 -0.9876063081673887
17.50420852013644 -0.9746938507340208
17.572054289594334 -0.9572965510229136
17.639900059052227 -0.9354944589340476
17.70774582851012 -0.9093878920638351
17.775591597968013 -0.8790969741154654
17.843437367425906 -0.844761082175748
17.9112831368838 -0.8065382054016875
17.979128906341693 -0.7646042180676564
18.046974675799586 -0.7191520703180804
18.114820445257482 -0.6703909003492097
18.182666214715372 -0.6185450721050985
18.250511984173265 -0.5638531429155696
18.318357753631158 -0.5065667658264471
18.38620352308905 -0.44694953167265217
18.454049292546948 -0.3852757562221671
18.521895062004837 -0.3218292179715622
18.589740831462734 -0.2569018524007787
18.657586600920624 -0.19079240869540728
18.725432370378517 -0.1238050751170796
18.793278139836413 -0.056248079347214444
18.861123909294303 0.011567729755782073
18.9289696787522 0.07933031246013023
18.99681544821009 0.14672787394374695
19.064661217667986 0.21345029895052706
19.13250698712588 0.2791905787183566
19.20035275658377 0.34364622361335617
19.268198526041665 0.40652065497030027
19.336044295499555 0.4675245697349642
19.40389006495745 0.5263772716294084
19.471735834415345 0.5828079627149511
19.539581603873238 0.6365569894101637
19.60742737333113 0.6873770372304739
19.67527314278902 0.7350342687521084
19.743118912246917 0.7793093995642746
19.81096468170481 0.8199987072587759
19.878810451162703 0.8569149688144961
19.946656220620596 0.8898883220634977
20.01450199007849 0.9187670472749351
20.082347759536383 0.9434182652604788
20.150193528994276 0.9637285487890694
20.21803929845217 0.9796044444977117
20.285885067910062 0.9909729028968479
20.353730837367955 0.9977816144917351
20.421576606825848 0.9999992504732349
20.48942237628374 0.9976156068705326
20.557268145741634 0.9906416515024938
20.625113915199528 0.9791094735116264
20.69295968465742 0.963072135712853
20.760805454115314 0.9426034304364815
20.828651223573207 0.9177975399888073
20.8964969930311 0.8887686032926654
20.964342762488993 0.8556501907019414
21.032188531946886 0.8185946894065683
21.10003430140478 0.7777726022559356
21.167880070862672 0.7333717632270205
21.235725840320566 0.685596473147097
21.30357160977846 0.6346665596478062
21.37141737923635 0.5808163656760036
21.439263148694245 0.5242936712155348
21.507108918152138 0.46535855318139957
21.57495468761003 0.40428218873225535
21.642800457067924 0.34134560750755855
21.710646226525817 0.27683839853065256
21.77849199598371 0.2110573777277082
21.846337765441607 0.14430522219363506
21.9141835348995 0.0768890774891144
21.98202930435739 0.009119144376924609
22.049875073815283 -0.05869274849956562
22.117720843273176 -0.12623457942822544
22.185566612731073 -0.19319556932838938
22.253412382188966 -0.25926761173335083
22.321258151646855 -0.32414669047543715
22.38910392110475 -0.3875342785504434
22.45694969056264 -0.44913871172485464
22.52479546002054 -0.5086765305655517
22.59264122947843 -0.5658737847168755
22.66048699893632 -0.6204672934237668
22.728332768394214 -0.6722058565009068
22.79617853785211 -0.7208514101758571
22.864024307310004 -0.7661801224878578
22.931870076767897 -0.8079834232020433
22.999715846225786 -0.8460689635001125
23.06756161568368 -0.8802615010316939
23.135407385141576 -0.9104037062539878
23.20325315459947 -0.9363568863495252
23.271098924057362 -0.9580016233910819
23.338944693515252 -0.9752383238173544
23.406790462973145 -0.9879876766911284
23.474636232431042 -0.9961910186313436
23.542482001888935 -0.9998106037399158
23.610327771346828 -0.998829777281299
23.678173540804718 -0.9932530523156359
23.746019310262614 -0.9831060889328895
23.813865079720507 -0.9684355761835104
23.8817108491784 -0.9493090172488972
23.949556618636294 -0.9258144188401549
24.017402388094183 -0.8980598862543103
24.08524815755208 -0.8661731259512344
24.153093927009973 -0.8303008579400912
24.220939696467866 -0.7906081406790338
24.288785465925763 -0.7472776115945262
24.35663123538365 -0.7005086467148649
24.424477004841545 -0.6505164432846062
24.49232277429944 -0.5975310295811858
24.56016854375733 -0.54179620648967
24.62801431321523 -0.4835684257058934
24.695860082673118 -0.42311560972963436
24.76370585213101 -0.36071591907733125
24.831551621588904 -0.29665647238684933
24.899397391046797 -0.23123202530334797
24.967243160504694 -0.16474361422513162
25.035088929962583 -0.09749717114999518
25.102934699420477 -0.02980211599547853
25.17078046887837 0.03803006712971522
25.238626238336266 0.10568726315228519
25.30647200779416 0.17285816216410615
25.37431777725205 0.23923369184724466
25.442163546709942 0.3045084396031711
25.510009316167835 0.36838205784255007
25.577855085625732 0.43056064596952454
25.645700855083625 0.49075810270152415
25.713546624541515 0.5486974425022594
25.781392393999408 0.6041120700705687
25.8492381634573 0.6567470070208397
25.917083932915197 0.7063600651107431
25.98492970237309 0.7527229606178703
26.052775471830984 0.7956223647377666
26.120621241288873 0.834860885170128
26.18846701074677 0.8702579743766556
26.256312780204663 0.9016507603313603
26.324158549662556 0.9288947959408724
26.39200431912045 0.9518647236863919
26.45985008857834 0.9704548524291133
26.527695858036235 0.9845796437250746
26.59554162749413 0.9941741054117382
26.66338739695202 0.9991940906553359
26.731233166409915 0.9996165010829403
26.799078935867804 0.9954393930646183
26.8669247053257 0.9866819866566204
26.934770474783594 0.9733845771644659
27.002616244241487 0.9556083497328333
27.070462013699384 0.9334350978153929
27.138307783157273 0.9069668468199825
27.206153552615167 0.8763253846608163
27.27399932207306 0.8416517013778345
27.341845091530953 0.8031053404016183
27.40969086098885 0.7608636644489085
27.47753663044674 0.7151210394265581
27.545382399904632 0.6660879400989601
27.613228169362525 0.6139899816341073
27.68107393882042 0.5590668814843377
27.748919708278315 0.501571356378486
27.816765477736205 0.44176795950070386
27.884611247194098 0.3799318632063508
27.95245701665199 0.3163475928761352
28.020302786109887 0.25130771773428884
28.08814855556778 0.18511150465477644
28.15599432502567 0.11806354114968884
28.223840094483563 0.05047233387589132
28.291685863941456 -0.017351110891404602
28.359531633399353 -0.08509471828655596
28.427377402857246 -0.15244678079825502
28.495223172315136 -0.21909739252403013
28.56306894177303 -0.28473987513501625
28.630914711230922 -0.34907218898972875
28.69876048068882 -0.4117983229039584
28.76660625014671 -0.4726296561819942
28.8344520196046 -0.5312862866421504
28.902297789062494 -0.5874983185259244
28.97014355852039 -0.6410071043647595
29.037989327978284 -0.6915664350902538
29.105835097436177 -0.7389436729117842
29.173680866894067 -0.7829208217488103
29.24152663635196 -0.8232955302925536
29.309372405809857 -0.8598820230816296
29.37721817526775 -0.8925119553075276
29.445063944725643 -0.921035187416731
29.512909714183532 -0.9453204759452885
29.580755483641425 -0.9652560774071451
29.648601253099322 -0.9807502624575414
29.716447022557215 -0.9917317379656932
29.78429279201511 -0.9981499750546688
29.852138561472998 -0.999975441599049
29.919984330930895 -0.9971997381105958
29.987830100388788 -0.989835636386675
30.05567586984668 -0.9779170207436025
30.123521639304574 -0.9614987321053132
30.191367408762463 -0.9406563156647504
30.25921317822036 -0.9154856732790448
30.327058947678253 -0.8861026221979389
30.394904717136146 -0.8526423621558283
30.462750486594043 -0.8152588532795221
30.53059625605193 -0.7741241076741346
30.598442025509826 -0.7294273979466736
30.66628779496772 -0.6813743863092467
30.734133564425612 -0.6301861782689833
30.80197933388351 -0.5760983052590248
30.869825103341398 -0.5193596408917512
30.93767087279929 -0.46023125582082136
31.005516642257184 -0.3989852164812328
31.073362411715078 -0.33590333323463656
31.141208181172974 -0.2712758636801005
31.209053950630864 -0.20540017709676114
31.276899720088757 -0.13857938616357052
31.34474548954665 -0.0711209522521037
31.412591259004543 -0.003335270709749389
31.48043702846244 0.06446575735713565
31.54828279792033 0.13197016022847757
31.616128567378222 0.19886733104070317
31.683974336836116 0.26484945697679574
31.751820106294012 0.32961293560020855
31.819665875751905 0.3928597718155876
31.887511645209795 0.4542989490285653
31.955357414667688 0.5136477681954773
32.023203184125585 0.5706331486016627
32.091048953583474 0.6249928843831215
32.15889472304137 0.6764768510099362
32.22674049249926 0.7248481561799851
32.29458626195716 0.769884229827516
32.36243203141505 0.8113778482309728
32.43027780087294 0.849138087508027
32.49812357033084 0.8829912021103671
32.56596933978872 0.9127814242761537
32.63381510924662 0.9383716807615989
32.701660878704516 0.9596442235537198
32.769506648162405 0.9765011716622971
32.8373524176203 0.9888649614980141
32.90519818707819 0.9966787037644739
32.97304395653609 0.9999064452219634
33.04088972599398 0.9985333341184784
33.108735495451874 0.9925656885268419
33.17658126490977 0.9820309672734613
33.24442703436766 0.9669776435924987
33.31227280382555 0.9474749820867967
33.38011857328345 0.9236127200218368
33.447964342741344 0.8955006544191889
33.51581011219923 0.8632681368493365
33.58365588165712 0.8270634782484811
33.65150165111502 0.7870532664979539
33.71934742057291 0.7434215999062371
33.787193190030806 0.6963692401205108
33.8550389594887 0.6461126883655237
