0.0 0.0
0.09907088073884024 0.09890889615372091
0.19814176147768048 0.19684779136628505
0.2972126422165208 0.2928561975094619
0.39628352295536096 0.38599255878858246
0.4953544036942012 0.47534348559351247
0.5944252844330415 0.5600327121234557
0.6934961651718817 0.6392296899380352
0.7925670459107219 0.712157733157575
0.8916379266495622 0.7781016354324894
0.9907088073884024 0.8364146839820514
1.0897796881272428 0.8865250019157648
1.188850568866083 0.9279411566381042
1.2879214496049232 0.9602569793349183
1.3869923303437635 0.9831555482767256
1.4860632110826035 0.9964122968745897
1.5851340918214438 0.9998972160078282
1.6842049725602843 0.993576129025295
1.7832758532991244 0.9775110269162807
1.8823467340379647 0.9518594603640047
1.9814176147768048 0.9168729946438412
2.0804884955156453 0.8728947425191107
2.1795593762544856 0.8203559993293663
2.278630256993326 0.7597720132709082
2.377701137732166 0.6917369323504473
2.476772018471006 0.6169179775672152
2.5758428992098463 0.5360488994672015
2.6749137799486866 0.44992278224119137
2.773984660687527 0.35938426593690675
2.873055541426367 0.26532126306213266
2.972126422165207 0.16865625081421642
3.0711973029040474 0.07033722433316643
3.1702681836428876 -0.028671600300068864
3.269339064381728 -0.12739924214432313
3.3684099451205687 -0.22487747782201228
3.4674808258594085 -0.3201503368994674
3.566551706598249 -0.4122834771024802
3.665622587337089 -0.5003733474241746
3.7646934680759294 -0.5835560492624915
3.8637643488147697 -0.6610158086859763
3.9628352295536096 -0.731992976740244
4.06190611029245 -0.7957914793360011
4.160976991031291 -0.851785643657466
4.26004787177013 -0.8994263341445098
4.359118752508971 -0.9382463378728483
4.458189633247811 -0.9678649465177844
4.557260513986652 -0.9879916899661285
4.656331394725491 -0.9984291849606957
4.755402275464332 -0.9990750708406988
4.854473156203172 -0.989923013394193
4.953544036942012 -0.9710627669777814
5.052614917680852 -0.9426792942943734
5.151685798419693 -0.905050952461345
5.250756679158533 -0.858546763158359
5.349827559897373 -0.8036227936265409
5.4488984406362135 -0.7408176840106068
5.547969321375054 -0.6707473649073576
5.647040202113894 -0.5940990169256205
5.746111082852734 -0.5116243314963143
5.845181963591575 -0.42413213902397284
5.944252844330414 -0.3324804766755487
6.043323725069255 -0.23756817359779653
6.142394605808095 -0.1403260360871493
6.241465486546936 -0.04170771915921327
6.340536367285775 0.05731962595942147
6.439607248024616 0.15578483669692944
6.538678128763456 0.25272226334129455
6.637749009502296 0.3471812391806751
6.736819890241137 0.4382354037052701
6.835890770979977 0.5249917874379146
6.934961651718817 0.6065995692983593
7.034032532457657 0.6822584206176097
7.133103413196498 0.7512263539724874
7.232174293935338 0.8128269998667652
7.331245174674178 0.8664562398963673
7.430316055413018 0.9115881313470868
7.529386936151859 0.9477800651222129
7.628457816890698 0.9746771064161875
7.727528697629539 0.9920154755652598
7.826599578368379 0.9996251349383694
7.925670459107219 0.9974314564985972
8.02474133984606 0.9854559536813765
8.1238122205849 0.9638160704119276
8.22288310132374 0.9327240293310264
8.321953982062581 0.8924847505245663
8.42102486280142 0.8434928611679761
8.52009574354026 0.7862288254119322
8.619166624279101 0.7212542324636517
8.718237505017942 0.6492062890736099
8.817308385756782 0.5707915704399393
8.916379266495621 0.48677909081548215
9.01545014723446 0.3979927617741575
9.114521027973304 0.3053033120985185
9.213591908712143 0.20961974853030058
9.312662789450982 0.11188044112844989
9.411733670189824 0.013043920660717457
9.510804550928665 -0.08592052172111263
9.609875431667504 -0.18404234033323846
9.708946312406344 -0.28035925311506893
9.808017193145185 -0.37392667874297547
9.907088073884024 -0.46382700015266526
10.006158954622865 -0.5491785636226991
10.105229835361705 -0.6291443251649734
10.204300716100546 -0.7029400594269426
10.303371596839385 -0.7698420506007134
10.402442477578225 -0.829194189914201
10.501513358317066 -0.8804144100991165
10.600584239055907 -0.9230003937328843
10.699655119794746 -0.9565344994727006
10.798726000533586 -0.9806878578700796
10.897796881272427 -0.9952235965981773
10.996867762011268 -0.9999991634620441
11.095938642750108 -0.9949677244100164
11.195009523488947 -0.9801786228359204
11.294080404227788 -0.9557768956677125
11.393151284966628 -0.9220018509882807
11.492222165705469 -0.8791847211376927
11.591293046444308 -0.8277454143129658
11.69036392718315 -0.7681883965224426
11.789434807921989 -0.7010977442805322
11.888505688660828 -0.6271314165610787
11.987576569399671 -0.5470148021844162
12.08664745013851 -0.4615336059189758
12.18571833087735 -0.37152614306351006
12.28478921161619 -0.27787511807713294
12.38386009235503 -0.1814989678842211
12.482930973093872 -0.08334285475053334
12.582001853832711 0.015630602936478444
12.68107273457155 0.11445077107979065
12.780143615310392 0.2121485188950992
12.879214496049231 0.30776572319009987
12.978285376788072 0.4003646646921759
13.077356257526912 0.4890372242745315
13.176427138265753 0.5729137888933038
13.275498019004592 0.6511717798949502
13.374568899743432 0.7230437200567295
13.473639780482275 0.7878247602466572
13.572710661221114 0.8448795918888886
13.671781541959954 0.8936486774439061
13.770852422698793 0.9336537378010602
13.869923303437634 0.9645024427685639
13.968994184176475 0.9858922586612215
14.068065064915315 0.9976134152525531
14.167135945654154 0.999550962994367
14.266206826392995 0.9916859003286012
14.365277707131835 0.9740953600358725
14.464348587870676 0.9469518527932066
14.563419468609517 0.9105215753593945
14.662490349348356 0.8651617999796197
14.761561230087196 0.8113173706115038
14.860632110826035 0.7495163403341343
14.959702991564878 0.6803647927240589
15.058773872303718 0.6045408979851031
15.157844753042557 0.5227882621235903
15.256915633781396 0.43590863439374794
15.355986514520238 0.3447540445314468
15.455057395259079 0.25021844688655576
15.554128275997918 0.153228953400007
15.653199156736758 0.05473674140389699
15.752270037475599 -0.04429227458803652
15.851340918214438 -0.14288691561768382
15.95041179895328 -0.24008026264833068
16.04948267969212 -0.33491913915329014
16.14855356043096 -0.4264734589315706
16.2476244411698 -0.5138453474763778
16.34669532190864 -0.5961779474430698
16.44576620264748 -0.6726638218612541
16.54483708338632 -0.7425528726805435
16.643907964125162 -0.8051596969927335
16.742978844864002 -0.8598703087877921
16.84204972560284 -0.9061481603233429
16.94112060634168 -0.943539404055941
17.04019148708052 -0.9716773435303426
17.139262367819363 -0.9902860295768199
17.238333248558202 -0.999182966548562
17.337404129297042 -0.9982809020590647
17.436475010035885 -0.987588682667513
17.53554589077472 -0.9672111671204537
17.634616771513564 -0.9373481980005813
17.733687652252407 -0.8982926418677155
17.832758532991242 -0.850427517112313
17.931829413730085 -0.794222237688691
18.03090029446892 -0.7302280095657742
18.129971175207764 -0.6590724250423426
18.229042055946607 -0.5814533079405271
18.328112936685443 -0.49813187003772036
18.427183817424286 -0.4099252458519082
18.526254698163125 -0.3176984789919531
18.625325578901965 -0.22235603866267403
18.724396459640808 -0.12483294952259626
18.823467340379647 -0.02608562188393332
18.922538221118486 0.07291752781687
19.02160910185733 0.1712055742927934
19.120679982596165 0.26781460528422607
19.21975086333501 0.36179717466014544
19.318821744073848 0.4522315940356532
19.417892624812687 0.5382309717830183
19.51696350555153 0.6189519107903781
19.61603438629037 0.6936027796691154
19.71510526702921 0.7614514762940816
19.81417614776805 0.8218326075394633
19.91324702850689 0.8741540147985671
20.01231790924573 0.9179025812916298
20.11138878998457 0.9526492642093333
20.21045967072341 0.9780533023416864
20.30953055146225 0.9938655579280242
20.408601432201092 0.9999309599545453
20.50767231293993 0.9961900249379325
20.60674319367877 0.9826794402807155
20.705814074417614 0.959531704477394
20.80488495515645 0.9269738276998363
20.903955835895292 0.885325105505307
21.003026716634132 0.834993987500445
21.10209759737297 0.7764740716701894
21.201168478111814 0.7103392636553769
21.30023935885065 0.6372381484520286
21.399310239589493 0.5578876297291089
21.498381120328336 0.4730658991441546
21.597452001067172 0.3836048046066879
21.696522881806015 0.29038169233400063
21.795593762544854 0.19431080270445586
21.894664643283694 0.09633430428915218
21.993735524022537 -0.0025869460085431503
22.092806404761372 -0.10148282609019839
22.191877285500215 -0.19938346266347343
22.290948166239055 -0.2953287428031428
22.390019046977894 -0.38837772979214896
22.489089927716737 -0.47761789090125756
22.588160808455577 -0.5621740466104088
22.687231689194416 -0.6412169535066476
22.786302569933255 -0.7139714366859697
22.8853734506721 -0.7797239919045567
22.984444331410938 -0.8378297829249597
23.083515212149777 -0.8877189654342001
23.182586092888616 -0.928902275514983
23.281656973627456 -0.9609758278638444
23.3807278543663 -0.9836250767000264
23.47979873510514 -0.9966279005203876
23.578869615843978 -0.9998567804481248
23.67794049658282 -0.9932800508121948
23.777011377321656 -0.9769622096930012
23.8760822580605 -0.9510632863888024
23.975153138799342 -0.9158372720061323
24.07422401953818 -0.8716296285654306
24.17329490027702 -0.8188739010501185
24.272365781015857 -0.7580874656248484
24.3714366617547 -0.6898664557201216
24.470507542493543 -0.6148799157433472
24.56957842323238 -0.533863239750881
24.668649303971222 -0.44761095942811163
24.76772018471006 -0.3569689521060413
24.8667910654489 -0.2628261452303246
24.965861946187744 -0.16610579863726913
25.06493282692658 -0.06775645013159859
25.164003707665422 0.03125738683722941
25.263074588404262 0.12996468217199206
25.3621454691431 0.22739741203361422
25.461216349881944 0.32260005226461236
25.560287230620784 0.41463894922798883
25.659358111359623 0.5026114761616532
25.758428992098462 0.5856548852518096
25.857499872837305 0.6629547686129545
25.956570753576145 0.7337530451974978
26.055641634314984 0.7973553953073182
26.154712515053824 0.8531380697968338
26.253783395792663 0.9005540071896839
26.352854276531506 0.9391381987183528
26.451925157270345 0.9685122486717138
26.550996038009185 0.9883880853271192
26.650066918748028 0.9985707860738459
26.749137799486864 0.9989604890218922
26.848208680225707 0.9895533723489442
26.94727956096455 0.97044169178104
27.046350441703385 0.9418128758393652
27.14542132244223 0.90394768772609
27.244492203181064 0.8572174718756966
27.343563083919907 0.8020805121748462
27.44263396465875 0.7390775375658528
27.541704845397586 0.6688264191103037
27.64077572613643 0.5920161105188165
27.73984660687527 0.5093998915723047
27.838917487614108 0.4217879806965014
27.93798836835295 0.3300395891384279
28.03705924909179 0.2350544946695728
28.13613012983063 0.13776421745256273
28.23520101056947 0.0391228846097875
28.33427189130831 -0.05990212691476455
28.43334277204715 -0.15833967743485894
28.53241365278599 -0.25522438850261614
28.63148453352483 -0.3496061103886022
28.73055541426367 -0.4405592402136269
28.829626295002512 -0.5271917993492563
28.928697175741352 -0.6086541810648036
29.02776805648019 -0.6841474826325524
29.126838937219034 -0.7529313401780772
29.22590981795787 -0.8143311894392052
29.324980698696713 -0.867744881227286
29.424051579435552 -0.912648586712755
29.523122460174392 -0.9486019346218852
29.622193340913235 -0.9752523299640777
29.72126422165207 -0.9923384119359099
29.820335102390914 -0.9996926170902337
29.919405983129757 -0.997242822633259
30.018476863868592 -0.9850130537338174
30.117547744607435 -0.9631232479081863
30.21661862534627 -0.9317880787911809
30.315689506085114 -0.8913148508287748
30.414760386823957 -0.8421004855390726
30.513831267562793 -0.7846276288973734
30.612902148301636 -0.7194599180202614
30.711973029040475 -0.6472364535684721
30.811043909779315 -0.5686655320776657
30.910114790518158 -0.4845176996843075
31.009185671256997 -0.3956181953688387
31.108256551995837 -0.3028388578253245
31.207327432734676 -0.20708957532708283
31.306398313473515 -0.1093093624395381
31.40546919421236 -0.010457151091115174
31.504540074951198 0.08849761368570802
31.603610955690037 0.18658448111554385
31.702681836428876 0.28284151190453766
31.80175271716772 0.3763247119926117
31.90082359790656 0.4661172903165283
31.999894478645402 0.551338649792815
32.09896535938424 0.6311530233457674
32.19803624012308 0.7047776702869973
32.29710712086192 0.7714905526643739
32.39617800160076 0.830637416298457
32.4952488823396 0.881638207062438
32.59431976307844 0.9239927594811692
32.69339064381728 0.9572857018610469
32.79246152455612 0.9811905298460559
32.89153240529496 0.9954728084506187
32.9906032860338 0.9999924711667947
33.08967416677264 0.9947051935985102
33.18874504751148 0.9796628281515322
33.287815928250325 0.9550128955161947
33.38688680898916 0.9209971379299086
33.485957689728004 0.8779491484076143
33.58502857046684 0.8262910991903937
33.68409945120568 0.7665296014963157
33.783170331944525 0.699250737177092
33.88224121268336 0.6251143110050733
33.981312093422204 0.544847379958512
34.08038297416104 0.4592371229635489
34.17945385489988 0.36912312101932404
34.278524735638726 0.27538912341530525
34.37759561637757 0.17895438078950357
34.476666497116405 0.08076463002450007
34.57573737785524 -0.01821718060753682
34.674808258594084 -0.1170203350921391
34.77387913933293 -0.21467586949818498
34.87295002007177 -0.31022607462087437
34.972020900810605 -0.4027338882494094
35.07109178154944 -0.4912920849493471
35.170162662288284 -0.57503217323523
35.26923354302713 -0.6531329128788358
35.36830442376597 -0.72482836882371
35.46737530450481 -0.7894154227210733
35.56644618524364 -0.8462606684213883
35.665517065982485 -0.8948066237974425
35.76458794672133 -0.9345771979793935
35.86365882746017 -0.9651823603846852
35.962729708199014 -0.9863219657534688
36.06180058893784 -0.9977886976774039
36.160871469676685 -0.9994701017546076
36.25994235041553 -0.9913496884315512
36.35901323115437 -0.9735070947163528
36.458084111893214 -0.9461173031775119
36.55715499263205 -0.909448925887392
36.656225873370886 -0.8638615701398272
36.75529675410973 -0.8098023117763157
36.85436763484857 -0.747801310706939
36.953438515587415 -0.6784666116246283
37.05250939632625 -0.6024781809022842
37.15158027706509 -0.5205812381529399
37.25065115780393 -0.433578947850503
37.34972203854277 -0.34232454268443313
37.448792919281615 -0.247712955894691
37.54786380002045 -0.15067204464883072
37.646934680759294 -0.05215349053362806
37.74600556149813 0.04687653359962945
37.84507644223697 0.14544683890599358
37.944147322975816 0.2425907450095213
38.04321820371466 0.3373555602513994
38.142289084453495 0.42881192475048086
38.24135996519233 0.5160629246487815
38.340430845931174 0.5982528881583347
38.43950172667002 0.6745757771464871
38.53857260740886 0.7442830919632655
38.637643488147695 0.8066912119880018
38.73671436888654 0.8611880999064297
38.835785249625374 0.9072393039692388
38.93485613036422 0.944393199367956
39.03392701110306 0.9722854173257958
39.132997891841896 0.9906424184674112
39.23206877258074 0.999284175423411
39.331139653319575 0.9981259383613065
39.43021053405842 0.9871790661283196
39.52928141479726 0.9665509148550071
39.6283522955361 0.9364437851121747
39.72742317627494 0.897152937946314
39.82649405701378 0.8490636992503625
39.92556493775262 0.7926476808672279
40.02463581849146 0.7284581554857705
40.1237066992303 0.6571246306877607
40.22277757996914 0.5793466753580999
40.32184846070798 0.49588705900292296
40.42091934144682 0.4075642712582675
40.51999022218566 0.3152444949506359
40.6190611029245 0.2198331114298301
40.71813198366334 0.12226582148121809
40.817202864402184 0.023499468894966548
40.91627374514102 -0.07549734331453946
41.01534462587986 -0.17375375201215687
41.1144155066187 -0.27030615521040996
41.21348638735754 -0.3642076621278433
41.312557268096384 -0.45453737936023686
41.41162814883523 -0.540409442095252
41.51069902957406 -0.6209817018011413
41.6097699103129 -0.6954639851893087
41.70884079105174 -0.7631258434548936
41.807911671790585 -0.8233037157985056
41.90698255252943 -0.8754074369763691
42.006053433268264 -0.9189260250591944
42.1051243140071 -0.9534326926391817
42.20419519474594 -0.9785890323401474
42.303266075484785 -0.9941483355834378
42.40233695622363 -0.9999580120624513
42.50140783696247 -0.9959610861979263
42.6004787177013 -0.9821967558982552
42.69954959844014 -0.9588000081450325
42.798620479178986 -0.926000295173834
42.89769135991783 -0.8841192842328944
42.99676224065667 -0.8335677029878648
43.0958331213955 -0.7748413115098038
43.194904002134344 -0.7085160403491272
43.29397488287319 -0.6352423423766173
43.39304576361203 -0.5557388137829029
43.49211664435087 -0.4707851467954794
43.59118752508971 -0.38121448322603074
43.690258405828544 -0.2879052438368994
43.78932928656739 -0.19177251365627862
43.88840016730623 -0.09375906772643448
43.98747104804507 0.005173874704465334
44.08654192878391 0.10405607687307714
44.185612809522745 0.20191779962654022
44.28468369026159 0.2977993116680269
44.38375457100043 0.3907603016551082
44.482825451739274 0.47988909984638695
44.58189633247811 0.5643116188595115
44.68096721321695 0.6431999258585004
44.78003809395579 0.7157803621027132
44.87910897469463 0.7813411302290898
44.978179855433474 0.839239274858902
45.07725073617231 0.8889069880702499
45.17632161691115 0.929857177898377
45.27539249764999 0.961688245253423
45.37446337838883 0.9840880224083922
45.473534259127675 0.9968368344324421
45.57260513986651 0.9998096535460418
45.671676020605354 0.9929773252701689
45.7707469013442 0.9764068543446958
45.86981778208303 0.9502607476119629
45.968888662821875 0.9147954203098734
46.06795954356071 0.8703586814040483
46.167030424299554 0.8173863226203699
46.2661013050384 0.756397844629394
46.36517218577723 0.6879913622959299
46.464243066516076 0.6128377389581009
46.56331394725491 0.5316740072611482
46.662384827993755 0.4452961410678306
46.7614557087326 0.3545512493315529
46.86052658947144 0.2603292684868756
46.95959747021028 0.16355423483034828
47.05866835094911 0.0651752224834812
47.157739231687955 -0.03384296419055175
47.2568101124268 -0.1325292524369109
47.35588099316564 -0.22991582443333014
47.45495187390448 -0.3250476086931515
47.55402275464331 -0.41699164646490117
47.653093635382156 -0.504846241271923
47.752164516121 -0.5877498018624457
47.85123539685984 -0.6648892918471733
47.950306277598685 -0.7355082031586287
48.04937715833751 -0.7989139751364447
48.14844803907636 -0.8544847864795738
48.2475189198152 -0.9016756534565138
48.34658980055404 -0.9400237745684945
48.445660681292885 -0.9691530692503016
48.544731562031714 -0.9887778660976878
48.64380244277056 -0.9987057044508774
48.7428733235094 -0.9988392218589577
48.84194420424824 -0.9891771089148225
48.941015084987086 -0.9698141220965423
49.04008596572592 -0.9409401544892486
49.13915684646476 -0.9028383735009606
49.2382277272036 -0.8558824438358177
49.337298607942444 -0.8005328629590583
49.43636948868129 -0.7373324449918677
