0.0 0.0
0.12555975271339323 0.12523009916094274
0.25111950542678646 0.24848850670739905
0.3766792581401797 0.36783457442298473
0.5022390108535729 0.48138925212317235
0.6277987635669661 0.5873646724557255
0.7533585162803594 0.6840923000684299
0.8789182689937526 0.770049201948128
1.0044780217071458 0.8438820253163829
1.130037774420539 0.904428305560578
1.2555975271339321 0.9507347687166608
1.3811572798473255 0.9820723403391659
1.5067170325607189 0.9979476244506049
1.6322767852741118 0.9981106718393279
1.7578365379875052 0.982558915397497
1.8833962907008983 0.9515372105390448
2.0089560434142917 0.9055339800612565
2.134515796127685 0.8452735241473954
2.260075548841078 0.7717046165859245
2.3856353015544713 0.6859855667537244
2.5111950542678643 0.5894659825556707
2.6367548069812576 0.4836655214548815
2.762314559694651 0.37024996414912
2.8878743124080444 0.2510049876025534
3.0134340651214377 0.12780805036469808
3.1389938178348302 0.0025988328295640547
3.2645535705482236 -0.1226513021601751
3.390113323261617 -0.2459703475349147
3.5156730759750103 -0.3654167003629238
3.6412328286884037 -0.47910973151566266
3.7667925814017966 -0.5852593953279807
3.8923523341151895 -0.6821944130624051
4.017912086828583 -0.768388586441545
4.143471839541976 -0.8424848269538674
4.26903159225537 -0.903316522602242
4.394591344968762 -0.9499259056853844
4.520151097682156 -0.9815791324197549
4.645710850395549 -0.9977778369800303
4.771270603108943 -0.9982669780449865
4.896830355822336 -0.9830388543084476
5.0223901085357285 -0.9523332257328898
5.147949861249122 -0.9066335386366147
5.273509613962515 -0.8466593140488011
5.399069366675908 -0.7733548191743576
5.524629119389302 -0.687874200331273
5.650188872102695 -0.5915633114356861
5.775748624816089 -0.4859385241369951
5.901308377529482 -0.372662853227924
6.0268681302428755 -0.253519773224208
6.1524278829562675 -0.13038513836010615
6.2779876356696604 -0.005197648106758065
6.403547388383054 0.12007167677944522
6.529107141096447 0.24345052709260506
6.654666893809841 0.36299635829912197
6.780226646523234 0.4768269750281051
6.905786399236627 0.5831501653913582
7.031346151950021 0.680291918553873
7.156905904663414 0.766722781281878
7.282465657376807 0.8410819384964482
7.4080254100902 0.9021986386951677
7.533585162803593 0.9491106269082311
7.659144915516987 0.9810792949703627
7.784704668230379 0.9976013105743393
7.910264420943773 0.9984165420118976
8.035824173657167 0.9835121538305377
8.16138392637056 0.9531228089219539
8.286943679083953 0.907726973860296
8.412503431797345 0.8480393856610531
8.53806318451074 0.7749997985680508
8.663622937224131 0.6897581880453523
8.789182689937524 0.5936566449305323
8.914742442650919 0.48820824481778274
9.040302195364312 0.3750732253628806
9.165861948077705 0.25603284658764486
9.291421700791098 0.13296134574165866
9.41698145350449 0.007796428279330534
9.542541206217885 -0.11749124044139726
9.668100958931278 -0.24092906239919615
9.793660711644671 -0.3605735645784323
9.919220464358064 -0.47454099807810857
10.044780217071457 -0.5810369968914786
10.17033996978485 -0.6783848293921718
10.295899722498245 -0.7650517977198821
10.421459475211638 -0.839673369419154
10.54701922792503 -0.9010746613894799
10.672578980638423 -0.9482889378915471
10.798138733351816 -0.9805728313668625
10.923698486065211 -0.9974180464257812
11.049258238778604 -0.9985593627299144
11.174817991491997 -0.983978810767129
11.30037774420539 -0.9539059547734372
11.425937496918783 -0.9088142783473006
11.551497249632177 -0.8494137296632245
11.67705700234557 -0.7766395436569087
11.802616755058963 -0.6916375171716127
11.928176507772354 -0.5957459689019514
12.053736260485751 -0.4904746681676768
12.179296013199144 -0.37748106427447065
12.304855765912535 -0.2585441907197061
12.430415518625928 -0.135536655109797
12.555975271339321 -0.010395155795267058
12.681535024052716 0.1149100105741511
12.807094776766109 0.23840597048451626
12.932654529479501 0.3581483355642672
13.058214282192894 0.47225181610503203
13.183774034906287 0.578919904100562
13.309333787619682 0.6764731584576771
13.434893540333075 0.7633756470412846
13.560453293046468 0.838259129235381
13.68601304575986 0.8999445982764578
13.811572798473254 0.9474608441849741
13.937132551186648 0.9800597450298818
14.062692303900041 0.9972280457721115
14.188252056613434 0.998695439234434
14.313811809326827 0.9844388219664469
14.43937156204022 0.9546826579980169
14.564931314753615 0.9098954447540347
14.690491067467008 0.8507823367730755
14.8160508201804 0.7782740433661844
14.941610572893794 0.6935121750171749
15.067170325607186 0.5978312692387668
15.192730078320581 0.49273777887938536
15.318289831033974 0.37988635370028945
15.443849583747365 0.26105378865891604
15.569409336460758 0.13811104907102728
15.694969089174151 0.012993813102908876
15.820528841887546 -0.11232800461118823
15.946088594600939 -0.23588126838938642
16.071648347314333 -0.3557206876364879
16.197208100027726 -0.46995944456988276
16.32276785274112 -0.5767989013173354
16.448327605454512 -0.6745569186617033
16.573887358167905 -0.7616943405667129
16.699447110881298 -0.8368392274968277
16.82500686359469 -0.8988084569884838
16.950566616308084 -0.9466263513814098
17.07612636902148 -0.9795400394247761
17.201686121734873 -0.9970313098965843
17.327245874448263 -0.9988247706064034
17.452805627161656 -0.9848921843216022
17.57836537987505 -0.9554529133498837
17.703925132588445 -0.910970465778363
17.829484885301838 -0.8521451977471103
17.95504463801523 -0.7799032866565594
18.080604390728624 -0.6953821489207043
18.206164143442017 -0.5999125318569806
18.33172389615541 -0.4949975616679864
18.457283648868803 -0.38228907739514817
18.582843401582195 -0.2635616234555922
18.70840315429559 -0.14068451023803819
18.83396290700898 -0.015592382651071407
18.959522659722378 0.10974523999123277
19.08508241243577 0.23335497316550363
19.210642165149164 0.35329063719128795
19.336201917862557 0.46766389895520544
19.46176167057595 0.5746740028669283
19.587321423289342 0.6726361229464267
19.712881176002735 0.7600078896516161
19.83844092871613 0.8354136737934301
19.96400068142952 0.8976662451989921
20.089560434142914 0.9457854651169718
20.21512018685631 0.9790137180616075
20.3406799395697 0.9968278401279418
20.466239692283093 0.9989473559723256
20.59179944499649 0.9853388947706098
20.71735919770988 0.9562167156267755
20.842918950423275 0.9120393341596537
20.968478703136665 0.8535023033806446
21.09403845585006 0.7815272625242164
21.219598208563454 0.6972474262525028
21.345157961276847 0.6019897426998613
21.47071771399024 0.4972540012710317
21.596277466703633 0.3846892191311836
21.721837219417026 0.2660676781719601
21.847396972130422 0.1432570212298149
21.97295672484381 0.018190846889162796
22.098516477557208 -0.10716173415812745
22.224076230270597 -0.23082710187531613
22.349635982983994 -0.3508582006410924
22.475195735697387 -0.465365194764987
22.60075548841078 -0.5725452231007866
22.726315241124173 -0.6707107842847932
22.851874993837566 -0.7583163056861884
22.97743474655096 -0.8339824777532973
23.102994499264355 -0.8965179706224179
23.228554251977744 -0.9449381910709581
23.35411400469114 -0.978480784495121
23.47967375740453 -0.9966176378404081
23.605233510117927 -0.9990631945042661
23.73079326283132 -0.985778950296414
23.85635301554471 -0.9569740596700151
23.981912768258105 -0.9131020426788299
24.107472520971502 -0.8548536445078563
24.23303227368489 -0.7831459600009143
24.358592026398288 -0.6991079944145905
24.484151779111677 -0.6040628877380442
24.60971153182507 -0.4995070824486572
24.735271284538467 -0.3870867626979723
24.860831037251856 -0.2685719358822677
24.986390789965252 -0.14582856467177066
25.111950542678642 -0.02078918826730244
25.23751029539204 0.1045775045607264
25.36307004810543 0.22829767159193584
25.488629800818824 0.3484233944144403
25.614189553532217 0.46306334752454553
25.73974930624561 0.5704125763965683
25.865309058959003 0.6687809156804313
25.9908688116724 0.7566196000952943
26.11642856438579 0.8325456490426464
26.241988317099185 0.8953636410141399
26.367548069812575 0.94408453496581
26.49310782252597 0.9779412423247198
26.618667575239364 0.9964007044536776
26.744227327952757 0.999172285419858
26.86978708066615 0.9862123479269043
26.99534683337954 0.9577249403645441
27.120906586092936 0.9141585841584183
27.246466338806332 0.8561992120018731
27.37202609151972 0.7847593681540618
27.497585844233118 0.7009638408408
27.623145596946507 0.6061319529696251
27.7487053496599 0.50175678998368
27.874265102373297 0.3894816919026472
27.999824855086686 0.2710743796729001
28.125384607800083 0.14839912319584286
28.250944360513472 0.023387389236439536
28.37650411322687 -0.10199256865277029
28.50206386594026 -0.22576669939898153
28.627623618653654 -0.3459862349558752
28.753183371367047 -0.46075837278042725
28.87874312408044 -0.5682760771580487
29.004302876793833 -0.6668465301675643
29.12986262950723 -0.754917784338383
29.25542238222062 -0.8311031973657373
29.380982134934015 -0.8942032641704364
29.506541887647405 -0.9432245025670724
29.6321016403608 -0.9773950951944412
29.757661393074194 -0.9961770414329055
29.883221145787587 -0.9992746279823076
30.00878089850098 -0.9866390847349374
30.134340651214373 -0.9584693526389556
30.259900403927766 -0.9152089514625976
30.385460156641162 -0.8575389967748044
30.51101990935455 -0.7863674760867914
30.63657966206795 -0.7028149529968469
30.762139414781338 -0.6081969244202542
30.88769916749473 -0.5040031086817026
31.013258920208127 -0.39187399056998856
31.138818672921516 -0.2735749926424933
31.264378425634913 -0.1509686794406245
31.389938178348302 -0.025985432248471586
31.5154979310617 0.0994069438927701
31.64105768377509 0.22323420239049985
31.766617436488485 0.34354673872583436
31.892177189201877 0.4584502861003013
32.01773694191527 0.5661357398150201
32.14329669462867 0.6649076408109255
32.26885644734206 0.7532108699094243
32.39441620005545 0.8296551324648094
32.519975952768846 0.8930368479284272
32.64553570548224 0.9423580996833566
32.77109545819563 0.9768423467929321
32.896655210909024 0.9959466502886997
33.02221496362242 0.9993702215003988
33.14777471633581 0.9870591578383571
33.2733344690492 0.959207291465533
33.398894221762596 0.9162531374972465
33.52445397447599 0.8588729897778214
33.65001372718938 0.787970272938033
33.775573479902775 0.704661318380427
33.90113323261617 0.6102577881432311
34.02669298532956 0.5062460233712155
34.15225273804296 0.39426364254254304
34.27781249075635 0.2760737579020487
34.40337224346975 0.15353721605147447
34.52893199618313 0.028583299756362923
34.654491748896525 -0.09682064774388584
34.780051501609925 -0.22070019767083587
34.90561125432331 -0.3411049222005341
35.03117100703671 -0.4561391030728578
35.1567307597501 -0.5639915788232057
35.2822905124635 -0.6629642607056585
35.40785026517689 -0.7514988683368218
35.53341001789028 -0.8282014641200068
35.658969770603676 -0.8918644001660215
35.78452952331707 -0.9414853321662966
35.91008927603046 -0.9762830008534239
36.035649028743855 -0.9957095325771086
36.16120878145725 -0.9994590653284984
36.28676853417064 -0.9874725644000134
36.41232828688403 -0.9599387518602783
36.537888039597426 -0.9172911352099913
36.66344779231082 -0.8602011820012073
36.78900754502421 -0.7895677478825873
36.914567297737605 -0.7065029245212877
37.040127050451 -0.6123145302195986
37.16568680316439 -0.5084855189036995
37.29124655587779 -0.3966506316807428
37.41680630859118 -0.27857065857504687
37.54236606130458 -0.15610471568064865
37.66792581401796 -0.03118097421426324
37.793485566731356 0.09423369767382253
37.919045319444756 0.21816470235450738
38.04460507215814 0.3386608018718719
38.17016482487154 0.4538248393076901
38.29572457758493 0.5618436086641447
38.42128433029833 0.6610164029772456
38.54684408301172 0.7497817911833372
38.67240383572511 0.8267422021493257
38.797963588438506 0.8906859288018653
38.9235233411519 0.9406062059105159
39.04908309386529 0.9757170611537075
39.174642846578685 0.9954656898996121
39.30020259929208 0.9995411588665603
39.42576235200547 0.9878793016277817
39.551322104718864 0.9606637288829494
39.67688185743226 0.9183229375902543
39.80244161014565 0.8615235644744285
39.92800136285904 0.7911598901311988
40.053561115572435 0.7083397589813278
40.17912086828583 0.6143671367582371
40.30468062099922 0.5107215801537285
40.43024037371262 0.399034941862995
40.555800126426014 0.28106567779755504
40.6813598791394 0.1586711609874032
40.80691963185279 0.03377843807762606
40.932479384566186 -0.09164611115469123
41.058039137279586 -0.21562773356610984
41.18359888999298 -0.3362143942473017
41.309158642706365 -0.45150751043520143
41.43471839541976 -0.5596918438451064
41.56027814813316 -0.6590640807814077
41.68583790084655 -0.7480596500460128
41.81139765355994 -0.8252773564085386
41.93695740627333 -0.8895014417952843
42.06251715898673 -0.9397207268535837
42.18807691170012 -0.9751445315161077
42.313636664413515 -0.9952151239031098
42.43919641712691 -0.9996165015601292
42.5647561698403 -0.9882793667745818
42.690315922553694 -0.9613822176370923
42.81587567526709 -0.9193485376693004
42.94143542798048 -0.8628401282661886
43.06699518069388 -0.7927466889306244
43.192554933407266 -0.7101718093546711
43.31811468612066 -0.616415593895958
43.44367443883405 -0.5129541920190711
43.56923419154745 -0.4014165569858033
43.694793944260844 -0.2835587987183681
43.82035369697423 -0.1612365346380975
43.94591344968762 -0.03637567380332726
44.07147320240102 0.08905790566291212
44.197032955114416 0.2130893084401871
44.32259270782781 0.33376571584970893
44.448152460541195 0.4491871321065129
44.57371221325459 0.5575362988989884
44.69927196596799 0.6571073073040183
44.82483171868138 0.7463324565560923
44.950391471394774 0.8238069367911312
45.07595122410816 0.8883109471462434
45.20151097682156 0.9388289009759752
45.32707072953495 0.9745654158074571
45.452630482248345 0.9949578362799102
45.578190234961745 0.9996850929003448
45.70374998767513 0.9886727571383963
45.829309740388524 0.9620942132700746
45.95486949310192 0.9203679285202847
46.08042924581531 0.8641508644844901
46.20598899852871 0.7943281335637234
46.331548751242096 0.711999063267753
46.45710850395549 0.6184598877975975
46.58266825666888 0.5151833394207931
46.70822800938228 0.4037954609638738
46.833787762095675 0.2860500044990813
46.95934751480906 0.16380081930634996
47.08490726752245 0.038972663849783554
47.21046702023585 -0.08646909867906465
47.336026772949246 -0.21054944412111895
47.46158652566264 -0.3313147832173357
47.587146278376025 -0.4468637199933222
47.71270603108942 -0.5553769883842197
47.83826578380282 -0.6551460957610152
47.96382553651621 -0.7446002223789429
48.089385289229604 -0.8223309532282341
48.214945041943004 -0.8871144528952793
48.34050479465639 -0.9379307343010322
48.46606454736978 -0.9739797179390708
48.591624300083176 -0.9946938287677195
48.717184052796576 -0.9997469324239454
48.84274380550997 -0.9890594700622879
48.968303558223354 -0.9627997109731181
49.09386331093675 -0.921381103258299
49.21942306365014 -0.8654557642766948
49.34498281636354 -0.7959042133495038
49.47054256907693 -0.7138215083793987
49.59610232179032 -0.6205000046561103
49.72166207450371 -0.5174090073033587
49.84722182721711 -0.40617163773022347
49.972781579930505 -0.2885392783142317
50.0983413326439 -0.16636399767311985
50.223901085357284 -0.04156939067707094
50.349460838070684 0.08387970768781192
50.47502059078408 0.2080081577630055
50.60058034349747 0.3288616129036426
50.72614009621086 0.4445372897878298
50.85169984892425 0.5532139268846613
50.97725960163765 0.6531804593983104
51.10281935435104 0.7428629592139764
51.228379107064434 0.8208494156885573
51.353938859777834 0.8859119671234337
51.47949861249122 0.9370262328949217
51.60505836520461 0.9733874418667188
51.730618117918006 0.9944231031496293
51.856177870631406 0.9998020197132702
51.9817376233448 0.9894395029344214
52.107297376058185 0.9634987059813312
52.23285712877158 0.9223880550404184
52.35841688148497 0.866754818829583
52.48397663419837 0.7974749176432118
52.60953638691176 0.7156391323809271
52.73509613962515 0.6225359306926623
52.86065589233854 0.519631180634733
52.98621564505194 0.40854507123628875
53.111775397765335 0.2910266033514046
53.23733515047873 0.16892605242685937
53.362894903192114 0.0441658367470432
53.488454655905514 -0.08128975017775436
53.61401440861891 -0.2054654665295511
53.7395741613323 -0.32640622147720316
53.86513391404569 -0.44220785720260103
53.99069366675908 -0.5510471290095085
54.11625341947248 -0.6512104114917004
54.24181317218587 -0.74112067879457
54.367372924899264 -0.8193623341783213
54.492932677612664 -0.8847034979522338
54.61849243032605 -0.9361154028665949
54.74405218303944 -0.9727885915906004
54.869611935752836 -0.9941456612541054
54.995171688466236 -0.9998503543962627
55.12073144117963 -0.9898128531880752
55.246291193893015 -0.9641911935737411
55.37185094660641 -0.9233887770657475
55.4974106993198 -0.8680480193694141
55.6229704520332 -0.7990402358363993
55.748530204746594 -0.7174519229962033
55.87408995745998 -0.6245676521567242
55.99964971017337 -0.5218498444064829
56.12520946288677 -0.41091574545203385
56.250769215600165 -0.29351196281134734
56.37632896831356 -0.1714869662635885
56.501888721026944 -0.04676198452345032
56.627448473740344 0.0786992436413186
56.75300822645374 0.2029213875939487
56.87856797916713 0.3239486255215924
57.00412773188052 0.43987543797049833
57.12968748459391 0.5488766093931915
57.25524723730731 0.6492359653467777
57.3808069900207 0.7393733928879872
57.506366742734095 0.8178697187411906
57.631926495447495 0.8834890535436122
57.75748624816088 0.9351982503677465
57.88304600087427 0.9721831711553164
58.008605753587666 0.9938615049549746
58.134165506301066 0.9998919361464731
58.25972525901446 0.9901795183016628
58.385285011727845 0.9648771690733257
58.51084476444124 0.9243832625754663
58.63640451715463 0.8693353571619843
58.76196426986803 0.8006001573569957
58.887524022581424 0.7192598679817421
59.01308377529481 0.6265951553261639
59.1386435280082 0.5240649836338787
59.2642032807216 0.4132836443660592
59.389763033434996 0.2959953399080825
59.51532278614839 0.17404672188703996
59.640882538861774 0.04935781647205696
59.766442291575174 -0.07610820557463938
59.89200204428857 -0.20037593813876364
60.01756179700196 -0.32148884163527447
60.14312154971535 -0.4375400478445494
60.268681302428746 -0.5467023826952832
60.39424105514214 -0.6472571342988399
60.51980080785553 -0.7376211132952983
60.645360560568925 -0.8163715794582056
60.770920313282325 -0.8822686420998579
60.89648006599571 -0.9342747815927726
61.0220398187091 -0.9715711846498422
61.1475995714225 -0.9935706361714123
61.2731593241359 -0.9999267646830607
61.39871907684929 -0.990539495798749
61.524278829562675 -0.9655566278470453
61.64983858227607 -0.9253715048528758
61.77539833498946 -0.8706168235126872
61.90095808770286 -0.8021546716693794
62.026517840416254 -0.7210629551267851
62.15207759312964 -0.6286184265073398
62.27763734584303 -0.526276583355995
62.40319709855643 -0.4156487519857093
62.528756851269826 -0.29847671786902163
62.65431660398322 -0.1766053020087689
