0.0 0.0
0.09436316890970675 0.09422318989195404
0.1887263378194135 0.18760800047433945
0.28308950672912025 0.2793235121708817
0.377452675638827 0.3685536584966629
0.4718158445485337 0.45450448725631476
0.5661790134582405 0.5364112249736369
0.6605421823679473 0.613545081694742
0.754905351277654 0.6852197356169363
0.8492685201873607 0.750797439844389
0.9436316890970674 0.8096946969338875
1.0379948580067742 0.8613874507396909
1.132358026916481 0.9054157493614752
1.2267211958261877 0.9413878377053789
1.3210843647358945 0.9689836432433541
1.4154475336456012 0.98795762395522
1.509810702555308 0.9981409531130001
1.6041738714650147 0.9994430214677589
1.6985370403747213 0.9918522434727799
1.7929002092844282 0.9754361603694689
1.8872633781941348 0.9503408392187453
1.9816265471038417 0.9167895732252214
2.0759897160135483 0.8750808949184268
2.1703528849232554 0.8255859198694002
2.264716053832962 0.7687450445777332
2.3590792227426687 0.7050640279106104
2.4534423916523753 0.6351094909604321
2.547805560562082 0.5595038753623917
2.642168729471789 0.4789199049319027
2.7365318983814957 0.3940745999011326
2.8308950672912023 0.30572289701477623
2.925258236200909 0.21465093225220364
3.019621405110616 0.12166904594498515
3.1139845740203227 0.02760457252888023
3.2083477429300293 -0.06670552091435641
3.302710911839736 -0.16042208182454337
3.3970740807494426 -0.25271123877659807
3.4914372496591497 -0.3427518211035667
3.5858004185688563 -0.42974266551081786
3.6801635874785634 -0.5129097446685986
3.7745267563882696 -0.5915130543541354
3.8688899252979767 -0.6648531978628653
3.9632530942076833 -0.732277609101992
4.0576162631173895 -0.7931863589945276
4.151979432027097 -0.8470374935295746
4.246342600936804 -0.8933518559619322
4.340705769846511 -0.9317173502540577
4.435068938756217 -0.9617926078251078
4.529432107665924 -0.9833100249810622
4.62379527657563 -0.9960781439994683
4.718158445485337 -0.9999833566823931
4.8125216143950444 -0.9949909152196998
4.906884783304751 -0.9811452413681914
5.001247952214458 -0.9585695311956024
5.095611121124164 -0.9274646589063541
5.189974290033871 -0.8881073895026069
5.284337458943578 -0.8408479161840084
5.378700627853284 -0.7861067443978575
5.473063796762991 -0.7243709502647951
5.5674269656726985 -0.6561898466718113
5.661790134582405 -0.5821700955948119
5.756153303492112 -0.5029703101403304
5.850516472401818 -0.4192951943363625
5.944879641311525 -0.3318892728152846
6.039242810221232 -0.24153026618092213
6.133605979130938 -0.14902217100442047
6.227969148040645 -0.05518810602175484
6.322332316950352 0.03913701181399177
6.416695485860059 0.13311389625856648
6.511058654769766 0.22590635957955982
6.605421823679472 0.3166887527894825
6.699784992589179 0.4046533121071737
6.794148161498885 0.48901734628017207
6.888511330408592 0.5690302008166976
6.982874499318299 0.6439799371608605
7.077237668228006 0.7131996673811368
7.171600837137713 0.7760734880072977
7.265964006047419 0.8320419602176788
7.360327174957127 0.8806070876151829
7.454690343866833 0.9213367473007285
7.549053512776539 0.9538685348173533
7.643416681686245 0.9779129887533978
7.737779850595953 0.9932561663129008
7.8321430195056605 0.9997615469362876
7.926506188415367 0.997371247033311
8.020869357325074 0.9861065350197888
8.115232526234779 0.9660676420754474
8.209595695144488 0.9374328703067034
8.303958864054193 0.9004570062497895
8.3983220329639 0.8554690538305344
8.492685201873607 0.8028693069525034
8.587048370783313 0.7431257877610066
8.681411539693022 0.6767700822746033
8.775774708602727 0.604392610437852
8.870137877512434 0.5266373726813898
8.964501046422141 0.4441962197334768
9.058864215331848 0.35780269666903325
9.153227384241555 0.26822551597063393
9.24759055315126 0.17626171767686513
9.341953722060968 0.08272957747768081
9.436316890970675 -0.01153867414084916
9.530680059880382 -0.10570425691882475
9.625043228790089 -0.1989293041233848
9.719406397699794 -0.29038431772119333
9.813769566609501 -0.3792555490879008
9.908132735519208 -0.4647522395824622
10.002495904428915 -0.5461136565611469
10.096859073338623 -0.6226158622261545
10.191222242248328 -0.6935781550809682
10.285585411158035 -0.7583691266776573
10.379948580067742 -0.8164122797643676
10.474311748977449 -0.8671911578438628
10.568674917887156 -0.9102539405012984
10.663038086796861 -0.9452174636129179
10.757401255706569 -0.9717706286646517
10.851764424616276 -0.9896771708451669
10.946127593525983 -0.9987777612834364
11.04049076243569 -0.9989914247255226
11.134853931345397 -0.9903162600363732
11.229217100255102 -0.9728294571157449
11.32358026916481 -0.9466866100777395
11.417943438074516 -0.9121203328051501
11.512306606984223 -0.8694381891971333
11.60666977589393 -0.8190199565264608
11.701032944803636 -0.7613142462564535
11.795396113713343 -0.6968345123848971
11.88975928262305 -0.6261544828319192
11.984122451532757 -0.5499030545224156
12.078485620442464 -0.46875869758558736
12.17284878935217 -0.38344341846191116
12.267211958261877 -0.2947163356326131
12.361575127171584 -0.20336692513355992
12.45593829608129 -0.1102079959536164
12.550301464990998 -0.016068457821009657
12.644664633900703 0.07821405427150113
12.73902780281041 0.1718006331771422
12.833390971720117 0.26385856402499974
12.927754140629824 0.3535687335522661
13.022117309539532 0.4401329184120582
13.116480478449237 0.5227808876068956
13.210843647358944 0.6007772558517972
13.305206816268651 0.6734280268871039
13.399569985178358 0.7400867685199547
13.493933154088065 0.8001603644500955
13.58829632299777 0.8531142917014196
13.682659491907478 0.8984773767017031
13.777022660817185 0.9358459876918626
13.871385829726892 0.9648876261615272
13.965748998636599 0.985343885355026
14.060112167546304 0.9970327495235962
14.154475336456011 0.9998502134655195
14.248838505365718 0.9937712079438374
14.343201674275425 0.9788498227474646
14.437564843185132 0.9552188254109442
14.531928012094838 0.9230884798751828
14.626291181004545 0.8827446756004848
14.720654349914254 0.834546383778676
14.815017518823959 0.7789224632784337
14.909380687733666 0.7163678447438775
15.003743856643371 0.6474391267995887
15.098107025553078 0.5727496235461156
15.192470194462787 0.492963907412405
15.28683336337249 0.4087918959217643
15.3811965322822 0.3209825349861134
15.475559701191907 0.23031713493340786
15.569922870101612 0.1376024185628346
15.664286039011321 0.043663343084887646
15.758649207921025 -0.05066424018472335
15.853012376830733 -0.1445410230648114
15.94737554574044 -0.23713170850688503
16.041738714650148 -0.3276124429031195
16.136101883559853 -0.41517814657281715
16.230465052469558 -0.49904967720219606
16.324828221379267 -0.5784807624986086
16.419191390288976 -0.652764640373807
16.51355455919868 -0.7212403475732385
16.607917728108387 -0.7832986007963735
16.702280897018092 -0.8383872179790098
16.7966440659278 -0.8860160315000823
16.89100723483751 -0.9257612495962113
16.985370403747215 -0.9572692271770065
17.07973357265692 -0.9802596124891445
17.174096741566625 -0.9945278416308215
17.268459910476334 -0.9999469587208974
17.362823079386043 -0.9964687455272181
17.45718624829575 -0.9841241505029111
17.551549417205454 -0.9630230134131686
17.64591258611516 -0.9333530880027398
17.740275755024868 -0.895378371400239
17.834638923934577 -0.8494367551239104
17.929002092844282 -0.795937018589719
18.023365261753987 -0.735355191872946
18.117728430663696 -0.6682303200867232
18.2120915995734 -0.5951596670652303
18.30645476848311 -0.5167934010281975
18.400817937392816 -0.4338288095126898
18.49518110630252 -0.34700409504648083
18.58954427521223 -0.2570918067679602
18.683907444121935 -0.16489196643669424
18.778270613031644 -0.07122494999800229
18.87263378194135 0.023075811959935258
18.966996950851055 0.11717124990665126
19.061360119760764 0.2102241212441244
19.15572328867047 0.3014064599258283
19.250086457580178 0.38990694353489475
19.344449626489883 0.47493811227050003
19.43881279539959 0.5557433756094642
19.533175964309297 0.6316037442990878
19.627539133219003 0.7018442277813235
19.72190230212871 0.7658398401252915
19.816265471038417 0.8230211610284701
19.910628639948122 0.8728794024059543
20.00499180885783 0.9149709354862052
20.099354977767536 0.948921238132122
20.193718146677245 0.9744282272649603
20.28808131558695 0.9912649467398147
20.382444484496656 0.9992815867565203
20.476807653406365 0.9984068168376227
20.57117082231607 0.9886484205128607
20.66553399122578 0.9700932260628582
20.759897160135484 0.9429063339382564
20.85426032904519 0.9073296477285521
20.948623497954898 0.8636797217517986
21.042986666864604 0.8123449444168939
21.137349835774312 0.7537820824203154
21.231713004684018 0.6885122165264036
21.326076173593723 0.6171161050937568
21.420439342503432 0.540229016602217
21.514802511413137 0.4585350771595793
21.609165680322846 0.3727611832827607
21.70352884923255 0.2836705341163723
21.797892018142257 0.1920558406376426
21.892255187051965 0.09873227227092228
21.98661835596167 0.004530203671369409
22.08098152487138 -0.08971217378453715
22.175344693781085 -0.1831563100600723
22.269707862690794 -0.2749707577106834
22.3640710316005 -0.3643385699388926
22.458434200510204 -0.4504645696253607
22.552797369419913 -0.5325824246576264
22.64716053832962 -0.6099614666016795
22.741523707239327 -0.6819131920452074
22.835886876149033 -0.7477973887647725
22.930250045058738 -0.8070278322075835
23.024613213968447 -0.8590775016016224
23.118976382878152 -0.9034832692822427
23.21333955178786 -0.9398500215105513
23.307702720697566 -0.9678541741173047
23.40206588960727 -0.9872465516908627
23.49642905851698 -0.9978546046907182
23.590792227426686 -0.9995839447591837
23.685155396336395 -0.9924191845703338
23.7795185652461 -0.9764240747433878
23.873881734155805 -0.9517409366023056
23.968244903065514 -0.9185893958287938
24.06260807197522 -0.8772644282764287
24.15697124088493 -0.828133735333838
24.251334409794634 -0.771634472190476
24.34569757870434 -0.708269358116189
24.440060747614048 -0.6386022033645783
24.534423916523753 -0.5632528925008737
24.628787085433462 -0.4828918687916458
24.723150254343167 -0.39823416873323264
24.817513423252873 -0.31003305979838425
24.91187659216258 -0.21907333801126888
25.006239761072287 -0.12616434498766635
25.100602929981996 -0.032132766573306396
25.1949660988917 0.06218472284326879
25.289329267801406 0.15594890489397326
25.383692436711115 0.2483254844302374
25.47805560562082 0.3384925129162349
25.57241877453053 0.4256477019644256
25.666781943440235 0.5090155619389358
25.76114511234994 0.5878543021089968
25.85550828125965 0.6614624309561555
25.949871450169354 0.729184997907068
26.044234619079063 0.790419420954193
26.13859778798877 0.8446208483113047
26.232960956898474 0.8913070063969507
26.327324125808182 0.9300624910093948
26.421687294717888 0.9605424635110473
26.516050463627597 0.9824757191344762
26.610413632537302 0.9956671001087822
26.704776801447007 0.9999992321348561
26.799139970356716 0.9954335687586755
26.89350313926642 0.9820107343500317
26.98786630817613 0.959850162634919
27.082229477085836 0.9291490339978652
27.17659264599554 0.89018052100986
27.27095581490525 0.843291357792844
27.365318983814955 0.7888987548480699
27.459682152724664 0.7274866867995597
27.55404532163437 0.6596015860836294
27.648408490544075 0.5858474809011205
27.742771659453783 0.5068806206939316
27.83713482836349 0.42340363696727673
27.931497997273198 0.3361592914134876
28.025861166182903 0.2459238669653925
28.120224335092608 0.15350026058427954
28.214587504002317 0.05971083924152973
28.308950672912022 -0.03460987734004769
28.40331384182173 -0.1286226420776943
28.497677010731437 -0.22149094798324262
28.592040179641142 -0.3123884712368894
28.68640334855085 -0.4005064236531151
28.780766517460556 -0.4850607491179986
28.875129686370265 -0.5652990999654824
28.969492855279974 -0.6405075312180948
29.063856024189676 -0.7100168531281728
29.158219193099384 -0.773208585495912
29.25258236200909 -0.8295204607838375
29.3469455309188 -0.8784514270621837
29.441308699828507 -0.9195661062698575
29.53567186873821 -0.952498668122329
29.630035037647918 -0.9769560851971625
29.724398206557623 -0.9927207402340543
29.818761375467332 -0.9996523624501914
29.91312454437704 -0.997689275641929
30.007487713286743 -0.9868489469674574
30.10185088219645 -0.9672278315274783
30.196214051106157 -0.9390005141267997
30.290577220015866 -0.9024181558532633
30.384940388925575 -0.857806259296062
30.47930355783528 -0.8055617722880727
30.57366672674498 -0.7461495559425396
30.66802989565469 -0.6800982484108158
30.7623930645644 -0.607995561164657
30.85675623347411 -0.5304830496557605
30.951119402383814 -0.4482504048822403
31.045482571293515 -0.362029316654517
31.139845740203224 -0.27258696316407993
31.234208909112933 -0.18071918478368773
31.328572078022642 -0.0872434028370981
31.422935246932347 0.007008653654203137
31.51729841584205 0.10119834853135518
31.611661584751758 0.19448760051681752
31.706024753661467 0.2860463402958058
31.800387922571176 0.3750598963089203
31.89475109148088 0.4607362435385577
31.989114260390583 0.542313050790889
32.083477429300295 0.6190644637680675
32.17784059821 0.6903075635761812
32.272203767119706 0.7554084432025739
32.366566936029415 0.813787847895028
32.460930104939116 0.8649263292560146
32.555293273848825 0.9083688671918154
32.649656442758534 0.9437289185913058
32.74401961166824 0.9706918567101289
32.83838278057795 0.9890177706572407
32.93274594948765 0.9985436000745718
33.02710911839736 0.9991845860158477
33.121472287307064 0.9909350251149278
33.21583545621677 0.9738683203332295
33.31019862512648 0.9481363278346959
33.404561794036184 0.9139680057996837
33.49892496294589 0.871667377200342
33.5932881318556 0.8216108246643481
33.68765130076531 0.7642437414967111
33.78201446967502 0.700076568658231
33.87637763858472 0.6296802529627812
33.97074080749443 0.5536811669054513
34.06510397640413 0.4727555353239988
34.15946714531384 0.38762341848393045
34.25383031422355 0.29904230512470537
34.34819348313325 0.20780037247471858
34.44255665204296 0.11470947320617558
34.53691982095267 0.02059791173061268
34.63128298986238 -0.07369692588997429
34.725646158772086 -0.16733602283869672
34.82000932768179 -0.25948619694947456
34.9143724965915 -0.3493275141972031
35.0087356655012 -0.43606058430850564
35.10309883441091 -0.5189136735783481
35.19746200332062 -0.5971495716038776
35.29182517223032 -0.6700721508368143
35.38618834114003 -0.7370325605887197
35.480551510049736 -0.7974350003760702
35.574914678959445 -0.8507420212351524
35.669277847869154 -0.8964793078366486
35.763641016778855 -0.9342398988496302
35.858004185688564 -0.9636878080030091
35.952367354598266 -0.9845610136249127
36.046730523507975 -0.9966737900597188
36.141093692417684 -0.9999183602181971
36.23545686132739 -0.9942658545567415
36.329820030237094 -0.9797665679528587
36.4241831991468 -0.9565495121912901
36.51854636805651 -0.924821268042672
36.61290953696622 -0.8848641471486886
36.70727270587593 -0.8370336800689173
36.80163587478563 -0.7817554528402255
36.89599904369533 -0.7195213201963682
36.99036221260504 -0.6508850291418444
37.08472538151475 -0.5764572918205761
37.17908855042446 -0.49690035152001444
37.27345171933416 -0.41292209016134723
37.36781488824387 -0.32526972970613416
37.46217805715358 -0.2347231835231048
37.55654122606329 -0.14208811687321893
37.650904394973 -0.04818877825951311
37.7452675638827 0.04613933457306416
37.83963073279241 0.1400569087313829
37.93399390170211 0.23272828421421807
38.02835707061182 0.3233288894497321
38.12272023952153 0.4110525781702002
38.21708340843123 0.49511880234209477
38.31144657734094 0.5747795573281402
38.40580974625065 0.6493260374846079
38.500172915160356 0.7180949429737826
38.594536084070064 0.7804743816747338
38.688899252979766 0.8359093136783935
38.783262421889475 0.8839064899229145
38.87762559079918 0.9240388410262486
38.971988759708886 0.9559492772650758
39.066351928618595 0.9793538658885212
39.160715097528296 0.9940443574956311
39.255078266438005 0.9998900389973592
39.349441435347714 0.9968388966757752
39.44380460425742 0.9849180789918462
39.53816777316713 0.9642336550237982
39.63253094207683 0.9349696706854371
39.72689411098654 0.8973865111219971
39.821257279896244 0.851818583854629
39.91562044880595 0.7986713432883906
40.00998361771566 0.738417683059156
40.104346786625364 0.6715937283195592
40.19870995553507 0.5987940654033946
40.29307312444478 0.5206664513140382
40.38743629335449 0.43790605011071576
40.4817994622642 0.35124924747618774
40.5761626311739 0.261467098502583
40.67052580008361 0.16935846699564958
40.76488896899331 0.07574291734264649
40.85925213790302 -0.01854657780954761
40.95361530681273 -0.11267104918026435
41.04797847572243 -0.20579299583780697
41.14234164463214 -0.29708383711713277
41.23670481354185 -0.385731285166704
41.33106798245156 -0.4709465725251766
41.425431151361266 -0.551971470418273
41.51979432027097 -0.6280850353284588
41.61415748918068 -0.698610023807807
41.70852065809038 -0.7629189184562226
41.80288382700009 -0.8204395114472101
41.897246995909796 -0.8706599959199155
41.9916101648195 -0.9131335199353737
42.08597333372921 -0.9474821624766965
42.180336502638916 -0.9734002961155216
42.274699671548625 -0.9906573064244419
42.369062840458334 -0.9990996439385689
42.463426009368035 -0.9986521904083043
42.557789178277744 -0.9893189271866699
42.652152347187446 -0.9711828998040163
42.746515516097155 -0.9444054790453121
42.840878685006864 -0.9092249251048212
42.935241853916565 -0.8659542675940123
43.029605022826274 -0.8149785202659695
43.12396819173598 -0.7567512552391802
43.21833136064569 -0.6917905672025122
43.3126945295554 -0.6206744635111374
43.4070576984651 -0.5440357211914005
43.50142086737481 -0.4625562566159569
43.59578403628451 -0.37696105794678947
43.69014720519422 -0.28801173433387206
43.78451037410393 -0.1964997392676172
43.87887354301363 -0.10323932838222219
43.97323671192334 -0.00906031437004568
44.06759988083305 0.0851993165275785
44.16196304974276 0.17870086075622002
44.25632621865247 0.2706123600667058
44.35068938756217 0.360116004115082
44.44505255647188 0.44641540717734646
44.53941572538159 0.5287426942320832
44.63377889429129 0.6063653333605652
44.728142063201 0.6785926536709135
44.8225052321107 0.7447819907510633
44.91686840102041 0.8043444049696483
45.01123156993012 0.8567499217443328
45.10559473883983 0.9015322471508557
45.199957907749535 0.9382929169141453
45.29432107665924 0.9667048418646361
45.388684245568946 0.9865152183130195
45.483047414478655 0.9975477774474629
45.57741058338836 0.9997043537386472
45.671773752298066 0.9929657583972298
45.76613692120777 0.9773919501118986
45.860500090117476 0.953121501548813
45.954863259027185 0.9203703663594327
46.049226427936894 0.8794299576676301
46.1435895968466 0.8306645551333474
46.237952765756305 0.774508063664228
46.33231593466601 0.711460152615543
46.42667910357572 0.64208180983111
46.521042272485424 0.5669903500843927
46.61540544139513 0.4868539223337112
46.709768610304835 0.40238556466498765
46.80413177921454 0.31433685981982423
46.89849494812425 0.22349124776094922
46.99285811703396 0.13065705477834066
47.08722128594367 0.036660301161763456
