0.0 0.0
0.12599023694814201 0.12565718288851088
0.25198047389628403 0.2493223785658403
0.37797071084442607 0.36903517790459234
0.5039609477925681 0.48289782735168024
0.62995118474071 0.5891053131680083
0.7559414216888521 0.6859739755052925
0.8819316586369941 0.7719681987138383
1.0079218955851361 0.8457247547717434
1.133912132533278 0.9060744139300129
1.25990236948142 0.9520604799896792
1.385892606429562 0.9829539563794546
1.5118828433777043 0.9982651026128602
1.637873080325846 0.9977511979254766
1.7638633172739882 0.9814203890188415
1.88985355422213 0.9495315609144275
2.0158437911702722 0.902590232964995
2.141834028118414 0.8413405450820218
2.267824265066556 0.7667534612179625
2.393814502014698 0.6800113771082704
2.51980473896284 0.5824893762797755
2.6457949759109822 0.47573343146554015
2.771785212859124 0.36143589698944206
2.8977754498072663 0.24140868062875387
3.0237656867554086 0.11755452024921609
3.14975592370355 -0.008163179448727928
3.275746160651692 -0.13375147190794082
3.401736397599834 -0.25721946200645407
3.5277266345479763 -0.37660986682885633
3.6537168714961186 -0.49003004359837066
3.77970710844426 -0.5956819928976829
3.905697345392402 -0.6918908615508532
4.0316875823405445 -0.7771314933228461
4.157677819288686 -0.8500526065403047
4.283668056236828 -0.9094982153565374
4.40965829318497 -0.9545259550789672
4.535648530133112 -0.9844220210558133
4.6616387670812545 -0.9987124843025039
4.787629004029396 -0.9971708044862468
4.913619240977538 -0.9798214211687698
5.03960947792568 -0.9469393663768608
5.165599714873823 -0.899045904642456
5.2915899518219645 -0.8369002696287746
5.417580188770105 -0.7614876283380713
5.543570425718248 -0.67400346369905
5.66956066266639 -0.5758346231098153
5.795550899614533 -0.4685373333653255
5.9215411365626744 -0.3538125304889139
6.047531373510817 -0.23347889555301632
6.173521610458958 -0.10944402394022443
6.2995118474071 0.016325814914533287
6.425502084355243 0.14183684791534623
6.551492321303384 0.26509940469994114
6.677482558251527 0.3841594589955018
6.803472795199668 0.4971296049246414
6.92946303214781 0.602218977208011
7.055453269095953 0.6977616409518981
7.181443506044094 0.7822430009702154
7.307433742992237 0.8543238119856846
7.433423979940378 0.9128614090872041
7.55941421688852 0.9569278218864611
7.685404453836663 0.9858244852181303
7.811394690784804 0.9990933131815145
7.937384927732947 0.9965239609717821
8.063375164681089 0.9781571593822324
8.18936540162923 0.9442840691172174
8.315355638577373 0.8954416651515054
8.441345875525514 0.832404224305782
8.567336112473656 0.7561710509819412
8.693326349421799 0.6679506356366222
8.81931658636994 0.5691414971216214
8.945306823318083 0.46131001258900356
9.071297060266224 0.34616558641354805
9.197287297214366 0.2255335517684761
9.323277534162509 0.10132623443372495
9.44926777111065 -0.024487362450743778
9.575258008058793 -0.14991277211251705
9.701248245006934 -0.2729616815378807
9.827238481955076 -0.391683451310207
9.953228718903219 -0.504196038225604
10.07921895585136 -0.608715830483452
10.2052091927995 -0.7035859224878527
10.331199429747645 -0.7873023810321882
10.457189666695786 -0.858538086480693
10.583179903643929 -0.9161637710034619
10.70917014059207 -0.959265920355098
10.83516037754021 -0.9871612554081438
10.961150614488355 -0.9994075638719853
11.087140851436496 -0.9958107104868347
11.213131088384639 -0.9764277145633198
11.33912132533278 -0.9415658460808127
11.46511156228092 -0.8917777546736493
11.591101799229065 -0.8278527087232475
11.717092036177206 -0.7508040834388926
11.843082273125349 -0.6618532962730301
11.96907251007349 -0.5624104443357988
12.095062747021634 -0.45405195075517496
12.221052983969775 -0.3384955743450561
12.347043220917916 -0.21757317874178755
12.473033457866059 -0.09320169268791981
12.5990236948142 0.032647278183185205
12.725013931762344 0.15797870633110148
12.851004168710485 0.2808057685890853
12.976994405658626 0.39918134238459313
13.102984642606769 0.5112288726039715
13.22897487955491 0.6151721197827413
13.354965116503054 0.7093633180367032
13.480955353451195 0.7923092963587139
13.606945590399336 0.8626951491919411
13.732935827347479 0.919405081040506
13.85892606429562 0.9615400946772485
13.984916301243764 0.9884322425453496
14.110906538191905 0.9996552154326872
14.236896775140046 0.9950311005614243
14.362887012088189 0.9746332019598289
14.48887724903633 0.9387848784062486
14.614867485984474 0.8880544173667819
14.740857722932615 0.8232460261878404
14.866847959880756 0.7453870833561762
14.992838196828899 0.6557118519264865
15.11882843377704 0.5556419133003414
15.244818670725184 0.44676363153098664
15.370808907673325 0.33080300540237667
15.496799144621466 0.20959830694113626
15.622789381569609 0.08507094011096793
15.74877961851775 -0.040805018346424526
15.874769855465894 -0.16603411306846028
16.000760092414033 -0.28863114313449995
16.126750329362178 -0.4066526325696303
16.25274056631032 -0.5182276394014453
16.37873080325846 -0.6215874148677415
16.504721040206604 -0.7150934426008408
16.630711277154745 -0.7972634132959212
16.756701514102886 -0.8667947230985525
16.882691751051027 -0.9225851232019441
17.008681987999168 -0.9637501933050991
17.134672224947312 -0.989637361932931
17.260662461895453 -0.9998362513604648
17.386652698843598 -0.9941851831476719
17.51264293579174 -0.9727737411555831
17.63863317273988 -0.9359413514133422
17.764623409688024 -0.8842719013489257
17.890613646636165 -0.8185844836824753
18.016603883584306 -0.7399204117151417
18.142594120532447 -0.6495267118543003
18.26858435748059 -0.5488363550607404
18.394574594428732 -0.4394455405998928
18.520564831376873 -0.3230883922076029
18.646555068325018 -0.20160946780088337
18.77254530527316 -0.07693451852491023
18.8985355422213 0.04896003932000558
19.024525779169444 0.1740784555234962
19.150516016117585 0.2964372837020577
19.276506253065726 0.41409682398892905
19.402496490013867 0.5251918722299405
19.528486726962008 0.6279612882321112
19.654476963910152 0.7207759143327374
19.780467200858293 0.802164401708348
19.906457437806438 0.870836535010626
20.03244767475458 0.9257036855741924
20.15843791170272 0.9658960689607531
20.284428148650864 0.99077653326341
20.410418385599 0.9999506595913359
20.536408622547146 0.9932730146163377
20.66239885949529 0.9708494560624634
20.78838909644343 0.9330354545907761
20.914379333391572 0.8804304586816857
21.040369570339713 0.8138683918458612
21.166359807287858 0.7344044328071813
21.292350044236 0.6432982882255978
21.41834028118414 0.5419942231299337
21.544330518132284 0.43209816562928816
21.67032075508042 0.31535224885182445
21.796310992028566 0.19360719368616103
21.92230122897671 0.06879297012956079
22.048291465924848 -0.05711179766467347
22.174281702872992 -0.18211119763241693
22.300271939821133 -0.30422367010140355
22.426262176769278 -0.4215134205719354
22.55225241371742 -0.5321211070026738
22.67824265066556 -0.6342933151298001
22.804232887613704 -0.726410354560385
22.93022312456184 -0.8070119350009454
23.056213361509986 -0.8748203155874354
23.18220359845813 -0.9287605603405914
23.30819383540627 -0.967977578646041
23.434184072354412 -0.9918496806239927
23.560174309302553 -0.9999984325012949
23.686164546250698 -0.9922946557530627
23.81215478319884 -0.9688604749121527
23.93814502014698 -0.9300673815834739
24.064135257095124 -0.8765303453534545
24.19012549404327 -0.8090980649517924
24.316115730991406 -0.7288395142094597
24.44210596793955 -0.6370269960938676
24.568096204887688 -0.5351159734580723
24.694086441835832 -0.42472199623802603
24.820076678783977 -0.307595090860866
24.946066915732118 -0.1855920178573772
25.07205715268026 -0.06064683746638416
25.1980473896284 0.06525975015859742
25.324037626576544 0.19013180410446792
25.45002786352469 0.31198978345858974
25.576018100472826 0.4289019280869639
25.70200833742097 0.5390148819650764
25.82799857436911 0.6405830736033418
25.953988811317252 0.7319963878125204
26.079979048265397 0.8118056901408421
26.205969285213538 0.8787457993553889
26.33195952216168 0.9317555437952577
26.45794975910982 0.969994583652052
26.583939996057964 0.992856732501633
26.70993023300611 0.9999795669068217
26.835920469954246 0.9912501717543217
26.96191070690239 0.9668069302475862
27.087900943850528 0.9270373301796908
27.213891180798672 0.8725718212623625
27.339881417746817 0.8042738208882251
27.465871654694958 0.723226026760406
27.5918618916431 0.6307132533692963
27.71785212859124 0.5282020644021427
27.843842365539384 0.41731752396376715
27.96983260248753 0.29981743516095516
28.095822839435666 0.17756447443470608
28.22181307638381 0.052496663382321763
28.34780331333195 -0.07340335383355442
28.473793550280092 -0.19813974045758453
28.599783787228237 -0.3197351062506122
28.725774024176378 -0.43626185417415847
28.85176426112452 -0.5458727377255719
28.97775449807266 -0.6468301445119785
29.103744735020804 -0.7375336418436633
29.22973497196895 -0.8165453476788584
29.355725208917086 -0.8826127247257052
29.48171544586523 -0.934688436356663
29.607705682813368 -0.9719469495683795
29.733695919761512 -0.9937976217877936
29.859686156709657 -0.9998940640650932
29.985676393657798 -0.9901396322230744
30.11166663060594 -0.9646889589141254
30.23765686755408 -0.9239455022978358
30.363647104502224 -0.8685551501989448
30.48963734145037 -0.7993959811360666
30.615627578398506 -0.7175643445350198
30.74161781534665 -0.6243574807909104
30.86760805229479 -0.5212529566954295
30.993598289242932 -0.4098852422302499
31.119588526191077 -0.2920198000442481
31.245578763139218 -0.16952509836246718
31.37156900008736 -0.04434299099364385
31.4975592370355 0.08154206601112067
31.623549473983644 0.20613447305403507
31.74953971093179 0.3274591223399448
31.875529947879926 0.4435927083782767
32.00152018482807 0.5526942172861954
32.12751042177621 0.653034111559598
32.253500658724356 0.7430217476589054
32.3794908956725 0.8212305917708091
32.50548113262064 0.8864208340118604
32.63147136956878 0.9375590425809244
32.75746160651692 0.9738345462920753
32.88345184346506 0.9946722857829219
33.00944208041321 0.9997419296738999
33.13543231736135 0.9889631111641306
33.26142255430949 0.962506702050432
33.38741279125763 0.9207921039730191
33.51340302820577 0.864480599828577
33.63939326515392 0.7944648707477743
33.765383502102054 0.711854844819926
33.8913737390502 0.6179601018985557
34.017363975998336 0.5142691134168094
34.143354212946484 0.4024256463143834
34.269344449894625 0.28420270513429835
34.395334686842766 0.1614744253735053
34.52132492379091 0.03618636364973217
34.64731516073905 -0.08967534433884208
34.773305397687196 -0.21411546913595736
34.89929563463534 -0.33516131700889346
35.02528587158348 -0.4508940021813988
35.15127610853162 -0.5594788660730413
35.27726634547976 -0.6591945613224693
35.4032565824279 -0.7484603395385051
35.52924681937605 -0.8258611101985499
35.65523705632419 -0.8901698734467476
35.78122729327233 -0.9403671711748388
35.90721753022047 -0.975657248036319
36.03320776716861 -0.9954806662006265
36.15919800411676 -0.9995231738712658
36.285188241064894 -0.9877206869792182
36.41117847801304 -0.9602603050790682
36.53716871496118 -0.9175773453433184
36.663158951909324 -0.8603484416736239
36.789149188857465 -0.7894808183256892
36.915139425805606 -0.7060979080882406
37.04112966275375 -0.6115215430046675
37.16711989970189 -0.5072509999598709
37.293110136650036 -0.3949392333132655
37.41910037359818 -0.2763666713514328
37.54509061054632 -0.15341299195346197
37.67108084749446 -0.02802732489688261
37.7970710844426 0.09780264682636872
37.92306132139074 0.22208219686086805
38.04905155833889 0.34284117699392697
38.17504179528703 0.4581652490354595
38.30103203223517 0.5662262319665498
38.42702226918331 0.6653110832767873
38.55301250613145 0.7538490550622747
38.6790027430796 0.8304365943907722
38.804992980027734 0.8938595931995909
38.93098321697588 0.943112635008622
39.056973453924016 0.9774149333388005
39.182963690872164 0.9962227091715602
39.308953927820305 0.9992378112347736
39.434944164768446 0.9864124424617544
39.56093440171659 0.9579499176968055
39.68692463866473 0.9143014406357796
39.812914875612876 0.8561589510953586
39.93890511256102 0.7844441560001226
40.06489534950916 0.7002939179742214
40.1908855864573 0.6050422331658429
40.31687582340544 0.5001990840019379
40.44286606035358 0.3874265021110509
40.56885629730173 0.26851222087804527
40.69484653424987 0.1453413353050495
40.820836771198 0.01986641844209816
40.94682700814615 -0.10592343188156526
41.07281724509429 -0.23003412533712805
41.19880748204244 -0.3504981905198559
41.32479771899058 -0.46540596439468357
41.450787955938715 -0.5729358653316382
41.57677819288686 -0.671383269826038
41.702768429835004 -0.7591875351337033
41.828758666783145 -0.8349567394435704
41.95474890373129 -0.8974897473926083
42.08073914067943 -0.945795251128381
42.20672937762757 -0.9791074850698192
42.332719614575716 -0.9968983652470119
42.45870985152386 -0.9988858607805922
42.584700088472 -0.9850384647913348
42.71069032542014 -0.9555756938646409
42.83668056236828 -0.9109646081521294
42.96267079931642 -0.8519124072756087
43.08866103626457 -0.7793552194072498
43.21465127321271 -0.6944432612476954
43.34064151016084 -0.5985226041542872
43.46663174710899 -0.4931138354728799
43.59262198405713 -0.3798879533456826
43.71861222100528 -0.26063987712378894
43.84460245795342 -0.13725999331223834
43.970592694901555 -0.01170418811681804
44.096582931849696 0.1140371583466055
44.222573168797844 0.2379707246592788
44.348563405745985 0.3581318473339442
44.47455364269413 0.4726156657478721
44.60054387964227 0.5796073190476845
44.72653411659041 0.6774107163281514
44.852524353538556 0.7644754240039053
44.9785145904867 0.8394212441407743
45.10450482743484 0.9010600941173619
45.23049506438298 0.9484148407683142
45.35648530133112 0.9807347904400807
45.48247553827926 0.9975075894022002
45.60846577522741 0.9984673459622101
45.73445601217555 0.9835988455279202
45.86044624912368 0.953137791797552
45.98643648607183 0.9075670702542458
46.11242672301997 0.8476090931981398
46.23841695996812 0.7742143476667258
46.36440719691626 0.6885463277882881
46.490397433864395 0.5919630904289966
46.61638767081254 0.48599572652380246
46.742377907760684 0.37232408937556993
46.868368144708825 0.2527501646907072
46.99435838165697 0.12916950450441686
47.12034861860511 0.003541177840723648
47.24633885555325 -0.12214328553405901
47.372329092501396 -0.2458914659433821
47.49831932944954 -0.36574163873993426
47.62430956639768 -0.4797938726505502
47.75029980334582 -0.5862401485382881
47.87629004029396 -0.6833930211224879
48.0022802772421 -0.7697123692953179
48.12827051419025 -0.8438298109739975
48.25426075113839 -0.9045703954509219
48.38025098808654 -0.9509712293626118
48.50624122503467 -0.9822967410082191
48.63223146198281 -0.9980503410392758
48.75822169893096 -0.9979822946688728
48.8842119358791 -0.9820936806057357
49.01020217282724 -0.9506363739539345
49.136192409775376 -0.9041090533493304
49.262182646723524 -0.8432492956298192
49.388172883671665 -0.7690218833590966
49.51416312061981 -0.6826035105594419
49.640153357567954 -0.5853641291068411
49.76614359451609 -0.4788452314955901
49.892133831464236 -0.36473541424608574
50.01812406841238 -0.24484360933824734
50.14411430536052 -0.12107040802051147
50.270104542308665 0.004622068414542981
50.3960947792568 0.13024127326287951
50.52208501620494 0.25379582136225054
50.64807525315309 0.37332705763190616
50.77406549010123 0.486940106757008
50.90005572704938 0.5928339118009245
51.02604596399751 0.689329785556573
51.15203620094565 0.7748980220252012
51.2780264378938 0.8481821461624789
51.40401667484194 0.9080204174716876
51.53000691179008 0.9534642465570875
51.65599714873822 0.9837932326880213
51.781987385686364 0.9985265839900243
51.907977622634505 0.9974307392237243
52.03396785958265 0.9805230703268775
52.159958096530794 0.9480716070248004
52.28594833347893 0.9005907878748138
52.411938570427075 0.8388333051014918
52.537928807375216 0.7637781725029512
52.66391904432336 0.676615205582235
52.789909281271505 0.5787261599334346
52.91589951821964 0.4716628268872719
53.04188975516778 0.35712243365599056
53.16787999211593 0.23692073794826599
53.29387022906407 0.11296324357303103
53.41986046601222 -0.012785006661593172
53.54585070296035 -0.13833058189442993
53.67184093990849 -0.2616832641806487
53.79783117685664 -0.38088759852809717
53.92382141380478 -0.49405389185213966
54.04981165075292 -0.5993881694363652
54.175801887701056 -0.6952206140126782
54.301792124649204 -0.7800320366288666
54.427782361597345 -0.8524779596726525
54.55377259854549 -0.9114099302749908
54.679762835493634 -0.9558937262205502
54.80575307244177 -0.9852241657553623
54.931743309389915 -0.9989362865182776
55.057733546338056 -0.996812716381651
55.1837237832862 -0.9788871193546315
55.309714020234345 -0.9454436619226477
55.43570425718248 -0.8970125082830157
55.56169449413062 -0.8343614158886272
55.68768473107877 -0.7584835645318911
55.81367496802691 -0.6705818119089704
55.93966520497506 -0.5720496252538029
56.06565544192319 -0.46444899132430567
56.19164567887133 -0.34948565492370715
56.31763591581948 -0.22898207848989102
56.44362615276762 -0.10484855141214337
56.56961638971576 0.020947092933577705
56.6956066266639 0.14641067236843622
56.821596863612044 0.2695532687903525
56.947587100560185 0.3884227576045729
57.07357733750833 0.5011347538832025
57.19956757445647 0.6059024846780163
57.32555781140461 0.7010651139342005
57.451548048352755 0.7851140709827227
57.577538285300896 0.8567169652374894
57.70352852224904 0.9147387079884108
57.829518759197185 0.9582595064558527
57.95550899614532 0.9865894448548556
58.08149923309346 0.9992794213220291
58.20748947004161 0.9961282673268361
58.33347970698975 0.9771859367064917
58.4594699439379 0.9427527137700823
58.58546018088603 0.8933744530255102
58.71145041783417 0.829833925991694
58.83744065478232 0.753138412271226
58.96343089173046 0.6645037315966144
59.0894211286786 0.5653349699829351
59.215411365626736 0.45720420552666435
59.341401602574884 0.3418255869535532
59.467391839523025 0.22102815998435207
59.59338207647117 0.09672687228964567
59.71937231341931 -0.029107783320436
59.84536255036745 -0.15448100623890246
59.971352787315595 -0.2774053107452029
60.097343024263736 -0.39593203272882793
60.22333326121188 -0.5081822209913949
60.349323498160025 -0.6123764234209667
60.47531373510816 -0.70686289585179
60.6013039720563 -0.7901437864270656
60.72729420900445 -0.860898880375552
60.85328444595259 -0.9180065287868372
60.97927468290074 -0.960561429610691
61.10526491984887 -0.9878889790061999
61.23125515679701 -0.9995559655352535
61.35724539374516 -0.9953774376700123
61.4832356306933 -0.9754196357469046
61.60922586764144 -0.9399989418881481
61.73521610458958 -0.8896768645372389
61.861206341537724 -0.8252511371163245
61.987196578485865 -0.7477430719144715
62.11318681543401 -0.6583813696799837
62.23917705238215 -0.5585826415761059
62.36516728933029 -0.44992895227678265
62.491157526278435 -0.3341427402018023
62.617147763226576 -0.21305951246969973
62.74313800017472 -0.08859874742294355
62.869128237122865 0.037266534005105996
