0.0 0.0
0.11688153502350143 0.1166155912581234
0.23376307004700286 0.23163987557628837
0.3506446050705043 0.3435032605876038
0.4675261400940057 0.4506792867597268
0.5844076751175071 0.5517054570765649
0.7012892101410086 0.645203193903617
0.81817074516451 0.7298966507106022
0.9350522801880115 0.8046301219513581
1.051933815211513 0.8683838135301761
1.1688153502350143 0.9202877586547704
1.2856968852585158 0.9596336891836612
1.4025784202820173 0.9858847004745593
1.5194599553055186 0.9986825778496721
1.63634149032902 0.9978526847028303
1.7532230253525214 0.9834063455465605
1.870104560376023 0.9555406914806438
1.9869860953995244 0.9146359701908587
2.103867630423026 0.8612503571849847
2.2207491654465272 0.7961123390706327
2.3376307004700285 0.7201107728107716
2.4545122354935303 0.6342827566058408
2.5713937705170316 0.5397994779133352
2.6882753055405333 0.43795023171921
2.8051568405640346 0.3301248271437536
2.922038375587536 0.21779462245693262
3.038919910611037 0.10249244729461832
3.155801445634539 -0.014208313947942272
3.27268298065804 -0.13071519212266783
3.389564515681542 -0.24543836376091208
3.506446050705043 -0.3568123454034517
3.6233275857285445 -0.4633173557928553
3.740209120752046 -0.5635000544251246
3.8570906557755475 -0.6559933734675858
3.973972190799049 -0.7395351724216639
4.09085372582255 -0.8129854609737314
4.207735260846052 -0.8753419550153447
4.324616795869553 -0.9257537535593419
4.4414983308930545 -0.9635329499200618
4.558379865916556 -0.9881640187144377
4.675261400940057 -0.9993108505913255
4.792142935963559 -0.996821338694919
4.9090244709870605 -0.980729454276533
5.025906006010561 -0.951254783131478
5.142787541034063 -0.9087995291866906
5.259669076057564 -0.8539430261274116
5.376550611081067 -0.7874338319558619
5.493432146104567 -0.7101795143575852
5.610313681128069 -0.623234266261754
5.7271952161515705 -0.5277845205904063
5.844076751175072 -0.4251327604940821
5.960958286198573 -0.31667974599533005
6.077839821222074 -0.20390539957080486
6.1947213562455765 -0.08834861150248684
6.311602891269078 0.028413759430889994
6.428484426292578 0.14478840337094648
6.54536596131608 0.25918730128404593
6.662247496339582 0.37004939466841325
6.779129031363084 0.4758618873646552
6.896010566386584 0.5751808887905132
7.012892101410086 0.6666511169075111
7.129773636433588 0.7490243920577504
7.246655171457089 0.8211766693086483
7.36353670648059 0.8821233768865308
7.480418241504092 0.9310328513946771
7.597299776527593 0.9672376864822311
7.714181311551095 0.9902438401028995
7.8310628465745955 0.9997373760880843
7.947944381598098 0.9955887480406448
8.064825916621599 0.9778545670923512
8.1817074516451 0.9467768294026628
8.298588986668602 0.902779613940182
8.415470521692104 0.8464632956080328
8.532352056715604 0.7785963526793872
8.649233591739106 0.7001048803368084
8.766115126762607 0.6120599534110202
8.882996661786109 0.5156630107639558
8.99987819680961 0.41222946075714273
9.116759731833112 0.30317073152102436
9.233641266856614 0.18997501096276076
9.350522801880114 0.0741869393294649
9.467404336903614 -0.0426134685629504
9.584285871927118 -0.15883238381336198
9.701167406950619 -0.272883912422537
9.818048941974121 -0.3832117360025996
9.934930476997621 -0.48831034890512204
10.051812012021122 -0.5867456019714261
10.168693547044626 -0.677174272570209
10.285575082068126 -0.7583623938747094
10.402456617091627 -0.8292020932627515
10.519338152115129 -0.8887267100670568
10.63621968713863 -0.9361239863828518
10.753101222162133 -0.9707471509343357
10.869982757185634 -0.9921237447523441
10.986864292209134 -0.9999620682302623
11.103745827232636 -0.9941551615832666
11.220627362256138 -0.9747822643945663
11.337508897279639 -0.9421077343320425
11.454390432303141 -0.8965774397901981
11.571271967326641 -0.8388126756825285
11.688153502350143 -0.7696016854078596
11.805035037373646 -0.6898889046797813
11.921916572397146 -0.6007620739951486
12.038798107420648 -0.5034373956016583
12.155679642444149 -0.39924293750879597
12.272561177467649 -0.28960051100679624
12.389442712491153 -0.17600626898845642
12.506324247514653 -0.06001028982420465
12.623205782538156 0.05680457461633068
12.740087317561656 0.17284429816161062
12.856968852585156 0.28652543201721514
12.97385038760866 0.396296712108635
13.09073192263216 0.5006602272394871
13.207613457655661 0.5981918592098459
13.324494992679163 0.687560715973928
13.441376527702664 0.7675472926572063
13.558258062726168 0.8370601126122958
13.675139597749668 0.8951506214339263
13.792021132773169 0.9410261306930806
13.90890266779667 0.9740606347633188
14.025784202820171 0.993803353135637
14.142665737843675 0.9999848816555774
14.259547272867175 0.9925208687443569
14.376428807890676 0.9715131664392328
14.493310342914178 0.9372484405462949
14.610191877937678 0.8901942588711949
14.72707341296118 0.8309927109068181
14.843954947984683 0.7604516460420477
14.960836483008183 0.6795336498527954
15.077718018031684 0.58934290890206
15.194599553055186 0.49111014328864055
15.311481088078688 0.38617581255114286
15.42836262310219 0.2759718240952659
15.54524415812569 0.1620019937465709
15.662125693149191 0.04582152505908465
15.779007228172693 -0.07098421260006774
15.895888763196195 -0.18682131760110543
16.012770298219696 -0.3001091060311455
16.129651833243198 -0.40930168130812766
16.2465333682667 -0.5129090290955831
16.3634149032902 -0.6095173496623912
16.480296438313704 -0.6978083502372671
16.597177973337203 -0.776577234099325
16.714059508360705 -0.8447491409302381
16.830941043384207 -0.9013938140869612
16.947822578407706 -0.945738294649219
17.06470411343121 -0.9771774690219431
17.18158564845471 -0.9952823261627308
17.298467183478213 -0.9998058117583098
17.41534871850171 -0.990686199465373
17.532230253525213 -0.9680479332126851
17.649111788548716 -0.9321999290706268
17.765993323572218 -0.8836313598604258
17.88287485859572 -0.8230049800252424
17.99975639361922 -0.7511480818502306
18.11663792864272 -0.6690412064407063
18.233519463666223 -0.5778047635055952
18.350400998689725 -0.4786837425291797
18.467282533713227 -0.37303072395866976
18.584164068736726 -0.26228742223263535
18.701045603760228 -0.1479650125094623
18.81792713878373 -0.031623509552382245
18.93480867380723 0.08514951983845528
19.051690208830735 0.20076062036205994
19.168571743854237 0.3136321921056253
19.285453278877736 0.42222401807499366
19.402334813901238 0.5250542816072065
19.519216348924736 0.6207197868668536
19.636097883948242 0.7079151065024897
19.752979418971744 0.7854503951789232
19.869860953995243 0.8522676259065276
19.986742489018745 0.9074550276106287
20.103624024042244 0.9502595269295693
20.220505559065746 0.9800970244638394
20.33738709408925 0.9965603652491228
20.45426862911275 0.9994248946902321
20.571150164136252 0.9886515241410433
20.68803169915975 0.9643872642982974
20.804913234183253 0.9269632191307174
20.92179476920676 0.8768900677177803
21.038676304230258 0.8148510956518322
21.15555783925376 0.7416928710952496
21.27243937427726 0.6584136927248769
21.38932090930076 0.5661499672001025
21.506202444324266 0.46616070204427656
21.623083979347765 0.3598103255456604
21.739965514371267 0.2485500681131772
21.856847049394766 0.13389815915238534
21.973728584418268 0.01741910968998057
22.090610119441774 -0.09929763654897804
22.207491654465272 -0.21465939228917114
22.324373189488774 -0.3270919601138263
22.441254724512277 -0.43506111356551275
22.558136259535775 -0.5370935328133585
22.675017794559277 -0.6317969092038
22.79189932958278 -0.7178789443532153
22.908780864606282 -0.7941649845256747
23.025662399629784 -0.8596140496614906
23.142543934653283 -0.9133330383285049
23.259425469676785 -0.9545889147589378
23.376307004700287 -0.9828187116705441
23.49318853972379 -0.9976372123761345
23.61007007474729 -0.99884220735331
23.72695160977079 -0.986417253544594
23.843833144794292 -0.9605318987352447
23.96071467981779 -0.9215393679469523
24.077596214841297 -0.8699717434182929
24.1944777498648 -0.8065327039447413
24.311359284888297 -0.7320879226553324
24.4282408199118 -0.6476532542555214
24.545122354935298 -0.5543808729301556
24.662003889958804 -0.45354355006518043
24.778885424982306 -0.34651728633041834
24.895766960005805 -0.23476253512152223
25.012648495029307 -0.11980427358136517
25.129530030052806 -0.0032111931466718615
25.24641156507631 0.1134257064196276
25.363293100099813 0.22851482740976617
25.480174635123312 0.3404856927119833
25.597056170146814 0.4478103761450073
25.713937705170313 0.5490243521532583
25.83081924019382 0.6427464803531561
25.94770077521732 0.727697852226344
26.06458231024082 0.8027192427827307
26.18146384526432 0.8667869290522637
26.29834538028782 0.9190266595503148
26.415226915311322 0.9587255840929086
26.532108450334828 0.9853419811704931
26.648989985358327 0.9985126501430036
26.76587152038183 0.9980578673841779
26.882753055405328 0.9839838387448158
26.99963459042883 0.956482614869306
27.116516125452335 0.9159294705209815
27.233397660475834 0.8628777836773741
27.350279195499336 0.7980514842739193
27.467160730522835 0.7223351756386972
27.584042265546337 0.6367620634185588
27.700923800569843 0.5424998567155247
27.81780533559334 0.4408348338229611
27.934686870616844 0.33315428999644703
28.051568405640342 0.2209276067727197
28.168449940663844 0.10568620115987316
28.28533147568735 -0.010997371692787025
28.40221301071085 -0.12753087718560233
28.51909454573435 -0.24232412850027069
28.63597608075785 -0.3538106858879776
28.752857615781352 -0.4604692319110774
28.869739150804854 -0.5608443309570441
28.986620685828356 -0.6535662897456945
29.10350222085186 -0.7373698478181561
29.220383755875357 -0.8111114429619029
29.33726529089886 -0.8737848159722323
29.45414682592236 -0.9245347418115123
29.57102836094586 -0.9626686997943074
29.687909895969366 -0.9876663235499539
29.804791430992864 -0.9991865018107731
29.921672966016367 -0.9970720331303885
30.03855450103987 -0.981351771015
30.155436036063367 -0.9522402301957206
30.272317571086873 -0.9101346594146645
30.38919910611037 -0.8556096206688388
30.506080641133874 -0.789409148882057
30.622962176157376 -0.7124365989920808
30.739843711180875 -0.6257423189970213
30.85672524620438 -0.5305093171715141
30.97360678122788 -0.4280371190342689
31.09048831625138 -0.31972403435062924
31.207369851274883 -0.20704807615029563
31.324251386298382 -0.09154679213436574
31.441132921321888 0.025203716312735745
31.558014456345386 0.14161030120511076
31.67489599136889 0.2560845076509529
31.79177752639239 0.36706424950724625
31.90865906141589 0.4730351252132237
32.02554059643939 0.5725510829320396
32.142422131462894 0.6642541530093241
32.259303666486396 0.7468929784845272
32.3761852015099 0.8193398907923228
32.4930667365334 0.8806062976433766
32.6099482715569 0.9298561731053362
32.7268298065804 0.9664174658017998
32.8437113416039 0.9897912695558699
32.96059287662741 0.9996586313379726
33.077474411650904 0.9958849036184455
33.194355946674406 0.9785215817337602
33.31123748169791 0.9478056011941492
33.42811901672141 0.9041561045214056
33.54500055174491 0.8481687217357662
33.661882086768415 0.7806074425389143
33.77876362179192 0.70239419110324
33.89564515681541 0.6145962457271611
34.012526691838914 0.5184116750246808
34.12940822686242 0.41515298938334766
34.24628976188592 0.3062292307785894
34.36317129690942 0.19312674534237786
34.48005283193292 0.07738890105886892
34.596934366956425 -0.039404972645767346
34.71381590197993 -0.15566113603428228
34.83069743700342 -0.2697931868287472
34.94757897202693 -0.380243707855874
35.06446050705043 -0.4855055191688017
35.18134204207393 -0.5841422446445311
35.29822357709743 -0.6748079124100764
35.41510511212093 -0.7562653216351306
35.531986647144436 -0.8274029250624839
35.64886818216794 -0.8872499969014881
35.76574971719144 -0.9349898791073126
35.88263125221494 -0.9699711252906084
35.99951278723844 -0.9917163901905965
36.11639432226195 -0.9999289434080831
36.23327585728544 -0.9944967185136225
36.350157392308944 -0.9754938422777497
36.467038927332446 -0.943179623155767
36.58392046235595 -0.8979950128299783
36.70080199737945 -0.8405565890942706
36.81768353240295 -0.7716481421890808
36.934565067426455 -0.6922099793975002
37.05144660244996 -0.6033260938492979
37.16832813747345 -0.5062093726241352
37.285209672496954 -0.4021850460004247
37.402091207520456 -0.29267260369729897
37.51897274254396 -0.17916642487597176
37.63585427756746 -0.06321538621869341
37.75273581259096 0.05359827365172357
37.86961734761446 0.1696805450009967
37.98649888263796 0.28344739843811834
38.10338041766147 0.3933464001807903
38.22026195268497 0.49787789617518985
38.337143487708474 0.5956154759969069
38.45402502273197 0.685225437287726
38.57090655775547 0.7654849851215847
38.68778809277897 0.8352989179556297
38.804669627802475 0.89371457247421
38.92155116282598 0.9399348233921491
39.03843269784947 0.9733289608252967
39.155314232872975 0.9934412967985073
39.272195767896484 0.9999973834487812
39.389077302919986 0.992907758071577
39.50595883794349 0.9722691639063094
39.622840372966984 0.9383632300025084
39.739721907990486 0.8916526281808489
39.85660344301399 0.8327747595302134
39.97348497803749 0.7625330565932226
40.09036651306099 0.68188601992844
40.20724804808449 0.5919341386535545
40.32412958310799 0.4939048734484758
40.44101111813149 0.38913590693657796
40.557892653155 0.2790568900050467
40.6747741881785 0.16516993314955986
40.791655723202 0.049029109053364495
40.9085372582255 -0.0677807538965183
41.025418793249 -0.18366569777762579
41.142300328272505 -0.2970443858797875
41.25918186329601 -0.40636968122694506
41.3760633983195 -0.5101497584180286
41.492944933343004 -0.606968460700065
41.609826468366506 -0.6955046244859412
41.726708003390016 -0.7745501076194559
41.84358953841352 -0.8430262753783838
41.96047107343701 -0.8999987192518157
42.077352608460515 -0.9446900076429705
42.19423414348402 -0.9764902945046283
42.31111567850752 -0.994965641144461
42.42799721353102 -0.9998639376429549
42.54487874855452 -0.9911183430817748
42.66176028357802 -0.9688481976380702
42.77864181860152 -0.933357394098527
42.89552335362502 -0.8851302310150617
43.01240488864853 -0.8248248040889504
43.12928642367203 -0.7532640259629262
43.24616795869553 -0.6714243969628098
43.36304949371903 -0.580422680020444
43.479931028742534 -0.4815006616084282
43.596812563766036 -0.3760082066351802
43.71369409878953 -0.26538483852893024
43.830575633813034 -0.15114009586413735
43.947457168836536 -0.03483293357895057
44.06433870386004 0.08194955013062967
44.18122023888355 0.19761377095236088
44.298101773907035 0.31058140410723195
44.414983308930545 0.4193109217713404
44.53186484395405 0.5223186283755625
44.64874637897755 0.6181989067411039
44.76562791400105 0.7056433987768879
44.88250944902455 0.7834588590040172
44.99939098404805 0.8505834372825579
45.11627251907155 0.9061011685506938
45.23315405409505 0.9492544718528673
45.350035589118555 0.9794544880984024
45.466917124142064 0.9962891154841027
45.58379865916556 0.9995286329314943
45.70068019418906 0.9891288348027175
45.817561729212564 0.9652316341195036
45.934443264236066 0.9281631260538833
46.05132479925957 0.8784291381157319
46.16820633428306 0.8167083277581774
46.285087869306565 0.7438429215891832
46.40196940433007 0.6608272225597445
46.51885093935357 0.5687940419566354
46.63573247437708 0.46899924134535886
46.752614009400574 0.36280459540006754
46.869495544424076 0.2516592094698305
46.98637707944758 0.13707974545266435
47.10325861447108 0.02062972580984668
47.22014014949458 -0.09610180186715817
47.33702168451808 -0.21152194859925974
47.45390321954158 -0.32405572018094364
47.57078475456508 -0.43216750915383767
47.687666289588584 -0.5343820493187327
47.80454782461209 -0.6293045468459681
47.92142935963558 -0.7156397132801648
48.03831089465909 -0.7922094407197525
48.15519242968259 -0.8579688779801469
48.272073964706095 -0.9120206883694809
48.3889554997296 -0.9536272945187091
48.50583703475309 -0.9822209431763217
48.622718569776595 -0.9974114526259951
48.7396001048001 -0.998991537007852
48.8564816398236 -0.986939634889022
48.9733631748471 -0.9614202034855127
49.090244709870596 -0.9227814745205303
49.207126244894106 -0.8715507023422184
49.32400777991761 -0.8084269691438603
49.44088931494111 -0.7342716454645971
49.55777084996461 -0.6500966361443616
49.67465238498811 -0.5570505721257053
49.79153392001161 -0.4564031365256968
49.90841545503511 -0.34952773886043953
50.025296990058614 -0.23788277384526016
50.142178525082116 -0.1229917205083345
50.25906006010561 -0.00642235318020074
50.37594159512911 0.11023465195928467
50.49282313015262 0.22538742284678545
50.609704665176125 0.33746461382008436
50.72658620019963 0.4449368478046247
50.84346773522312 0.5463375858072235
50.960349270246624 0.6402831389372431
51.077230805270126 0.7254915498760959
51.19411234029363 0.8008000861434421
51.31099387531713 0.8651811064512908
51.427875410340626 0.9177560836377717
51.54475694536413 0.9578075928271743
51.66163848038764 0.9847891012288009
51.77852001541114 0.9983324259855633
51.89540155043464 0.9982527583043765
52.01228308545814 0.9845511853103216
52.12916462048164 0.9574146752120093
52.24604615550514 0.9172135259805757
52.36292769052864 0.8644963123569807
52.479809225552145 0.7999824001394802
52.59669076057564 0.7245521298994212
52.71357229559914 0.639234804075868
52.830453830622645 0.545194641374205
52.947335365646154 0.4437148901313552
53.064216900669656 0.33618031743272464
53.18109843569315 0.2240583129298579
53.29797997071665 0.10887886521142445
53.414861505740156 -0.007786316035060456
53.53174304076366 -0.12434524717716716
53.64862457578716 -0.23920739444458686
53.765506110810655 -0.35080537795171424
53.88238764583416 -0.457616359768194
53.99926918085766 -0.558182824181115
54.11615071588117 -0.6511324665867769
54.23303225090467 -0.7351969196130959
54.349913785928166 -0.8092290609408245
54.46679532095167 -0.8722186666453335
54.58367685597517 -0.9233061964574191
54.70055839099867 -0.9617945228330003
54.817439926022175 -0.9871584437797184
54.93432146104567 -0.9990518496308328
55.05120299606917 -0.9973124459704233
55.168084531092674 -0.9819639682620431
55.284966066116176 -0.9532158579605753
55.401847601139686 -0.9114604045269704
55.51872913616318 -0.8572673923452389
55.63561067118668 -0.7913763255884558
55.752492206210185 -0.7146863371313981
55.86937374123369 -0.6282439192101414
55.98625527625719 -0.5332286432530075
56.103136811280685 -0.430937063746426
56.22001834630419 -0.3227650257794675
56.33689988132769 -0.21018861769392105
56.45378141635119 -0.09474402875512776
56.5706629513747 0.021993413299204515
56.68754448639819 0.13843073878386303
56.8044260214217 0.25297907332870556
56.9213075564452 0.3640753192573528
57.0381890914687 0.47020348522386674
57.155070626492204 0.5699153730481792
57.2719521615157 0.6618503394631254
57.3888336965392 0.7447538631092431
57.505715231562704 0.8174946634167346
57.622596766586206 0.8790801377747602
57.73947830160971 0.9286699063362579
57.8563598366332 0.9655872796293336
57.97324137165671 0.9893284924910972
58.090122906680214 0.9995695783199735
58.20700444170372 0.9961707898422388
58.32388597672722 0.9791785060680557
