0.0 0.0
0.10422410680090591 0.1040355173428231
0.20844821360181182 0.20694195439478988
0.31267232040271775 0.3076024845870013
0.41689642720362363 0.40492465580685183
0.5211205340045295 0.4978522466004165
0.6253446408054355 0.5853767291694817
0.7295687476063414 0.6665482147572058
0.8337928544072473 0.7404857626339475
0.9380169612081531 0.8063869408015383
1.042241068009059 0.8635365346552578
1.146465174809965 0.9113143090898386
1.250689281610871 0.9492017398086473
1.3549133884117768 0.976787640782255
1.4591374952126828 0.9937726267825171
1.5633616020135885 0.9999723625610187
1.6675857088144945 0.9953195634090871
1.7718098156154005 0.9798647253876248
1.8760339224163063 0.9537755773016984
1.9802580292172123 0.9173352603675138
2.084482136018118 0.8709392553275503
2.1887062428190243 0.8150910903633657
2.29293034961993 0.7503968763873883
2.3971544564208362 0.6775587290212662
2.501378563221742 0.5973671486509654
2.6056026700226473 0.5106924412566095
2.7098267768235536 0.418475273125387
2.8140508836244598 0.3217164619556662
2.9182749904253655 0.22146611514777345
3.0224990972262717 0.11881223316177487
3.126723204027177 0.01486890162814305
3.2309473108280833 -0.08923579963963243
3.335171417628989 -0.1923720395089804
3.4393955244298953 -0.2934204973989719
3.543619631230801 -0.39128451108175305
3.647843738031707 -0.4849019785766209
3.7520678448326126 -0.5732568849674383
3.856291951633519 -0.6553903290447507
3.9605160584344246 -0.7304109301022714
4.064740165235331 -0.7975045019445012
4.168964272036236 -0.8559428891150618
4.273188378837142 -0.9050918694476311
4.3774124856380485 -0.9444180371743848
4.481636592438954 -0.973494591890718
4.58586069923986 -0.9920059705495609
4.690084806040765 -0.9997512722150204
4.7943089128416725 -0.9966464384070642
4.898533019642578 -0.9827251653743246
5.002757126443484 -0.9581385383942753
5.106981233244389 -0.9231533920696644
5.211205340045295 -0.8781494144166301
5.315429446846202 -0.8236150261733578
5.419653553647107 -0.7601420800504625
5.523877660448013 -0.6884194374512439
5.6281017672489195 -0.6092254923726301
5.732325874049825 -0.5234197236236594
5.836549980850731 -0.43193336704388496
5.940774087651636 -0.33575930895458356
6.0449981944525435 -0.23594131052745398
6.149222301253449 -0.13356268001698177
6.253446408054354 -0.0297345157948235
6.35767051485526 0.07441635221734479
6.461894621656167 0.1777595918468988
6.566118728457073 0.2791736359786919
6.670342835257978 0.3775578547377555
6.774566942058883 0.47184450044359305
6.8787910488597905 0.5610102956994434
6.983015155660696 0.644087538852894
7.087239262461602 0.7201746063021333
7.191463369262507 0.7884457376680104
7.295687476063414 0.8481599976350837
7.39991158286432 0.8986693172002473
7.504135689665225 0.9394255270586119
7.608359796466131 0.9699863067944549
7.712583903267038 0.9900199853116515
7.816808010067943 0.9993091404053158
7.921032116868849 0.9977529584090883
8.025256223669755 0.9853683283092093
8.129480330470662 0.9622896584511407
8.233704437271566 0.9287674178279872
8.337928544072472 0.8851654177818709
8.442152650873378 0.8319568636195119
8.546376757674285 0.7697192189931719
8.65060086447519 0.6991279387829887
8.754824971276097 0.6209491384966984
8.859049078077001 0.5360312797445346
8.963273184877908 0.4452959620254698
9.067497291678814 0.3497279207600405
9.17172139847972 0.2503643401194272
9.275945505280626 0.14828359663691074
9.38016961208153 0.044593555765425286
9.484393718882437 -0.05958045160327296
9.588617825683345 -0.163107842168945
9.69284193248425 -0.2648650502567373
9.797066039285156 -0.36374772168993774
9.90129014608606 -0.4586826991634801
10.005514252886968 -0.5486396690429874
10.109738359687874 -0.6326423431884978
10.213962466488779 -0.7097790544484522
10.318186573289685 -0.779212650832749
10.42241068009059 -0.84018958098505
10.526634786891497 -0.892048072351231
10.630858893692404 -0.9342253132876256
10.735083000493308 -0.9662635611628688
10.839307107294214 -0.9878151101630875
10.94353121409512 -0.9986460648856814
11.047755320896027 -0.9986388787675075
11.151979427696933 -0.9877936297983198
11.256203534497839 -0.9662280196743591
11.360427641298743 -0.93417609640128
11.46465174809965 -0.8919857142097899
11.568875854900556 -0.8401147583511267
11.673099961701462 -0.7791261757440324
11.777324068502368 -0.7096818654048019
11.881548175303273 -0.6325354949665561
11.985772282104179 -0.548524321248864
12.089996388905087 -0.4585601036477376
12.194220495705991 -0.36361920896146493
12.298444602506898 -0.2647320150429557
12.402668709307802 -0.16297172827906228
12.506892816108708 -0.059442736258862004
12.611116922909616 0.04473137796247536
12.71534102971052 0.14842002992505146
12.819565136511427 0.25049790381071096
12.923789243312333 0.34985716530978045
13.028013350113238 0.4454194847639075
13.132237456914146 0.5361477400997898
13.23646156371505 0.6210572725437643
13.340685670515956 0.6992265729609083
13.444909777316862 0.7698072828414989
13.549133884117767 0.8320334013958413
13.653357990918675 0.8852295988343561
13.757582097719581 0.9288185456102628
13.861806204520486 0.9623271780818279
13.966030311321392 0.9853918325939518
14.070254418122296 0.9977621922597648
14.174478524923204 0.9993040036084699
14.27870263172411 0.990000533616091
14.382926738525015 0.9699527513062202
14.487150845325921 0.9393782319498757
14.591374952126827 0.8986087957570146
14.695599058927733 0.8480869066865846
14.79982316572864 0.7883608704582399
14.904047272529544 0.7200788838809059
15.00827137933045 0.6439820000798407
15.112495486131357 0.5608960859694402
15.216719592932263 0.4717228592559823
15.320943699733169 0.3774301022442588
15.425167806534075 0.2790411586560259
15.52939191333498 0.1776238274495737
15.633616020135886 0.07427877417394496
15.737840126936792 -0.029872414372510637
15.842064233737698 -0.13369940253846396
15.946288340538604 -0.23607537316578184
16.05051244733951 -0.33588925675007875
16.154736554140413 -0.43205778969457903
16.258960660941323 -0.5235372707910751
16.36318476774223 -0.6093348883367671
16.467408874543132 -0.688519494955764
16.571632981344038 -0.760231713187794
16.675857088144944 -0.8236932621698624
16.78008119494585 -0.8782154041899555
16.884305301746757 -0.923206419443698
16.988529408547663 -0.9581780278716828
17.09275351534857 -0.9827506883823279
17.196977622149475 -0.9966577179486722
17.30120172895038 -0.9997481858752303
17.405425835751284 -0.9919885518239092
17.509649942552194 -0.973463029821757
17.6138740493531 -0.9443726743000377
17.718098156154003 -0.9050331980836841
17.82232226295491 -0.8558715460121386
17.926546369755815 -0.7974212613775168
18.03077047655672 -0.7303166954673547
18.134994583357628 -0.6552861230548334
18.239218690158534 -0.5731438385529224
18.34344279695944 -0.4847813186115759
18.447666903760343 -0.3911575470688589
18.551891010561253 -0.293288607257689
18.65611511736216 -0.1922366546212375
18.76033922416306 -0.08909838931526383
18.86456333096397 0.015006846097583465
18.968787437764874 0.11894921468773216
19.07301154456578 0.22160064709236812
19.17723565136669 0.321847084265922
19.281459758167593 0.41860056817893254
19.3856838649685 0.5108110492469214
19.4899079717694 0.5974777823451078
19.59413207857031 0.6776601877300302
19.698356185371217 0.7504880589961577
19.80258029217212 0.8151710072823425
19.90680439897303 0.8710070392316128
20.011028505773936 0.9173901756091422
20.11525261257484 0.9538170278948419
20.21947671937575 0.9798922614758427
20.32370082617665 0.9953328861477594
20.427924932977557 0.9999713273606631
20.532149039778467 0.9937572448779917
20.63637314657937 0.9767580791108303
20.740597253380276 0.9491583191982615
20.84482136018118 0.9112575007772078
20.94904546698209 0.8634669551716156
21.053269573782995 0.8063053452815327
21.157493680583897 0.7403930366202861
21.261717787384807 0.6664453645899986
21.36594189418571 0.5852648710646154
21.470166000986616 0.4977325945354301
21.574390107787526 0.40479850834584574
21.67861421458843 0.30747121078754613
21.782838321389335 0.2068069789497513
21.88706242819024 0.1038983051184183
21.991286534991147 -0.00013795986215675113
22.095510641792053 -0.10417272758712844
22.19973474859296 -0.2070769259011192
22.303958855393866 -0.30773375253188356
22.40818296219477 -0.4050507955609536
22.512407068995678 -0.49797188918982177
22.616631175796584 -0.5854885761329203
22.720855282597487 -0.6666510522380498
22.825079389398393 -0.7405784745540008
22.9293034961993 -0.8064685209736419
23.033527603000206 -0.8636060977032746
23.137751709801112 -0.9113711000574949
23.241975816602018 -0.9492451423529489
23.346199923402924 -0.9768171838625552
23.450424030203827 -0.9937879897726434
23.554648137004737 -0.9999733787289767
23.658872243805643 -0.9953062217265733
23.763096350606546 -0.9798371706497171
23.867320457407455 -0.953734108555416
23.971544564208358 -0.9172803276663145
24.075768671009264 -0.8708714548469683
24.179992777810174 -0.8150111579308192
24.284216884611077 -0.7503056794963728
24.388440991411983 -0.6774572574165794
24.492665098212886 -0.5972565035871797
24.596889205013795 -0.5105738235463259
24.7011133118147 -0.4183499701070319
24.805337418615604 -0.3215858335222106
24.909561525416514 -0.2213315789880285
25.013785632217417 -0.1186752493744743
25.118009739018323 -0.014730956875706629
25.222233845819233 0.0893732082655873
25.326457952620135 0.19250742073531923
25.43068205942104 0.2935523819556031
25.534906166221948 0.3914114676473614
25.639130273022854 0.4850226293125635
25.74335437982376 0.5733699204712005
25.847578486624666 0.6554945225606745
25.951802593425572 0.7305051508353341
26.056026700226475 0.7975877273326423
26.16025080702738 0.8560142159268893
26.26447491382829 0.9051505235850351
26.368699020629194 0.9444633820736944
26.4729231274301 0.9735261354312301
26.577147234231006 0.9920233703944389
26.681371341031912 0.9997543395266208
26.78559544783282 0.9966351398963608
26.889819554633725 0.9826996236621882
26.99404366143463 0.9580990306806901
27.098267768235534 0.9231003471253234
27.202491875036444 0.8780834079295523
27.30671598183735 0.8235367745010503
27.410940088638252 0.7600524324454049
27.515164195439162 0.6883193668440866
27.619388302240065 0.6091160848131536
27.72361240904097 0.5233021664940375
27.827836515841877 0.43180893617223454
27.932060622642783 0.3356293547686071
28.03628472944369 0.2358072433984749
28.140508836244592 0.1334259549534148
28.244732943045502 0.029596616651199822
28.34895704984641 -0.07455392884438564
28.45318115664731 -0.17789535286093738
28.55740526344822 -0.27930610798786737
28.661629370249123 -0.3776856000452207
28.76585347705003 -0.4719661326506234
28.87007758385094 -0.5611244947517818
28.974301690651842 -0.6441930653670784
29.07852579745275 -0.7202703150163322
29.182749904253654 -0.7885305898713533
29.28697401105456 -0.8482330724406182
29.391198117855467 -0.8987298215391755
29.49542222465637 -0.9394728042873334
29.59964633145728 -0.9700198438210147
29.703870438258182 -0.9900394181642366
29.808094545059088 -0.999314258182387
29.912318651859998 -0.9977437055682555
30.0165427586609 -0.9853448052700268
30.120766865461807 -0.9622521205052682
30.224990972262713 -0.9287162723685524
30.32921507906362 -0.8851012198820998
30.433439185864525 -0.8318803100086102
30.53766329266543 -0.7696311404948377
30.641887399466338 -0.6990292912986207
30.74611150626724 -0.6208409926311578
30.85033561306815 -0.5359148091870356
30.954559719869057 -0.4451724308117448
31.05878382666996 -0.3495986695539574
31.163007933470865 -0.2502307716629798
31.26723204027177 -0.1481471605265014
31.371456147072678 -0.04445573271962947
31.475680253873584 0.0597181658136955
31.57990436067449 0.16324395295440686
31.684128467475396 0.2649980804293626
31.7883525742763 0.3638762274952246
31.89257668107721 0.4588052859491514
31.996800787878115 0.5487550063948939
32.10102489467902 0.6327491793694059
32.20524900147993 0.7098762299829332
32.30947310828083 0.7792991110907674
32.41369721508174 0.840264387627712
32.517921321882646 0.89211041351439
32.622145428683545 0.9342745123929304
32.72636953548446 0.9662990842605589
32.83059364228536 0.9878365717268451
32.934817749086264 0.9986532319967008
33.03904185588718 0.9986316736423159
33.143265962688076 0.9877721306329519
33.24749006948898 0.9661924597957062
33.35171417628989 0.9341268617348326
33.455938283090795 0.8919233390912537
33.5601623898917 0.8400399197273634
33.66438649669261 0.7790396858262679
33.768610603493514 0.7095846628538321
33.87283471029442 0.6324286347056148
33.977058817095326 0.548408963014719
34.08128292389623 0.45843749940425726
34.18550703069714 0.36349068931225553
34.28973113749804 0.26459897479055666
34.39395524429895 0.16283561128734936
34.49817935109986 0.05930501978307845
34.60240345790076 -0.04486919930815653
34.70662756470167 -0.14855646038832684
34.81085167150257 -0.25063146273428205
34.915075778303475 -0.3499864032007107
35.01929988510439 -0.445542999024715
35.123523991905294 -0.5362641902505875
35.2277480987062 -0.6211653947702974
35.3319722055071 -0.6993251938304992
35.436196312308006 -0.7698953320381404
35.54042041910891 -0.8321099233361423
35.64464452590982 -0.8852937630383324
35.74886863271073 -0.9288696557144072
35.85309273951163 -0.962364679396615
35.95731684631254 -0.9854153181238066
36.06154095311344 -0.9977714071201099
36.16576505991435 -0.9992988477919474
36.269989166715256 -0.9899810630779263
36.37421327351616 -0.9699191773569485
36.47843738031707 -0.9393309189620249
36.582661487117974 -0.8985482572106293
36.68688559391888 -0.8480137995965122
36.79110970071979 -0.7882759882436572
36.895333807520686 -0.7199831477544753
36.99955791432159 -0.6438764490499307
37.103782021122505 -0.5607818655639432
37.20800612792341 -0.47160120909010406
37.31223023472432 -0.3773023425671621
37.41645434152522 -0.2789086760223969
37.52067844832612 -0.17748805967155049
37.62490255512703 -0.07414119471680555
37.72912666192794 0.03001031238164283
37.83335076872885 0.13383612251525914
37.93757487552975 0.23620943131090086
38.041798982330654 0.33601919815261594
38.14602308913156 0.4321822041219525
38.25024719593247 0.5236548079940422
38.35447130273338 0.609444272703481
38.45869540953428 0.6886195393557464
38.562919516335185 0.7603213318556945
38.66714362313609 0.8237714824890765
38.771367729937 0.8782813772482749
38.875591836737904 0.9232594292464146
38.9798159435388 0.9582174991121589
39.084040050339716 0.9827761926857125
39.18826415714062 0.9966689785209698
39.29248826394153 0.9997450805073093
39.396712370742435 0.9919711142178144
39.500936477543334 0.9734314492249505
39.60516058434424 0.9443272934515204
39.709384691145154 0.904974509494307
39.81360879794606 0.8558001866194749
39.917832904746966 0.7973380056332717
40.02205701154787 0.7302224469323729
40.12628111834877 0.6551819045929077
40.23050522514968 0.5730307812298061
40.334729331950584 0.4846606494197282
40.4389534387515 0.3910305756110836
40.5431775455524 0.293156711534264
40.6474016523533 0.1921012660746734
40.75162575915421 0.08896097729509017
40.855849865955115 -0.015144790281394838
40.96007397275602 -0.11908619394973945
41.064298079556934 -0.22173517481926286
41.16852218635783 -0.3219777004504809
41.27274629315874 -0.4187258552652862
41.376970399959646 -0.5109296475150064
41.48119450676055 -0.5975884046675068
41.58541861356146 -0.6777616335409392
41.68964272036236 -0.7505792273209403
41.79386682716327 -0.8152509086862354
41.89809093396418 -0.8710748065578644
42.00231504076508 -0.9174450733901529
42.10653914756599 -0.9538584603340604
42.21076325436689 -0.9799197789138442
42.314987361167795 -0.9953461899423366
42.41921146796871 -0.9999702731279295
42.523435574769614 -0.9937418440593607
42.62765968157052 -0.9767284988488428
42.73188378837142 -0.949114880522619
42.836107895172326 -0.9112006751206813
42.94033200197323 -0.8633973592536749
43.044556108774145 -0.8062237344151775
43.14878021557505 -0.740300296514774
43.25300432237595 -0.6663425017383913
43.35722842917686 -0.585153001820446
43.46145253597776 -0.4976129329971359
43.56567664277867 -0.40467235318034595
43.66990074957958 -0.30733993113600727
43.77412485638048 -0.20667199956857074
43.87834896318139 -0.10376109091652469
43.982573069982294 0.0002759197216877227
44.0867971767832 0.1043099358487219
44.19102128358411 0.2072118934661686
44.295245390385006 0.3078650146196852
44.39946949718592 0.40517692760575985
44.503693603986825 0.4980915223013647
44.60791771078773 0.5856004119527981
44.71214181758864 0.6667538770305786
44.81636592438954 0.7406711723786791
44.92059003119044 0.80655008579629
45.024814137991356 0.8636756443143444
45.12903824479226 0.9114278736790963
45.23326235159317 0.9492885268303412
45.33748645839407 0.9768467083511677
45.441710565194974 0.9938033338480791
45.54593467199588 0.9999743758645177
45.650158778796786 0.9952928611004727
45.7543828855977 0.9798095972626416
45.8586069923986 0.9536926216567866
45.962831099199505 0.9172253775065882
46.06705520600041 0.8708036377911559
46.17127931280132 0.8149312099862314
46.275503419602224 0.7502144683248464
46.37972752640313 0.6773557729178998
46.483951633204036 0.5971458471558508
46.58817574000494 0.5104551961183303
46.69239984680585 0.4182246591262546
46.796623953606755 0.32145519896803054
46.900848060407654 0.22119703861570472
47.00507216720856 0.11853826332843809
47.10929627400947 0.014593011842892148
47.21352038081038 -0.08951061519050649
47.317744487611286 -0.19264279829768335
47.421968594412185 -0.2936842609250717
47.52619270121309 -0.39153841676326234
47.630416808014 -0.48514327081710434
47.73464091481491 -0.5734829450620592
47.83886502161582 -0.6555987036006236
47.943089128416716 -0.7305993576647448
48.04731323521762 -0.7976709375403587
48.15153734201853 -0.8560855264462646
48.255761448819435 -0.9052091604947761
48.35998555562035 -0.9445087089971075
48.46420966242125 -0.973557660442694
48.56843376922215 -0.9920407513582119
48.67265787602306 -0.9997573878099733
48.776881982823966 -0.9966238224167768
48.88110608962487 -0.9826740632464048
48.98533019642577 -0.9580595047316813
49.089554303226684 -0.9230472846116816
49.19377841002759 -0.8780173847299808
49.2980025168285 -0.8234585071544307
49.4022266236294 -0.7599627703743238
49.5064507304303 -0.6882192831362058
49.61067483723121 -0.6090066656604186
49.71489894403212 -0.5231845994044416
49.81912305083303 -0.4316844970819936
49.923347157633934 -0.3354993941946194
50.02757126443483 -0.2356731717813971
50.13179537123574 -0.1332892273503583
50.236019478036646 -0.02945871694427044
50.34024358483755 0.07469150405244283
50.444467691638465 0.1780311104891169
50.548691798439364 0.27943857468102673
50.65291590524027 0.3778133381642264
50.75714001204118 0.4720877558747592
50.86136411884208 0.5612386831242763
50.96558822564299 0.6442985796203861
51.069812332443895 0.720366010021682
51.1740364392448 0.7886154270666537
51.27826054604571 0.8483061311017974
51.382484652846614 0.8987903087726477
51.48670875964752 0.9395200636351426
51.59093286644842 0.970053362385259
51.69515697324933 0.990058832173478
51.79938108005024 0.9993193569395863
51.903605186851145 0.9977344337374431
52.00782929365205 0.985321263476851
