0.0 0.0
0.09942303559069232 0.09925931807153143
0.19884607118138464 0.19753827170848004
0.29826910677207696 0.29386617933972875
0.3976921423627693 0.38729162948538615
0.49711517795346155 0.47689187765770846
0.5965382135441539 0.561781960123874
0.6959612491348462 0.6411234345157952
0.7953842847255386 0.7141326609577161
0.8948073203162308 0.7800885419205514
0.9942303559069231 0.8383396443579757
1.0936533914976154 0.8883106337803469
1.1930764270883079 0.9295079567184048
1.292499462679 0.9615247154521852
1.3919224982696925 0.9840446868584285
1.4913455338603847 0.9968454456831287
1.5907685694510771 0.999800561391287
1.6901916050417694 0.992880846896022
1.7896146406324616 0.9761546468335895
1.889037676223154 0.9497871625370788
1.9884607118138462 0.9140388203758821
2.0878837474045384 0.8692626995765247
2.187306782995231 0.815901044929754
2.2867298185859233 0.7544808988271821
2.3861528541766157 0.6856088957689817
2.4855758897673077 0.6099652707562451
2.584998925358 0.52829714074591
2.6844219609486926 0.44141112552598843
2.783844996539385 0.3501653808932272
2.8832680321300774 0.25546112281991945
2.9826910677207694 0.15823372632397292
3.082114103311462 0.059443486956913934
3.1815371389021543 -0.03993386384323138
3.2809601744928467 -0.138916795856224
3.3803832100835387 -0.23652767445730877
3.4798062456742307 -0.33180241651889586
3.579229281264923 -0.4238000124668122
3.6786523168556156 -0.5116118204436807
3.778075352446308 -0.5943705407828354
3.8774983880370004 -0.6712587821536846
3.9769214236276924 -0.7415171347724205
4.076344459218385 -0.8044516709405867
4.175767494809077 -0.8594407988301812
4.275190530399769 -0.9059414018218376
4.374613565990462 -0.9434942027590595
4.474036601581154 -0.9717283001368481
4.573459637171847 -0.9903648314216956
4.6728826727625385 -0.9992197273210596
4.772305708353231 -0.9982055297989556
4.871728743943923 -0.9873322558814893
4.971151779534615 -0.9667072987206917
5.070574815125308 -0.9365343668938334
5.169997850716 -0.8971114724145461
5.269420886306693 -0.8488279873277584
5.368843921897385 -0.7921607979598784
5.468266957488077 -0.7276695948079124
5.56768999307877 -0.6559913445883558
5.667113028669462 -0.5778339990443173
5.766536064260155 -0.49396950264772443
5.865959099850847 -0.40522616825815516
5.965382135441539 -0.312480496042365
6.064805171032232 -0.21664851645742642
6.164228206622924 -0.11867674280109546
6.263651242213617 -0.01953282268924916
6.363074277804309 0.07980401920609825
6.4624973133950006 0.17835265276306034
6.561920348985693 0.2751397328358819
6.6613433845763845 0.3692093127902893
6.760766420167077 0.45963228619723534
6.860189455757769 0.5455155634312828
6.959612491348461 0.6260108925382433
7.059035526939154 0.7003232372500903
7.158458562529846 0.7677186293991844
7.257881598120539 0.8275314181750902
7.357304633711231 0.8791708446245072
7.456727669301923 0.9221268764593162
7.556150704892616 0.9559752455434889
7.655573740483308 0.980381638304622
7.754996776074001 0.9951049976822368
7.854419811664693 0.9999999040001575
7.953842847255385 0.9950180112475716
8.053265882846077 0.9802085245829113
8.15268891843677 0.9557177143443422
8.252111954027463 0.9217874713668862
8.351534989618154 0.8787529178750176
8.450958025208847 0.8270390975474673
8.550381060799538 0.7671567774458139
8.649804096390232 0.6996974032703527
8.749227131980923 0.6253272577692046
8.848650167571616 0.5447808799968406
8.948073203162307 0.45885381041875006
9.047496238753 0.36839473351734375
9.146919274343693 0.27429709550505255
9.246342309934386 0.17749027993475378
9.345765345525077 0.07893042836428207
9.44518838111577 -0.020409003262533972
9.544611416706463 -0.11954685924554542
9.644034452297156 -0.2175039748069276
9.743457487887847 -0.31331284710587254
9.84288052347854 -0.4060271910706719
9.94230355906923 -0.49473128566711927
10.041726594659925 -0.5785490182920522
10.141149630250617 -0.6566525379623093
10.24057266584131 -0.7282704318333568
10.339995701432 -0.7926953442896691
10.439418737022693 -0.8492909633546967
10.538841772613386 -0.8974983054169996
10.638264808204077 -0.936841236199596
10.73768784379477 -0.966931173442999
10.837110879385461 -0.9874709248544796
10.936533914976154 -0.9982576234169143
11.035956950566847 -0.9991847310657395
11.13537998615754 -0.990243090944112
11.234803021748231 -0.9715210178433525
11.334226057338924 -0.9432034259354118
11.433649092929615 -0.905570002412576
11.53307212852031 -0.858992445072996
11.632495164111 -0.8039307911358768
11.731918199701694 -0.7409288735458504
11.831341235292385 -0.6706089496437485
11.930764270883078 -0.5936655552552786
12.03018730647377 -0.5108586448995751
12.129610342064463 -0.4230060858703857
12.229033377655155 -0.3309755803243725
12.328456413245847 -0.23567609516042806
12.427879448836539 -0.13804888433540294
12.527302484427233 -0.03905819228699196
12.626725520017924 0.060318269715725154
12.726148555608617 0.15909898023098917
12.825571591199308 0.2563083019353344
12.924994626790001 0.3509861177983392
13.024417662380694 0.44219731396651774
13.123840697971387 0.5290410156958525
13.223263733562078 0.6106594851114797
13.322686769152769 0.6862465929131523
13.422109804743462 0.7550557803531242
13.521532840334155 0.8164074328476014
13.620955875924848 0.8696955923940809
13.720378911515539 0.9143939424973577
13.819801947106232 0.9500610064922987
13.919224982696923 0.976344507920571
14.018648018287617 0.9929848498947784
14.118071053878309 0.9998176790849977
14.217494089469001 0.9967755090037562
14.316917125059692 0.9838883865565692
14.416340160650385 0.9612835952746632
14.515763196241078 0.9291843981609937
14.615186231831771 0.8879078325662126
14.714609267422462 0.8378615788741585
14.814032303013155 0.7795399339242297
14.913455338603846 0.7135189289403593
15.01287837419454 0.6404506401858012
15.112301409785232 0.5610567485362966
15.211724445375925 0.4761214115823681
15.311147480966616 0.3864835186616315
15.410570516557309 0.29302840531655755
15.509993552148002 0.19667910901237984
15.609416587738695 0.09838725248063515
15.708839623329386 -0.0008763552682461651
15.808262658920079 -0.10013130743139946
15.90768569451077 -0.19839728269544235
16.007108730101464 -0.2947037276740567
16.106531765692154 -0.3880994428696705
16.205954801282846 -0.4776619774807037
16.30537783687354 -0.5625067402636339
16.404800872464232 -0.6417957364638217
16.504223908054925 -0.7147458445221164
16.603646943645614 -0.7806365508098829
16.703069979236307 -0.8388170659980324
16.802493014827004 -0.8887127527730667
16.901916050417693 -0.9298308014149097
17.001339086008386 -0.9617650971799723
17.100762121599075 -0.9842002314152435
17.20018515718977 -0.9969146167864912
17.299608192780465 -0.9997826758520412
17.399031228371154 -0.9927760813660625
17.498454263961847 -0.9759640360611045
17.59787729955254 -0.9495125891465493
17.697300335143233 -0.9136829962737768
17.796723370733925 -0.8688291391663417
17.896146406324615 -0.8153940304009629
17.99556944191531 -0.7539054378608859
18.094992477506 -0.6849706720780678
18.194415513096693 -0.6092705879484731
18.293838548687386 -0.527552860064449
18.39326158427808 -0.44062459808228693
18.492684619868772 -0.34934437506155575
18.59210765545946 -0.25461374751069504
18.691530691050154 -0.15736835089366177
18.790953726640847 -0.05856865854558268
18.89037676223154 0.040809504730313355
18.989799797822233 0.1397846006891268
19.089222833412926 0.237379072101243
19.188645869003615 0.3326289978895926
19.28806890459431 0.4245936135853801
19.387491940185 0.5123646030705707
19.486914975775694 0.5950750698345872
19.586338011366387 0.6719080991377469
19.68576104695708 0.742104826514793
19.785184082547772 0.804971932927457
19.88460711813846 0.8598884925379462
19.984030153729154 0.9063121054692778
20.08345318931985 0.9437842549803838
20.18287622491054 0.9719348361442692
20.282299260501233 0.9904858113003726
20.381722296091922 0.9992539561769243
20.48114533168262 0.9981526695604441
20.58056836727331 0.9871928286386059
20.679991402864 0.9664826815684322
20.779414438454694 0.9362267783308911
20.878837474045387 0.8967239504316449
20.97826050963608 0.8483643594020265
21.077683545226773 0.7916256432516205
21.177106580817462 0.7270681989331637
21.276529616408155 0.6553296474139015
21.375952651998848 0.5771185360208216
21.47537568758954 0.4932073402603919
21.574798723180233 0.40442483423246645
21.674221758770923 0.31164790499424333
21.77364479436162 0.21579289172214544
21.87306782995231 0.11780653521306263
21.972490865543 0.01865662711478362
22.071913901133694 -0.08067754875853116
22.171336936724387 -0.1792148886167608
22.27075997231508 -0.2759821588597531
22.37018300790577 -0.3700236085109613
22.469606043496462 -0.46041040897872065
22.56902907908716 -0.5462498279104825
22.668452114677848 -0.6266940465317294
22.76787515026854 -0.7009485333824894
22.86729818585923 -0.7682798917456429
22.966721221449927 -0.8280231032596578
23.06614425704062 -0.8795880961719297
23.16556729263131 -0.9224655733595005
23.264990328222 -0.9562320425548864
23.364413363812695 -0.9805539990945057
23.463836399403387 -0.9951912198775539
23.56325943499408 -0.9999991360015276
23.66268247058477 -0.9949302606403638
23.762105506175466 -0.9800346580623236
23.861528541766155 -0.9554594491552298
23.960951577356848 -0.9214473583428732
24.06037461294754 -0.878334316244425
24.15979764853823 -0.8265461417548906
24.259220684128927 -0.7665943363170294
24.358643719719616 -0.6990710319239184
24.45806675531031 -0.6246431427496419
24.557489790901002 -0.5440457781713888
24.656912826491695 -0.45807498224113086
24.756335862082388 -0.36757987131771797
24.855758897673077 -0.27345424751441205
24.95518193326377 -0.17662777079414493
25.054604968854466 -0.07805677690399568
25.154028004445156 0.02128516816172985
25.25345104003585 0.12041688387816159
25.352874075626538 0.2183592661136529
25.452297111217234 0.3141449575455213
25.551720146807927 0.40682790205483316
25.651143182398616 0.49549268873352803
25.75056621798931 0.5792635932148882
25.849989253580002 0.6573132270279641
25.949412289170695 0.7288707095480531
26.048835324761388 0.7932292818304643
26.148258360352077 0.8497532871272745
26.247681395942774 0.8978844491419183
26.347104431533463 0.9371473860125037
26.446527467124156 0.9671543055634185
26.54595050271485 0.9876088354510801
26.645373538305538 0.998308950374312
26.744796573896235 0.9991489674378411
26.844219609486924 0.9901205899611185
26.943642645077617 0.9713129894229745
27.04306568066831 0.9429119247327558
27.142488716259003 0.9051979075267249
27.241911751849695 0.8585434316107271
27.341334787440385 0.8034092939133628
27.440757823031078 0.7403400432868673
27.540180858621774 0.6699586021070055
27.639603894212463 0.5929601137933451
27.739026929803156 0.5101050770166928
27.838449965393846 0.4222118344058376
27.937873000984542 0.3301484899410304
28.037296036575235 0.23482433486461046
28.136719072165924 0.13718086679321723
28.236142107756617 0.03818249073411506
28.33556514334731 -0.061193006150182985
28.434988178938003 -0.15996411195019394
28.534411214528696 -0.25715528420630746
28.633834250119385 -0.3518065851465657
28.73325728571008 -0.442983162800084
28.83268032130077 -0.5297844843429781
28.932103356891464 -0.6113532304810215
29.031526392482156 -0.6868837630208312
29.13094942807285 -0.7556300819972073
29.230372463663542 -0.8169131937655998
29.32979549925423 -0.8701278172865484
29.429218534844924 -0.9147483623654712
29.528641570435617 -0.9503341208018972
29.62806460602631 -0.9765336191762369
29.727487641617003 -0.9930880902824573
29.826910677207692 -0.999834028920027
29.926333712798385 -0.9967048068020853
30.02575674838908 -0.9837313306297037
30.12517978397977 -0.9610417368325861
30.224602819570464 -0.9288601259911696
30.324025855161153 -0.8875043494400161
30.42344889075185 -0.8373828699137336
30.522871926342543 -0.7789907272422482
30.622294961933232 -0.7129046489413893
30.721717997523925 -0.6397773539905484
30.821141033114618 -0.560331106057864
30.92056406870531 -0.47535057984640144
31.019987104296003 -0.38567511101903357
31.119410139886693 -0.29219040624795267
31.21883317547739 -0.1958197952669778
31.31825621106808 -0.09751511132845948
31.41767924665877 0.0017527098634526202
31.517102282249464 0.10100321989055264
31.616525317840157 0.19925614131355113
31.71594835343085 0.29554104967630224
31.81537138902154 0.38890695819408716
31.914794424612232 0.47843171045992017
32.01421746020293 0.5632310883989495
32.11364049579362 0.6424675455135544
32.21306353138431 0.7153584791626316
32.312486566975004 0.7811839601713589
32.41190960256569 0.8392938434276705
32.51133263815639 0.8891141892355434
32.61075567374708 0.9301529320025648
32.71017870933777 0.9620047402734107
32.809601744928464 0.9843550201075578
32.909024780519154 0.9969830222607199
33.00844781610985 0.9997640224809965
33.10787085170055 0.9926705533853586
33.20729388729123 0.9757726757495057
33.306716922881925 0.9492372865315823
33.406139958472615 0.9133264704643165
33.50556299406331 0.8683949114965069
33.60498602965401 0.8148863896506082
33.70440906524469 0.753329397896197
33.803832100835386 0.6843319223305653
33.90325513642608 0.6085754372216767
34.00267817201677 0.5268081742230758
34.10210120760747 0.4398377322394629
34.20152424319815 0.348523100933865
34.30094727878885 0.2537661766584409
34.40037031437954 0.15650285460465674
34.49979334997023 0.057693785153597146
34.59921638556093 -0.04168511427575215
34.69863942115161 -0.14065229816763
34.79806245674231 -0.23823028743835284
34.897485492333004 -0.33345532380165477
34.996908527923694 -0.4253868886165977
35.09633156351439 -0.5131169922021133
35.19575459910508 -0.595779141869457
35.29517763469577 -0.6725569000972571
35.394600670286465 -0.74269194832162
35.494023705877154 -0.8054915766969233
35.59344674146785 -0.8603355258524658
35.69286977705854 -0.9066821130701959
35.79229281264923 -0.9440735823766201
35.891715848239926 -0.972140625706996
35.99113888383062 -0.990606030487231
36.09056191942131 -0.9992874176070463
36.189984955012 -0.9980990427419766
36.28940799060269 -0.9870526432329114
36.38883102619339 -0.9662573221587262
36.48825406178408 -0.9359184707469955
36.58767709737477 -0.8963357397659125
36.68710013296546 -0.8479000799335685
36.78652316855616 -0.791089880575896
36.88594620414685 -0.7264662446709801
36.985369239737544 -0.6546674469471241
37.08479227532823 -0.5764026297710384
37.18421531091892 -0.4924447990904646
37.28363834650962 -0.40362318960903015
37.38306138210031 -0.3108150746009329
37.482484417691005 -0.2149371012582051
37.581907453281694 -0.1169362371497626
37.68133048887238 -0.017780417212055304
37.78075352446308 0.08155101635071119
37.88017656005377 0.18007698683365475
37.979599595644466 0.27682437292968315
38.07902263123516 0.370837620053989
38.17844566682585 0.46118817816561264
38.27786870241654 0.5469836728705165
38.37729173800723 0.6273767192249968
38.47671477359793 0.7015732911873231
38.57613780918862 0.7688405640541461
38.67556084477931 0.8285141524235544
38.77498388037 0.8800046721968314
38.8744069159607 0.9228035618073217
38.97382995155139 0.9564881051813147
39.073252987142084 0.9807256068201898
39.17267602273277 0.9952766777673042
39.27209905832346 0.9999976000048575
39.37152209391416 0.9948417459280051
39.47094512950485 0.9798600388763903
39.570368165095545 0.9552004501744981
39.66979120068624 0.9211065376484807
39.76921423627692 0.8779150400542187
39.86863727186762 0.8260525511759456
39.96806030745831 0.7660313064447929
40.067483343049005 0.6984441236918341
40.1669063786397 0.6239585480049498
40.266329414230384 0.5433102585194876
40.36575244982108 0.45729580226252076
40.46517548541177 0.36676472681723243
40.564598521002466 0.2726111895112588
40.66402155659316 0.17576512600362837
40.763444592183845 0.07718306549621644
40.86286762777454 -0.02216131671394417
40.96229066336524 -0.12128681603077056
41.06171369895593 -0.21921438972075183
41.16113673454662 -0.31497682672225163
41.260559770137306 -0.4076283005956849
41.359982805728 -0.4962537112621942
41.4594058413187 -0.5799777232640398
41.55882887690939 -0.6579734112779128
41.658251912500084 -0.7294704274909918
41.757674948090774 -0.7937626101721981
41.85709798368146 -0.8502149582904305
41.95652101927216 -0.8982699032927435
42.05594405486285 -0.9374528160974338
42.155367090453545 -0.9673766949105861
42.254790126044234 -0.9877459875653751
42.354213161634924 -0.9983595106317302
42.45363619722562 -0.9991124364648312
42.55305923281631 -0.9899973285667953
42.652482268407006 -0.971104215035479
42.751905303997695 -0.9426196993749638
42.851328339588385 -0.9048251174500567
42.95075137517908 -0.8580937587882156
43.05017441076978 -0.8028871796735472
43.14959744636047 -0.7397506444476871
43.249020481951156 -0.6693077400429298
43.348443517541845 -0.5922542169388157
43.44786655313254 -0.5093511173737727
43.54728958872324 -0.4214172586831384
43.64671262431393 -0.32932114600407775
43.74613565990462 -0.2339723942240133
43.84555869549531 -0.13631274389630013
43.944981731086 -0.03730675985713299
44.0444047666767 0.06206769558849496
44.14382780226739 0.16082912081716813
44.24325083785808 0.25800206898235045
44.342673873448774 0.35262678230779587
44.44209690903946 0.4437686714231507
44.54151994463016 0.530527546116311
44.640942980220856 0.6120465063320804
44.74036601581154 0.6875204056026666
44.839789051402235 0.7562038033183658
44.939212086992924 0.8174183272953213
45.03863512258362 0.8705593739219829
45.13805815817432 0.915102079708031
45.237481193765 0.9506065052561218
45.336904229355696 0.9767219804553487
45.436327264946385 0.9931905679797698
45.53575030053708 0.9998496108838184
45.63517333612778 0.996633339132414
45.73459637171846 0.9835735191984536
45.83401940730916 0.960799140311701
45.93344244289985 0.9285351404579716
46.03286547849054 0.8871001847116264
46.13228851408124 0.8369035178443491
46.23171154967192 0.7784409222964037
46.33113458526262 0.7122898214325731
46.430557620853314 0.6391035764471129
46.529980656444 0.5596050332458682
46.6294036920347 0.47457938304180264
46.72882672762539 0.38486640717845194
46.82824976321608 0.2913521827774929
46.927672798806775 0.19496033113222858
47.027095834397464 0.09664289528480297
47.12651886998816 -0.0026290631125837254
47.22594190557885 -0.10187505477936387
47.32536494116954 -0.20011484690319645
47.424787976760236 -0.2963781447034048
47.52421101235093 -0.3897141748384706
47.62363404794162 -0.4792010760042063
47.72305708353231 -0.5639550039735136
47.822480119123 -0.6431388611490423
47.921903154713696 -0.715970564408767
48.02132619030439 -0.7817307695845661
48.12074922589508 -0.8397699762807268
48.22017226148577 -0.8895149428594736
48.31959529707646 -0.9304743482339725
48.41901833266716 -0.9622436445484573
48.518441368257854 -0.9845090528164928
48.61786440384854 -0.9970506620532806
48.71728743943923 -0.9997446012924786
48.81671047502993 -0.9925642630349577
48.91613351062062 -0.9755805660457553
49.015556546211315 -0.9489612549036087
49.114979581802004 -0.912969243221308
49.21440261739269 -0.8679600169005075
49.31382565298339 -0.8143781230685689
49.41324868857408 -0.7527527793755
49.512671724164775 -0.6836926470170308
49.61209475975547 -0.6078798191097334
