0.0 0.0
0.07144798183967153 0.0713872092424275
0.14289596367934307 0.1424101550495681
0.21434394551901464 0.21270643269236117
0.28579192735868614 0.281917345369884
0.3572399091983577 0.34968973451103136
0.4286878910380293 0.41567778181658505
0.5001358728777008 0.4795447738464975
0.5715838547173723 0.5409648201483316
0.6430318365570439 0.5996245161598581
0.7144798183967154 0.6552245424006155
0.785927800236387 0.7074811917923269
0.8573757820760586 0.7561278173148047
0.92882376391573 0.8009161926104705
1.0002717457554016 0.8416177785948127
1.071719727595073 0.878024889609719
1.1431677094347446 0.9099517531692237
1.2146156912744162 0.9372354578901594
1.2860636731140878 0.9597367847707683
1.3575116549537594 0.9773409175755509
1.4289596367934307 0.9899580287015125
1.5004076186331023 0.997523737536343
1.571855600472774 0.9999994389696901
1.6433035823124456 0.9973725003812507
1.7147515641521172 0.989656326100521
1.7861995459917885 0.9768902890092905
1.85764752783146 0.9591395296358863
1.9290955096711315 0.93649462376632
2.000543491510803 0.9090711202683975
2.071991473350475 0.8770089514871113
2.143439455190146 0.8404717192198561
2.2148874370298177 0.7996458599148796
2.286335418869489 0.7547396933526698
2.357783400709161 0.705982359664506
2.4292313825488323 0.6536226501122009
2.5006793643885037 0.5979277375951373
2.5721273462281755 0.5391818133623739
2.643575328067847 0.4776846368861928
2.7150233099075187 0.41375000629655756
2.78647129174719 0.34770415718132186
2.8579192735868615 0.27988409792252555
2.9293672554265333 0.21063589006297306
3.0008152372662047 0.14031288247776583
3.072263219105876 0.06927390836117638
3.143711200945548 -0.002118545770995831
3.2151591827852193 -0.07350018972066369
3.286607164624891 -0.14450678845024267
3.3580551464645625 -0.2147760206439702
3.4295031283042343 -0.2839493275041928
3.5009511101439057 -0.35167374234886045
3.572399091983577 -0.4176036916744578
3.643847073823249 -0.48140275849418196
3.71529505566292 -0.5427453989536848
3.786743037502592 -0.6013186034651098
3.858191019342263 -0.6568234938832305
3.9296390011819344 -0.7089768485739003
4.001086983021606 -0.7575125475929025
4.072534964861278 -0.8021829306009923
4.14398294670095 -0.8427600605861644
4.215430928540621 -0.8790368869448252
4.286878910380292 -0.910828301987083
4.3583268922199645 -0.9379720854751841
4.429774874059635 -0.9603297323754526
4.501222855899307 -0.977787159600019
4.572670837738978 -0.9902552881320734
4.64411881957865 -0.9976704975642787
4.715566801418322 -0.9999949507309883
4.787014783257993 -0.9972167867777906
4.858462765097665 -0.9893501816832133
4.929910746937336 -0.9764352759237678
5.001358728777007 -0.958537969651432
5.072806710616679 -0.9357495864287081
5.144254692456351 -0.9081864072370975
5.215702674296023 -0.8759890771367773
5.287150656135694 -0.8393218876050849
5.358598637975366 -0.7983719382157788
5.4300466198150374 -0.7533481819367324
5.501494601654708 -0.7044803589175581
5.57294258349438 -0.6520178242076657
5.644390565334052 -0.5962282753864973
5.715838547173723 -0.5373963865983767
5.787286529013394 -0.4758223559620112
5.858734510853067 -0.41182037376669717
5.9301824926927384 -0.34571701927148124
6.001630474532409 -0.2778495942878218
6.07307845637208 -0.20856440204890173
6.144526438211752 -0.138214980147901
6.215974420051425 -0.0671602965619131
6.287422401891096 0.0042370820334472065
6.358870383730767 0.0756128403123184
6.430318365570439 0.14660277326959217
6.5017663474101095 0.21684464462898953
6.573214329249782 0.2859800352054254
6.644662311089453 0.35365617179010267
6.716110292929125 0.4195277272262281
6.787558274768796 0.48325858249016135
6.859006256608469 0.5445235417867675
6.93045423844814 0.6030099919074183
7.001902220287811 0.6584194973835666
7.073350202127482 0.7104693232963583
7.144798183967154 0.7588938779719598
7.216246165806826 0.803446068201019
7.287694147646498 0.8438985600670735
7.359142129486169 0.8800449389503414
7.43059011132584 0.9117007627878132
7.5020380931655115 0.9387045032152311
7.573486075005184 0.9609183697886476
7.644934056844855 0.9782290130798532
7.716382038684526 0.9905481030580321
7.787830020524198 0.9978127798063635
7.859278002363869 0.9999859742737289
7.930725984203542 0.9970565974248428
8.002173966043213 0.9890395968236393
8.073621947882884 0.9759758803611911
8.145069929722556 0.957932107517351
8.216517911562226 0.9350003492212311
8.2879658934019 0.907297618046129
8.35941387524157 0.8749652711361596
8.430861857081242 0.8381682889112211
8.502309838920914 0.7970944332308361
8.573757820760584 0.7519532893124333
8.645205802600257 0.7029751962928238
8.716653784439929 0.6504100718898551
8.788101766279599 0.5945261371615363
8.85954974811927 0.5356085478697654
8.930997729958943 0.47395793943231673
9.002445711798615 0.40988889288766006
9.073893693638286 0.3437283297002648
9.145341675477956 0.27581384359711686
9.216789657317628 0.20649197794748325
9.2882376391573 0.13611645747586465
9.359685620996972 0.06504638333104022
9.431133602836644 -0.0063555992788523466
9.502581584676316 -0.07772515153530779
9.574029566515986 -0.1486981001003313
9.645477548355657 -0.2189122953629374
9.71692553019533 -0.288009459359275
9.788373512035001 -0.3556370139371374
9.859821493874673 -0.4214498798363602
9.931269475714345 -0.4851122375050525
10.002717457554015 -0.5462992406668427
10.074165439393688 -0.6046986738954263
10.145613421233358 -0.6600125457383736
10.21706140307303 -0.7119586092611139
10.288509384912702 -0.7602718022522325
10.359957366752372 -0.8047055997412834
10.431405348592046 -0.8450332719276801
10.502853330431718 -0.8810490411018879
10.574301312271388 -0.9125691316555998
10.64574929411106 -0.939432707823034
10.717197275950731 -0.961502694368406
10.788645257790403 -0.9786664760319084
10.860093239630075 -0.9908364721651645
10.931541221469745 -0.9979505836240001
11.002989203309417 -0.9999725096382005
11.074437185149089 -0.996891933041376
11.14588516698876 -0.9887245729157786
11.217333148828432 -0.9755121043834386
11.288781130668104 -0.9573219459528995
11.360229112507774 -0.9342469155066458
11.431677094347446 -0.9064047566845933
11.503125076187118 -0.8739375380803456
11.574573058026788 -0.8370109283158946
11.646021039866461 -0.795813350693802
11.717469021706133 -0.7505550217403835
11.788917003545803 -0.7014668785458389
11.860364985385477 -0.6487994003747507
11.931812967225147 -0.5928213305598596
12.003260949064819 -0.5338183052007919
12.07470893090449 -0.47209139566506275
12.14615691274416 -0.4079555723283999
12.217604894583834 -0.34173809739339045
12.289052876423504 -0.2737768549873492
12.360500858263176 -0.20441862706025776
12.43194884010285 -0.13401732388033138
12.50339682194252 -0.0629321781563076
12.574844803782192 0.008474087998794828
12.646292785621862 0.0798371139090656
12.717740767461533 0.15079275953812912
12.789188749301207 0.2209789635656994
12.860636731140877 0.29003759085719827
12.932084712980549 0.35761625989946694
13.003532694820219 0.42337014087776786
13.074980676659893 0.48696371521920223
13.146428658499564 0.5480724876241504
13.217876640339234 0.6063846418499185
13.289324622178906 0.6616026317976679
13.360772604018576 0.7134446997838915
13.43222058585825 0.7616463142492639
13.503668567697922 0.8059615195687072
13.575116549537592 0.8461641910751223
13.646564531377265 0.8820491888928108
13.718012513216937 0.9134334046929944
13.789460495056607 0.9401566960302342
13.86090847689628 0.9620827034921386
13.93235645873595 0.9790995464927449
14.003804440575623 0.9911203941592002
14.075252422415295 0.9980839083986921
14.146700404254965 0.9999545568848356
14.218148386094638 0.9967227943664434
14.289596367934308 0.9884051113735347
14.36104434977398 0.9750439500720487
14.432492331613652 0.9567074876966295
14.503940313453322 0.9334892886665449
14.575388295292996 0.9055078271598654
14.646836277132666 0.8729058825820495
14.718284258972337 0.8358498110136164
14.789732240812011 0.794528696354483
14.86118022265168 0.7491533854963496
14.932628204491353 0.6999554124462928
15.004076186331023 0.6471858168914355
15.075524168170695 0.591113863233051
15.146972150010368 0.5320256666264955
15.218420131850039 0.4702227330377472
15.28986811368971 0.40602042076612094
15.36131609552938 0.33974633128350273
15.432764077369052 0.27173863760101596
15.504212059208726 0.20234435869292244
15.575660041048396 0.13191758878272442
15.647108022888068 0.0608176905267789
15.718556004727738 -0.010592538684984474
15.790003986567411 -0.08194871795460142
15.861451968407083 -0.15288674218164966
15.932899950246753 -0.22304463996156496
16.004347932086425 -0.29206442059645094
16.075795913926097 -0.3595939007937578
16.14724389576577 -0.4252885017318612
16.21869187760544 -0.48881300732273275
16.290139859445112 -0.5498432746999262
16.361587841284784 -0.6080678882038687
16.433035823124452 -0.6631897484247576
16.504483804964128 -0.714927588194763
16.5759317868038 -0.7630174077939139
16.647379768643468 -0.8072138220464152
16.71882775048314 -0.8472913124335644
16.79027573232281 -0.8830453778342054
16.861723714162483 -0.914293578020929
16.933171696002155 -0.9408764645873983
17.004619677841827 -0.9626583945566245
17.0760676596815 -0.9795282225186392
17.147515641521167 -0.9913998677658284
17.218963623360843 -0.9982127535320453
17.290411605200514 -0.9999321160942104
17.361859587040183 -0.9965491821591806
17.433307568879858 -0.9880812136307278
17.504755550719526 -0.9745714195282112
17.576203532559198 -0.9560887355063783
17.647651514398873 -0.9327274721013389
17.71909949623854 -0.9046068334975843
17.790547478078214 -0.8718703092715901
17.861995459917885 -0.8346849422157636
17.933443441757557 -0.7932404759787207
18.00489142359723 -0.7477483868712085
18.0763394054369 -0.6984408047780137
18.147787387276573 -0.6455693286820573
18.21923536911624 -0.5894037428446373
18.290683350955913 -0.5302306401926766
18.362131332795588 -0.46835195993737716
18.433579314635256 -0.40408344688625664
18.50502729647493 -0.33775304031012493
18.5764752783146 -0.2696992005861284
18.647923260154272 -0.20026918215529932
18.719371241993944 -0.1298172616071561
18.790819223833616 -0.05870292993278469
18.862267205673287 0.012710941829308925
18.933715187512956 0.08405995419451807
19.00516316935263 0.15498003863259024
19.076611151192303 0.22510931527928701
19.14805913303197 0.2940899394801305
19.219507114871647 0.3615699277438824
19.290955096711315 0.42720495378856754
19.362403078550987 0.49066010551557343
19.43385106039066 0.5516115939464505
19.50529904223033 0.6097484054024558
19.576747024070002 0.6647738884962845
19.648195005909674 0.7164072678381602
19.719642987749346 0.7643850767323805
19.791090969589018 0.808462501553776
19.86253895142869 0.8484146309442137
19.93398693326836 0.8840376034549379
20.00543491510803 0.9151496477787396
20.0768828969477 0.9415920102640305
20.148330878787377 0.9632297649780238
20.219778860627045 0.9799525021855886
20.291226842466717 0.9916748917307056
20.36267482430639 0.9983371184457719
20.43412280614606 0.9999051873670447
20.505570787985732 0.9963710971988006
20.577018769825404 0.9877528811410897
20.648466751665076 0.9740945148727562
20.719914733504744 0.9554656921592546
20.79136271534442 0.9319614692302477
20.86281069718409 0.9037017797416237
20.93425867902376 0.8708308227968712
21.005706660863435 0.8335163271505467
21.077154642703103 0.7919486953483569
21.148602624542775 0.7463400321709377
21.220050606382447 0.6969230623389263
21.29149858822212 0.6439499430018105
21.36294657006179 0.5876909770700469
21.434394551901462 0.528433233955838
21.505842533741134 0.46647908476043826
21.577290515580806 0.40214465938240646
21.648738497420478 0.3357582334196278
21.72018647926015 0.2676585530961701
21.791634461099818 0.1981931067612778
21.86308244293949 0.1277163517804049
21.934530424779165 0.056587905865878856
22.005978406618834 -0.01482928792385676
22.077426388458505 -0.08617081315308871
22.148874370298177 -0.1570726394957314
22.22032235213785 -0.2271729802520978
22.29177033397752 -0.2961141384172248
22.363218315817193 -0.36354433188095014
22.434666297656864 -0.42911948844639414
22.506114279496533 -0.4925050015075036
22.577562261336208 -0.5533774374270845
22.64901024317588 -0.6114261859031188
22.72045822501555 -0.6663550449022404
22.791906206855224 -0.7178837320729303
22.863354188694892 -0.7657493149262378
22.934802170534564 -0.8097075524864104
23.006250152374236 -0.8495341415653429
23.07769813421391 -0.8850258613016585
23.149146116053576 -0.9160016101241788
23.22059409789325 -0.9423033298485911
23.292042079732923 -0.9637968121918868
23.363490061572595 -0.9803723835893248
23.434938043412266 -0.9919454648194569
23.506386025251935 -0.9984570025816921
23.577834007091607 -0.9998737708242011
23.64928198893128 -0.996188540284592
23.720729970770954 -0.9874201153782549
23.792177952610626 -0.9736132382461474
23.863625934450294 -0.9548383604516261
23.935073916289966 -0.9311912834912749
24.006521898129638 -0.9027926699540862
24.07796987996931 -0.869787427823356
24.14941786180898 -0.8323439710629947
24.22086584364865 -0.7906533602612146
24.29231382548832 -0.7449283277165706
24.363761807327997 -0.6954021919410208
24.43520978916767 -0.6423276671188832
24.50665777100734 -0.5859755735965886
24.57810575284701 -0.5266334559831796
24.64955373468668 -0.4646041159128429
24.721001716526352 -0.400204066956323
24.792449698366024 -0.33376191956519086
24.8638976802057 -0.26561670429006096
24.935345662045364 -0.19611614182878498
25.00679364388504 -0.1256148687318557
25.07824162572471 -0.054472627818804915
25.149689607564383 0.01694756746098683
25.221137589404055 0.08828128535626378
25.292585571243723 0.15916453537897746
25.364033553083395 0.22923562561777458
25.435481534923067 0.2981370083226338
25.506929516762742 0.36551710434336554
25.578377498602414 0.43103209711244445
25.649825480442082 0.49434768701818804
25.721273462281754 0.5551407972162906
25.792721444121426 0.6131012221755686
25.864169425961098 0.6679332105460194
25.93561740780077 0.7193569742723405
26.007065389640438 0.7671101162524558
26.07851337148011 0.8109489692562317
26.149961353319785 0.8506498392723221
26.221409335159457 0.8860101469388262
26.29285731699913 0.9168494612334368
26.364305298838797 0.9430104201485039
26.43575328067847 0.9643595336531697
26.50720126251814 0.9807878648453173
26.578649244357813 0.9922115858176846
26.650097226197488 0.9985724054017374
26.721545208037153 0.9998378666066847
26.792993189876828 0.9960015122359139
26.8644411717165 0.9870829178357575
26.93588915355617 0.9731275918084713
27.007337135395844 0.9542067431991098
27.078785117235512 0.9304169183412
27.150233099075184 0.9018795082152746
27.221681080914855 0.8687401290340566
27.29312906275453 0.8311678792149207
27.364577044594203 0.7893544765310657
27.436025026433875 0.7435132798441724
27.507473008273543 0.6938782004103357
27.578920990113215 0.6407025083144465
27.650368971952886 0.58425754012341
27.72181695379256 0.5248313143525334
27.793264935632234 0.46272706180989726
27.8647129174719 0.3982616783178498
27.936160899311574 0.3317641077067456
28.007608881151246 0.26357366333211435
28.079056862990917 0.19403829667973357
28.15050484483059 0.12351282189347484
28.221952826670258 0.05235710528543744
28.29340080850993 -0.019065770933342486
28.3648487903496 -0.09039136133173144
28.436296772189277 -0.1612557168934021
28.50774475402895 -0.2312972421186743
28.579192735868617 -0.30015854011723625
28.65064071770829 -0.36748823627684335
28.72208869954796 -0.4329427712024662
28.793536681387632 -0.4961881537772067
28.864984663227304 -0.5569016653996909
28.936432645066972 -0.614773506701841
29.007880626906644 -0.6695083783444281
29.07932860874632 -0.7208269878241294
29.15077659058599 -0.7684674746034343
29.222224572425663 -0.8121867462914661
29.29367255426533 -0.8517617190576272
29.365120536105003 -0.886990455948731
29.436568517944675 -0.9176931973011475
29.508016499784347 -0.9437132779901793
29.579464481624022 -0.9649179268362448
29.650912463463687 -0.981198944088787
29.72236044530336 -0.9924732535309742
29.793808427143034 -0.9986833263879514
29.865256408982706 -0.999797474875642
29.936704390822378 -0.9958100138921935
30.008152372662046 -0.9867412900270208
30.079600354501718 -0.9726375777394255
30.15104833634139 -0.9535708432365576
30.22249631818106 -0.9296383772555591
30.293944300020737 -0.9009622986236757
30.3653922818604 -0.8676889311295007
30.436840263700077 -0.8299880568849126
30.50828824553975 -0.7880520499876226
30.57973622737942 -0.7420948949048287
30.651184209219092 -0.6923510945869072
30.72263219105876 -0.6390744738826022
30.794080172898433 -0.5825368843614568
30.865528154738104 -0.5230268171523516
30.93697613657778 -0.4608479308762856
31.00842411841745 -0.3963175021848892
31.07987210025712 -0.32976480681096015
31.15132008209679 -0.2615294393919875
31.222768063936464 -0.19195958064000773
31.294216045776135 -0.12141022069975908
31.365664027615807 -0.050241347760748324
31.437112009455475 0.021183888833919154
31.508559991295147 0.09250103160896524
31.580007973134823 0.16334617465326423
31.651455954974494 0.233357820501751
31.722903936814166 0.30217872472790647
31.794351918653835 0.3694577188344713
31.865799900493506 0.4348515021408964
31.93724788233318 0.49802639352409767
32.00869586417285 0.5586600340740782
32.080143846012525 0.6164430319763254
32.151591827852194 0.6710805412277387
32.22303980969186 0.7222937661305142
32.29448779153154 0.7698213838870127
32.36593577337121 0.8134208780366655
32.43738375521088 0.8528697759308771
32.50883173705055 0.88796678393151
32.580279718890225 0.9185328145404245
32.65172770072989 0.9444119002190197
32.72317568256957 0.9654719892349048
32.79462366440924 0.9816056194747116
32.866071646248905 0.9927304667848975
32.93751962808858 0.9987897650424943
33.008967609928256 0.9997525958123611
33.080415591767924 0.9956140461129218
33.1518635736076 0.9863952334853517
33.22331155544727 0.9721431982383104
33.294759537286936 0.9529306634180406
33.36620751912661 0.9288556637286339
33.43765550096628 0.9000410452959552
33.509103482805955 0.8666338388277145
33.58055146464562 0.8288045093682955
33.6519994464853 0.786746086476483
33.72344742832497 0.7406731792645886
33.79489541016464 0.6908208813247574
33.86634339200431 0.637443571130359
33.93779137384398 0.580813614033447
34.009239355683654 0.5212199724816469
34.08068733752332 0.4589667315459976
34.152135319363 0.39437154728338564
34.22358330120267 0.3277640258511692
34.295031283042334 0.25948404164465394
34.36647926488201 0.18988000303937952
34.437927246721685 0.11930707458768275
34.50937522856135 0.04812536474077479
34.58082321040103 -0.023301911656099867
34.6522711922407 -0.09461028671925964
34.723719174080365 -0.16543589927608865
34.79516715592004 -0.2354173515186387
34.866615137759716 -0.30419755308756863
34.938063119599384 -0.37142554317673987
35.00951110143905 -0.4367582813608901
35.08095908327873 -0.4998623980084037
35.152407065118396 -0.5604158953474725
35.22385504695807 -0.6181097905057783
35.29530302879775 -0.6726496921397049
35.36675101063741 -0.7237573026082474
35.43819899247708 -0.771171838026524
35.50964697431676 -0.8146513589527489
35.58109495615643 -0.8539740049188417
35.6525429379961 -0.8889391265051706
