0.0 0.0
0.14744199718501458 0.14690836711634264
0.29488399437002916 0.2906288537323267
0.4423259915550438 0.42804275568032446
0.5897679887400583 0.5561682203463774
0.7372099859250729 0.6722249522413606
0.8846519831100876 0.7736945448251596
1.0320939802951021 0.8583751293960341
1.1795359774801166 0.9244291551758268
1.3269779746651313 0.9704232637732705
1.4744199718501458 0.9953593927579724
1.6218619690351606 0.998696433404098
1.7693039662201753 0.9803619726352956
1.9167459634051895 0.9407538643731406
2.0641879605902043 0.8807315961911691
2.2116299577752185 0.8015976386162855
2.3590719549602333 0.7050691817937541
2.506513952145248 0.5932408728241763
2.6539559493302627 0.46853936236435106
2.8013979465152774 0.3336706468211771
2.9488399437002917 0.19156134880184764
3.0962819408853064 0.04529521002215336
3.243723938070321 -0.10195382523664287
3.391165935255336 -0.24699048404753082
3.5386079324403505 -0.38666750158457835
3.686049929625365 -0.5179539161041156
3.833491926810379 -0.6380008401736295
3.980933923995394 -0.7442032809266066
4.1283759211804085 -0.8342566678568701
4.275817918365424 -0.9062068615112269
4.423259915550437 -0.9584925579023675
4.570701912735452 -0.9899791684752317
4.7181439099204665 -0.9999834404387224
4.865585907105482 -0.9882882832067916
5.013027904290496 -0.9551474792182488
5.16046990147551 -0.9012801769115053
5.307911898660525 -0.8278552853555355
5.45535389584554 -0.7364661091702661
5.602795893030555 -0.6290957741532492
5.750237890215569 -0.5080741938692233
5.897679887400583 -0.37602751101844967
6.0451218845855985 -0.23582111069545825
6.192563881770613 -0.09049744213842904
6.340005878955627 0.05679000177590813
6.487447876140642 0.2028451146608408
6.6348898733256565 0.34449853145239634
6.782331870510672 0.4786764029610245
6.929773867695686 0.6024670977489907
7.077215864880701 0.7131843839168709
7.224657862065715 0.8084257197677185
7.37209985925073 0.8861243884538369
7.519541856435745 0.9445943452953334
7.666983853620758 0.982566804593131
7.814425850805774 0.9992177720103375
7.961867847990788 0.9941859250751057
8.109309845175803 0.9675804538018676
8.256751842360817 0.9199786912911109
8.404193839545831 0.8524135857231836
8.551635836730847 0.7663512856012128
8.699077833915862 0.6636593246386315
8.846519831100874 0.5465660966725111
8.99396182828589 0.4176124999885221
9.141403825470904 0.27959680036546186
9.28884582265592 0.13551390929957458
9.436287819840933 -0.011509604941579777
9.583729817025947 -0.15828336318938913
9.731171814210963 -0.30162240592747686
9.878613811395978 -0.43841630623969985
10.026055808580992 -0.5656966654164888
10.173497805766006 -0.6807015265791251
10.32093980295102 -0.7809353085599515
10.468381800136036 -0.8642229594859818
10.61582379732105 -0.9287571549445924
10.763265794506065 -0.9731375165410949
10.91070779169108 -0.9964009998137651
11.058149788876094 -0.9980427920950123
11.20559178606111 -0.9780272668395158
11.353033783246124 -0.9367887567127253
11.500475780431138 -0.8752221286638658
11.647917777616152 -0.7946633655023734
11.795359774801167 -0.6968605753534454
11.942801771986181 -0.5839360580813876
12.090243769171197 -0.4583402518313514
12.237685766356211 -0.3227985590397729
12.385127763541226 -0.18025220577782253
12.53256976072624 -0.03379441776763432
12.680011757911254 0.11339670196175469
12.82745375509627 0.258127137238077
12.974895752281284 0.3972562682213414
13.122337749466299 0.527765022190238
13.269779746651313 0.6468213867817539
13.417221743836327 0.7518418640605787
13.564663741021343 0.8405475318779813
13.712105738206358 0.911013496000519
13.859547735391372 0.9617106599078616
14.006989732576386 0.9915389058639259
14.154431729761402 0.9998509672391132
14.301873726946416 0.9864664740592967
14.44931572413143 0.951675866996119
14.596757721316445 0.896234094865834
14.74419971850146 0.8213442323996418
14.891641715686475 0.7286313737764274
15.03908371287149 0.6201073684227367
15.186525710056504 0.4981271643056496
15.333967707241516 0.3653377060598915
15.48140970442653 0.22462049684898974
15.628851701611548 0.07902907035596957
15.776293698796563 -0.06827727025184185
15.923735695981575 -0.21410200853348052
16.07117769316659 -0.35528077850515427
16.218619690351606 -0.4887500307129309
16.36606168753662 -0.6116135106080555
16.513503684721634 -0.7212051066582008
16.66094568190665 -0.8151467044039366
16.808387679091663 -0.8913997910395923
16.95582967627668 -0.9483096907100826
17.103271673461695 -0.984641470627042
17.250713670646707 -0.9996067388491938
17.398155667831723 -0.9928807522207577
17.545597665016736 -0.964609463229256
17.69303966220175 -0.9154063528673995
17.840481659386768 -0.8463391182252712
17.98792365657178 -0.7589065036892678
18.135365653756796 -0.6550057785058245
18.28280765094181 -0.5368915664399979
18.43024964812682 -0.40712692091652114
18.57769164531184 -0.2685277073024881
18.725133642496854 -0.12410149922437055
18.872575639681866 0.02301768514371769
19.020017636866882 0.16963739061163938
19.167459634051895 0.31257600057575774
19.314901631236914 0.4487317774264603
19.462343628421927 0.5751501695983371
19.60978562560694 0.6890879247144062
19.757227622791955 0.7880726175825671
19.904669619976968 0.8699563012994335
20.052111617161984 0.9329621172439356
20.199553614347 0.9757228525336383
20.346995611532012 0.9973106082551794
20.49443760871703 0.99725693467447
20.64187960590204 0.9755629964968614
20.789321603087057 0.9326995475932851
20.936763600272073 0.8695967157408041
21.084205597457085 0.7876238190465411
21.2316475946421 0.6885596520343099
21.379089591827114 0.5745538861796171
21.52653158901213 0.4480804224932063
21.673973586197146 0.31188370839228835
21.82141558338216 0.16891918377193677
21.968857580567175 0.022289148584327362
22.116299577752187 -0.12482455641417024
22.263741574937203 -0.26922959493458365
22.41118357212222 -0.4077924081777144
22.55862556930723 -0.5375062123974521
22.706067566492248 -0.655556245472242
22.85350956367726 -0.7593808466478768
23.000951560862276 -0.8467270440341818
23.148393558047292 -0.9156994436185873
23.295835555232305 -0.9648013589154011
23.44327755241732 -0.9929672887460502
23.590719549602333 -0.9995860383893338
23.73816154678735 -0.9845139823776307
23.885603543972362 -0.9480781811391741
24.033045541157378 -0.8910692838559182
24.180487538342394 -0.8147243715434898
24.327929535527407 -0.7207001126547482
24.475371532712423 -0.6110368137246783
24.622813529897435 -0.4881141451500524
24.77025552708245 -0.35459950284501823
24.917697524267467 -0.21339012631384374
25.06513952145248 -0.0675502291663335
25.212581518637496 0.07975549366953988
25.36002351582251 0.22533053915832413
25.507465513007524 0.3660159595970339
25.65490751019254 0.49875891111227266
25.802349507377553 0.6206788997267246
25.94979150456257 0.7291302874693458
26.09723350174758 0.8217597021598539
26.244675498932597 0.896557105087404
26.392117496117613 0.9518994084255438
26.539559493302626 0.9865856958948283
26.687001490487642 0.9998632823921322
26.834443487672655 0.9914440470982163
26.98188548485767 0.9615106856385796
27.129327482042687 0.9107127456270196
27.2767694792277 0.8401525316197727
27.424211476412715 0.7513611853397343
27.571653473597728 0.6462654602248703
27.719095470782744 0.5271459112860376
27.86653746796776 0.39658740754552446
28.013979465152772 0.25742304092587087
28.16142146233779 0.11267264875424049
28.308863459522804 -0.03452271606896765
28.456305456707817 -0.18096894525384258
28.603747453892833 -0.3234881865954192
28.751189451077845 -0.4589878026944957
28.89863144826286 -0.584527480535236
29.046073445447878 -0.6973830356558162
29.19351544263289 -0.795105526375185
29.340957439817906 -0.8755743953096822
29.48839943700292 -0.9370434850198228
29.635841434187935 -0.9781789292574979
29.78328343137295 -0.9980880975814795
29.930725428557963 -0.9963389652492418
30.07816742574298 -0.9729694880625128
30.225609422927988 -0.9284867787344067
30.373051420113008 -0.8638561026507742
30.520493417298024 -0.7804799318154704
30.667935414483033 -0.6801675115044332
30.815377411668052 -0.5650956000257733
30.96281940885306 -0.43776123352484336
31.11026140603808 -0.300927540827857
31.257703403223097 -0.15756378413073227
31.405145400408106 -0.010780926637297948
31.552587397593125 0.13623587468438117
31.700029394778134 0.2802963863345998
31.84747139196315 0.41827452567440826
31.99491338914817 0.5471761962577585
32.14235538633318 0.6642042590912496
32.2897973835182 0.766819229958821
32.43723938070321 0.85279438569217
32.584681377888224 0.9202640835926763
32.73212337507324 0.967764245483421
32.879565372258256 0.9942641278960205
33.02700736944327 0.9991886889859378
33.17444936662828 0.982431066818897
33.3218913638133 0.9443548982522599
33.46933336099831 0.8857864280921263
33.616775358183325 0.807996579755753
33.764217355368345 0.7126733765021572
33.91165935255336 0.6018853116843729
34.05910134973837 0.47803646288107676
34.20654334692339 0.34381432392152267
34.3539853441084 0.20213148683778037
34.501427341293414 0.05606243923351465
34.64886933847843 -0.09122315144684094
34.79631133566345 -0.23652921903136553
34.94375333284846 -0.3767026525806959
35.09119533003347 -0.508701718228678
35.23863732721849 -0.629662064164018
35.3860793244035 -0.7369588764588547
35.533521321588516 -0.8282638369759956
35.680963318773536 -0.9015956473800658
35.82840531595855 -0.9553630228924501
35.97584731314356 -0.9883992228344841
36.12328931032857 -0.9999873686534456
36.27073130751359 -0.9898760000355564
36.418173304698605 -0.9582845315416189
36.56561530188362 -0.9058984913574427
36.71305729906864 -0.833854645477175
36.86049929625364 -0.7437163301216344
37.00794129343866 -0.6374395276728656
37.15538329062368 -0.5173304222701272
37.30282528780869 -0.38599535610172775
37.45026728499371 -0.24628427233064787
37.59770928217872 -0.10122887193065115
37.74515127936373 0.04602317358381643
37.89259327654875 0.19227652596384023
38.040035273733764 0.33435751839031275
38.187477270918784 0.46918302337283535
38.33491926810379 0.5938273559642251
38.48236126528881 0.7055857605052612
38.62980326247383 0.8020331032504487
38.777245259658834 0.8810764972575053
38.92468725684385 0.9410007175914518
39.072129254028866 0.9805054213429428
39.21957125121388 0.9987333647944602
39.3670132483989 0.9952890054276885
39.51445524558391 0.9702470851125234
39.66189724276892 0.9241510082242996
39.809339239953935 0.8580010498837569
39.956781237138955 0.77323265019844
40.10422323432397 0.6716852655159277
40.25166523150898 0.5555624526100482
40.399107228694 0.4273840519648723
40.54654922587901 0.2899315077690899
40.693991223064025 0.14618751116525888
40.841433220249044 -0.0007287235172354538
40.98887521743406 -0.1476291450534987
41.13631721461907 -0.2913260453605869
41.28375921180408 -0.42870123208878774
41.4312012089891 -0.5567736927362315
41.578643206174114 -0.6727642819897761
41.726085203359126 -0.774156028590646
41.873527200544146 -0.8587487530784723
42.02096919772916 -0.9247068112203126
42.16841119491417 -0.9705989271023538
42.31585319209919 -0.9954292515145602
42.4632951892842 -0.9986589716679438
42.610737186469215 -0.9802180033181529
42.75817918365423 -0.9405065115787472
42.90562118083925 -0.8803862274228542
43.05306317802426 -0.8011617483032906
43.20050517520927 -0.704552228663696
43.34794717239429 -0.5926540746506542
43.495389169579305 -0.4678954525436483
43.64283116676432 -0.33298359806023836
43.79027316394934 -0.19084606991349104
43.93771516113435 -0.044567222407006515
44.08515715831936 0.10267872440127557
44.232599155504374 0.24769656460306813
44.380041152689394 0.38733944173228363
44.527483149874406 0.5185771348848696
44.67492514705942 0.6385618138716793
44.82236714424444 0.7446898365313362
44.96980914142945 0.8346582472145415
45.11725113861446 0.9065147504346993
45.26469313579948 0.9587000752671127
45.412135132984496 0.9900818111983144
45.55957713016951 0.999978981194758
45.70701912735452 0.9881768187604317
45.85446112453954 0.954931428324407
46.00190312172455 0.9009642278288922
46.149345118909565 0.8274462941124324
46.296787116094585 0.735972950790156
46.4442291132796 0.6285291500686996
46.59167111046461 0.507446399703047
46.73911310764963 0.37535216977128955
46.88655510483464 0.23511287712957346
47.033997102019654 0.08977168477243154
47.18143909920467 -0.05751753416064887
47.328881096389686 -0.2035586347654301
47.4763230935747 -0.34518255604144343
47.62376509075972 -0.4793160888456004
47.771207087944724 -0.6030485638806603
47.918649085129736 -0.7136950126035432
48.066091082314756 -0.8088544304748783
48.213533079499776 -0.886461878249795
48.36097507668479 -0.9448332907228811
48.50841707386979 -0.982702020587019
48.65585907105481 -0.9992463244120947
48.80330106823983 -0.9941071943036506
48.950743065424845 -0.9673961482982922
49.098185062609865 -0.9196928104458661
49.24562705979487 -0.8520323330901634
49.39306905697988 -0.7658829342819307
49.5405110541649 -0.6631140377576699
49.68795305134992 -0.5459557068398747
49.835395048534934 -0.4169502525345114
49.98283704571994 -0.2788970659197918
50.13027904290496 -0.1347918719517349
50.27772104008997 0.012238277133823614
50.42516303727499 0.1590028581935598
50.57260503446001 0.3023171108541304
50.72004703164502 0.43907114613882253
50.86748902883003 0.5662974304007528
51.01493102601505 0.6812351801754185
51.16237302320007 0.781390270598083
51.30981502038508 0.8645893573859272
51.457257017570086 0.9290270379494023
51.604699014755106 0.9733050282466416
51.75214101194012 0.996462505251459
51.89958300912514 0.9979969566098619
52.04702500631016 0.977875085051855
52.19446700349516 0.9365335309351686
52.341909000680175 0.8748693972418135
52.489350997865195 0.7942207826330896
52.63679299505021 0.6963377449916064
52.78423499223523 0.5833443255352794
52.93167698942023 0.4576924575721067
53.07911898660525 0.3221087600658174
53.226560983790264 0.17953537058102878
53.374002980975284 0.03306610152017978
53.521444978160304 -0.11412069495131416
53.66888697534531 -0.25883109647495195
53.81632897253032 -0.3979249179389638
53.96377096971534 -0.5283838528311381
54.111212966900354 -0.6473769698518792
54.25865496408537 -0.7523221435247993
54.40609696127038 -0.8409420857734763
54.5535389584554 -0.9113137625912001
54.70098095564041 -0.9619101234722036
54.84842295282543 -0.9916332380847637
54.99586495001044 -0.9998381211272012
55.143306947195455 -0.9863467283725477
55.29074894438047 -0.9514518201906137
55.43819094156549 -0.8959106087098714
55.5856329387505 -0.8209283264744024
55.73307493593552 -0.728132073152536
55.880516933120525 -0.6195355078181558
56.027958930305545 -0.4974951529745591
56.17540092749056 -0.36465925851453157
56.32284292467558 -0.22391033525762113
56.47028492186059 -0.07830260507496055
56.61772691904561 0.0690042750795263
56.765168916230614 0.21481377705680393
56.912610913415634 0.35596186549768716
57.060052910600646 0.4893856567309534
57.207494907785666 0.6121898827013957
57.35493690497068 0.721709717674313
57.50237890215569 0.8155686043904771
57.6498208993407 0.8917298248560729
57.79726289652572 0.9485406966924776
57.944704893710735 0.9847684359943809
58.092146890895755 0.9996269084798557
58.23958888808076 0.9927936884380222
58.38703088526578 0.9644170552987961
58.53447288245079 0.9151127760006191
58.68191487963581 0.8459507429780984
58.829356876820825 0.758431757722438
58.97679887400584 0.6544549637064282
59.12424087119085 0.5362766353727013
59.27168286837587 0.40646121745544134
59.41912486556088 0.2678256770719699
59.5665668627459 0.12337837613194752
59.71400885993091 -0.02374620947984173
59.861450857115926 -0.17035550736743893
60.00889285430094 -0.31326812676948534
60.15633485148596 -0.449382894066073
60.30377684867097 -0.575746147590444
60.451218845855976 -0.6896158314626023
60.598660843040996 -0.7885209976220587
60.746102840226015 -0.8703154248781816
60.89354483741103 -0.9332241914562179
61.04098683459605 -0.9758821904244704
61.18842883178105 -0.997363752226023
61.335870828966065 -0.9972027315123977
61.483312826151085 -0.9754026223990269
61.630754823336105 -0.9324364826436969
61.77819682052112 -0.8692366683932417
61.92563881770612 -0.7871746022523121
62.07308081489114 -0.6880310137028489
62.22052281207616 -0.5739572976509245
62.367964809261174 -0.4474288296122051
62.515406806446194 -0.3111912505867005
62.6628488036312 -0.1682008872297227
62.81029080081621 -0.021560600188554917
62.95773279800123 0.1255475473173863
63.10517479518625 0.2699313395955275
63.25261679237126 0.4084576788856317
63.40005878955627 0.5381205729186603
63.54750078674129 0.6561063643133562
63.6949427839263 0.7598547863463732
63.84238478111132 0.8471145201988266
63.98982677829634 0.915992048098545
64.13726877548135 0.9649927422553283
64.28471077266636 0.9930532979679441
64.43215276985137 0.9995648071112682
64.5795947670364 0.984385971313848
64.72703676422141 0.9478461681026887
64.87447876140642 0.8907383034805609
65.02192075859143 0.8143016060334157
65.16936275577645 0.7201947359321239
65.31680475296147 0.6104597923575066
65.46424675014649 0.4874780003799881
65.61168874733148 0.3539180388790656
65.75913074451651 0.21267813077593184
65.90657274170152 0.06682315220908243
66.05401473888654 -0.08048187462990601
66.20145673607156 -0.22604046180858733
66.34889873325656 -0.36669401876577706
66.49634073044157 -0.49939039305893435
66.6437827276266 -0.6212501014266135
66.79122472481161 -0.729628813966349
66.93866672199663 -0.8221747355344105
67.08610871918164 -0.8968796392030499
67.23355071636665 -0.9521224443601751
67.38099271355166 -0.9867043938158295
67.52843471073669 -0.9998750665797185
67.6758767079217 -0.9913486618380072
67.82331870510671 -0.9613102007705517
67.97076070229173 -0.9104115116304148
68.11820269947674 -0.8397570852086154
68.26564469666175 -0.7508801076175259
68.41308669384678 -0.6457091904764385
68.56052869103178 -0.5265265204473158
68.7079706882168 -0.3959183362667098
68.85541268540182 -0.2567188079122372
69.00285468258683 -0.11194853571326605
69.15029667977184 0.035250996037418575
69.29773867695685 0.1816855886284643
69.44518067414187 0.3241776423665245
69.5926226713269 0.4596351098176638
69.7400646685119 0.5851185925827611
69.88750666569692 0.6979051256212674
70.03494866288193 0.7955472650167191
70.18239066006694 0.8759261969921887
70.32983265725196 0.9372977157211874
70.47727465443698 0.9783300722252641
70.624716651622 0.9981328730452045
70.772158648807 0.9962764015908332
70.91960064599202 0.9728009429001264
71.06704264317703 0.9282159094624243
71.21448464036204 0.8634887870751228
71.36192663754707 0.7800241406064576
71.50936863473207 0.6796331352349237
71.6568106319171 0.5644942345478008
71.80425262910211 0.43710592834211365
71.95169462628712 0.3002325159242705
72.09913662347213 0.15684412139972012
72.24657862065715 0.010052242607932246
72.39402061784216 -0.13695776772274423
72.54146261502719 -0.2809958234557075
72.6889046122122 -0.4189363292406185
72.83634660939721 -0.5477860052716308
72.98378860658222 -0.6647488408261456
73.13123060376724 -0.7672867671062462
73.27867260095225 -0.8531747327948987
73.42611459813727 -0.9205489871990152
73.57355659532229 -0.9679475232453505
