0.0 0.0
0.05678161500956161 0.05675110783689542
0.11356323001912322 0.11331929064322727
0.17034484502868483 0.16952221300805495
0.22712646003824644 0.22517871685917135
0.283908075047808 0.2801094053873144
0.34068969005736965 0.33413722129332496
0.39747130506693124 0.38708801749439553
0.45425292007649287 0.4387911184498603
0.5110345350860545 0.4890798702972133
0.567816150095616 0.5377921780251091
0.6245977651051777 0.5847710279518845
0.6813793801147393 0.6298649938255022
0.7381609951243009 0.6729287249136141
0.7949426101338625 0.7138234145104881
0.851724225143424 0.7524172473506694
0.9085058401529857 0.7885858244872306
0.9652874551625473 0.8222125642651111
1.022069070172109 0.8531890780970908
1.0788506851816706 0.881415519831166
1.135632300191232 0.9068009075832162
1.1924139152007938 0.9292634169976053
1.2491955302103555 0.9487306449904501
1.305977145219917 0.9651398431254415
1.3627587602294786 0.9784381198699774
1.41954037523904 0.9885826110796795
1.4763219902486018 0.9955406181617747
1.5331036052581635 0.9992897134719991
1.589885220267725 0.9998178126053014
1.6466668352772866 0.9971232133473322
1.703448450286848 0.9912146011611672
1.7602300652964098 0.9821110211915787
1.8170116803059715 0.969841816877094
1.873793295315533 0.9544465353677121
1.9305749103250947 0.9359748000531423
1.9873565253346561 0.914486150612446
2.044138140344218 0.8900498511006438
2.1009197553537793 0.8627446666908831
2.157701370363341 0.8326586097917856
2.2144829853729027 0.7998886563583169
2.271264600382464 0.764540433310582
2.328046215392026 0.7267278780680925
2.3848278304015875 0.6865728712969199
2.441609445411149 0.6442048440534939
2.498391060420711 0.5997603605913384
2.5551726754302724 0.5533826781754763
2.611954290439834 0.5052212853233433
2.6687359054493953 0.4554314199605987
2.7255175204589572 0.40417356904494883
2.7822991354685187 0.3516129512708439
2.83908075047808 0.2979189845224313
2.895862365487642 0.24326473979132476
2.9526439804972036 0.18782638331936485
3.0094255955067655 0.13178260876449963
3.066207210516327 0.07531406122008762
3.122988825525888 0.01860275494416112
3.17977044053545 -0.03816851332451727
3.2365520555450114 -0.09481675357255251
3.2933336705545733 -0.1511593723410032
3.3501152855641347 -0.2070147612762506
3.406896900573696 -0.26220288250559864
3.463678515583258 -0.3165458489507614
3.5204601305928196 -0.36986849770872515
3.5772417456023815 -0.42199895465182075
3.634023360611943 -0.47276918842712606
3.6908049756215044 -0.5220155520695152
3.747586590631066 -0.5695793104825683
3.8043682056406274 -0.6153071520871274
3.8611498206501893 -0.659051682988308
3.9179314356597508 -0.7006719020681207
3.9747130506693122 -0.740033655472352
4.031494665678874 -0.7770100690267533
4.088276280688436 -0.8114819571887439
4.145057895697997 -0.8433382072164594
4.201839510707559 -0.8724761373168551
4.25862112571712 -0.8988018276184548
4.315402740726682 -0.9222304229019236
4.372184355736244 -0.9426864061126753
4.428965970745805 -0.9601038417739125
4.485747585755367 -0.9744265885154998
4.542529200764928 -0.9856084800336357
4.59931081577449 -0.9936134738980369
4.656092430784052 -0.9984157677269859
4.712874045793614 -0.9999998823557769
4.769655660803175 -0.9983607117304854
4.8264372758127365 -0.9935035393662385
4.883218890822298 -0.9854440213169362
4.94000050583186 -0.9742081357113179
4.996782120841422 -0.9598320990180337
5.053563735850983 -0.9423622493096204
5.110345350860545 -0.921854896901659
5.167126965870105 -0.8983761428485428
5.223908580879668 -0.8720016658808977
5.280690195889229 -0.8428164784714198
5.337471810898791 -0.8109146528153907
5.394253425908352 -0.7763990176091227
5.4510350409179145 -0.7393808266036993
5.507816655927476 -0.6999794000023596
5.564598270937037 -0.658321739857398
5.621379885946599 -0.6145421207062759
5.67816150095616 -0.5687816567664339
5.734943115965723 -0.5211878470838607
5.791724730975284 -0.4719141001015409
5.848506345984846 -0.42111923918022004
5.905287960994407 -0.3689669906653503
5.962069576003969 -0.31562545615031323
6.018851191013531 -0.26126657063696745
6.075632806023092 -0.20606554834003116
6.132414421032654 -0.1502003179216158
6.189196036042215 -0.0938509489763291
6.245977651051776 -0.037199071615537885
6.302759266061339 0.019572708978365837
6.3595408810709 0.07628140114061249
6.416322496080461 0.1327442165584768
6.473104111090023 0.18877915945020668
6.529885726099584 0.24420561318941741
6.5866673411091465 0.2988449224840684
6.643448956118708 0.35252096923349596
6.7002305711282695 0.40506074020736205
6.757012186137831 0.45629488471671065
6.813793801147392 0.5060582604796111
6.870575416156955 0.5541904659219041
6.927357031166516 0.6005363571972877
6.984138646176078 0.6449465482602529
7.040920261185639 0.6872778923799752
7.097701876195201 0.7273939435431157
7.154483491204763 0.765165396258297
7.2112651062143245 0.8004705023446328
7.268046721223886 0.8331954633608941
7.324828336233447 0.8632347974103872
7.381609951243009 0.8904916791392373
7.438391566252571 0.9148782518321598
7.495173181262132 0.9363159105997476
7.551954796271693 0.954735555744485
7.608736411281255 0.9700778154888063
7.665518026290816 0.9822932373472958
7.722299641300379 0.9913424475261724
7.77908125630994 0.9971962778362738
7.8358628713195015 0.9998358597104618
7.892644486329063 0.9992526850224037
7.9494261013386245 0.995448633510693
8.006207716348188 0.9884359667199155
8.062989331357748 0.9782372884781896
8.119770946367309 0.9648854720385698
8.176552561376871 0.9484235541191639
8.233334176386432 0.9289045961834987
8.290115791395994 0.9063915134082637
8.346897406405557 0.8809568718897298
8.403679021415117 0.8526826547424924
8.46046063642468 0.8216599978444726
8.51724225143424 0.7879888960799581
8.574023866443802 0.7517778810275212
8.630805481453365 0.713143671131748
8.687587096462925 0.6722107954863501
8.744368711472488 0.6291111924413219
8.801150326482048 0.583983784327961
8.85793194149161 0.5369740296725041
8.914713556501173 0.48823345434175736
8.971495171510734 0.4379191631319441
9.028276786520296 0.38619333337506667
9.085058401529857 0.3332226921950531
9.141840016539419 0.27917797909860165
9.19862163154898 0.22423339563299424
9.255403246558542 0.16856604388473895
9.312184861568104 0.11235535562897053
9.368966476577665 0.05578251396958258
9.425748091587227 -0.0009701306656737245
9.482529706596788 -0.05771964829269118
9.53931132160635 -0.11428311900661041
9.596092936615912 -0.1704782225849088
9.652874551625473 -0.22612382615755983
9.709656166635035 -0.28104056805001587
9.766437781644596 -0.3350514359171048
9.823219396654158 -0.3879823373043928
9.88000101166372 -0.43966266079787986
9.936782626673281 -0.4899258259533244
9.993564241682844 -0.5386098202326006
10.050345856692404 -0.5855577212163743
10.107127471701967 -0.6306182024098945
10.163909086711529 -0.6736460210115
10.22069070172109 -0.7145024860716591
10.277472316730652 -0.7530559055335195
10.33425393174021 -0.7891820107140124
10.391035546749773 -0.8227643568573273
10.447817161759335 -0.8536946984696063
10.504598776768896 -0.8818733382250971
10.561380391778458 -0.9072094483191122
10.618162006788019 -0.9296213632319806
10.674943621797581 -0.9490368429603507
10.731725236807144 -0.9653933058673502
10.788506851816704 -0.9786380304010789
10.845288466826267 -0.9887283250312315
10.902070081835829 -0.9956316658560905
10.95885169684539 -0.9993258014363535
11.015633311854952 -0.9997988245178774
11.072414926864512 -0.9970492104121592
11.129196541874075 -0.9910858219108429
11.185978156883637 -0.9819278807184104
11.242759771893198 -0.9696049054951382
11.29954138690276 -0.9541566167100222
11.35632300191232 -0.9356328086103629
11.413104616921883 -0.9140931887206807
11.469886231931445 -0.8896071853883128
11.526667846941006 -0.8622537239960181
11.583449461950568 -0.832120972562921
11.640231076960129 -0.7993060575538089
11.697012691969691 -0.7639147508127863
11.753794306979254 -0.7260611286304155
11.810575921988814 -0.6858672040432461
11.867357536998377 -0.6434625335509425
11.924139152007937 -0.5989837995186894
11.9809207670175 -0.5525743696108768
12.037702382027062 -0.5043838346761769
12.094483997036622 -0.4545675265735064
12.151265612046185 -0.40328601749307275
12.208047227055745 -0.3507046023863513
12.264828842065308 -0.2969927661732299
12.32161045707487 -0.24232363744371319
12.37839207208443 -0.1868734304150209
12.435173687093993 -0.1308208769428278
12.491955302103552 -0.07434665041745488
12.548736917113116 -0.017632783401903312
12.605518532122678 0.03913791911106063
12.662300147132237 0.09578246893163375
12.7190817621418 0.15211828449618264
12.77586337715136 0.20796377937975355
12.832644992160922 0.26313894760100814
12.889426607170485 0.31746594383290305
12.946208222180045 0.3707696566489829
13.002989837189608 0.4228782729575304
13.059771452199168 0.47362383180422457
13.11655306720873 0.5228427657582851
13.173334682218293 0.570376428137011
13.230116297227854 0.6160716043693577
13.286897912237416 0.6597810058502682
13.343679527246977 0.701363744693907
13.400461142256539 0.7406857878555695
13.457242757266101 0.7776203891584598
13.514024372275662 0.8120484978328264
13.570805987285224 0.8438591422506001
13.627587602294785 0.8729497876186416
13.684369217304347 0.8992266664776751
13.74115083231391 0.9226050809415859
13.79793244732347 0.9430096757029026
13.854714062333032 0.9603746809244795
13.911495677342593 0.9746441242344631
13.968277292352155 0.985772011141238
14.025058907361718 0.9937224732868085
14.081840522371278 0.9984698840607626
14.13862213738084 0.9999989412021576
14.195403752390401 0.9983047161230773
14.252185367399964 0.9933926697948782
14.308966982409526 0.9852786351459202
14.365748597419087 0.9739887660275156
14.422530212428649 0.9595594529125948
14.47931182743821 0.9420372055988201
14.536093442447772 0.9214785032942197
14.592875057457334 0.8979496125685715
14.649656672466895 0.8715263737573195
14.706438287476457 0.8422939565065071
14.763219902486018 0.8103465852466868
14.82000151749558 0.7757872354806596
14.876783132505143 0.7387273018640229
14.933564747514701 0.6992862391483763
14.990346362524264 0.6575911771445274
15.047127977533824 0.6137765109468161
15.103909592543387 0.5679834677393216
15.160691207552949 0.5203596515803206
15.21747282256251 0.4710585676322418
15.274254437572072 0.4202391273706775
15.331036052581632 0.3680651363673173
15.387817667591195 0.3147047662977902
15.444599282600757 0.2603300128763296
15.501380897610318 0.20511614146445406
15.55816251261988 0.14924112214063984
15.61494412762944 0.09288505605193634
15.671725742639003 0.036229594896512174
15.728507357648565 -0.020542644591641606
15.785288972658126 -0.07724866926861172
15.842070587667688 -0.13370569941973984
15.898852202677249 -0.18973175791083846
15.955633817686811 -0.2451462567524872
16.012415432696375 -0.29977057918669414
16.069197047705934 -0.3534286554197225
16.125978662715497 -0.4059475301453492
16.182760277725055 -0.45715792002918826
16.239541892734618 -0.5068947593572588
16.29632350774418 -0.5549977320899064
16.353105122753743 -0.6013117886062037
16.409886737763305 -0.6456876454731627
16.466668352772864 -0.6879822666288767
16.523449967782426 -0.728059324428615
16.58023158279199 -0.7657896390677443
16.63701319780155 -0.8010515949651493
16.693794812811113 -0.8337315327649844
16.750576427820672 -0.8637241156932408
16.807358042830234 -0.8909326690882649
16.864139657839797 -0.9152694920107937
16.92092127284936 -0.9366561399291415
16.97770288785892 -0.9550236775683291
17.03448450286848 -0.9703129011081641
17.091266117878043 -0.9824745290140688
17.148047732887605 -0.9914693608855355
17.204829347897167 -0.9972684038102191
17.26161096290673 -0.9998529658163737
17.31839257791629 -0.9992147161224166
17.37517419292585 -0.995355711989417
17.431955807935413 -0.9882883920899551
17.488737422944975 -0.9780355364147288
17.545519037954538 -0.9646301928461364
17.602300652964097 -0.9481155706355127
17.65908226797366 -0.9285449011273662
17.71586388298322 -0.9059812661795572
17.772645497992784 -0.8804973948324478
17.829427113002346 -0.8521754288824315
17.886208728011905 -0.8211066581154632
17.942990343021467 -0.7873912260539961
17.99977195803103 -0.7511378071658158
18.056553573040592 -0.7124632565751818
18.113335188050154 -0.6714922334053868
18.170116803059713 -0.6283567989667974
18.226898418069275 -0.5831959910855198
18.283680033078838 -0.5361553759447878
18.3404616480884 -0.4873865788835652
18.39724326309796 -0.4370467956647752
18.45402487810752 -0.3852982857884433
18.510806493117084 -0.33230784948300074
18.567588108126646 -0.27824629006049234
18.62436972313621 -0.22328786336871753
18.681151338145767 -0.16760971611486328
18.73793295315533 -0.11139131487105379
18.794714568164892 -0.054813867602347896
18.851496183174454 0.0019402604183053546
18.908277798184017 0.05868813442542745
18.965059413193575 0.11524683981200833
19.021841028203138 0.1714340717155454
19.0786226432127 0.22706872263866645
19.135404258222263 0.28197146621033825
19.192185873231825 0.33596533520597843
19.248967488241384 0.38887629196336465
19.305749103250946 0.44053378935574417
19.36253071826051 0.49077132051391736
19.41931233327007 0.5394269555254505
19.476093948279633 0.5863438633810326
19.532875563289192 0.631370817485612
19.589657178298754 0.6743626831049184
19.646438793308317 0.7151808851761503
19.70322040831788 0.7536938549749951
19.76000202332744 0.7897774541992048
19.816783638337 0.8233153751018011
19.873565253346563 0.8541995153841725
19.930346868356125 0.8823303266406484
19.987128483365687 0.9076171352314533
20.04391009837525 0.9299784345497446
20.10069171338481 0.9493421477406873
20.15747332839437 0.9656458600257483
20.214254943403933 0.9788370198833486
20.271036558413495 0.9888731084374329
20.327818173423058 0.9957217765079505
20.384599788432613 0.9993609488815023
20.44138140344218 0.9997788954660605
20.49816301845174 0.9969742691004027
20.554944633461304 0.9909561098964004
20.611726248470866 0.9817438161001545
20.66850786348042 0.9693670815659098
20.725289478489984 0.9538658000442746
20.782071093499546 0.9352899365932761
20.83885270850911 0.913699366526702
20.89563432351867 0.8891636824188621
20.95241593852823 0.861761969787846
21.009197553537792 0.831582552180301
21.065979168547354 0.7987227064794241
21.122760783556917 0.7632883493537748
21.17954239856648 0.7253936958576007
21.236324013576038 0.6851608912830971
21.2931056285856 0.6427196174512306
21.349887243595163 0.5982066747102041
21.406668858604725 0.5517655409888499
21.463450473614287 0.5035459093262854
21.520232088623846 0.45370320536849407
21.57701370363341 0.40239808638706076
21.63379531864297 0.3497959234349153
21.690576933652533 0.29606626830818095
21.747358548662096 0.24138230703230895
21.804140163671658 0.18592030163405093
21.860921778681217 0.12985902199860366
21.91770339369078 0.07337916964319256
21.97448500870034 0.0166627952644883
22.031266623709904 -0.04010728806280234
22.088048238719466 -0.09674809414469018
22.144829853729025 -0.15307705348467038
22.201611468738587 -0.2089126017573716
22.25839308374815 -0.26407476504221644
22.315174698757712 -0.318385739930788
22.371956313767274 -0.3716704666379983
22.428737928776833 -0.4237571932697754
22.485519543786396 -0.4744780294284888
22.542301158795958 -0.5236694873716367
22.59908277380552 -0.5711730089795507
22.655864388815083 -0.6168354768335016
22.71264600382464 -0.6605097077568729
22.769427618834204 -0.7020549272285901
22.826209233843766 -0.7413372231395954
22.88299084885333 -0.7782299774298366
22.93977246386289 -0.8126142742144378
22.99655407887245 -0.8443792830835606
23.053335693882012 -0.87342261634048
23.110117308891574 -0.8996506590263643
23.166898923901137 -0.922978870668035
23.2236805389107 -0.9433320577760571
23.280462153920258 -0.960644616214833
23.33724376892982 -0.9748607426634738
23.394025383939383 -0.9859346144858353
23.450806998948945 -0.9938305374299677
23.507588613958507 -0.9985230606808838
23.564370228968066 -0.999997058895805
23.62115184397763 -0.9982477809574618
23.67793345898719 -0.9932808652883014
23.734715073996753 -0.9851123216762417
23.791496689006316 -0.9737684796705527
23.848278304015874 -0.9592859037141982
23.905059919025437 -0.9417112752861896
23.961841534035 -0.9211012424338499
24.01862314904456 -0.8975222371799738
24.075404764054124 -0.871050261393443
24.132186379063683 -0.8417706418134968
24.188967994073245 -0.8097777550172717
24.245749609082807 -0.7751747232171468
24.30253122409237 -0.7380730818683916
24.359312839101932 -0.6985924201585368
24.41609445411149 -0.656859995537267
24.472876069121053 -0.6130103235293007
24.529657684130616 -0.567184744152448
24.586439299140178 -0.5195309663383512
24.64322091414974 -0.47020259182441004
24.7000025291593 -0.4193586200515119
24.75678414416886 -0.36716293566340497
24.813565759178424 -0.31378378025970005
24.870347374187986 -0.2593932101051266
24.92712898919755 -0.2041665415430501
24.983910604207104 -0.14828178590082772
25.04069221921667 -0.09191907570842309
25.097473834226232 -0.03526008407986631
25.154255449235794 0.02151256087113346
25.211037064245357 0.07821586469374217
25.267818679254912 0.13466705644338167
25.324600294264474 0.19068417780471772
25.381381909274037 0.24608666959524134
25.4381635242836 0.30069595375911606
25.49494513929316 0.3543360089752526
25.55172675430272 0.4068339380243009
25.608508369312283 0.45802052508578667
25.665289984321845 0.5077307811690145
25.722071599331407 0.5558044759197245
25.77885321434097 0.6020866540882878
25.83563482935053 0.6464281349947338
25.89241644436009 0.688685993380704
25.949198059369653 0.7287240200983667
26.005979674379216 0.7664131611514177
26.062761289388778 0.8016319336729699
26.119542904398337 0.8342668174995309
26.1763245194079 0.8642126210789226
26.23310613441746 0.8913728205326885
26.289887749427024 0.915659870780132
26.346669364436586 0.9369954877211157
26.403450979446145 0.9553109005680754
26.460232594455707 0.9705470735139163
26.51701420946527 0.9826548960212744
26.573795824474832 0.9915953411198116
26.630577439484394 0.9973395912012865
26.687359054493953 0.9998691309069373
26.744140669503516 0.9991758068077725
26.800922284513078 0.9952618536853998
26.85770389952264 0.9881398873286878
26.914485514532203 0.9778328638694751
26.97126712954176 0.9643740057884004
27.028048744551324 0.9478066948293551
27.084830359560886 0.9281843321677365
27.14161197457045 0.9055701662832029
27.19839358958001 0.8800370890917585
27.25517520458957 0.85166740099429
27.311956819599132 0.8205525455988589
27.368738434608694 0.7867928149718448
27.425520049618257 0.7504970263679616
27.48230166462782 0.7117821714811643
27.539083279637378 0.6707730393470073
27.59586489464694 0.6276018141119266
27.652646509656503 0.5824076489659963
27.709428124666065 0.5353362176124395
27.766209739675627 0.4865392447196763
27.822991354685186 0.4361740168693828
27.87977296969475 0.3844028755768995
27.93655458470431 0.33139269401817634
27.993336199713873 0.2773143391498493
28.050117814723436 0.2223421209562371
28.106899429732994 0.16665323059847637
28.163681044742557 0.11042716927678382
28.22046265975212 0.05384516964683726
28.27724427476168 -0.0029103883448536546
28.334025889771244 -0.05965656532360533
