0.0 0.0
0.10007250977250955 0.09990556390998985
0.2001450195450191 0.1988114575146956
0.30021752931752865 0.29572801336232946
0.4002900390900382 0.3896854696180193
0.5003625488625477 0.4797436736485898
0.6004350586350573 0.5650014893331569
0.7005075684075669 0.6446058139685514
0.8005800781800764 0.7177601145450413
0.900652587952586 0.7837323979770761
1.0007250977250954 0.8418625355377088
1.1007976074976051 0.8915688682072901
1.2008701172701146 0.932354026842304
1.300942627042624 0.9638099089268539
1.4010151368151338 0.985621762108661
1.501087646587643 0.9975713336590912
1.6011601563601527 0.9995390543432359
1.7012326661326624 0.9915052348479071
1.801305175905172 0.9735502627959077
1.9013776856776814 0.9458537983752205
2.001450195450191 0.908692976631774
2.1015227052227003 0.8624396344139178
2.2015952149952103 0.8075565897162229
2.3016677247677197 0.7445930106520625
2.4017402345402292 0.6741789203937347
2.5018127443127387 0.5970188930645415
2.601885254085248 0.513885003662682
2.7019577638577577 0.4256091025611013
2.8020302736302676 0.3330744918858244
2.902102783402777 0.23720708706020557
3.002175293175286 0.1389661519540247
3.102247802947796 0.03933470034294438
3.2023203127203055 -0.06069034027720727
3.3023928224928154 -0.1601081040989683
3.402465332265325 -0.25792380181911234
3.502537842037834 -0.353158674652097
3.602610351810344 -0.4448597879397055
3.7026828615828533 -0.532109566360529
3.802755371355363 -0.6140349753285411
3.9028278811278727 -0.6898162567102778
4.002900390900382 -0.758695131449709
4.102972900672892 -0.8199823870240941
4.203045410445401 -0.8730647738095636
4.30311792021791 -0.9174111413503662
4.4031904299904205 -0.9525777531313091
4.503262939762929 -0.9782127266729881
4.6033354495354395 -0.9940595545215303
4.703407959307949 -0.9999596709012852
4.8034804690804584 -0.9958540383481546
4.903552978852968 -0.9817837384474591
5.003625488625477 -0.9578895607653319
5.103697998397987 -0.9244105940868533
5.203770508170496 -0.881681834057213
5.303843017943007 -0.8301308311642064
5.403915527715515 -0.7702734126028667
5.503988037488025 -0.7027085208298974
5.604060547260535 -0.6281122204541325
5.704133057033044 -0.5472309334309807
5.804205566805554 -0.46087397025052423
5.904278076578064 -0.36990543185336755
6.004350586350572 -0.27523556330486726
6.1044230961230825 -0.17781164574422095
6.204495605895592 -0.07860851774496228
6.304568115668102 0.021381179068451002
6.404640625440611 0.12115693254407255
6.5047131352131204 0.2197203712796196
6.604785644985631 0.31608525447894004
6.704858154758139 0.40928734042779275
6.80493066453065 0.4983940348434687
6.905003174303159 0.5825137225553668
7.005075684075668 0.660804689142345
7.105148193848178 0.7324835432555561
7.205220703620688 0.7968330553517234
7.305293213393197 0.8532093344013149
7.405365723165707 0.9010482707603562
7.505438232938216 0.9398711807375408
7.605510742710726 0.9692895963762305
7.705583252483235 0.9890091525240599
7.805655762255745 0.9988325322955337
7.905728272028254 0.9986614414548682
8.005800781800763 0.9884975919631018
8.105873291573273 0.9684426848479515
8.205945801345784 0.9386973925678225
8.306018311118294 0.899559351052595
8.406090820890801 0.8514201815131262
8.50616333066331 0.7947615718197014
8.60623584043582 0.7301504566597654
8.706308350208332 0.6582333447029928
8.806380859980841 0.579729849536971
8.90645336975335 0.49542548910391493
9.006525879525858 0.4061638256883734
9.106598389298368 0.31283802510438313
9.206670899070879 0.21638191954215846
9.306743408843388 0.11776066350081342
9.406815918615898 0.017961076305275794
9.506888428388407 -0.08201823215833358
9.606960938160917 -0.18117685368548309
9.707033447933426 -0.2785225919902591
9.807105957705936 -0.37308139077268493
9.907178467478445 -0.4639070802745749
10.007250977250955 -0.5500908447983989
10.107323487023466 -0.6307703164557221
10.207395996795974 -0.7051382041517774
10.307468506568483 -0.7724503714632618
10.407541016340993 -0.8320332825808346
10.507613526113502 -0.883290741811128
10.607686035886013 -0.9257098592017573
10.707758545658523 -0.9588661825963827
10.80783105543103 -0.9824279447677075
10.90790356520354 -0.996159383130937
11.00797607497605 -0.9999230988201487
11.10804858474856 -0.9936814315222948
11.20812109452107 -0.9774968363120373
11.30819360429358 -0.9515312587167477
11.408266114066087 -0.9160445142648684
11.508338623838597 -0.8713916887321186
11.608411133611108 -0.8180195850990838
11.708483643383618 -0.7564622527724694
11.808556153156127 -0.6873356438053038
11.908628662928637 -0.6113314495867846
12.008701172701144 -0.5292101796727752
12.108773682473656 -0.4417935520112244
12.208846192246165 -0.34995627070710594
12.308918702018675 -0.25461727359976105
12.408991211791184 -0.1567305372307729
12.509063721563694 -0.057275531209235786
12.609136231336205 0.04275258251049731
12.709208741108712 0.14235290737105524
12.809281250881222 0.2405288273356282
12.909353760653731 0.3362979791799704
13.009426270426241 0.4287020821686136
13.109498780198752 0.5168165267580169
13.209571289971262 0.5997596263806303
13.30964379974377 0.6767014397351303
13.409716309516279 0.7468720753056227
13.509788819288788 0.8095693950135308
13.6098613290613 0.8641660399182725
13.709933838833809 0.9101157076664698
13.810006348606318 0.9469586188765975
13.910078858378826 0.9743261177615746
14.010151368151336 0.9919443609547819
14.110223877923847 0.9996370576285387
14.210296387696356 0.9973272334870065
14.310368897468866 0.985038000982729
14.410441407241375 0.9628923280499079
14.510513917013883 0.9311118076685047
14.610586426786394 0.890014440571093
14.710658936558904 0.8400114532790492
14.810731446331413 0.7816031833072721
14.910803956103923 0.7153740727107246
15.010876465876432 0.6419868200681209
15.110948975648942 0.5621757494189035
15.211021485421451 0.47673946250494165
15.31109399519396 0.3865328478397379
15.41116650496647 0.29245852656361476
15.51123901473898 0.19545782067896078
15.61131152451149 0.09650133403874722
15.711384034283999 -0.0034207596636055713
15.811456544056508 -0.10330862472319603
15.911529053829017 -0.20216276793213397
16.011601563601527 -0.29899403966098215
16.111674073374036 -0.3928335314407645
16.211746583146546 -0.48274227100883776
16.311819092919055 -0.5678206178085189
16.41189160269157 -0.6472172649296675
16.511964112464074 -0.7201377574154162
16.612036622236587 -0.7858524416996295
16.712109132009093 -0.8437037666317015
16.812181641781603 -0.8931128630336614
16.912254151554116 -0.9335853359534065
17.01232666132662 -0.9647162116559795
17.112399171099135 -0.986193989852518
17.21247168087164 -0.9978037606196248
17.31254419064415 -0.9994293548208408
17.412616700416663 -0.9910545065127303
17.51268921018917 -0.9727630157043953
17.612761719961682 -0.9447379098418015
17.712834229734188 -0.9072596124072579
17.8129067395067 -0.8607031369592801
17.91297924927921 -0.8055343346897638
18.013051759051717 -0.742305233045916
18.11312426882423 -0.6716485120594453
18.213196778596735 -0.5942711736537236
18.31326928836925 -0.510947467274705
18.413341798141758 -0.4225111426329581
18.513414307914264 -0.32984710707691184
18.613486817686777 -0.23388257107500046
18.713559327459283 -0.13557777040637703
18.813631837231796 -0.035916357895247046
18.913704347004305 0.06410443916921804
19.013776856776815 0.1634837974412241
19.113849366549324 0.26122731190933235
19.213921876321834 0.3563569460646261
19.313994386094343 0.44792081828314223
19.414066895866853 0.5350027264985359
19.514139405639362 0.6167313158596515
19.61421191541187 0.6922887976400205
19.71428442518438 0.7609191321565486
19.81435693495689 0.8219355938178592
19.9144294447294 0.8747276426052674
20.01450195450191 0.9187670332292975
20.11457446427442 0.9536131008325915
20.214646974046932 0.9789171703496623
20.314719483819438 0.9944260454027578
20.414791993591948 0.9999845418234297
20.514864503364457 0.9955370404489771
20.614937013136966 0.981128043656272
20.71500952290948 0.9569017300641899
20.815082032681985 0.9231005118603705
20.9151545424545 0.8800626091878957
21.015227052227004 0.8282186658629874
21.115299561999514 0.768087440287299
21.215372071772027 0.700270614672268
21.315444581544533 0.6254467745151728
21.415517091317046 0.5443646185691551
21.51558960108955 0.4578354672493801
21.61566211086206 0.36672514443721727
21.715734620634574 0.2719453139144974
21.81580713040708 0.1744443571167109
21.915879640179593 0.07519788348372831
22.0159521499521 -0.02480103163695682
22.116024659724612 -0.12455178385362684
22.21609716949712 -0.22305625193039477
22.316169679269628 -0.31932878514051183
22.41624218904214 -0.41240606583782224
22.516314698814647 -0.5013567485599769
22.61638720858716 -0.5852907792131822
22.71645971835967 -0.6633683010891238
22.816532228132175 -0.7348080585992762
22.916604737904688 -0.7988952146374374
23.016677247677194 -0.854988503348784
23.116749757449707 -0.9025266467338224
23.216822267222216 -0.9410339708816009
23.316894776994726 -0.97012516563541
23.416967286767235 -0.9895091400649504
23.51703979653974 -0.998991935166567
23.617112306312254 -0.9984786646466126
23.717184816084764 -0.9879744643681688
23.817257325857273 -0.9675844409608183
23.917329835629783 -0.9375126201076825
24.01740234540229 -0.8980599050333301
24.1174748551748 -0.8496210656202248
24.21754736494731 -0.7926807882811049
24.31761987471982 -0.7278088261128222
24.41769238449233 -0.65565429785999
24.51776489426484 -0.576939192733851
24.61783740403735 -0.49245114607814666
24.71790991380986 -0.40303555816977515
24.817982423582368 -0.3095871350147207
24.918054933354878 -0.21304093578334046
25.018127443127387 -0.11436301646573538
25.118199952899896 -0.01454076336821672
25.21827246267241 0.08542698682462707
25.318344972444915 0.1845399415620734
25.418417482217425 0.2818063615070799
25.518489991989934 0.376252984031268
25.618562501762444 0.4669347618291957
25.718635011534957 0.5529443192057881
25.818707521307463 0.6334210314158774
25.918780031079972 0.7075596362066533
26.018852540852482 0.7746182913945151
26.11892505062499 0.8339259978510862
26.218997560397504 0.8848893136227993
26.31907007017001 0.9269982920015594
26.419142579942523 0.9598315841292743
26.51921508971503 0.9830606550787521
26.61928759948754 0.9964530712242923
26.71936010926005 0.9998748260079732
26.819432619032558 0.9932916808297078
26.91950512880507 0.976769507643894
27.019577638577577 0.9504736298346002
27.119650148350086 0.9146671679645689
27.2197226581226 0.8697084069507534
27.319795167895105 0.8160472110108151
27.419867677667618 0.7542205222531512
27.519940187440124 0.6848469879523182
27.620012697212637 0.6086207702700419
27.720085206985146 0.5263046003628223
27.820157716757652 0.43872214637766244
27.920230226530165 0.34674977170299986
28.02030273630267 0.25130776594305376
28.120375246075184 0.15335113635967793
28.220447755847694 0.05386005192413668
28.320520265620203 -0.04616996440310711
28.420592775392713 -0.14573799702690676
28.52066528516522 -0.24384775303148842
28.62073779493773 -0.3395175312392902
28.72081030471024 -0.43179004526259235
28.82088281448275 -0.5197420022571069
28.92095532425526 -0.6024933415309363
29.021027834027766 -0.6792160405660418
29.12110034380028 -0.7491424003378232
29.22117285357279 -0.8115727270285845
29.321245363345298 -0.865882333270584
29.421317873117808 -0.9115277888630701
29.521390382890317 -0.9480523584177307
29.621462892662827 -0.9750905715226278
29.721535402435336 -0.9923718796948636
29.821607912207845 -0.9997233635299511
29.921680421980355 -0.9970714629597408
30.021752931752864 -0.984442713305679
30.121825441525374 -0.961963479762335
30.221897951297883 -0.9298586929679968
30.321970461070393 -0.8884495983144098
30.422042970842902 -0.8381505415164049
30.522115480615412 -0.7794648226055007
30.62218799038792 -0.7129796598330482
30.722260500160434 -0.6393603138748717
30.82233300993294 -0.5593434311315251
30.92240551970545 -0.47372967273206423
31.02247802947796 -0.3833757029967374
31.12255053925047 -0.2891856175231665
31.22262304902298 -0.19210189666794691
31.322695558795488 -0.09309597494451512
31.422768068567997 0.006841479298744134
31.522840578340507 0.10671047665700614
31.622913088113016 0.20551171271547874
31.72298559788553 0.3022565672417426
31.823058107658035 0.3959769964705166
31.923130617430548 0.48573521949721
32.023203127203054 0.5706331018565896
32.12327563697556 0.649821142393227
32.22334814674807 0.7225069734995511
32.32342065652059 0.7879632896669624
32.42349316629309 0.8455351250156216
32.5235656760656 0.8946464069829505
32.62363818583811 0.9348057205934843
32.72371069561062 0.9656112256320655
32.82378320538314 0.9867546775183021
32.92385571515564 0.9980245116488329
33.02392822492815 0.9993079603450169
33.12400073470066 0.9905921812235091
33.224073244473175 0.9719643856991098
33.324145754245684 0.9436109663340561
33.42421826401819 0.905815631765619
33.524290773790696 0.8589565678742151
33.624363283563206 0.8035026535978393
33.72443579333572 0.7400087692579053
33.82450830310823 0.6691102443421664
33.924580812880734 0.5915165003009709
34.02465332265324 0.5080039519680569
34.12472583242575 0.419408238635374
34.22479834219827 0.32661586251888736
34.32487085197078 0.23055531828227063
34.42494336174328 0.13218780237769892
34.52501587151579 0.03249759516759093
34.6250883812883 -0.06751778793473719
34.72516089106082 -0.16685757775642543
34.825233400833326 -0.2645277652139678
34.92530591060583 -0.3595510475196962
35.02537842037834 -0.45097660722248334
35.12545093015085 -0.5378896262320987
35.225523439923364 -0.6194204396285363
35.325595949695874 -0.6947532376617738
35.425668459468376 -0.7631342288685499
35.525740969240886 -0.8238791826246731
35.6258134790134 -0.8763802756609536
35.72588598878591 -0.9201121740355164
35.82595849855842 -0.9546372897053399
35.926031008330924 -0.9796101590989171
36.02610351810343 -0.9947808998774361
36.12617602787595 -0.9999977112955519
36.22624853764846 -0.9952083931427963
36.32632104742097 -0.9804608680668435
36.42639355719347 -0.9559027020521902
36.52646606696598 -0.9217796278524081
36.6265385767385 -0.8784330861507513
36.72661108651101 -0.8262968090526267
36.826683596283516 -0.7658924800959975
36.92675610605602 -0.6978245142063775
37.02682861582853 -0.6227740098289072
37.126901125601044 -0.5414919337534864
37.226973635373554 -0.4547916068265776
37.32704614514606 -0.36354056573877797
37.427118654918566 -0.2686518823204471
37.52719116469108 -0.1710750272057155
37.62726367446359 -0.07178636928461941
37.7273361842361 0.028220593992949607
37.82740869400861 0.12794517770417488
37.92748120378111 0.22638952245922858
38.02755371355363 0.3225685791345066
38.12762622332614 0.4155199654242826
38.22769873309865 0.5043135955848647
38.32777124287116 0.5880609870143239
38.42784375264367 0.6659241505448852
38.52791626241618 0.7371239754903097
38.62798877218869 0.8009480255462142
38.728061281961196 0.856757667536359
38.828133791733705 0.903994461673583
38.928206301506215 0.942185749393461
39.028278811278724 0.970949382847966
39.128351321051234 0.9899975487351035
39.22842383082374 0.999139648202695
39.32849634059625 0.9982842040095536
39.42856885036876 0.9874397758607072
39.52864136014127 0.9667148747576848
39.62871386991378 0.9363168772208903
39.72878637968629 0.89654995024852
39.8288588894588 0.8478120077752025
39.92893139923132 0.7905907290844926
40.02900390900382 0.7254586790156252
40.12907641877633 0.6530675787923902
40.22914892854884 0.5741417848012411
40.32922143832135 0.4894710405708267
40.429293948093864 0.3999025744778274
40.52936645786637 0.3063326222506721
40.629438967638876 0.20969745909812362
40.729511477411386 0.11096403119684911
40.829583987183895 0.01112028028051159
40.92965649695641 -0.08883474185585115
41.029729006728914 -0.18790087002037972
41.12980151650142 -0.2850868334298707
41.22987402627393 -0.3794201745163038
41.32994653604644 -0.4699569794855753
41.43001904581896 -0.5557913232628413
41.53009155559146 -0.6360643343169149
41.63016406536397 -0.7099727886598206
41.73023657513648 -0.7767771470284277
41.830309084909 -0.8358089548271102
41.930381594681506 -0.8864775307863281
42.03045410445401 -0.9282758774094966
42.13052661422652 -0.960785754067233
42.23059912399903 -0.9836818619768506
42.330671633771544 -0.9967350991915913
42.430744143544054 -0.9998148530296294
42.530816653316556 -0.9928903070044872
42.630889163089066 -0.976030749179491
42.730961672861575 -0.9494048788608479
42.83103418263409 -0.9132791185666631
42.9311066924066 -0.8680149481626123
43.0311792021791 -0.8140652878392785
43.13125171195161 -0.7519699661236617
43.23132422172412 -0.6823503182726498
43.33139673149664 -0.605902969097681
43.43146924126915 -0.5233928624306907
43.53154175104165 -0.43564560697947075
43.63161426081416 -0.3435392151610528
43.73168677058667 -0.24799531757562338
43.83175928035919 -0.14996994103018416
43.931831790131696 -0.050443942388587494
44.0319042999042 0.04958680603183087
44.13197680967671 0.14912138131050254
44.232049319449224 0.2471638253109535
44.332121829221734 0.34273311038977416
44.43219433899424 0.4348729557088332
44.532266848766746 0.522661395927116
44.632339358539255 0.6052200065265321
44.73241186831177 0.6817226934615461
44.83248437808428 0.7514039591821585
44.93255688785679 0.8135665623191325
45.03262939762929 0.8675884943874198
45.1327019074018 0.9129292036979211
45.23277441717432 0.9491350042000851
45.33284692694683 0.9758436151337113
45.43291943671934 0.9927877860654857
45.53299194649184 0.9997979710375529
45.63306445626435 0.9968040250702268
45.73313696603687 0.9838359060433471
45.833209475809376 0.9610233749331737
45.933281985581885 0.9285946974042665
46.03335449535439 0.8868743597484482
46.133427005126904 0.8362798220254765
46.233499514899414 0.777317340894067
46.33357202467192 0.710576903930545
46.43364453444443 0.6367263261232149
46.533717044216935 0.5565045676137677
46.63378955398945 0.47071433954940306
46.73386206376196 0.38021407203275803
46.83393457353447 0.28590932453935464
46.93400708330698 0.18874372475144496
47.03407959307948 0.08968952647554694
47.134152102852 -0.010262118877420628
47.23422461262451 -0.1101110799042079
47.33429712239702 -0.2088582526766175
47.43436963216953 -0.3055155579277102
47.53444214194203 -0.3991158279236046
47.63451465171455 -0.48872248409132146
47.734587161487056 -0.5734389085667212
47.834659671259566 -0.6524174158896272
47.934732181032075 -0.7248677350737559
48.03480469080458 -0.7900649171787015
48.134877200577094 -0.8473565892595907
48.2349497103496 -0.8961694821101933
48.33502222012211 -0.9360151664820514
48.43509472989462 -0.9664949403819891
48.53516723966713 -0.9873038185450518
48.63523974943964 -0.9982335841635684
48.73531225921215 -0.9991748723362772
48.83538476898466 -0.9901182643902017
48.93545727875717 -0.9711543821253296
49.03552978852968 -0.9424729810390641
49.13560229830219 -0.9043610516037848
49.2356748080747 -0.8571999475964232
49.33574731784721 -0.8014615702144247
49.43581982761972 -0.737703646160415
49.53589233739223 -0.6665641469437765
49.635964847164736 -0.5887549052404526
49.736037356937246 -0.505054492186657
49.836109866709755 -0.4163004268773751
49.936182376482265 -0.323380796022601
