0.0 0.0
0.11066744901077062 0.11044169134978125
0.22133489802154124 0.21953215183090208
0.3320023470323119 0.3259366826002271
0.4426697960430825 0.4283534465998151
0.5533372450538531 0.5255293962595573
0.6640046940646238 0.6162756042706917
0.7746721430753943 0.6994818098614034
0.885339592086165 0.7741300026038895
0.9960070410969355 0.8393068775578635
1.1066744901077061 0.8942150093644389
1.2173419391184768 0.938182608577703
1.3280093881292476 0.970671740867316
1.438676837140018 0.9912849085319189
1.5493442861507887 0.9997699137999198
1.660011735161559 0.9960229444161932
1.77067918417233 0.9800898437631914
1.8813466331831006 0.9521655499768004
1.992014082193871 0.912591710919241
2.1026815312046416 0.8618525041893206
2.2133489802154123 0.8005687133113306
2.324016429226183 0.7294901325791723
2.4346838782369535 0.6494863934808466
2.5453513272477246 0.5615363249400751
2.6560187762584953 0.46671597755025884
2.7666862252692654 0.36618545832175187
2.877353674280036 0.26117473701655025
2.9880211232908067 0.15296859772690893
3.0986885723015773 0.04289091981215123
3.209356021312348 -0.06771151948689086
3.320023470323118 -0.17748552258420125
3.4306909193338893 -0.2850880276364803
3.54135836834466 -0.38920254062235804
3.6520258173554305 -0.4885552423699019
3.762693266366201 -0.5819305734663089
3.8733607153769714 -0.6681861063716995
3.984028164387742 -0.7462665227798253
4.094695613398513 -0.8152165252156197
4.205363062409283 -0.874192524898914
4.316030511420054 -0.9224729628757647
4.4266979604308245 -0.9594671381405145
4.537365409441596 -0.9847224347383786
4.648032858452366 -0.9979298594264686
4.758700307463136 -0.9989278221411418
4.869367756473907 -0.9877041130184475
4.980035205484677 -0.9643960517792459
5.090702654495449 -0.9292888076512992
5.201370103506219 -0.8828119103837412
5.3120375525169905 -0.8255339950409198
5.422705001527761 -0.7581558448719682
5.533372450538531 -0.6815018173751168
5.644039899549302 -0.5965097584570604
5.754707348560072 -0.5042195280855127
5.865374797570843 -0.4057602778211709
5.976042246581613 -0.3023366358858282
6.086709695592384 -0.19521396878939826
6.197377144603155 -0.08570289983676502
6.308044593613925 0.024856726072735952
6.418712042624696 0.1351122351659085
6.529379491635466 0.24371467447484746
6.640046940646236 0.34933531599283296
6.750714389657008 0.45068191338207003
6.8613818386677785 0.5465145123358767
6.97204928767855 0.6356606211588844
7.08271673668932 0.7170295559563559
7.19338418570009 0.7896257849222806
7.304051634710861 0.8525611084616673
7.414719083721631 0.9050655261258056
7.525386532732402 0.9464966574058346
7.6360539817431725 0.9763476011231779
7.746721430753943 0.9942531372588688
7.857388879764714 0.9999941953436782
7.968056328775484 0.9935005347392369
8.078723777786255 0.9748516040174753
8.189391226797026 0.9442755689240533
8.300058675807795 0.9021465208184439
8.410726124818567 0.8489798997448164
8.521393573829338 0.7854261881314918
8.632061022840109 0.7122629522752223
8.742728471850878 0.6303853289810675
8.853395920861649 0.5407950737518195
8.96406336987242 0.4445883045200955
9.074730818883191 0.3429420908759318
9.185398267893962 0.23710005286787925
9.296065716904732 0.1283571455732342
9.406733165915503 0.018043815594979702
9.517400614926272 -0.09249027667260752
9.628068063937045 -0.20189276985507415
9.738735512947814 -0.3088251474547948
9.849402961958585 -0.41197911431886564
9.960070410969355 -0.5100926033551554
10.070737859980126 -0.6019652166577901
10.181405308990898 -0.6864729121230874
10.292072758001668 -0.7625817558683176
10.402740207012439 -0.8293605721953425
10.513407656023208 -0.8859923363294501
10.624075105033981 -0.9317841705456685
10.73474255404475 -0.9661758213820162
10.845410003055521 -0.9887465142228011
10.95607745206629 -0.9992201013875518
11.066744901077062 -0.9974684407398193
11.177412350087833 -0.9835129634792684
11.288079799098604 -0.9575244119354565
11.398747248109373 -0.9198207505713385
11.509414697120144 -0.8708632757549246
11.620082146130914 -0.8112509718952302
11.730749595141686 -0.7417131829939848
11.841417044152458 -0.6631006892751575
11.952084493163227 -0.5763752980678203
12.062751942173998 -0.48259807629573587
12.173419391184767 -0.38291636854668937
12.28408684019554 -0.27854975955271977
12.39475428920631 -0.170775152827412
12.50542173821708 -0.06091114801990759
12.61608918722785 0.04969809187449152
12.72675663623862 0.15969928606591913
12.837424085249392 0.26774659307581244
12.948091534260163 0.3725180768243897
13.058758983270932 0.4727318802405903
13.169426432281703 0.5671619085137815
13.280093881292473 0.654652830105917
13.390761330303246 0.7341342119899622
13.501428779314017 0.8046336161728604
13.612096228324786 0.8652884972698951
13.722763677335557 0.9153567555660822
13.833431126346326 0.9542258164501203
13.9440985753571 0.9814201251359475
14.054766024367868 0.9966069649755365
14.16543347337864 0.9996005281771217
14.276100922389409 0.9903641891244543
14.38676837140018 0.969010952483515
14.497435820410951 0.9358020706141909
14.608103269421722 0.891143847202591
14.718770718432493 0.8355826662208892
14.829438167443262 0.7697983070343257
14.940105616454034 0.6945956274436218
15.050773065464805 0.6108947164190487
15.161440514475576 0.5197196370053602
15.272107963486345 0.4221858971257944
15.382775412497116 0.31948680157720966
15.493442861507885 0.2128788521968479
15.604110310518658 0.1036663748265738
15.714777759529428 -0.006814438839490634
15.825445208540199 -0.11721187927937764
15.936112657550968 -0.22617525702500024
16.046780106561737 -0.3323714280637691
16.15744755557251 -0.43450110457523344
16.268115004583283 -0.5313147514443258
16.378782453594052 -0.6216278740607355
16.48944990260482 -0.704335510361381
16.60011735161559 -0.7784257498088784
16.710784800626364 -0.842992113904174
16.821452249637133 -0.8972446467603474
16.932119698647906 -0.9405195800467808
17.042787147658675 -0.9722874540550839
17.153454596669444 -0.9921595955272966
17.264122045680217 -0.9998928729914587
17.374789494690987 -0.9953926714240421
17.485456943701756 -0.9787140498448681
17.59612439271253 -0.9500610676815763
17.706791841723298 -0.9097842881454434
17.81745929073407 -0.8583764891642068
17.92812673974484 -0.7964666343477566
18.03879418875561 -0.724812177750623
18.149461637766382 -0.6442897965809106
18.26012908677715 -0.5558846652390231
18.370796535787925 -0.4606784019160312
18.48146398479869 -0.35983583522258555
18.592131433809463 -0.25459075275578247
18.702798882820236 -0.1462308059674108
18.813466331831005 -0.03608175601920002
18.924133780841775 0.07450874662620105
19.034801229852544 0.1841876504252239
19.145468678863317 0.291613057054487
19.25613612787409 0.3954706392545812
19.36680357688486 0.49448972134770397
19.47747102589563 0.5874588256873702
19.588138474906398 0.6732404948326429
19.69880592391717 0.7507852081007309
19.809473372927943 0.8191442222318289
19.92014082193871 0.8774811790633934
20.030808270949482 0.925082338196393
20.14147571996025 0.9613653094589732
20.252143168971024 0.9858861783277574
20.362810617981797 0.9983449371286771
20.473478066992563 0.9985891555677807
20.584145516003336 0.986615845683823
20.694812965014105 0.9625714984053436
20.805480414024878 0.9267502912649592
20.916147863035647 0.8795904891991214
21.026815312046416 0.8216690824687757
21.13748276105719 0.753694727304857
21.248150210067962 0.6764990756483346
21.358817659078728 0.5910266000636037
21.4694851080895 0.4983230383152549
21.58015255710027 0.39952259898647025
21.690820006111043 0.29583408467548916
21.801487455121816 0.18852610255004468
21.91215490413258 0.07891154320543851
22.022822353143354 -0.03166848227582696
22.133489802154124 -0.14186105053607265
22.244157251164896 -0.25031797867525696
22.354824700175666 -0.35571231898521444
22.465492149186435 -0.4567545938758429
22.576159598197208 -0.5522085723622405
22.686827047207977 -0.6409063950908281
22.797494496218746 -0.7217628628529672
22.90816194522952 -0.7937887137690586
23.01882939424029 -0.8561027266995993
23.12949684325106 -0.9079425028005268
23.240164292261827 -0.9486737933127318
23.3508317412726 -0.9777982594622673
23.461499190283373 -0.994959569530433
23.572166639294142 -0.999947758497431
23.682834088304915 -0.9927017969202269
23.79350153731568 -0.973310337614951
23.904168986326454 -0.9420106310083324
24.014836435337227 -0.8991856224286258
24.125503884347996 -0.8453592668500493
24.236171333358765 -0.7811901184138534
24.346838782369534 -0.7074632731568967
24.457506231380307 -0.6250807635267295
24.56817368039108 -0.535050522204296
24.678841129401846 -0.43847405025954367
24.78950857841262 -0.3365329405174445
24.900176027423388 -0.23047442101830273
25.01084347643416 -0.12159609544492551
25.121510925444934 -0.011230067214465666
25.2321783744557 0.09927335852676282
25.342845823466472 0.2085621956028165
25.45351327247724 0.31529931807462747
25.564180721488015 0.41817881969472287
25.674848170498784 0.5159419913955104
25.785515619509553 0.6073927213300472
25.896183068520326 0.6914121290489438
26.006850517531095 0.7669722547673632
26.117517966541865 0.8331486362368336
26.228185415552637 0.889131619346441
26.338852864563407 0.9342362640706094
26.44952031357418 0.9679107245662876
26.560187762584945 0.9897430008907776
26.67085521159572 0.9994659797344053
26.78152266060649 0.9969607024956818
26.89219010961726 0.9822578207147838
27.002857558628033 0.9555372210584012
27.1135250076388 0.9171258244442045
27.224192456649572 0.8674935862321544
27.334859905660345 0.8072477464195145
27.445527354671114 0.7371254001871769
27.556194803681883 0.657984479695124
27.666862252692653 0.5707932574628735
27.777529701703426 0.4766184997588175
27.8881971507142 0.3766124149392696
27.998864599724968 0.27199855642152093
28.109532048735737 0.16405685276507545
28.220199497746506 0.05410794801489295
28.33086694675728 -0.05650295610078668
28.441534395768052 -0.1664225584306928
28.552201844778818 -0.2743060157555251
28.66286929378959 -0.3788333966619561
28.77353674280036 -0.4787258306258574
28.884204191811133 -0.5727611547242666
28.994871640821902 -0.6597888665417102
29.10553908983267 -0.7387442003253365
29.216206538843444 -0.8086611541699799
29.326873987854214 -0.8686843088483227
29.437541436864986 -0.9180792936852686
29.548208885875756 -0.9562417714287045
29.658876334886525 -0.982704832188705
29.769543783897298 -0.9971447059818416
29.880211232908067 -0.9993847239888445
29.990878681918836 -0.9893974800604565
30.10154613092961 -0.9673051660259029
30.21221357994038 -0.9333780767015611
30.32288102895115 -0.8880313028907169
30.433548477961917 -0.8318196528348868
30.54421592697269 -0.7654308642516365
30.654883375983463 -0.6896771900082543
30.765550824994232 -0.6054854603787192
30.876218274005005 -0.513885743470196
30.98688572301577 -0.4159987425563819
31.097553172026544 -0.31302208450859165
31.208220621037317 -0.2062156670828788
31.318888070048086 -0.09688624433591543
31.429555519058855 0.013628561236095777
31.540222968069624 0.12397662422736075
31.650890417080397 0.2328078592924997
31.76155786609117 0.3387907391568251
31.872225315101936 0.44062858557254236
31.98289276411271 0.5370754339044524
32.093560213123475 0.6269512772452028
32.20422766213425 0.7091565035517043
32.31489511114502 0.7826853491671848
32.42556256015579 0.8466382041280723
32.536230009166566 0.9002326187026974
32.64689745817733 0.9428128764992069
32.757564907188105 0.9738580170177588
32.868232356198874 0.9929882094926464
32.97889980520964 0.9999694000418682
33.08956725422041 0.9947161752671431
33.20023470323118 0.9772928072688786
33.31090215224196 0.9479124672905362
33.42156960125273 0.9069346176133045
33.5322370502635 0.8548606136106688
33.642904499274266 0.7923275697708548
33.753571948285035 0.7201005647350439
33.86423939729581 0.6390632807210824
33.97490684630658 0.550207191857399
34.08557429531735 0.45461943370551106
34.19624174432812 0.35346950238506636
34.30690919333889 0.24799494603474898
34.417576642349665 0.13948622367104266
34.528244091360435 0.02927091669356501
34.638911540371204 -0.0813025137942188
34.74957898938197 -0.1908812251229986
34.86024643839274 -0.2981245448031931
34.97091388740351 -0.4017203733709274
35.08158133641429 -0.5004012376490554
35.19224878542506 -0.5929597980149178
35.30291623443583 -0.6782636199467698
35.413583683446596 -0.7552690291219862
35.524251132457366 -0.82303388055293
35.63491858146814 -0.8807290855327531
35.74558603047891 -0.9276487553613598
35.85625347948968 -0.9632188377452326
35.96692092850045 -0.9870041402065085
36.07758837751122 -0.9987136545714326
36.188255826521996 -0.9982041173941669
36.298923275532765 -0.9854817627549236
36.40959072454353 -0.9607022459873068
36.5202581735543 -0.9241687392680283
36.63092562256507 -0.8763282223691002
36.74159307157585 -0.8177660139542967
36.85226052058662 -0.7491986103284167
36.96292796959738 -0.671464919255648
37.07359541860816 -0.5855159960994769
37.184262867618926 -0.49240340786036396
37.2949303166297 -0.3932663674745705
37.40559776564047 -0.28931779578350286
37.516265214651234 -0.18182948170224902
37.62693266366201 -0.07211652214963969
37.73760011267278 0.03847876788593582
37.84826756168355 0.14860327828820397
37.958935010694326 0.25690965883070344
38.06960245970509 0.36207280372344164
38.180269908715864 0.46280606400365076
38.290937357726634 0.5578769894151816
38.4016048067374 0.6461224071782855
38.51227225574818 0.7264626531639414
38.62293970475894 0.7979147813574112
38.73360715376972 0.859604589996077
38.84427460278049 0.910777317244105
38.95494205179126 0.9508068755448353
39.06560950080203 0.9792035116703556
39.176276949812795 0.9956197987492512
39.286944398823564 0.9998548869613302
39.39761184783434 0.9918569608929204
39.50827929684511 0.9717238734875701
39.61894674585589 0.9397019488358539
39.72961419486665 0.8961829684519383
39.84028164387742 0.8416993779091199
39.950949092888195 0.7769177724802245
40.061616541898964 0.7026307414846299
40.17228399090974 0.6197471711245892
40.2829514399205 0.5292811244537226
40.39361888893127 0.4323394345287453
40.50428633794205 0.3301081625398266
40.61495378695282 0.22383808660134533
40.725621235963594 0.1148293987446485
40.836288684974356 0.004415797342028846
40.946956133985125 -0.10605183041247072
41.0576235829959 -0.21522193632373218
41.16829103200667 -0.3217588471035172
41.27895848101744 -0.42435910605230226
41.38962593002821 -0.5217674205778625
41.50029337903898 -0.6127920204361672
41.610960828049755 -0.6963192387897001
41.721628277060525 -0.7713271376870011
41.832295726071294 -0.8368980112586281
41.94296317508206 -0.8922296136554625
42.05363062409283 -0.9366449743579724
42.1642980731036 -0.9696006807681578
42.27496552211438 -0.990693526748412
42.38563297112515 -0.9996654457638212
42.496300420135924 -0.9964066682719556
42.606967869146686 -0.980957064730135
42.717635318157456 -0.9535056577887638
42.82830276716823 -0.9143883096389562
42.938970216179 -0.8640836128092648
43.04963766518978 -0.8032070346867191
43.16030511420054 -0.7325033874028035
43.27097256321131 -0.652837715213613
43.381640012222086 -0.5651847108653271
43.492307461232855 -0.47061679043343246
43.60297491024363 -0.37029097253752447
43.71364235925439 -0.2654347224618622
43.82430980826516 -0.1573309343756712
43.93497725727594 -0.04730223539282363
44.04564470628671 0.06330519649276643
44.15631215529748 0.17313810261184387
44.26697960430825 0.2808527004550233
44.377647053319016 0.3851311245692117
44.48831450232979 0.4846975503642965
44.59898195134056 0.578333803558685
44.70964940035133 0.6648942642855052
44.8203168493621 0.7433198835107371
44.93098429837287 0.8126511402754402
45.04165174738364 0.872039781232907
45.152319196394416 0.9207591988499819
45.262986645405185 0.9582133212974173
45.373654094415954 0.9839439052633748
45.484321543426724 0.9976361424639668
45.59498899243749 0.9991225112564122
45.70565644144827 0.9883848262311055
45.81632389045904 0.9655544607062836
45.92699133946981 0.9309107394030991
46.03765878848058 0.8848775209663992
46.14832623749135 0.8280180121433391
46.25899368650212 0.7610278770672647
46.36966113551289 0.6847267259533508
46.480328584523654 0.6000480873399561
46.59099603353443 0.5080279865632582
46.7016634825452 0.409792270205186
46.81233093155598 0.30654283159718276
46.922998380566746 0.19954290590809964
47.03366582957751 0.09010161472751484
47.144333278588284 -0.020442050761626408
47.255000727599054 -0.13073561205849182
47.36566817660983 -0.23942965063448182
47.4763356256206 -0.3451943177850921
47.58700307463136 -0.44673560504919885
47.69767052364214 -0.5428111761304653
47.80833797265291 -0.6322455666206171
47.91900542166368 -0.7139445655593505
48.02967287067445 -0.7869086028753003
48.140340319685215 -0.8502449789156462
48.25100776869599 -0.9031787864386839
48.36167521770676 -0.945062391440914
48.47234266671753 -0.9753833568229252
48.58301011572831 -0.9937707119495257
48.69367756473907 -0.999999491397453
48.804345013749845 -0.9939934873600258
48.915012462760615 -0.9758261820336271
49.025679911771384 -0.9457198485784868
49.13634736078216 -0.9040428316533042
49.24701480979292 -0.8513050407958248
49.35768225880369 -0.7881517117868453
49.46834970781447 -0.7153555123261487
49.57901715682524 -0.6338070886056876
49.689684605836014 -0.5445041684406903
49.800352054846776 -0.4485393542797037
49.911019503857545 -0.34708675544333695
50.02168695286832 -0.24138762314368212
50.13235440187909 -0.13273516403675711
50.24302185088987 -0.02245871811097841
50.35368929990063 0.08809250550798524
50.4643567489114 0.19756593584721496
50.575024197922176 0.30462218850789663
50.685691646932945 0.4079514527517865
50.79635909594372 0.5062895167601914
50.90702654495448 0.5984332349996584
51.01769399396525 0.6832552484546326
51.12836144297603 0.7597177776278818
51.2390288919868 0.8268853195544198
51.34969634099757 0.8839360934835772
51.46036379000834 0.9301720951936522
51.571031239019106 0.9650276369267833
51.68169868802988 0.9880762684597083
51.79236613704065 0.9990359946325618
51.90303358605142 0.9977727255003634
52.01370103506219 0.9843019168952903
52.12436848407296 0.9587883813278222
52.23503593308373 0.9215442715403347
52.345703382094506 0.8730252613839359
52.456370831105275 0.8138249707447358
52.567038280116044 0.7446677027293547
52.677705729126814 0.6663995819687407
52.78837317813758 0.5799782024612402
52.89904062714836 0.4864609116113965
53.00970807615913 0.3869918738068312
53.12037552516989 0.2827880718075414
53.23104297418067 0.17512441721774202
53.34171042319144 0.06531815221055434
53.45237787220221 -0.04528726665305167
53.56304532121298 -0.15533860533270039
53.673712770223744 -0.2634894088425627
53.78438021923452 -0.3684164748449647
53.89504766824529 -0.4688360427526691
54.00571511725607 -0.5635195002697696
54.116382566266836 -0.6513084152047062
54.2270500152776 -0.7311287086445576
54.337717464288374 -0.8020037960846711
54.448384913299144 -0.8630665357346662
54.55905236230992 -0.9135698378159387
54.66971981132069 -0.9528958050479581
54.78038726033145 -0.9805632924915791
54.89105470934223 -0.9962337942561846
55.001722158353 -0.9997155850480615
55.11238960736377 -0.9909660658890653
55.22305705637454 -0.9700922853061509
