0.0 0.0
0.09248505586969666 0.09235326731326303
0.18497011173939332 0.18391715519106652
0.27745516760909 0.27390903133220246
0.36994022347878663 0.36155970003357474
0.46242527934848326 0.44611997680620974
0.55491033521818 0.5268670919476056
0.6473953910878766 0.603110868336588
0.7398804469575733 0.6741996206466478
0.8323655028272698 0.7395257255548797
0.9248505586969665 0.7985308153357726
1.0173356145666632 0.8507105504481763
1.10982067043636 0.8956189303222819
1.2023057263060566 0.9328721055006336
1.2947907821757532 0.9621516585493188
1.3872758380454497 0.9832073256961021
1.4797608939151465 0.9958591359326036
1.5722459497848433 0.9999989492967775
1.6647310056545397 0.9955913811873925
1.7572160615242365 0.9826741048100335
1.849701117393933 0.9613575291695041
1.9421861732636299 0.9318238553609534
2.0346712291333264 0.8943255192259737
2.1271562850030232 0.8491830336848984
2.21964134087272 0.796782249187726
2.3121263967424164 0.7375710556996674
2.404611452612113 0.6720555544107313
2.49709650848181 0.6007957318912457
2.5895815643515063 0.524400673667991
2.682066620221203 0.44352335813238225
2.7745516760908995 0.35885507527920085
2.8670367319605963 0.27111951798108985
2.959521787830293 0.18106659630300484
3.05200684369999 0.0894660277280815
3.1444918995696867 -0.0028992419182316312
3.236976955439383 -0.09523973061184764
3.3294620113090794 -0.186766168141159
3.421947067178776 -0.27669624230770934
3.514432123048473 -0.36426128565400984
3.6069171789181698 -0.44871284556442936
3.699402234787866 -0.529329081581936
3.7918872906575634 -0.6054209352603308
3.8843723465272597 -0.6763380198158294
3.976857402396956 -0.741474179236854
4.069342458266653 -0.8002726693361377
4.161827514136349 -0.8522309164606766
4.2543125700060465 -0.8969048131849753
4.346797625875743 -0.933912514270614
4.43928268174544 -0.9629377004465972
4.531767737615136 -0.9837322821136687
4.624252793484833 -0.9961185198629859
4.71673784935453 -0.9999905436842452
4.809222905224226 -0.9953152578779979
4.901707961093924 -0.9821326239375153
4.99419301696362 -0.9605553189823035
5.086678072833316 -0.9307677726627669
5.179163128703013 -0.8930245907679748
5.271648184572709 -0.8476483790105709
5.364133240442406 -0.7950269855897835
5.456618296312103 -0.7356101861014319
5.549103352181799 -0.6699058391302893
5.641588408051496 -0.5984755453844641
5.7340734639211925 -0.5219298474748706
5.82655851979089 -0.4409230113691399
5.919043575660586 -0.35614743412493916
6.0115286315302825 -0.26832772570196484
6.10401368739998 -0.17821451543769265
6.196498743269676 -0.08657803612534624
6.288983799139373 0.005798459466533456
6.38146885500907 0.0981253933613182
6.473953910878766 0.18961361120555908
6.566438966748463 0.2794811274793714
6.658924022618159 0.36695980943199963
6.751409078487856 0.4513019426123678
6.843894134357552 0.5317866218764297
6.936379190227249 0.6077259132449248
7.028864246096946 0.6784707339437022
7.121349301966642 0.7434164003676264
7.2138343578363395 0.8020077965474567
7.306319413706036 0.8537441189427788
7.398804469575732 0.8981831570054092
7.491289525445429 0.934945072925612
7.583774581315127 0.9637156482541683
7.676259637184823 0.9842489696501483
7.768744693054519 0.9963695307982567
7.861229748924216 0.9999737325298352
7.953714804793912 0.9950307683254078
8.04619986066361 0.9815828876300313
8.138684916533306 0.9597450347307926
8.231169972403002 0.9297038662831058
8.323655028272698 0.8917161558833973
8.416140084142395 0.8461065993249195
8.508625140012093 0.7932650392960255
8.60111019588179 0.7336431332425002
8.693595251751486 0.6677504928750134
8.786080307621182 0.5961503283188527
8.87856536349088 0.5194546341370726
8.971050419360576 0.43831895837401336
9.063535475230273 0.35343679933019634
9.15602053109997 0.26553367796157556
9.248505586969666 0.17536093656864302
9.340990642839364 0.08368931678041955
9.43347569870906 -0.00869762827518051
9.525960754578756 -0.10101023130588598
9.618445810448453 -0.19245946044973788
9.710930866318149 -0.28226366343849624
9.803415922187847 -0.36965524868477795
9.895900978057544 -0.45388724618705684
9.98838603392724 -0.5342396921739345
10.080871089796936 -0.6100257829156007
10.173356145666633 -0.680597745103479
10.265841201536329 -0.7453523726216217
10.358326257406025 -0.8037361823849063
10.450811313275722 -0.8552501451750748
10.543296369145418 -0.8994539510383098
10.635781425015114 -0.9359697727863309
10.728266480884812 -0.9644854954328974
10.820751536754509 -0.9847573839624608
10.913236592624205 -0.9966121666285128
11.005721648493902 -0.9999485159748555
11.098206704363598 -0.9947379149209336
11.190691760233296 -0.9810249005084564
11.283176816102992 -0.9589266832259136
11.375661871972689 -0.9286321451647637
11.468146927842385 -0.8904002255704488
11.560631983712081 -0.8445577075875601
11.65311703958178 -0.7914964251167059
11.745602095451476 -0.731669913657174
11.838087151321172 -0.6655895337619286
11.930572207190869 -0.5938201002393049
12.023057263060565 -0.5169750544603066
12.115542318930263 -0.435711221035686
12.20802737479996 -0.3507231936795423
12.300512430669656 -0.26273739824563
12.392997486539352 -0.17250588368195766
12.485482542409049 -0.08079989397478643
12.577967598278747 0.011596723974857516
12.670452654148443 0.1038942201966955
12.76293771001814 0.19530369195256422
12.855422765887836 0.28504382679614226
12.947907821757532 0.37234758075549734
13.04039287762723 0.45646873455741177
13.132877933496927 0.5366882718548686
13.225362989366623 0.6123205249405224
13.317848045236317 0.6827190354163081
13.410333101106014 0.7472820797257888
13.502818156975712 0.8054578123203306
13.595303212845408 0.8567489824984794
13.687788268715105 0.9007171846018639
13.780273324584801 0.9369866052395318
13.872758380454497 0.9652472355117406
13.965243436324196 0.9852575207770685
14.057728492193892 0.9968464253142496
14.150213548063588 0.999914894231267
14.242698603933285 0.99443670012619
14.335183659802981 0.9804586672630193
14.427668715672679 0.9581002713464195
14.520153771542375 0.9275526183162229
14.612638827412072 0.8890768108903417
14.705123883281768 0.8430017168178907
14.797608939151464 0.7897211579181269
14.890093995021163 0.7296905439315903
14.982579050890857 0.6634229799552406
15.075064106760555 0.5914848807328359
15.167549162630253 0.5144911292869749
15.260034218499948 0.4330998212738122
15.352519274369646 0.3480066399825186
15.44500433023934 0.25993891005859837
15.537489386109039 0.169649380776131
15.629974441978737 0.07790979199583477
15.722459497848432 -0.014495722196861951
15.81494455371813 -0.10677733579202814
15.907429609587824 -0.19814628180650326
15.999914665457522 -0.28782159418330805
16.09239972132722 -0.37503678301343873
16.184884777196913 -0.4590463860244163
16.27736983306661 -0.5391323403373973
16.369854888936306 -0.6146101200309552
16.462339944806004 -0.6848345870514287
16.554825000675702 -0.749205505459744
16.647310056545397 -0.807172671882359
16.739795112415095 -0.8582406183143331
16.83228016828479 -0.9019728470778074
16.924765224154488 -0.9379955617381059
17.017250280024186 -0.9660008620878002
17.10973533589388 -0.9857493758900102
17.20222039176358 -0.997072304886377
17.294705447633273 -0.9998728675816813
17.38719050350297 -0.9941271264730747
17.47967555937267 -0.9798841926532615
17.572160615242364 -0.9572658060388161
17.664645671112062 -0.9264652948115772
17.75713072698176 -0.887745922967198
17.849615782851455 -0.8414386400949805
17.942100838721153 -0.7879392526225091
18.034585894590847 -0.7277050407035824
18.127070950460546 -0.6612508496661762
18.219556006330244 -0.5891446894284156
18.31204106219994 -0.5120028794960184
18.404526118069636 -0.43048478103882465
18.49701117393933 -0.34528716107344865
18.58949622980903 -0.2571382369235075
18.681981285678727 -0.16679145186184313
18.774466341548422 -0.07501903513667457
18.86695139741812 0.01739459857331775
18.959436453287815 0.10965955385750407
19.051921509157513 0.20098720611782622
19.14440656502721 0.2905969422511344
19.236891620896905 0.3777228328541845
19.329376676766604 0.4616201789213176
19.421861732636298 0.5415718770776097
19.514346788505996 0.616894548941438
19.606831844375694 0.6869443822263162
19.69931690024539 0.7511226336558952
19.791801956115087 0.8088807466565352
19.88428701198478 0.85972504008451
19.97677206785448 0.9032209279115201
20.069257123724178 0.9389966338011482
20.161742179593872 0.9667463688263754
20.25422723546357 0.9862329451669392
20.346712291333265 0.997289803446237
20.439197347202963 0.9998224363793584
20.531682403072658 0.9938091965637463
20.624167458942356 0.979301481508
20.71665251481205 0.9564232943173019
20.809137570681745 0.9253701837904579
20.901622626551443 0.8864075729879607
20.99410768242114 0.8398684905574605
21.086592738290836 0.786150724207879
21.179077794160534 0.7257134206625366
21.27156285003023 0.6590731611528468
21.364047905899927 0.5867995459968116
21.456532961769625 0.5095103260027181
21.54901801763932 0.42786612231176957
21.641503073509018 0.3425647798112392
21.733988129378712 0.254335402381764
21.82647318524841 0.16393212096176943
21.91895824111811 0.07212764769590815
22.011443296987803 -0.02029332873735884
22.1039283528575 -0.1125408501662931
22.196413408727196 -0.20382644100679034
22.288898464596894 -0.2933698476710896
22.381383520466592 -0.38040570769981674
22.473868576336287 -0.4641900916137747
22.566353632205985 -0.5440068615696818
22.65883868807568 -0.6191737924699154
22.751323743945377 -0.6890484032068234
22.843808799815076 -0.75303344819959
22.93629385568477 -0.8105820222854221
23.02877891155447 -0.8612022353315227
23.121263967424163 -0.9044614166121016
23.21374902329386 -0.9399898130140221
23.30623407916356 -0.9674837494610191
23.398719135033254 -0.9867082245431531
23.491204190902952 -0.997498919165619
23.583689246772646 -0.9997636010482042
23.676174302642345 -0.9934829130706037
23.768659358512043 -0.9787105387252836
23.861144414381737 -0.9555727432637119
23.953629470251435 -0.9242672944579493
24.04611452612113 -0.8850617722022891
24.138599581990828 -0.8382912814034132
24.231084637860526 -0.7843555877079219
24.32356969373022 -0.7237157005492578
24.41605474959992 -0.6568899327200682
24.508539805469614 -0.5844494701504045
24.60102486133931 -0.5070134897585362
24.69350991720901 -0.42524386710408935
24.785994973078704 -0.33983951907919796
24.878480028948402 -0.25153042999292174
24.970965084818097 -0.161071412110354
25.063450140687795 -0.06923565397744533
25.155935196557493 0.023191888323369447
25.248420252427188 0.11542120049930764
25.340905308296886 0.2066639626078743
25.43339036416658 0.29614028713518903
25.52587542003628 0.3830853849991053
25.618360475905977 0.466756102500087
25.71084553177567 0.5464372733460562
25.80333058764537 0.6214478314579404
25.895815643515064 0.6911466323073542
25.988300699384762 0.7549379330292447
26.08078575525446 0.8122764844687493
26.173270811124155 0.8626721916386274
26.265755866993853 0.9056943027524795
26.358240922863548 0.9409750910284429
26.450725978733246 0.9682129977935889
26.54321103460294 0.9871752100236354
26.635696090472635 0.9976996502867751
26.728181146342333 0.9996963620827659
26.820666202212028 0.9931482787362625
26.913151258081726 0.9781113692723544
27.005636313951424 0.9547141600274562
27.09812136982112 0.923156636084527
27.190606425690817 0.8837085319224764
27.28309148156051 0.8367070258902638
27.37557653743021 0.7825538582118842
27.468061593299907 0.7217118971558251
27.560546649169602 0.6547011827192427
27.6530317050393 0.5820944816430448
27.745516760908995 0.5045123917509361
27.838001816778693 0.42261803745748133
27.93048687264839 0.33711140178483484
28.022971928518086 0.2487233433345303
28.115456984387784 0.15820934935363581
28.20794204025748 0.06634307829029382
28.300427096127176 -0.02609025296714099
28.392912151996875 -0.1183005806454134
28.48539720786657 -0.20949974706993205
28.577882263736267 -0.2989082373561641
28.670367319605962 -0.3857618422276943
28.76285237547566 -0.469318190011326
28.855337431345358 -0.5488630919776116
28.947822487215053 -0.6237166467907909
29.04030754308475 -0.6932390518909868
29.132792598954445 -0.7568360721364787
29.225277654824144 -0.8139641189635012
29.31776271069384 -0.8641348966499279
29.410247766563536 -0.906919575969474
29.502732822433234 -0.9419524595625356
29.59521787830293 -0.9689341076942988
29.687702934172627 -0.9876338976830822
29.780187990042325 -0.9978919951224364
29.872673045912023 -0.9996207200482289
29.965158101781714 -0.9928052963735315
30.057643157651412 -0.9775039781856026
30.15012821352111 -0.9538475518254604
30.24261326939081 -0.9220382180059594
30.335098325260507 -0.8823478635233467
30.427583381130198 -0.83511573733466
30.520068436999896 -0.780745550864415
30.612553492869594 -0.7197020273254509
30.705038548739292 -0.6525069295481633
30.79752360460899 -0.5797346002698716
30.89000866047868 -0.5020070530031944
30.98249371634838 -0.41998865544366565
31.074978772218078 -0.33438045085967083
31.167463828087776 -0.2459141660018835
31.259948883957474 -0.15534595674902718
31.352433939827165 -0.06344994494834254
31.444918995696863 0.028988398306128347
31.53740405156656 0.12117896640163112
31.62988910743626 0.212333770556447
31.722374163305957 0.30167367506767684
31.81485921917565 0.388435056888304
31.907344275045347 0.47187633261156375
31.999829330915045 0.5512842970738352
32.09231438678474 0.6259802193976757
32.18479944265444 0.6953256443696345
32.27728449852413 0.7587278495662579
32.36976955439383 0.815644911584065
32.46225461026353 0.8655903380704797
32.55473966613322 0.9081372259639069
32.647224722002925 0.9429219104009114
32.73970977787261 0.9696470731017726
32.832194833742314 0.9880842836659387
32.92467988961201 0.9980759520558241
33.01716494548171 0.9995366755804116
33.109650001351405 0.9924539688653906
33.2021350572211 0.9768883705705284
33.294620113090794 0.9529729259421061
33.387105168960495 0.9209120496232494
33.47959022483019 0.8809797784421681
33.57207528069989 0.8335174291123693
33.66456033656958 0.7789306808654659
33.75704539243928 0.71768610795234
33.849530448308975 0.650307191650902
33.94201550417868 0.5773698458671596
34.03450056004837 0.49949749457424
34.126985615918066 0.41735574316423507
34.21947067178776 0.33164668925904867
34.31195572765746 0.2431029216078727
34.40444078352716 0.1524812583651327
34.49692583939686 0.06055627827017135
34.589410895266546 -0.031886299979612044
34.68189595113625 -0.12405633357333996
34.77438100700594 -0.21516600924567691
34.866866062875644 -0.304436577024498
34.95935111874534 -0.3911050065109043
35.05183617461503 -0.47443050879801885
35.14432123048473 -0.5537008682829906
35.23680628635443 -0.628238530251852
35.329291342224124 -0.6974063922041909
35.42177639809382 -0.7606132494170155
35.51426145396352 -0.8173188482023407
35.60674650983321 -0.8670385036663897
35.69923156570291 -0.9093472425006716
35.791716621572604 -0.9438834353947291
35.884201677442306 -0.9703518880230958
35.976686733312 -0.988526364186431
36.069171789181695 -0.9982515195406664
36.16165684505139 -0.99944422938576
36.25414190092109 -0.9920942991649665
36.346626956790786 -0.976264551601696
36.43911201266049 -0.9520902897291629
36.531597068530175 -0.9197781404025435
36.62408212439988 -0.8796042881785409
36.71656718026957 -0.8319121146581767
36.80905223613927 -0.777109263470138
36.90153729200897 -0.7156641559815475
36.99402234787866 -0.6481019875176147
37.08650740374836 -0.5750002383121421
37.17899245961806 -0.4969837375584769
37.27147751548775 -0.41471932275045337
37.363962571357455 -0.3289101399619199
37.45644762722714 -0.24028963378275725
37.548932683096844 -0.14961527828151178
37.64141773896654 -0.057662102578867995
37.73390279483624 0.03478393362894207
37.826387850705935 0.126932657974481
37.91887290657563 0.21799643933090618
38.011357962445324 0.3071969200027166
38.103843018315025 0.393771668652903
38.19632807418472 0.4769806971012534
38.28881313005442 0.5561127852923071
38.38129818592411 0.6304915603708112
38.47378324179381 0.6994812779046775
38.566268297663505 0.7624922558407938
38.65875335353321 0.8189859147478407
38.7512384094029 0.868479381264937
38.843723465272596 0.9105496154088274
38.93620852114229 0.9448370264617794
39.02869357701199 0.9710485465338566
39.12117863288169 0.9889601355285976
39.21366368875139 0.9984186961012098
39.306148744621076 0.9993433822413417
39.39863380049078 0.9917262902955063
39.49111885636047 0.9756325265226918
39.583603912230174 0.951199650605742
39.67608896809987 0.9186364998750447
39.76857402396956 0.878221404294317
39.86105907983926 0.8302998074657364
39.95354413570896 0.7752813139885871
40.046029191578654 0.713636188408836
40.138514247448356 0.6458913356844097
40.23099930331804 0.5726257975228313
40.323484359187745 0.4944658030855919
40.41596941505744 0.41207941636307227
40.50845447092714 0.3261708259706986
40.600939526796836 0.2374743261739487
40.69342458266653 0.14674804058851135
40.785909638536225 0.054767442201756215
40.87839469440593 -0.03768127489768935
40.97087975027562 -0.12980791542776035
41.063364806145316 -0.2208250370206077
41.15584986201501 -0.3099546807999482
41.24833491788471 -0.39643502089935106
41.34081997375441 -0.4795268760853502
41.4333050296241 -0.5585200278281031
41.5257900854938 -0.6327392908164517
41.61827514136349 -0.7015502840303859
41.71076019723319 -0.7643648530433766
41.80324525310289 -0.8206460972078347
41.89573030897259 -0.8699129587546393
41.98821536484228 -0.911744334581683
42.08070042071198 -0.9457826755865344
42.17318547658167 -0.9717370427782075
42.265670532451374 -0.9893855940463209
42.35815558832107 -0.9985774803322301
42.45064064419077 -0.9992341349948392
42.54312570006046 -0.9913499453503539
42.63561075593016 -0.9749923006460792
42.728095811799854 -0.9503010160582186
42.820580867669555 -0.9174871376369597
42.91306592353925 -0.8768311384134949
43.005550979408945 -0.8286805210874959
43.09803603527864 -0.7734468477858649
43.19052109114834 -0.711602222280533
43.283006147018035 -0.6436752547332054
43.37549120288774 -0.5702465434578774
43.467976258757425 -0.4919437123203948
43.560461314627126 -0.4094360461921453
43.65294637049682 -0.3234287703110208
43.74543142636652 -0.23465702244587758
43.83791648223622 -0.14387956938704582
43.93040153810591 -0.05187232147026221
44.022886593975606 0.04057829943190022
44.11537164984531 0.13268208176485255
44.207856705715 0.22365177853866033
44.300341761584704 0.31270983623549975
44.39282681745439 0.39909504086311154
44.48531187332409 0.48206902434809273
44.57779692919379 0.5609225756560268
44.67028198506349 0.6349817026951861
44.762767040933184 0.7036133931900489
44.85525209680288 0.7662310252844208
44.94773715267257 0.8222993816274656
45.040222208542275 0.8713392240853906
45.13270726441197 0.9129313899768812
45.22519232028167 0.9467203748202281
45.31767737615136 0.972417370968913
45.41016243202106 0.9898027361633575
45.502647487890755 0.9987278708990486
45.59513254376046 0.9991164885645442
45.68761759963015 0.9909652674929198
45.780102655499846 0.9743438793533545
45.87258771136954 0.9493943936401702
45.96507276723924 0.9163300633493893
46.05755782310894 0.875433502222123
46.15004287897864 0.8270542691345593
