0.0 0.0
0.11655173948340214 0.11628803953548034
0.23310347896680428 0.23099817397087327
0.3496552184502065 0.3425739087012277
0.46620695793360856 0.4495012795942021
0.5827586974170107 0.5503293958742281
0.699310436900413 0.6436901271682598
0.8158621763838151 0.7283166675808224
0.9324139158672171 0.8030607249035929
1.0489656553506193 0.8669081017202084
1.1655173948340214 0.9189924569872685
1.2820691343174235 0.9586070613615068
1.398620873800826 0.9852143867658332
1.5151726132842278 0.9984534000740306
1.6317243527676302 0.998144461946554
1.748276092251032 0.9842917643454394
1.8648278317344342 0.9570832736538339
1.9813795712178366 0.9168881801719563
2.0979313107012385 0.8642518885971161
2.214483050184641 0.7998886174616522
2.331034789668043 0.7246717079465553
2.447586529151445 0.6396217735698683
2.564138268634847 0.5458928515460048
2.6806900081182494 0.44475674372731205
2.797241747601652 0.3375857596046683
2.9137934870850533 0.22583409552624575
3.0303452265684556 0.11101810279865149
3.146896966051858 -0.005304287588648574
3.2634487055352603 -0.12155470443101751
3.3800004450186623 -0.23615575312832585
3.496552184502064 -0.3475524192531472
3.6131039239854665 -0.45423316844379513
3.7296556634688685 -0.5547504563190797
3.846207402952271 -0.6477403701170451
3.962759142435673 -0.7319411355415154
4.079310881919075 -0.8062102376982223
4.195862621402477 -0.8695399238076016
4.312414360885879 -0.9210708773389242
4.428966100369282 -0.9601038780222962
4.545517839852684 -0.9861092895245567
4.662069579336086 -0.9987342460513972
4.778621318819488 -0.997807440361147
4.89517305830289 -0.9833414482219704
5.011724797786292 -0.9555325577720577
5.128276537269694 -0.9147581060982147
5.244828276753096 -0.8615713591726467
5.361380016236499 -0.7966940046217517
5.477931755719901 -0.7210063591920763
5.594483495203304 -0.6355354237877032
5.7110352346867055 -0.5414409481595329
5.8275869741701065 -0.4399996943337962
5.944138713653509 -0.3325881123083607
6.060690453136911 -0.22066366308922217
6.177242192620314 -0.10574504249370299
6.293793932103716 0.010608425937639937
6.410345671587118 0.12681794930414417
6.526897411070521 0.24130668788668544
6.643449150553922 0.3525211511867234
6.7600008900373245 0.4589522771412529
6.876552629520726 0.5591559084910853
6.993104369004128 0.6517723884599463
7.109656108487531 0.7355450098518189
7.226207847970933 0.8093370672319044
7.342759587454336 0.8721472808112324
7.459311326937737 0.9231233827491854
7.575863066421139 0.9615736815222704
7.692414805904542 0.986976447442926
7.8089665453879435 0.9989869919768654
7.925518284871346 0.9974423448001359
8.042070024354748 0.982363465133202
8.15862176383815 0.9539549573466002
8.275173503321552 0.9126022946970935
8.391725242804954 0.858866588865277
8.508276982288358 0.7934769762664466
8.624828721771758 0.7173207244444096
8.74138046125516 0.6314311927939341
8.857932200738563 0.5369738109720745
8.974483940221965 0.4352302652563991
9.091035679705367 0.3275811074244326
9.20758741918877 0.21548702213335647
9.324139158672171 0.10046900698169368
9.440690898155573 -0.01591226581151495
9.557242637638977 -0.13207762606996915
9.673794377122379 -0.24645083332097786
9.79034611660578 -0.3574799647033818
9.906897856089182 -0.46365847291131534
10.023449595572584 -0.5635456284399196
10.140001335055988 -0.6557860687534492
10.256553074539388 -0.739128189114333
10.37310481402279 -0.8124411255292111
10.489656553506192 -0.8747300993713764
10.606208292989594 -0.9251499154694476
10.722760032472998 -0.9630164305075314
10.8393117719564 -0.9878158361228766
10.955863511439802 -0.9992116307392608
11.072415250923203 -0.9970491855357271
11.188966990406607 -0.9813578425953385
11.305518729890009 -0.9523505167642979
11.422070469373411 -0.9104208066237792
11.538622208856813 -0.8561376537755173
11.655173948340213 -0.7902376229089708
11.771725687823619 -0.7136149074013357
11.888277427307019 -0.6273091960638243
12.00482916679042 -0.5324915656695042
12.121380906273822 -0.4304485906861812
12.237932645757224 -0.32256488582829596
12.354484385240628 -0.21030431830688212
12.47103612472403 -0.09519014470738671
12.587587864207432 0.02121565798321582
12.704139603690834 0.13733358674398732
12.820691343174236 0.25158804469725143
12.93724308265764 0.36242872028360673
13.053794822141041 0.46835162334203695
13.170346561624443 0.5679194926578944
13.286898301107843 0.6597812980699858
13.403450040591245 0.7426905725139279
13.520001780074649 0.8155223252554006
13.636553519558051 0.877288306818719
13.753105259041453 0.9271504184818666
13.869656998524855 0.9644320843853765
13.986208738008257 0.9886274319476499
14.10276047749166 0.9994081560182223
14.219312216975062 0.9966279736297176
14.335863956458464 0.9803246089022389
14.452415695941866 0.950719281167154
14.568967435425268 0.9082137032558901
14.685519174908672 0.8533846306837708
14.802070914392074 0.786976035690679
14.918622653875474 0.7098890123284868
15.035174393358876 0.6231695495724953
15.151726132842278 0.5279943383627722
15.268277872325681 0.42565480515873194
15.384829611809083 0.31753958865467724
15.501381351292485 0.205115697428619
15.617933090775887 0.08990860419508472
15.734484830259289 -0.026518453238274935
15.851036569742693 -0.14258568344625486
15.967588309226095 -0.25671817747665177
16.084140048709497 -0.36736727869086866
16.2006917881929 -0.4730315963885082
16.3172435276763 -0.5722773780834304
16.433795267159702 -0.6637579640011293
16.550347006643104 -0.7462320598205798
16.666898746126506 -0.8185805797188682
16.783450485609908 -0.8798218311763913
16.90000222509331 -0.929124835500959
17.016553964576715 -0.9658206033254444
17.133105704060117 -0.9894112120824585
17.249657443543516 -0.9995765622843806
17.366209183026918 -0.9961787209331847
17.48276092251032 -0.97926379312462
17.599312661993725 -0.949061296451065
17.715864401477127 -0.905981046691745
17.83241614096053 -0.8506075970481731
17.94896788044393 -0.7836923063785008
18.065519619927333 -0.706143144056391
18.182071359410735 -0.61901236979165
18.298623098894137 -0.5234822555843568
18.41517483837754 -0.420849043550397
18.53172657786094 -0.31250535729365625
18.648278317344342 -0.19992130548386278
18.764830056827748 -0.08462453404443547
18.881381796311146 0.03182050237902466
18.997933535794548 0.14783376840553458
19.114485275277953 0.2618410873194813
19.231037014761352 0.37229550097554404
19.347588754244757 0.47769826037657986
19.464140493728156 0.5766191621045244
19.58069223321156 0.6677159546607377
19.697243972694963 0.7497525513921881
19.813795712178365 0.8216158028735939
19.930347451661767 0.882330601162003
20.04689919114517 0.931073110975191
20.16345093062857 0.9671819482608293
20.280002670111976 0.9901671544751266
20.396554409595375 0.9997168447995137
20.513106149078776 0.9957014400861512
20.62965788856218 0.9781754251092376
20.74620962804558 0.9473766092645348
20.862761367528986 0.903722899748621
20.979313107012384 0.8478066310024116
21.09586484649579 0.7803865273623404
21.212416585979188 0.7023774079775474
21.328968325462593 0.6148377736863063
21.445520064945995 0.5189554442847079
21.562071804429397 0.4160314410744703
21.6786235439128 0.3074623333866754
21.795175283396198 0.19472128862028543
21.911727022879603 0.07933808292627398
22.02827876236301 -0.037121656228793334
22.144830501846407 -0.15307769396347465
22.26138224132981 -0.26695663008926285
22.377933980813214 -0.37721324847883114
22.494485720296613 -0.48235148400655375
22.611037459780018 -0.580944722562204
22.727589199263416 -0.6716551586881104
22.844140938746822 -0.7532519481773822
22.960692678230224 -0.8246279093215555
23.077244417713626 -0.8848145461896421
23.193796157197028 -0.9329951900885362
23.310347896680426 -0.968516080889188
23.42689963616383 -0.9908952378567122
23.543451375647237 -0.9998289996166796
23.660003115130635 -0.9951961445172314
23.776554854614037 -0.9770595354780502
23.89310659409744 -0.9456652670073551
24.00965833358084 -0.9014393259609851
24.126210073064247 -0.8449818113535231
24.242761812547645 -0.7770587916524907
24.35931355203105 -0.698591910043436
24.47586529151445 -0.6106458787115037
24.592417030997854 -0.5144140318286701
24.708968770481256 -0.41120213327740174
24.825520509964658 -0.30241065882256624
24.94207224944806 -0.18951579314380926
25.05862398893146 -0.0740493995784112
25.175175728414864 0.04242176563608114
25.291727467898266 0.15831731257874015
25.408279207381668 0.27206466185680694
25.52483094686507 0.3821203828366219
25.64138268634847 0.48699113635689617
25.757934425831873 0.5852539377539389
25.87448616531528 0.6755754652511313
25.991037904798677 0.756730151718305
26.107589644282083 0.8276168143151359
26.22414138376548 0.8872735963718622
26.340693123248887 0.9348910187620211
26.45724486273229 0.9698229636738137
26.573796602215687 0.9915954417421058
26.690348341699092 0.9999130235803279
26.80690008118249 0.994662848443252
26.923451820665896 0.9759161556273543
27.040003560149298 0.9439273178292789
27.1565552996327 0.8991303895787008
27.273107039116102 0.8421332175796938
27.389658778599504 0.7737091928770037
27.506210518082906 0.6947867567615678
27.62276225756631 0.6064368028089849
27.73931399704971 0.509858145991905
27.855865736533115 0.40636125603497625
27.972417476016513 0.2973504757335539
28.08896921549992 0.18430496551452022
28.20552095498332 0.06875863280146155
28.32207269446672 -0.04772068147879388
28.438624433950125 -0.16355247683117846
28.555176173433523 -0.2771650389042376
28.67172791291693 -0.38701676598343915
28.78827965240033 -0.491617086887901
28.904831391883732 -0.5895466864371038
29.021383131367134 -0.6794767640493589
29.137934870850536 -0.7601870641533928
29.254486610333938 -0.8305824337595044
29.371038349817344 -0.8897076825216571
29.487590089300742 -0.9367605436552445
29.604141828784147 -0.9711025598446882
29.720693568267546 -0.9922677464306063
29.837245307750948 -0.9999689143263885
29.953797047234353 -0.9941015668688518
30.07034878671775 -0.9747453177269028
30.186900526201157 -0.9421628106286616
30.303452265684555 -0.896796155565231
30.42000400516796 -0.8392609298279973
30.536555744651363 -0.7703378252790697
30.653107484134765 -0.6909620551924519
30.769659223618167 -0.6022106644039099
30.88621096310157 -0.5052879149572831
31.00276270258497 -0.4015089455484961
31.119314442068376 -0.2922819264912431
31.235866181551774 -0.17908895234251745
31.35241792103518 -0.06346593145467586
31.468969660518578 0.05301825466841554
31.58552140000198 0.1687830394259599
31.702073139485385 0.28225761772906643
31.818624878968784 0.39190226015628166
31.93517661845219 0.4962292054453751
32.05172835793559 0.5938228478323555
32.16828009741899 0.683358945317166
32.2848318369024 0.7636225882201159
32.4013835763858 0.8335246842149904
32.5179353158692 0.8921167361543898
32.6344870553526 0.9386037121678835
32.751038794836006 0.9723548333995232
32.867590534319405 0.9929121330064737
32.9841422738028 0.9999966702823382
33.10069401328621 0.9935123155860622
33.21724575276961 0.9735470547189975
33.33379749225301 0.9403717950510873
33.45034923173642 0.8944366895957966
33.566900971219816 0.8363650289121626
33.68345271070322 0.7669447837143571
33.80000445018662 0.6871179129466147
33.916556189670025 0.5979675824014833
34.03310792915343 0.5007034673112921
34.14965966863683 0.3966453383409359
34.266211408120235 0.28720515370264627
34.38276314760363 0.17386790038379174
34.49931488708703 0.05817144445172826
34.61586662657044 -0.05831433615419944
34.732418366053835 -0.17400885319773243
34.84897010553724 -0.28734225504818933
34.96552184502064 -0.3967767278985267
35.082073584504045 -0.5008273622642939
35.19862532398745 -0.598082301627059
35.31517706347085 -0.6872218998267969
35.431728802954254 -0.7670366272577143
35.54828054243765 -0.8364434828994177
35.66483228192106 -0.8945006894897352
35.78138402140446 -0.9404204724411667
35.89793576088786 -0.9735797491047693
36.01448750037127 -0.993528583339464
36.131039239854665 -0.9999962906672447
36.247590979338064 -0.9928951111738593
36.36414271882147 -0.972321400317563
36.48069445830487 -0.9385543214879688
36.59724619778827 -0.8920520580555473
36.71379793727167 -0.8334455963102849
36.83034967675508 -0.7635301636483481
36.94690141623848 -0.6832544381815457
37.06345315572188 -0.5937076761836435
37.180004895205286 -0.49610493204042333
37.296556634688685 -0.39177057125312387
37.41310837417209 -0.2821203002061403
37.529660113655495 -0.16864195653611055
37.646211853138894 -0.05287532075651225
37.76276359262229 0.06360877692736898
37.8793153321057 0.17922977111475885
37.995867071589096 0.29241880780196233
38.1124188110725 0.40164003206379056
38.22897055055591 0.5054114279724682
38.345522290039305 0.602324927978639
38.462074029522704 0.6910655188914612
38.57862576900611 0.7704290852099348
38.695177508489515 0.8393387476904509
38.81172924797292 0.896859475453586
38.92828098745631 0.94221077335933
39.04483272693972 0.9747772724966096
39.16138446642312 0.994117080085336
39.27793620590652 0.9999677754917888
39.394487945389926 0.9922499709976984
39.511039684873325 0.9710683890072039
39.62759142435673 0.9367104410751304
39.74414316384013 0.8896423280376736
39.860694903323534 0.8305027141625375
39.97724664280694 0.7600940611536412
40.09379838229034 0.679371739598686
40.210350121773736 0.5894310656056809
40.32690186125714 0.49149243852751734
40.44345360074055 0.38688478143986266
40.56000534022395 0.2770275090674483
40.676557079707344 0.1634112678348954
40.79310881919075 0.0475777093790062
40.909660558674155 -0.06890142802532429
41.02621229815755 -0.1844456462830291
41.14276403764096 -0.29748713315820596
41.25931577712436 -0.4064920358197649
41.37586751660776 -0.5099812735941497
41.49241925609116 -0.6065506075179887
41.608970995574566 -0.6948896943683868
41.72552273505797 -0.7737998666277225
41.84207447454136 -0.8422103971278792
41.95862621402477 -0.8991930276799222
42.075177953508174 -0.9439745645510768
42.19172969299158 -0.9759473698819291
42.308281432474985 -0.9946776066863439
42.424833171958376 -0.999911125558264
42.54138491144178 -0.9915769132090291
42.65793665092519 -0.9697880560422232
42.774488390408585 -0.934840205691378
42.89104012989199 -0.8872075673415281
43.00759186937539 -0.8275364652688735
43.124143608858795 -0.7566365729072733
43.24069534834219 -0.675469926440336
43.3572470878256 -0.5851378709928708
43.473798827309004 -0.4868661165481388
43.590350566792395 -0.3819881063661159
43.7069023062758 -0.2719269235756546
43.823454045759206 -0.15817598144902179
43.94000578524261 -0.042278759371013476
44.05655752472602 0.07419214053580146
44.17310926420941 0.1896563319504352
44.289661003692814 0.3025470885162036
44.40621274317622 0.41133260265211163
44.52276448265962 0.5145367705537003
44.63931622214302 0.610759221352811
44.75586796162643 0.6986943186618493
44.87241970110983 0.7771488766718924
44.988971440593225 0.8450583504159518
45.10552318007663 0.9015012805127128
45.222074919560036 0.9457117963909644
45.33862665904344 0.9770900083392582
45.45517839852683 0.9952101473716973
45.57173013801024 0.9998263424605535
45.688281877493644 0.9908759567447777
45.80483361697704 0.968480437445643
45.92138535646045 0.9329436679570225
46.037937095943846 0.8847478444707279
46.15448883542725 0.8245469330866693
46.27104057491065 0.7531577961879699
46.387592314394055 0.6715491084865972
46.50414405387746 0.5808282131371035
46.62069579336085 0.4822260962669506
46.73724753284426 0.3770806838030657
46.85379927232766 0.26681868723909535
46.97035101181107 0.15293624467676625
47.086902751294474 0.036978619822022024
47.203454490777865 -0.07948076560107296
47.32000623026127 -0.19486168151087913
47.436557969744676 -0.30759853151076144
47.553109709228075 -0.4161615963682524
47.66966144871148 -0.5190777906791909
47.78621318819488 -0.6149506510709468
47.902764927678284 -0.7024792847262101
48.01931666716168 -0.7804760211158254
48.13586840664509 -0.8478825274256023
48.25242014612849 -0.9037841690077241
48.368971885611884 -0.9474224200008158
48.48552362509529 -0.9782051557197017
48.602075364578695 -0.9957146871580127
48.7186271040621 -0.9997134285840862
48.835178843545506 -0.9901471213268213
48.9517305830289 -0.9671455700081802
49.0682823225123 -0.9310208812324188
49.18483406199571 -0.8822632286312042
49.30138580147911 -0.821534201728408
49.41793754096251 -0.7496578288734217
49.53448928044591 -0.6676093960522996
49.651041019929316 -0.5765022132934732
49.767592759412715 -0.47757250823398284
49.88414449889612 -0.3721626518243209
50.000696238379525 -0.261702943781409
50.11724797786292 -0.14769220494161994
50.23379971734632 -0.03167743985499539
50.35035145682973 0.08476715442218545
50.46690319631313 0.20006154850838395
50.58345493579653 0.3126413200161594
50.70000667527993 0.42097888110124554
50.816558414763335 0.5236042062059897
50.93311015424674 0.619124778743746
51.04966189373014 0.7062444860689383
51.166213633213545 0.7837812063481052
51.28276537269694 0.8506828486967296
51.39931711218035 0.9060416289343673
51.51586885166375 0.9491063872511077
51.63242059114715 0.9792927806478525
51.74897233063056 0.9961912118497265
51.86552407011395 0.9995723871057697
51.982075809597355 0.9893904274614308
52.09862754908076 0.9657834912872157
52.215179288564165 0.9290718996164442
52.331731028047564 0.8797537897292823
52.44828276753096 0.8184983559592852
52.56483450701437 0.7461367694375451
52.68138624649777 0.6636508999838608
52.79793798598117 0.5721599931768552
52.91448972546458 0.47290548338104055
53.031041464947975 0.3672341488019871
53.147593204431374 0.2565798371374521
53.26414494391478 0.14244400978809854
53.380696683398185 0.02637536862212738
53.49724842288159 -0.09005115826306123
53.61380016236498 -0.20525578664122124
53.73035190184839 -0.3176753121501976
53.84690364133179 -0.4257843213135893
53.9634553808152 -0.5281158897803991
54.080007120298596 -0.6232814869293407
54.196558859781994 -0.7099898167535912
54.3131105992654 -0.7870643393751395
54.429662338748805 -0.8534592354404407
54.546214078232204 -0.9082735967775104
54.66276581771561 -0.9507636507622977
54.77931755719901 -0.9803528525226561
54.895869296682406 -0.9966397080394984
55.01242103616581 -0.9994032219938987
55.12897277564922 -0.9886058964386871
55.24552451513262 -0.9643942396057414
55.362076254616014 -0.9270967779450001
55.47862799409942 -0.8772195983696902
55.595179733582825 -0.8154394811948354
55.71173147306623 -0.7425947169476783
55.82828321254963 -0.6596737316562096
55.94483495203303 -0.5678016749584991
56.06138669151643 -0.4682251530179765
56.17793843099984 -0.36229531340275967
56.294490170483236 -0.251449511449208
56.41104190996664 -0.13719180687767538
56.52759364945004 -0.021072555300737875
56.64414538893344 0.0953326284547257
56.760697128416844 0.21044424976607623
56.87724886790025 0.32270036627816784
56.993800607383655 0.4305777818010225
57.110352346867046 0.5326127144631846
57.22690408635045 0.6274206586759886
57.34345582583386 0.7137151714028054
57.46000756531726 0.7903253278238069
57.57655930480066 0.8562116095412415
57.69311104428406 0.910480009739254
57.809662783767465 0.952394163906173
57.92621452325086 0.9813853415182869
58.04276626273427 0.9970601631085926
58.159318002217674 0.9992059380080466
