0.0 0.0
0.12685278777629508 0.12651285004990462
0.25370557555259016 0.2509926306344324
0.38055836332888526 0.3714389438425144
0.5074111511051803 0.4859162098377627
0.6342639388814754 0.5925847717483026
0.7611167266577705 0.689730459068526
0.8879695144340656 0.775792134487038
1.0148223022103606 0.8493867814615387
1.1416750899866557 0.9093317293817301
1.2685278777629507 0.9546636591604836
1.395380665539246 0.9846540838322184
1.522233453315541 0.998821055384304
1.649086241091836 0.9969369096919655
1.7759390288681312 0.9790319250951017
1.902791816644426 0.9453938358234578
2.0296446044207213 0.8965632080894366
2.1564973921970165 0.8333247531550327
2.2833501799733114 0.7566947169724487
2.4102029677496066 0.6679045490476596
2.5370557555259015 0.5683811129693241
2.6639085433021967 0.459723756621079
2.790761331078492 0.3436786105603583
2.917614118854787 0.22211052759040092
3.044466906631082 0.09697311445829238
3.171319694407377 -0.02972266272845428
3.298172482183672 -0.1559407948538572
3.425025269959967 -0.27965294858814044
3.5518780577362623 -0.39887106183204807
3.6787308455125576 -0.5116792919999418
3.805583633288852 -0.6162648037307721
3.9324364210651472 -0.7109469012664659
4.0592892088414425 -0.7942040373385696
4.186141996617738 -0.8646982645286497
4.312994784394033 -0.9212967361675423
4.439847572170327 -0.963089911252648
4.566700359946623 -0.9894061708291091
4.693553147722918 -0.9998226109486962
4.820405935499213 -0.9941718387628827
4.9472587232755085 -0.9725446625364594
5.074111511051803 -0.9352886323530025
5.200964298828099 -0.8830024549631478
5.3278170866043935 -0.8165263725294171
5.454669874380688 -0.7369286598817627
5.581522662156984 -0.6454884572737932
5.708375449933278 -0.5436752145183708
5.835228237709574 -0.43312507683659435
5.962081025485869 -0.3156145919010954
6.088933813262164 -0.19303216060308565
6.215786601038459 -0.06734769033114613
6.342639388814754 0.059419061564533644
6.469492176591049 0.18523094539992904
6.596344964367344 0.3080661562808623
6.72319775214364 0.42595072463494105
6.850050539919934 0.5369902380268643
6.976903327696229 0.6394002844855307
7.103756115472525 0.7315351281167528
7.230608903248819 0.8119141561826938
7.357461691025115 0.8792456726417825
7.4843144788014095 0.9324476557854199
7.611167266577704 0.9706651463949652
7.738020054354 0.9932839869902025
7.8648728421302945 0.9999406913787148
7.991725629906591 0.9905282859018818
8.118578417682885 0.9651980285083088
8.24543120545918 0.924356978029068
8.372283993235476 0.8686614527166575
8.49913678101177 0.7990064831693612
8.625989568788066 0.7165114291331851
8.75284235656436 0.622501991320267
8.879695144340655 0.5184889073149626
9.00654793211695 0.406143673925759
9.133400719893245 0.287271686126322
9.26025350766954 0.16378322424460506
9.387106295445836 0.037662755637711036
9.513959083222131 -0.08906295582347624
9.640811870998427 -0.21435741997729918
9.76766465877472 -0.3362071468964372
9.894517446551017 -0.45265400379781373
10.02137023432731 -0.5618266823596834
10.148223022103606 -0.6619707707642
10.275075809879901 -0.7514769472057676
10.401928597656198 -0.8289068417937856
10.528781385432492 -0.893016151247342
10.655634173208787 -0.9427746349272871
10.78248696098508 -0.9773826708681573
10.909339748761376 -0.9962841057535096
11.036192536537673 -0.9991751923347271
11.163045324313968 -0.986009470668431
11.289898112090262 -0.956998514730695
11.416750899866557 -0.9126085324099275
11.543603687642852 -0.8535528735167557
11.670456475419147 -0.7807805662076559
11.797309263195443 -0.6954610660427295
11.924162050971738 -0.5989654627612253
12.051014838748031 -0.49284444678310885
12.177867626524328 -0.37880338951637693
12.304720414300624 -0.2586749379311785
12.431573202076917 -0.13438956380760983
12.558425989853212 -0.007944540932669239
12.685278777629508 0.1186281512152367
12.812131565405805 0.24329448150445043
12.938984353182098 0.36405105415839867
13.065837140958394 0.47895730345186993
13.192689928734689 0.5861666787243773
13.319542716510982 0.6839563185655355
13.44639550428728 0.7707547373064
13.573248292063575 0.8451670788930923
13.700101079839868 0.9059975323114161
13.826953867616163 0.9522685483451391
13.953806655392459 0.983236548853439
14.080659443168756 0.9984038761184448
14.20751223094505 0.9975267902360935
14.334365018721344 0.980619386031735
14.461217806497638 0.9479533665554006
14.588070594273933 0.9000536767966817
14.71492338205023 0.8376900677856989
14.841776169826526 0.7618647266455872
14.968628957602819 0.6737961713823281
15.095481745379114 0.5748996692236745
15.222334533155408 0.46676449318570634
15.349187320931705 0.35112838235539096
15.476040108708 0.22984961631406642
15.602892896484295 0.10487715246755945
15.729745684260589 -0.021780693822020535
15.856598472036884 -0.14808852299059994
15.983451259813181 -0.2720165602712726
16.110304047589477 -0.391573274302596
16.23715683536577 -0.5048373811629608
16.364009623142064 -0.6099887195241708
16.49086241091836 -0.70533750075858
16.617715198694658 -0.7893514639487207
16.74456798647095 -0.8606804994167218
16.871420774247245 -0.9181783450718373
16.99827356202354 -0.9609210069144053
17.125126349799835 -0.9882216076775941
17.251979137576132 -0.9996414249883329
17.378831925352426 -0.994996941663461
17.50568471312872 -0.9743627948424203
17.632537500905016 -0.938070576563721
17.75939028868131 -0.8867035050600119
17.886243076457607 -0.821087052404355
18.0130958642339 -0.7422756791220516
18.139948652010197 -0.6515358889435997
18.26680143978649 -0.5503258760100244
18.393654227562784 -0.44027209160120867
18.52050701533908 -0.3231431069614336
18.64735980311538 -0.2008211922481431
18.774212590891672 -0.07527206833200258
18.901065378667965 0.05148668246125899
19.027918166444262 0.177418039025841
19.15477095422056 0.30049827653328215
19.281623741996853 0.41874948781787236
19.408476529773147 0.5302713684693383
19.53532931754944 0.633271754844347
19.662182105325737 0.7260954242490918
19.789034893102034 0.8072506944721852
19.915887680878328 0.8754333952117163
20.04274046865462 0.929547826174114
20.169593256430918 0.9687243650468438
20.29644604420721 0.9923334423837176
20.42329883198351 0.9999956588255382
20.550151619759802 0.9915878820716825
20.6770044075361 0.9672452256239265
20.803857195312396 0.9273588775039658
20.930709983088686 0.8725698138372813
21.057562770864983 0.8037584983264345
21.184415558641277 0.7220307331439555
21.311268346417574 0.6286998886217899
21.43812113419387 0.5252657973073924
21.56497392197016 0.4133906515602599
21.691826709746458 0.2948722920160415
21.81867949752275 0.17161531617437517
21.94553228529905 0.04560047139711911
22.072385073075345 -0.08114717582643156
22.19923786085164 -0.2065907828255335
22.326090648627936 -0.3287144629379613
22.452943436404226 -0.44555568093555953
22.579796224180523 -0.5552367910889576
22.70664901195682 -0.6559952110526119
22.833501799733114 -0.7462117466740927
22.96035458750941 -0.8244366125460592
23.087207375285704 -0.8894127301490142
23.214060163061998 -0.9400959291822741
23.340912950838295 -0.9756717274464306
23.467765738614588 -0.9955684196235736
23.594618526390885 -0.999466264617749
23.72147131416718 -0.9873026238144973
23.848324101943476 -0.9592729676873322
23.975176889719773 -0.915827734574926
24.102029677496063 -0.8576650921086505
24.22888246527236 -0.7857197176147724
24.355735253048657 -0.701147777790993
24.48258804082495 -0.605308349034816
24.609440828601247 -0.49974157700026645
24.73629361637754 -0.38614392636028405
24.863146404153834 -0.26634091851260205
24.98999919193013 -0.14225779533596158
25.116851979706425 -0.015888580431920776
25.243704767482722 0.11073596495998766
25.370557555259015 0.2355809764232017
25.497410343035313 0.3566401867634444
25.62426313081161 0.4719681668488232
25.7511159185879 0.5797115887784694
25.877968706364197 0.6781390089786081
26.00482149414049 0.7656686926097598
26.131674281916787 0.840894032145228
26.258527069693084 0.9026061516425915
26.385379857469378 0.9498133334562164
26.512232645245675 0.9817569552022613
26.639085433021965 0.9979236808681387
26.76593822079826 0.9980537101545649
26.89279100857456 0.9821449534827194
27.019643796350852 0.9504530655739131
27.14649658412715 0.9034873370621165
27.27334937190344 0.8420025101614163
27.400202159679736 0.7669866499110998
27.527054947456033 0.6796452659082881
27.653907735232327 0.5813819396928027
27.780760523008624 0.47377576910344454
27.907613310784917 0.358555992076327
28.034466098561214 0.23757419768234797
28.16131888633751 0.11277457097426909
28.2881716741138 -0.013837350189490956
28.4150244618901 -0.1402269042645324
28.541877249666392 -0.26436300315954653
28.66873003744269 -0.3842507719498594
28.795582825218986 -0.4979636066430383
28.922435612995276 -0.6036741348263546
29.049288400771573 -0.6996835816565248
29.176141188547867 -0.7844490692783572
29.302993976324164 -0.8566084109690552
29.42984676410046 -0.9150020015645939
29.556699551876754 -0.9586914523877218
29.68355233965305 -0.9869746712130861
29.81040512742934 -0.9993971449334891
29.937257915205638 -0.9957592436141431
30.064110702981935 -0.9761194285582865
30.19096349075823 -0.9407933128303636
30.317816278534526 -0.8903485893342039
30.444669066310816 -0.8255959079523257
30.571521854087113 -0.7475758483512684
30.69837464186341 -0.6575421978008597
30.825227429639703 -0.5569418027338423
30.952080217416 -0.44739131783260006
31.078933005192294 -0.3306512262866496
31.20578579296859 -0.20859754871692346
31.332638580744888 -0.08319169540630175
31.459491368521178 0.043551053687126765
31.586344156297475 0.16959393460589584
31.71319694407377 0.29291143031814404
31.840049731850065 0.4115218209038827
31.966902519626363 0.5235190299188485
32.09375530740265 0.6271032551629753
32.22060809517895 0.7206098916150837
32.34746088295525 0.8025362817403259
32.47431367073154 0.8715658632914219
32.60116645850784 0.9265893265468411
32.72801924628413 0.9667224409878594
32.85487203406043 0.991320264938693
32.98172482183672 0.9999875098198012
33.108577609613015 0.9925848924602688
33.235430397389315 0.9692313733871204
33.3622831851656 0.9303022451221721
33.4891359729419 0.8764231012075571
33.615988760718196 0.8084597828781478
33.74284154849449 0.7275044649383722
33.86969433627079 0.6348581044443523
33.99654712404708 0.5320095342421246
34.12339991182338 0.4206115373300384
34.25025269959967 0.3024542865319354
34.377105487375964 0.17943657630715884
34.503958275152264 0.05353530900403941
34.63081106292856 -0.07322627408527727
34.75766385070485 -0.19881110633981816
34.884516638481145 -0.32120103159860475
35.01136942625744 -0.4384292360572271
35.13822221403374 -0.5486118550895149
35.26507500181003 -0.6499782470706611
35.391927789586326 -0.7408994476996463
35.51878057736262 -0.8199143475580895
35.64563336513892 -0.8857531722305994
35.772486152915214 -0.9373578876595595
35.89933894069151 -0.9738992028190689
36.0261917284678 -0.9947898964739234
36.153044516244094 -0.99969425386184
36.279897304020395 -0.9885334616508223
36.40675009179669 -0.961486874474371
36.53360287957298 -0.9189891326912268
36.66045566734928 -0.8617231776874411
36.78730845512557 -0.7906092769653208
36.91416124290187 -0.706790235386688
37.04101403067816 -0.6116130302268555
37.167866818454456 -0.5066071651649634
37.29471960623076 -0.39346009106357455
37.42157239400704 -0.27399008852710144
37.548425181783344 -0.15011704801794568
37.67527796955964 -0.023831617095985747
37.80213075733593 0.10283678941311246
37.92898354511223 0.22785260224188625
38.055836332888525 0.34920680940733984
38.18268912066482 0.46494924116003766
38.30954190844112 0.5732199093347357
38.436394696217405 0.6722788974772768
38.563247483993706 0.760534321411615
38.69010027177 0.8365679109186699
38.81695305954629 0.8991578014280983
38.943805847322594 0.9472981694588425
39.07065863509888 0.9802153962657906
39.19751142287518 0.9973804999417387
39.324364210651474 0.9985176361899191
39.45121699842777 0.9836085311592323
39.57806978620407 0.952892775106176
39.70492257398036 0.9068639721643479
39.831775361756655 0.8462618080949321
39.95862814953295 0.7720601634899527
40.08548093730924 0.6854514634498452
40.21233372508554 0.5878275152370128
40.339186512861836 0.4807571418455161
40.46603930063813 0.3659609709167543
40.59289208841442 0.24528378414496158
40.71974487619072 0.12066487151923007
40.84659766396702 -0.005893133188716689
40.97345045174331 -0.13235643487529017
41.100303239519604 -0.25669276032043886
41.2271560272959 -0.3769040169462155
41.3540088150722 -0.4910584022903147
41.48086160284849 -0.5973214481932414
41.60771439062479 -0.693985500817172
41.73456717840108 -0.7794971627505891
41.86141996617737 -0.8524822562025416
41.98827275395367 -0.9117679061262134
42.11512554172997 -0.9564013883947815
42.24197832950627 -0.9856654401381325
42.368831117282554 -0.9990897862023227
42.49568390505885 -0.9964586965009258
42.62253669283515 -0.9778144528110903
42.74938948061144 -0.9434566693027299
42.87624226838774 -0.8939374777199389
43.00309505616403 -0.8300526545891224
43.12994784394032 -0.7528288330400834
43.25680063171662 -0.6635070047470186
43.383653419492916 -0.5635225771141866
43.510506207269216 -0.454482306188518
43.6373589950455 -0.33813847598883234
43.7642117828218 -0.21636073919126014
43.8910645705981 -0.0911060716931169
44.01791735837439 0.035612676113047526
44.14477014615069 0.16175912597195724
44.27162293392698 0.2853060964923519
44.39847572170328 0.4042681800796491
44.52532850947957 0.5167336485608917
44.65218129725587 0.6208951747769273
44.779034085032166 0.7150788764435867
44.90588687280845 0.7977712155454121
45.03273966058475 0.8676433209868541
45.159592448361046 0.9235723436344047
45.28644523613735 0.9646595005729094
45.41329802391364 0.9902445186035711
45.54015081168993 0.9999162448758423
45.66700359946623 0.9935192541396091
45.79385638724252 0.9711563464387485
45.92070917501882 0.9331868951079484
46.047561962795115 0.8802210716206037
46.17441475057141 0.8131100400948095
46.3012675383477 0.7329322790324033
46.428120326123995 0.6409762501015396
46.554973113900296 0.5387196924765562
46.68182590167659 0.42780587547643006
46.80867868945288 0.310017191123329
46.935531477229176 0.18724651099062065
47.06238426500548 0.06146676763750348
47.18923705278177 -0.06530075054140443
47.31608984055807 -0.19101888154787364
47.44294262833436 -0.31366732710156897
47.56979541611065 -0.4312751189606861
47.69664820388695 -0.5419522925056235
47.823500991663245 -0.6439202585894191
47.950353779439546 -0.735540385577355
48.07720656721583 -0.8153403322604434
48.204059354992125 -0.8820377084714071
48.330912142768426 -0.9345606831753583
48.45776493054472 -0.9720652088620247
48.58461771832102 -0.9939485854423924
48.711470506097314 -0.999859145677065
48.8383232938736 -0.9897019064909535
48.9651760816499 -0.9636400953572614
49.092028869426194 -0.9220925272217257
49.218881657202495 -0.8657268741200579
49.34573444497879 -0.7954489356463117
49.47258723275508 -0.7123880826963598
49.599440020531375 -0.617879108406505
49.72629280830767 -0.5134407779437398
49.85314559608397 -0.4007514218538879
49.97999838386026 -0.2816219651840926
50.106851171636556 -0.15796682580325785
50.23370395941285 -0.03177314958639096
50.36055674718915 0.09493112314473005
50.487409534965444 0.2201098467501754
50.614262322741745 0.3417513912605393
50.74111511051803 0.4579009693971361
50.867967898294324 0.5666920501267132
50.994820686070625 0.6663763539326084
51.12167347384692 0.7553519477766631
51.24852626162322 0.8321889882640325
51.375379049399506 0.8956526993165185
51.5022318371758 0.9447232151019316
51.6290846249521 0.9786119693421855
51.75593741272839 0.9967743676230464
51.882790200504694 0.9989185390606631
52.00964298828098 0.9850100266850402
52.136495776057274 0.9552723411657137
52.263348563833574 0.9101833689812201
52.39020135160987 0.8504676927533091
52.51705413938617 0.7770849471585735
52.643906927162455 0.6912143975388102
52.770759714938755 0.5942359890326816
52.89761250271505 0.4877081707705234
53.02446529049135 0.3733428514986416
53.15131807826764 0.2529778890980311
53.27817086604393 0.12854755609248278
53.40502365382023 0.002051455767337191
53.53187644159652 -0.12447761158113929
53.658729229372824 -0.24900631587457475
53.78558201714912 -0.36953347299480405
53.912434804925404 -0.4841222039386821
54.039287592701704 -0.5909310605856106
54.166140380478 -0.6882436178847164
54.2929931682543 -0.7744960569135491
54.41984595603059 -0.8483022955465707
54.54669874380688 -0.9084762628822117
54.67355153158318 -0.9540509594769272
54.80040431935947 -0.984293997087111
54.92725710713577 -0.9987193681943108
55.05410989491207 -0.9970952561766309
55.18096268268836 -0.9794477606164483
55.307815470464654 -0.9460604778784774
55.43466825824095 -0.8974699436983345
55.56152104601725 -0.834457011019484
55.68837383379354 -0.7580343016372892
55.815226621569835 -0.6694299333029875
55.94207940934613 -0.5700677837941203
56.06893219712243 -0.46154460910899253
56.19578498489872 -0.34560438349727624
56.32263777267502 -0.2241102736839758
56.44949056045131 -0.09901469766291339
56.5763433482276 0.027672050783427944
56.7031961360039 0.1539141076314924
56.8300489237802 0.2776827550796914
56.9569017115565 0.3969890231712425
57.083754499332784 0.5099156526665366
57.21060728710908 0.6146479055198988
57.33746007488538 0.7095027278341756
57.46431286266167 0.792955796642837
57.59116565043797 0.8636660158760467
57.71801843821426 0.9204970678588983
57.84487122599055 0.9625356740080333
57.97172401376685 0.98910627127594
58.098576801543146 0.9997818684916716
58.22542958931945 0.9943909081358518
58.35228237709573 0.9730200232808084
58.479135164872034 0.9360126453916384
58.60598795264833 0.8839634853609595
58.73284074042462 0.8177089764674063
58.85969352820092 0.738313832840186
58.98654631597721 0.6470539394360115
59.11339910375351 0.5453958484874646
59.2402518915298 0.434973211916358
59.3671046793061 0.3175605284444345
59.493957467082396 0.19504462728724178
59.62081025485868 0.06939434668980907
59.74766304263498 -0.05737110542791544
59.874515830411276 -0.18321460026940048
60.00136861818758 -0.3061138249496241
60.12822140596387 -0.4240937811903954
60.25507419374016 -0.5352585236670707
60.38192698151646 -0.6378216279692887
60.50877976929275 -0.7301348985536628
60.63563255706905 -0.8107148553499961
60.762485344845345 -0.8782665733793593
60.88933813262163 -0.9317044922800598
61.01619092039793 -0.9701698613309931
61.143043708174226 -0.9930445396297766
61.269896495950526 -0.9999609296559928
61.39674928372682 -0.9908078845864735
61.52360207150311 -0.9657324944317497
61.65045485927941 -0.9251377222903198
61.77730764705571 -0.8696759287062841
61.904160434832 -0.8002383881943423
62.0310132226083 -0.7179409664022058
62.15786601038459 -0.6241061880794212
62.28471879816088 -0.5202419840213292
62.41157158593718 -0.4080174585262892
62.538424373713475 -0.28923606678452046
62.665277161489776 -0.1658066332396131
62.79212994926606 -0.039712676659601744
62.918982737042356 0.08701946513459183
63.045835524818656 0.21235319864545377
63.17268831259495 0.33427440288461124
63.29954110037125 0.45082379642396336
