0.0 0.0
0.09547056361602219 0.09532559990936473
0.19094112723204437 0.18978300212963506
0.2864116908480666 0.28251191626239264
0.38188225446408874 0.37266779447327975
0.47735281808011093 0.45942952338671433
0.5728233816961332 0.5420069025464067
0.6682939453121554 0.6196478413300466
0.7637645089281775 0.6916452087707671
0.8592350725441997 0.7573432738992134
0.9547056361602219 0.8161436779494637
1.0501761997762442 0.8675108840357
1.1456467633922665 0.9109770546655619
1.2411173270082885 0.9461463126672246
1.3365878906243107 0.9726983467229179
1.4320584542403327 0.9903913286707438
1.527529017856355 0.9990641160048601
1.6229995814723774 0.9986377195143032
1.7184701450883995 0.9891160226936233
1.8139407087044217 0.9705857463731516
1.9094112723204437 0.9432156588910368
2.004881835936466 0.9072550390005714
2.1003523995524884 0.8630314055122006
2.1958229631685104 0.8109475343479696
2.291293526784533 0.7514777901762028
2.3867640904005545 0.6851638060368194
2.482234654016577 0.6126095503059859
2.5777052176325994 0.5344758259287602
2.6731757812486214 0.45147425201909697
2.768646344864644 0.3643607826410461
2.8641169084806655 0.27392882180019534
2.959587472096688 0.18100199735198744
3.05505803571271 0.08642665964006192
3.1505285993287324 -0.008935826815192095
3.245999162944755 -0.10421692837280609
3.3414697265607765 -0.19854885262166042
3.436940290176799 -0.29107245198001014
3.532410853792821 -0.38094504856042405
3.6278814174088434 -0.4673481090335746
3.7233519810248654 -0.5494946995904444
3.8188225446408874 -0.6266366531053481
3.9142931082569103 -0.6980713832233351
4.009763671872932 -0.7631482833112591
4.105234235488954 -0.8212746519927494
4.200704799104977 -0.8719210912990266
4.296175362720998 -0.9146263282707964
4.391645926337021 -0.949001416097483
4.487116489953043 -0.9747332765310396
4.582587053569066 -0.9915875513110856
4.678057617185088 -0.9994107366314103
4.773528180801109 -0.9981315812077531
4.868998744417132 -0.9877617352136653
4.964469308033154 -0.9683956441741356
5.059939871649177 -0.9402096887833669
5.155410435265199 -0.9034605784809899
5.25088099888122 -0.8584830134175537
5.346351562497243 -0.8056866361034245
5.441822126113265 -0.7455523005045924
5.537292689729288 -0.6786276925653544
5.632763253345309 -0.6055223420448917
5.728233816961331 -0.5269020710984543
5.823704380577354 -0.4434829301638735
5.919174944193376 -0.3560246763835608
6.014645507809399 -0.26532385395861574
6.11011607142542 -0.1722065394571734
6.205586635041442 -0.07752081815057177
6.301057198657465 0.01787094009929707
6.396527762273487 0.11309993505251746
6.49199832588951 0.20729884886968833
6.587468889505531 0.2996097453891776
6.682939453121553 0.3891918839588162
6.778410016737576 0.4752293766559028
6.873880580353598 0.5569386191558252
6.96935114396962 0.633575427571113
7.064821707585642 0.7044418162606686
7.160292271201664 0.7688923548788849
7.255762834817687 0.8263400467664971
7.351233398433709 0.8762616751445064
7.446703962049731 0.9182025684196073
7.542174525665753 0.9517807412001046
7.637645089281775 0.9766903733071608
7.733115652897797 0.9927045950955591
7.828586216513821 0.9996775537160905
7.924056780129842 0.9975457415006547
8.019527343745864 0.9863285743715304
8.114997907361886 0.9661282150068333
8.210468470977908 0.937128642372717
8.305939034593932 0.8995939760967476
8.401409598209954 0.8538660709435724
8.496880161825976 0.8003614033016829
8.592350725441996 0.7395672780382581
8.687821289058018 0.6720373902689244
8.783291852674042 0.5983867824645592
8.878762416290064 0.5192862428243158
8.974232979906086 0.4354561959328487
9.069703543522108 0.34766014134386697
9.165174107138132 0.2566976998494567
9.260644670754154 0.16339733076773622
9.356115234370176 0.06860878657763333
9.451585797986196 -0.026804626378202353
9.547056361602218 -0.1219739106351308
9.642526925218242 -0.2160322921813105
9.737997488834264 -0.30812311478193855
9.833468052450286 -0.3974076421537446
9.928938616066308 -0.48307269692979055
10.02440917968233 -0.5643380668411431
10.119879743298354 -0.640463610662073
10.215350306914376 -0.7107559991999026
10.310820870530398 -0.7745750299345603
10.406291434146418 -0.8313394577959194
10.50176199776244 -0.8805322889739369
10.597232561378464 -0.9217054895470909
10.692703124994486 -0.9544840660443268
10.788173688610508 -0.9785694807759402
10.88364425222653 -0.993742370827554
10.979114815842552 -0.9998645459533978
11.074585379458576 -0.9968802471726567
11.170055943074598 -0.9848166546059645
11.265526506690618 -0.9637836399268126
11.36099707030664 -0.9339727656824751
11.456467633922662 -0.8956555405983463
11.551938197538686 -0.8491809467558618
11.647408761154708 -0.7949722611657529
11.74287932477073 -0.7335232006848015
11.838349888386752 -0.6653934253870833
11.933820452002774 -0.5912034413436669
12.029291015618798 -0.5116289492347633
12.124761579234818 -0.4273946902655255
12.22023214285084 -0.3392678454350637
12.315702706466862 -0.24805104827625757
12.411173270082884 -0.1545750747042356
12.506643833698908 -0.05969127655227305
12.60211439731493 0.035736172291747914
12.697584960930952 0.1308381465284202
12.793055524546974 0.2247484851858843
12.888526088162996 0.3166118803606808
12.98399665177902 0.4055916671120298
13.07946721539504 0.4908774435614482
13.174937779011062 0.5716924517960987
13.270408342627084 0.6473006523527068
13.365878906243106 0.717013427849769
13.46134946985913 0.7801958547132992
13.556820033475152 0.836272485875074
13.652290597091174 0.884732591776265
13.747761160707196 0.9251348119429106
13.843231724323218 0.957111174768052
13.93870228793924 0.980370448889528
14.034172851555262 0.9947007956400604
14.129643415171284 0.9999716984118908
14.225113978787306 0.9961351513638778
14.320584542403328 0.9832260966446609
14.416055106019352 0.9613621061497879
14.511525669635374 0.930742310711272
14.606996233251396 0.8916455864722007
14.702466796867418 0.8444280149643746
14.79793736048344 0.7895196400218394
14.893407924099462 0.7274205510673983
14.988878487715484 0.6586963284443837
15.084349051331506 0.5839728922762761
15.179819614947528 0.5039308017692492
15.27529017856355 0.41929905687792735
15.370760742179574 0.33084845878697017
15.466231305795594 0.23938458967928625
15.561701869411618 0.14574047572905952
15.657172433027641 0.050769000142967924
15.75264299664366 -0.04466486465067296
15.848113560259684 -0.1396919349178719
15.943584123875704 -0.23344673189021128
16.039054687491728 -0.3250753642924236
16.13452525110775 -0.4137433053344063
16.22999581472377 -0.4986429933372143
16.325466378339794 -0.5790011867686783
16.420936941955816 -0.6540860067011721
16.516407505571838 -0.7232136025508711
16.611878069187863 -0.7857543803889016
16.707348632803882 -0.8411387370987305
16.802819196419907 -0.888862248154812
16.898289760035926 -0.9284902617736329
16.99376032365195 -0.9596618575950866
17.089230887267973 -0.9820931338395493
17.184701450883992 -0.9955797930022868
17.280172014500017 -0.999999002535382
17.375642578116036 -0.9953105135706612
17.47111314173206 -0.9815570274946179
17.566583705348084 -0.9588638070366728
17.662054268964106 -0.9274375354128602
17.757524832580128 -0.8875644339155357
17.85299539619615 -0.8396076550935418
17.94846595981217 -0.7840039752649846
18.043936523428194 -0.7212598164862495
18.139407087044216 -0.651946634207999
18.234877650660238 -0.5766957126260314
18.330348214276263 -0.49619241512942047
18.42581877789228 -0.41116994221119624
18.521289341508307 -0.32240265369262056
18.616759905124326 -0.230699016080419
18.71223046874035 -0.1368942392901954
18.807701032356373 -0.04184266979880065
18.903171595972392 0.05358999049358628
18.998642159588417 0.1485345688232194
19.094112723204436 0.24212633773412098
19.18958328682046 0.3335128907629419
19.285053850436483 0.4218619059077189
19.380524414052505 0.506368726173321
19.475994977668527 0.5862636881520478
19.57146554128455 0.6608191318928877
19.66693610490057 0.7293560282155706
19.762406668516594 0.791250163109782
19.857877232132616 0.8459378228938379
19.953347795748638 0.8929209283540576
20.04881835936466 0.9317715711045947
20.14428892298068 0.962135910851888
20.239759486596707 0.983737398068586
20.335230050212726 0.9963792927257715
20.43070061382875 0.9999464561436209
20.52617117744477 0.994406399640825
20.621641741060795 0.9798095804320008
20.717112304676817 0.9562889420781369
20.812582868292836 0.9240587036755133
20.90805343190886 0.8834124088108093
21.00352399552488 0.8347202520519679
21.098994559140905 0.7784257073242993
21.194465122756927 0.7150414888796751
21.28993568637295 0.645144881645028
21.38540624998897 0.5693724834800553
21.480876813604993 0.4884144072300632
21.576347377221015 0.4030079953799728
21.671817940837037 0.31393110455457945
21.76728850445306 0.22199502102787308
21.86275906806908 0.12803707176488904
21.958229631685104 0.032912998292559496
22.053700195301126 -0.06251083714387975
22.14917075891715 -0.15736534215488301
22.24464132253317 -0.25078660964592325
22.340111886149195 -0.34192378603072576
22.435582449765214 -0.4299468205568757
22.531053013381236 -0.5140540251654007
22.62652357699726 -0.5934793760311498
22.72199414061328 -0.6674994902837973
22.817464704229305 -0.7354402143675228
22.912935267845324 -0.7966827640344231
23.00840583146135 -0.8506693600505383
23.10387639507737 -0.8969083082859766
23.199346958693393 -0.9349784779212923
23.294817522309415 -0.9645331369838336
23.390288085925434 -0.9853031102811597
23.48575864954146 -0.9970992309699854
23.58122921315748 -0.999814063432468
23.676699776773503 -0.9934228817684047
23.772170340389525 -0.9779838949914976
23.867640904005547 -0.9536377168786803
23.96311146762157 -0.9206060853009537
24.058582031237595 -0.8791898426996968
24.154052594853614 -0.8297661961016902
24.249523158469636 -0.7727852816278007
24.344993722085658 -0.7087660647848377
24.44046428570168 -0.6382916138794634
24.535934849317705 -0.5620037896025535
24.631405412933724 -0.4805973991497307
24.72687597654975 -0.39481386812056857
24.822346540165768 -0.3054344878310819
24.917817103781793 -0.21327329954083313
25.013287667397815 -0.1191696804032294
25.108758231013837 -0.023980698663821177
25.20422879462986 0.07142669226663954
25.299699358245878 0.16618354977035185
25.395169921861903 0.25942685609775223
25.490640485477925 0.35030737848078114
25.586111049093947 0.4379974036966387
25.68158161270997 0.5216982766377629
25.77705217632599 0.6006476742290116
25.872522739942013 0.6741265484433145
25.96799330355804 0.741465675180844
26.063463867174057 0.8020517493664111
26.15893443079008 0.8553329707527733
26.2544049944061 0.9008240695559062
26.349875558022124 0.9381107261503076
26.44534612163815 0.9668533445709899
26.540816685254168 0.9867901454542215
26.636287248870193 0.9977395502474316
26.73175781248621 0.9996018349735604
26.827228376102237 0.9923600384878872
26.92269893971826 0.9760801169551756
27.018169503334278 0.9509103431402113
27.113640066950303 0.9170799559828137
27.20911063056632 0.8748970727566178
27.304581194182347 0.8247458828270253
27.40005175779837 0.7670831485668315
27.49552232141439 0.7024340452980795
27.590992885030413 0.6313873781488079
27.686463448646435 0.5545902193881185
27.781934012262457 0.4727420150811653
27.87740457587848 0.38658821473892324
27.9728751394945 0.29691348198202455
28.068345703110523 0.2045345480539519
28.163816266726545 0.110292773271699
28.259286830342567 0.01504648416203197
28.354757393958593 -0.08033684392553009
28.45022795757461 -0.17498848753051588
28.545698521190637 -0.26804638716078866
28.641169084806656 -0.3586629986782668
28.736639648422678 -0.44601301248314845
28.832110212038703 -0.529300870192377
28.92758077565472 -0.6077680103527607
29.023051339270747 -0.6806997771969004
29.118521902886766 -0.747431929518899
29.21399246650279 -0.8073566903890712
29.309463030118813 -0.8599282826084573
29.404933593734835 -0.9046678994879827
29.500404157350857 -0.9411680656797584
29.59587472096688 -0.9690963483433997
29.6913452845829 -0.9881983848471267
29.786815848198923 -0.9983001994282344
29.882286411814945 -0.9993097877134662
29.977756975430967 -0.9912179546679416
30.07322753904699 -0.974098398340845
30.16869810266301 -0.9481070386451446
30.264168666279037 -0.9134805972846171
30.359639229895055 -0.870534441761799
30.45510979351108 -0.8196597131029751
30.5505803571271 -0.7613197634601133
30.64605092074312 -0.6960459360349284
30.741521484359147 -0.6244327257603944
30.83699204797517 -0.5471323648147364
30.932462611591188 -0.4648488822814644
31.02793317520721 -0.3783316920583495
31.123403738823235 -0.28836876741479694
31.218874302439257 -0.1957794643617274
31.314344866055283 -0.10140705919660256
31.409815429671298 -0.006111068189531264
31.50528599328732 0.08924058063963365
31.600756556903345 0.18377945235584983
31.696227120519367 0.2766445145603459
31.791697684135393 0.3669899794219458
31.887168247751408 0.4539930068652781
31.982638811367433 0.5368611987576221
32.078109374983455 0.6148398158393245
32.17357993859948 0.6872186516683285
32.2690505022155 0.7533385009727391
32.36452106583152 0.8125971634997028
32.45999162944754 0.8644549286792017
32.55546219306357 0.9084394911500976
32.65093275667959 0.9441502523792622
32.74640332029561 0.9712619691958794
32.84187388391163 0.9895277160111218
32.93734444752766 0.998781133744224
33.032815011143676 0.9989379449723336
33.1282855747597 0.9899967215046392
33.22375613837573 0.9720388973899136
33.31922670199174 0.9452280272390149
33.414697265607764 0.9098082966173002
33.51016782922379 0.866102298073924
33.605638392839815 0.8145080930632176
33.70110895645583 0.755495586517371
33.79657952007185 0.6896022470897069
33.89205008368788 0.6174282120473565
33.9875206473039 0.5396308213965346
34.08299121091992 0.45691863102197133
34.17846177453595 0.3700449593670886
34.273932338151965 0.279801026429944
34.369402901767984 0.18700874756281133
34.46487346538401 0.09251324770751278
34.560344029000035 -0.002824835755406958
34.65581459261606 -0.09813719144029805
34.75128515623207 -0.19255574228257574
34.8467557198481 -0.2852205517308396
34.94222628346412 -0.37528765579743883
35.03769684708014 -0.46193674963573206
35.13316741069617 -0.5443786586367703
35.228637974312186 -0.6218625260008221
35.32410853792821 -0.6936826513215916
35.41957910154423 -0.7591849178991128
35.515049665160255 -0.8177727502434208
35.61052022877628 -0.8689125475096299
35.7059907923923 -0.9121385433784117
35.80146135600832 -0.9470570481194381
35.89693191962434 -0.9733500342023137
35.99240248324037 -0.9907780327983238
36.08787304685639 -0.9991823147925085
36.183343610472406 -0.9984863364420261
36.27881417408843 -0.9886964365141756
36.37428473770446 -0.9699017785547608
36.469755301320475 -0.9422735388125901
36.5652258649365 -0.9060633472162487
36.66069642855253 -0.8616009956023014
36.756166992168545 -0.8092914340676798
36.85163755578456 -0.749611082802603
36.94710811940059 -0.6831034929948054
37.042578683016615 -0.6103743963242727
37.13804924663263 -0.5320861881362206
37.23351981024865 -0.44895189453797324
37.32899037386468 -0.3617286783656889
37.4244609374807 -0.27121094316667
37.51993150109672 -0.17822309800414027
37.61540206471275 -0.08361204898054675
37.710872628328765 0.01176051413552251
37.806343191944784 0.10702596592782639
37.90181375556081 0.2013166565187393
37.997284319176835 0.2937738138706065
38.09275488279286 0.38355536523036426
38.18822544640887 0.4698436064819181
38.2836960100249 0.5518526495561722
38.37916657364092 0.6288355800696779
38.47463713725695 0.7000912600024796
38.57010770087297 0.7649707134581573
38.665578264488985 0.8228830373465341
38.76104882810501 0.8733007831562194
38.85651939172103 0.9157647608014053
38.951989955337055 0.9498882207909193
39.04746051895308 0.9753603766294722
39.1429310825691 0.9919492353701915
39.23840164618512 0.9995037105385428
39.33387220980114 0.9979549981837534
39.42934277341717 0.9873172035250793
39.52481333703319 0.9676872124855954
39.620283900649206 0.9392438092835347
39.71575446426523 0.9022460481179074
39.81122502788126 0.8570308937786167
39.906695591497275 0.8040101526696838
40.0021661551133 0.7436667221969246
40.09763671872932 0.6765501926796148
40.193107282345345 0.6032718418425359
40.28857784596136 0.5244990674772456
40.38404840957739 0.44094930897810825
40.479518973193414 0.3533835131141225
40.574989536809426 0.2625992035482543
40.67046010042545 0.16942321722507556
40.76593066404148 0.07470417378173587
40.8614012276575 -0.020695253431595107
40.95687179127352 -0.11590619432831972
41.05234235488954 -0.21006149550010952
41.147812918505565 -0.3023036179965629
41.24328348212159 -0.3917924475391922
41.33875404573761 -0.47771294603662257
41.434224609353635 -0.5592825747132155
41.52969517296965 -0.635758421243365
41.62516573658567 -0.7064439659797617
41.7206363002017 -0.7706954256506461
41.81610686381772 -0.8279276167495859
41.91157742743375 -0.8776192852157502
42.00704799104976 -0.9193178538634602
42.102518554665785 -0.952643544322879
42.19798911828181 -0.9772928359503128
42.29345968189783 -0.9930412302055038
42.388930245513855 -0.9997452953186855
42.48440080912987 -0.9973439726251923
42.5798713727459 -0.9858591326699272
42.67534193636192 -0.9653953760168356
42.77081249997794 -0.9361390805775487
42.86628306359397 -0.8983567041358742
42.96175362720999 -0.8523923575282157
43.057224190826005 -0.7986646705826912
43.15269475444203 -0.7376629793610757
43.24816531805806 -0.6699428694290535
43.343635881674075 -0.5961211157453413
43.43910644529009 -0.5168700652557078
43.53457700890612 -0.4329115133536067
43.630047572522145 -0.3450101299788126
43.72551813613816 -0.25396649522720116
43.82098869975419 -0.16060980790131846
43.91645926337021 -0.06579033341020696
44.011929826986226 0.029628340199355372
44.10740039060225 0.12477716755023623
44.20287095421828 0.21878956094610533
44.2983415178343 0.31080928299878846
44.393812081450314 0.399998244988
44.48928264506634 0.48554413992838813
44.584753208682365 0.5666678408239447
44.68022377229839 0.6426304967289083
44.77569433591441 0.7127402619861064
44.87116489953043 0.7763585973549096
44.96663546314645 0.8329060856399018
45.06210602676247 0.8818677088532537
45.1575765903785 0.9227975388479841
45.25304715399452 0.9553227987010986
45.34851771761054 0.9791472578568108
45.44398828122656 0.9940539301078237
45.539458844842585 0.999907049842248
45.63492940845861 0.9966533085570961
45.73039997207463 0.9843223403765433
45.82587053569065 0.9630264521529867
45.92134109930667 0.9329596006090716
46.0168116629227 0.8943956258365859
46.11228222653872 0.8476857572409776
46.20775279015474 0.7932554146466222
46.30322335377076 0.7316003336974889
46.39869391738679 0.6632820508418242
46.494164481002805 0.5889227890224217
46.58963504461883 0.509199790651967
46.685105608234856 0.42483914948721824
46.78057617185087 0.33660919757938385
46.87604673546689 0.24531350753042624
46.97151729908292 0.15178357378886062
47.066987862698944 0.056871239641409464
47.16245842631496 -0.03855906112653901
47.25792898993098 -0.13363817724109386
47.35339955354701 -0.22750015591549463
47.44887011716303 -0.3192901296948592
47.54434068077905 -0.40817210233899953
47.63981124439508 -0.49333656283173616
