0.0 0.0
0.09273444716200398 0.09260158990861792
0.18546889432400795 0.18440740651851895
0.27820334148601195 0.274628515022027
0.3709377886480159 0.36248959882686127
0.4636722358100199 0.4472356222521311
0.5564066829720239 0.5281383189399822
0.6491411301340279 0.6045024502246215
0.7418755772960318 0.6756717796773225
0.8346100244580358 0.7410347124850596
0.9273444716200397 0.800029551200677
1.0200789187820438 0.8521493226992175
1.1128133659440478 0.8969461348598793
1.2055478131060517 0.9340350255343856
1.2982822602680557 0.9630972707255897
1.3910167074300597 0.9838831235474312
1.4837511545920636 0.9962139604289434
1.5764856017540678 0.9999838161188727
1.6692200489160716 0.995160294299823
1.7619544960780757 0.9817848459865464
1.8546889432400795 0.9599724133159608
1.9474233904020835 0.9299104417899894
2.0401578375640876 0.8918572694595313
2.1328922847260916 0.8461399068921365
2.2256267318880956 0.7931512270012699
2.3183611790500995 0.733346588886414
2.4110956262121035 0.6672399246970944
2.5038300733741075 0.5953993231484291
2.5965645205361114 0.5184421476413342
2.6892989676981154 0.43702973093989766
2.7820334148601193 0.35186169199730316
2.8747678620221233 0.26366992376875237
2.9675023091841273 0.17321230367721577
3.0602367563461312 0.0812661807812285
3.1529712035081356 -0.011378304387137222
3.245705650670139 -0.10392500990803713
3.338440097832143 -0.1955786341326518
3.431174544994147 -0.28555155012109185
3.5239089921561515 -0.37307057412757144
3.6166434393181555 -0.4573836099677495
3.709377886480159 -0.5377661121697656
3.8021123336421634 -0.6135273123677694
3.894846780804167 -0.6840161554313258
3.987581227966171 -0.7486268943184815
4.080315675128175 -0.8068042955730128
4.173050122290179 -0.8580484107323408
4.265784569452183 -0.9019188726429392
4.358519016614187 -0.9380386797627679
4.451253463776191 -0.9660974359302809
4.543987910938195 -0.9858540177589854
4.636722358100199 -0.9971386467352655
4.7294568052622035 -0.9998543482128531
4.822191252424207 -0.9939777847660594
4.914925699586211 -0.9795594567403295
5.007660146748215 -0.9567232682766872
5.100394593910218 -0.9256654625394426
5.193129041072223 -0.8866529352973053
5.285863488234226 -0.840020941350171
5.378597935396231 -0.7861702135114351
5.471332382558235 -0.7255635189039177
5.564066829720239 -0.6587216821629172
5.656801276882243 -0.5862191097210668
5.749535724044247 -0.5086788536371332
5.842270171206251 -0.42676725738781063
5.9350046183682545 -0.34118822963400836
6.027739065530258 -0.25267719517009274
6.1204735126922625 -0.16199477503872226
6.213207959854267 -0.06992025012130348
6.305942407016271 0.022755135625190118
6.398676854178275 0.11523497473628405
6.491411301340278 0.20672454018076017
6.584145748502283 0.2964376148605784
6.676880195664286 0.3836032479805461
6.769614642826291 0.4674723802267691
6.862349089988294 0.5473242808202822
6.955083537150298 0.6224727411289578
7.047817984312303 0.692271971612765
7.1405524314743065 0.7561221514268883
7.233286878636311 0.8134745829921144
7.326021325798314 0.8638364072365715
7.418755772960318 0.9067748389883432
7.5114902201223215 0.9419208861220181
7.604224667284327 0.9689725204986411
7.69695911444633 0.9876972734495327
7.789693561608334 0.9979342334996522
7.882428008770338 0.999595429163024
7.975162455932342 0.9926665849271636
8.067896903094347 0.9772072439299293
8.16063135025635 0.9533502562745813
8.253365797418354 0.921300637380214
8.346100244580358 0.8813338061783527
8.438834691742361 0.8337932182957977
8.531569138904366 0.7790874145629979
8.62430358606637 0.7176865102116523
8.717038033228373 0.6501181549316637
8.809772480390377 0.5769629985047808
8.902506927552382 0.49884970098106624
8.995241374714386 0.4164495302783357
9.08797582187639 0.3304705936301638
9.180710269038395 0.24165175245463252
9.273444716200398 0.15075627293648589
9.366179163362403 0.058565266886500204
9.458913610524407 -0.03412902075580298
9.55164805768641 -0.1265300200921967
9.644382504848414 -0.21784368160237336
9.737116952010417 -0.3072852998216689
9.829851399172423 -0.39408625672048986
9.922585846334426 -0.4775006268360916
10.01532029349643 -0.5568115873954244
10.108054740658433 -0.631337578343515
10.200789187820437 -0.7004381593411055
10.293523634982442 -0.7635195133993317
10.386258082144446 -0.82003954985586
10.47899252930645 -0.8695125628399936
10.571726976468453 -0.9115134051941223
10.664461423630456 -0.9456811419828736
10.757195870792462 -0.9717221521934674
10.849930317954467 -0.9894126519727566
10.94266476511647 -0.9986006177174837
11.035399212278474 -0.9992070924916351
11.128133659440477 -0.9912268645441805
11.220868106602483 -0.9747285120963416
11.313602553764486 -0.9498538140135117
11.40633700092649 -0.916816531426223
11.499071448088493 -0.8759005707703268
11.591805895250497 -0.8274575440323284
11.684540342412502 -0.771903747165948
11.777274789574506 -0.7097165826459428
11.870009236736509 -0.6414304569020151
11.962743683898513 -0.5676321878883
12.055478131060516 -0.4889559622535431
12.148212578222521 -0.406077885447614
12.240947025384525 -0.31971017159811604
12.333681472546528 -0.23059502308645916
12.426415919708534 -0.13949825241938943
12.519150366870537 -0.04720270120651693
12.611884814032543 0.04549848720205262
12.704619261194546 0.1378086836062376
12.79735370835655 0.22893461880223612
12.890088155518553 0.31809320055457857
12.982822602680557 0.4045182431122429
13.075557049842562 0.4874670514386147
13.168291497004565 0.5662268035735966
13.261025944166569 0.6401206762809539
13.353760391328573 0.7085136613400144
13.446494838490576 0.7708180224993458
13.539229285652581 0.8264983461979819
13.631963732814585 0.8750761426507343
13.724698179976588 0.9161339577581037
13.817432627138592 0.9493189605050033
13.910167074300595 0.9743459750199402
14.0029015214626 0.9909999312385969
14.095635968624606 0.9991377131119945
14.18837041578661 0.9986893884766356
14.281104862948613 0.98965881001771
14.373839310110617 0.9721235821609805
14.466573757272622 0.9462343941778626
14.559308204434625 0.9122137252346736
14.652042651596629 0.8703539325142238
14.744777098758632 0.8210147388395189
14.837511545920636 0.7646201413897143
14.930245993082641 0.7016547680733223
15.022980440244643 0.6326597128702488
15.115714887406648 0.5582278859316889
15.208449334568654 0.47899891839692543
15.301183781730655 0.39565366571251814
15.39391822889266 0.308908356689721
15.486652676054662 0.21950843858033625
15.579387123216668 0.1282221710633661
15.672121570378673 0.035834024192743105
15.764856017540676 -0.05686206295910118
15.857590464702682 -0.14906950502982644
15.950324911864683 -0.23999591583669255
16.04305935902669 -0.3288599177603841
16.135793806188694 -0.4148978565265186
16.228528253350696 -0.49737036368133
16.3212627005127 -0.5755687103667476
16.413997147674703 -0.6488208977935714
16.506731594836708 -0.7164974320742353
16.599466041998713 -0.7780167337889512
16.692200489160715 -0.8328501357981076
16.78493493632272 -0.8805264263521075
16.877669383484722 -0.9206358984573397
16.970403830646728 -0.9528338707000381
17.063138277808733 -0.9768436492717161
17.155872724970735 -0.9924589057420051
17.24860717213274 -0.9995454501454432
17.34134161929474 -0.9980423841451654
17.434076066456747 -0.987962624363774
17.526810513618752 -0.9693927913841275
17.619544960780754 -0.9424924653739263
17.71227940794276 -0.9074928147308905
17.805013855104765 -0.864694609533306
17.897748302266766 -0.8144656368673673
17.99048274942877 -0.757237540242744
18.083217196590773 -0.6935021102569371
18.17595164375278 -0.623807058384604
18.268686090914784 -0.5487513102099345
18.36142053807679 -0.4689798585496994
18.454154985238794 -0.3851782206967848
18.546889432400796 -0.29806654741596933
18.6396238795628 -0.20839343431636953
18.732358326724807 -0.11692948878267728
18.82509277388681 -0.024460707747808792
18.917827221048814 0.06821827678478538
19.010561668210816 0.16031102642439654
19.10329611537282 0.2510261405996059
19.196030562534826 0.33958405747219594
19.288765009696828 0.42522375311474786
19.381499456858833 0.5072092813823927
19.474233904020835 0.584836098278191
19.56696835118284 0.6574371164636805
19.659702798344846 0.724388437884962
19.752437245506847 0.7851147152509831
19.845171692668853 0.839094096290032
19.937906139830854 0.8858627082958744
20.03064058699286 0.9250186444255641
20.123375034154865 0.9562254174925507
20.216109481316867 0.9792148515749045
20.308843928478872 0.993789386589551
20.401578375640874 0.9998237760281156
20.49431282280288 0.9972661632648756
20.587047269964884 0.9861385271875307
20.679781717126886 0.966536493321269
20.77251616428889 0.938628512069227
20.865250611450893 0.9026544111311621
20.9579850586129 0.8589233345401286
21.050719505774904 0.8078110860281115
21.143453952936905 0.74975689955042
21.23618840009891 0.6852596647213991
21.328922847260912 0.6148736395982715
21.421657294422918 0.5392036876553097
21.514391741584923 0.45890007987955694
21.60712618874693 0.3746529066563041
21.699860635908934 0.2871861474659206
21.792595083070935 0.19725144935418645
21.88532953023294 0.1056216676409236
21.978063977394946 0.013084224375007654
22.070798424556948 -0.07956565839007886
22.163532871718953 -0.1715317923501631
22.256267318880955 -0.26202386500775426
22.34900176604296 -0.3502642312356263
22.441736213204965 -0.435494595983092
22.534470660366967 -0.5169825306971088
22.627205107528972 -0.5940277674592056
22.719939554690974 -0.665968216749433
22.81267400185298 -0.7321856571236577
22.905408449014985 -0.7921110479097763
22.998142896176986 -0.8452294192681777
23.090877343338992 -0.891084297593607
23.183611790500994 -0.9292816282286478
23.276346237663 -0.9594931617789718
23.369080684825004 -0.9814592749299416
23.461815131987006 -0.9949912015238762
23.55454957914901 -0.9999726547251592
23.647284026311013 -0.9963608263330852
23.740018473473018 -0.984186754654845
23.832752920635023 -0.9635550577773178
23.925487367797025 -0.9346430345298073
24.01822181495903 -0.8976991408636074
24.110956262121032 -0.8530408547416715
24.203690709283038 -0.801051947886462
24.296425156445043 -0.7421791878312991
24.389159603607045 -0.6769284986161495
24.48189405076905 -0.6058606131209893
24.57462849793105 -0.529586254398518
24.667362945093057 -0.44876088741545456
24.760097392255062 -0.364079086303494
24.852831839417068 -0.27626856552497614
24.945566286579073 -0.18608392624658637
25.038300733741075 -0.09430017166171818
25.13103518090308 -0.0017060469876626133
25.223769628065085 0.09090273862947697
25.316504075227087 0.1827303500545396
25.409238522389092 0.2729876651857507
25.501972969551094 0.36089905628856683
25.5947074167131 0.44570905536550454
25.687441863875105 0.5266888462828824
25.780176311037106 0.6031425278643644
25.87291075819911 0.6744130941292688
25.965645205361113 0.7398880802843396
26.05837965252312 0.7990048259501277
26.151114099685124 0.8512553103922745
26.243848546847126 0.8961905182061284
26.33658299400913 0.9334242979380745
26.429317441171133 0.9626366804844454
26.522051888333138 0.983576628751331
26.614786335495143 0.9960641949460007
26.707520782657145 0.9999920669612489
26.80025522981915 0.9953264905637673
26.892989676981152 0.9821075594617088
26.985724124143157 0.9604488707587394
27.078458571305163 0.9305365487554472
27.171193018467164 0.8926276454870777
27.26392746562917 0.8470479317426004
27.35666191279117 0.7941890975480409
27.449396359953177 0.7345053861717326
27.542130807115182 0.6685096905772698
27.634865254277184 0.5967691458693133
27.72759970143919 0.5199002556086533
27.82033414860119 0.4385635938786542
27.913068595763196 0.35345812863089
28.0058030429252 0.2653152150924811
28.098537490087207 0.17489231085280807
28.191271937249212 0.08296646663915722
28.284006384411214 -0.009672351281588217
28.37674083157322 -0.10222804969117875
28.469475278735224 -0.19390524966025197
28.562209725897226 -0.28391612165036445
28.65494417305923 -0.371487155740207
28.747678620221233 -0.45586580879591865
28.84041306738324 -0.5363269714630154
28.933147514545244 -0.6121791994056313
29.025881961707245 -0.6827706552448968
29.11861640886925 -0.7474947101342732
29.211350856031252 -0.8057951568345874
29.304085303193258 -0.8571709894901866
29.396819750355263 -0.9011807090310524
29.489554197517265 -0.9374461172023889
29.58228864467927 -0.9656555666176012
29.675023091841272 -0.9855666389052716
29.767757539003277 -0.997008227935464
29.860491986165282 -0.9998820102230825
29.953226433327288 -0.9941632898723758
30.045960880489286 -0.9799012108015266
30.13869532765129 -0.9572183344235706
30.231429774813297 -0.9263095864128679
30.324164221975302 -0.8874405816080833
30.416898669137307 -0.8409453414466659
30.509633116299305 -0.7872234235460908
30.60236756346131 -0.7267364880988294
30.695102010623316 -0.6600043305878535
30.78783645778532 -0.5876004149155152
30.880570904947326 -0.5101469453319947
30.973305352109325 -0.42830951951276375
31.06603979927133 -0.34279140873389613
31.158774246433335 -0.2543275142987308
31.25150869359534 -0.16367805215130812
31.344243140757346 -0.07162201994805228
31.436977587919348 0.021049497271505593
31.529712035081353 0.11354012528714937
31.622446482243358 0.2050550443530262
31.715180929405363 0.2948078194943292
31.80791537656737 0.3820271587492932
31.900649823729367 0.4659635412794541
31.993384270891372 0.5458956583894309
32.08611871805338 0.6211366121051238
32.17885316521538 0.6910398180428708
32.27158761237739 0.755004561843079
32.36432205953938 0.8124811614190045
32.45705650670139 0.8629756906589351
32.54979095386339 0.9060542239883616
32.6425254010254 0.941346565316648
32.735259848187404 0.9685494293232457
32.827994295349406 0.987429047745146
32.92072874251141 0.9978231782683135
33.013463189673416 0.999642498759706
33.10619763683542 0.9928713748585065
33.19893208399743 0.9775679943302609
33.29166653115943 0.9538638670293539
33.38440097832143 0.9219626947668883
33.47713542548344 0.8821386207957929
33.56986987264544 0.8347338739562437
33.66260431980745 0.7801558277264273
33.755338766969444 0.7188734994518333
33.84807321413145 0.6514135198368645
33.940807661293455 0.5783556073352094
34.033542108455464 0.500327586329637
34.126276555617466 0.41799999191279874
34.21901100277947 0.33208030763274854
34.31174544994147 0.24330688572136172
34.40447989710348 0.15244260205217222
34.49721434426548 0.06026830035392823
34.58994879142749 -0.032423917982989985
34.68268323858948 -0.12483750084294264
34.77541768575149 -0.21617829056893192
34.868152132913494 -0.3056613485695003
34.9608865800755 -0.3925177007016184
35.053621027237504 -0.4760009454626758
35.146355474399506 -0.5553936682042195
35.23908992156151 -0.630013606246608
35.33182436872352 -0.6992195119146749
35.42455881588552 -0.7624166631102417
35.51729326304753 -0.8190619740663669
35.61002771020953 -0.8686686623638536
35.70276215737153 -0.9108104321040738
35.79549660453353 -0.9451251372898254
35.88823105169554 -0.9713178939329723
35.98096549885754 -0.9891636141448795
36.07369994601955 -0.9985089404329297
36.16643439318155 -0.9992735635806692
36.259168840343555 -0.9914509127863965
36.35190328750556 -0.975108212129455
36.444637734667566 -0.9503859028789883
36.53737218182957 -0.9174964366095743
36.63010662899157 -0.8767224494950835
36.72284107615358 -0.8284143334700343
36.81557552331558 -0.7729872251307064
36.90830997047759 -0.7109174382518877
37.00104441763959 -0.6427383705765849
37.09377886480159 -0.5690359200536402
37.186513311963594 -0.49044344991400957
37.2792477591256 -0.40763634585332115
37.371982206287605 -0.32132621209372453
37.464716653449614 -0.23225475620116032
37.55745110061161 -0.14118741520915037
37.65018554777362 -0.048906777822872644
37.74291999493562 0.0437941407697588
37.83565444209763 0.13611871368734774
37.92838888925963 0.22727354818127002
38.02112333642163 0.3164753036694672
38.11385778358363 0.40295742338670193
38.20659223074564 0.48597672180284734
38.299326677907644 0.5648197712000409
38.39206112506965 0.6388090325256539
38.48479557223165 0.7073086778353246
38.577530019393656 0.7697300542910094
38.67026446655566 0.8255367427588357
38.76299891371767 0.8742491675358861
38.85573336087967 0.9154487175919149
38.94846780804167 0.9487813439102075
39.04120225520367 0.9739606020136617
39.13393670236568 0.9907701135301576
39.22667114952768 0.9990654256436827
39.31940559668969 0.9987752524520093
39.412140043851686 0.9899020875632738
39.504874491013695 0.97252218266711
39.597608938175696 0.9467848922644994
39.690343385337705 0.9129113901873769
39.78307783249971 0.871192768937654
39.87581227966171 0.8219875381789591
39.96854672682372 0.7657185438779025
40.06128117398572 0.7028693345702642
40.15401562114773 0.6339800059786012
40.24675006830973 0.5596425596907354
40.33948451547173 0.48049581578425515
40.43221896263373 0.3972199231156034
40.52495340979574 0.31053051444958796
40.617687856957744 0.2211725566573746
40.71042230411975 0.1299139488312772
40.80315675128175 0.03753892333123358
40.895891198443756 -0.05515869352907028
40.98862564560576 -0.14738230324169435
41.08136009276777 -0.23833938068701904
41.17409453992977 -0.3272482847114418
41.26682898709177 -0.4133449751736435
41.35956343425377 -0.4958895787361865
41.45229788141578 -0.5741727469793243
41.54503232857778 -0.6475217521983876
41.63776677573979 -0.7153062685005126
41.730501222901786 -0.7769437885206069
41.823235670063795 -0.8319046292081118
41.9159701172258 -0.8797164836670169
42.008704564387806 -0.9199684799330566
42.10143901154981 -0.9523147118087159
42.19417345871181 -0.9764772114138985
42.28690790587381 -0.9922483379075019
42.37964235303582 -0.9994925618524325
42.47237680019782 -0.9981476298900701
42.56511124735983 -0.9882250997155391
42.657845694521825 -0.9698102407564672
42.750580141683834 -0.9430613014087317
42.843314588845836 -0.9082081491262655
42.936049036007844 -0.8655502950512568
43.028783483169846 -0.8154543201602048
43.12151793033185 -0.758350725044196
43.21425237749386 -0.6947302303949424
43.30698682465586 -0.6251395599883952
43.39972127181787 -0.5501767424048738
43.49245571897987 -0.47048597186058405
43.58519016614187 -0.3867520723138985
43.67792461330387 -0.29969461241933426
43.77065906046588 -0.21006172190237365
43.86339350762788 -0.11862366249428793
43.95612795478989 -0.026166208675126052
44.04886240195189 0.06651610489224918
44.141596849113895 0.15862681120904884
44.2343312962759 0.24937435539282266
44.327065743437906 0.3379788969175542
44.41980019059991 0.42367901118609264
44.51253463776191 0.5057382328451051
44.60526908492391 0.5834513846122773
44.69800353208592 0.6561506372289976
44.79073797924792 0.7232112484621445
44.88347242640993 0.7840569318368673
44.976206873571925 0.8381648089639202
45.068941320733934 0.8850699029038261
45.161675767895936 0.9243691339538598
45.254410215057945 0.955724783520204
45.34714466221995 0.9788673963082585
45.43987910938195 0.993598095891202
45.53261355654395 0.9997902937578532
45.62534800370596 0.9973907771531444
45.71808245086796 0.9864201663628156
45.81081689802997 0.9669727375126441
45.903551345191964 0.9392156124050031
45.99628579235397 0.9033873223548606
46.089020239515975 0.8597957583669974
46.181754686677984 0.8088155252695213
46.274489133839985 0.7508847225410923
