0.0 0.0
0.11511752299066401 0.11486343432693696
0.23023504598132802 0.22820637360888826
0.34535256897199207 0.3385284502260613
0.46047009196265604 0.4443692849739522
0.57558761495332 0.5443278187101602
0.6907051379439841 0.6370808587568718
0.805822660934648 0.7214005945525728
0.9209401839253121 0.7961708506910242
1.036057706915976 0.8604018621992652
1.15117522990664 0.913243376468143
1.266292752897304 0.9539959083996702
1.3814102758879683 0.98211999978214
1.496527798878632 0.997243360322803
1.611645321869296 0.9991657958092857
1.7267628448599601 0.9878618581636279
1.8418803678506241 0.9634811823090738
1.9569978908412882 0.926346505390368
2.072115413831952 0.8769493945679643
2.187232936822616 0.8159437399391085
2.30235045981328 0.744137098722709
2.4174679828039443 0.6624800052886138
2.532585505794608 0.5720533885388891
2.6477030287852723 0.47405426320244604
2.7628205517759366 0.36977988445331095
2.8779380747666 0.26061057560443496
2.993055597757264 0.1479914561940044
3.1081731207479284 0.03341331233718023
3.223290643738592 -0.08160713742963949
3.3384081667292564 -0.19554731958279897
3.4535256897199202 -0.30689896055026106
3.568643212710584 -0.4141880523560838
3.6837607357012483 -0.5159943646769478
3.7988782586919125 -0.6109702450215337
3.9139957816825763 -0.6978584581669586
4.02911330467324 -0.7755088287042303
4.144230827663904 -0.842893466388424
4.259348350654569 -0.8991203727492929
4.374465873645232 -0.9434452488459456
4.489583396635896 -0.9752813478614389
4.60470091962656 -0.9942072421143843
4.719818442617225 -0.9999724016724132
4.8349359656078885 -0.9925005107210726
4.950053488598551 -0.9718904777879962
5.065171011589216 -0.9384151264495926
5.18028853457988 -0.8925175838519158
5.295406057570545 -0.8348054148523607
5.410523580561208 -0.7660425794309983
5.525641103551873 -0.6871393198346312
5.640758626542536 -0.5991401113216627
5.7558761495332 -0.5032098360087598
5.8709936725238645 -0.4006183628418762
5.986111195514528 -0.29272373781295213
6.101228718505193 -0.18095420694038497
6.216346241495857 -0.06678930998256795
6.33146376448652 0.04825970484514796
6.446581287477184 0.16266988589151918
6.561698810467848 0.27492673801371303
6.676816333458513 0.38354427057931073
6.791933856449177 0.48708466814223494
6.9070513794398405 0.5841773234037168
7.022168902430504 0.673536980511059
7.137286425421168 0.7539807485238202
7.252403948411833 0.824443759833087
7.367521471402497 0.8839932662568252
7.48263899439316 0.9318409862154431
7.597756517383825 0.9673535395428573
7.712874040374488 0.9900608318031352
7.827991563365153 0.9996622771260297
7.9431090863558165 0.9960307771871375
8.05822660934648 0.9792144036612721
8.173344132337144 0.9494357618777148
8.288461655327808 0.9070890441009022
8.403579178318473 0.8527348114435002
8.518696701309137 0.7870925734858556
8.6338142242998 0.7110312638284765
8.748931747290465 0.6255577376566219
8.864049270281129 0.5318034435795357
8.979166793271792 0.431009446174692
9.094284316262456 0.3245099974999054
9.20940183925312 0.21371487504400502
9.324519362243784 0.1000907199159731
9.43963688523445 -0.014858377693304115
9.554754408225113 -0.12961078877834686
9.669871931215777 -0.24264748795499214
9.78498945420644 -0.3524721614310681
9.900106977197103 -0.45763101433428816
10.015224500187768 -0.5567320151995294
10.130342023178432 -0.6484633228681829
10.245459546169096 -0.7316106518751014
10.36057706915976 -0.8050733464502431
10.475694592150424 -0.8678789503567964
10.59081211514109 -0.9191960796987745
10.705929638131753 -0.9583454282953656
10.821047161122417 -0.984808759939336
10.93616468411308 -0.9982357685052052
11.051282207103746 -0.9984487150971005
11.16639973009441 -0.9854447808524335
11.281517253085072 -0.9593961042563561
11.396634776075736 -0.920647502473049
11.5117522990664 -0.8697119068575334
11.626869822057065 -0.807263573070024
11.741987345047729 -0.7341291556733777
11.857104868038393 -0.6512767653628819
11.972222391029057 -0.5598031536824075
12.08733991401972 -0.46091919486814703
12.202457437010386 -0.35593385700281954
12.31757496000105 -0.24623687466084487
12.432692482991714 -0.1332803524138653
12.547810005982376 -0.018559542718695622
12.66292752897304 0.09640694736124171
12.778045051963705 0.21009725858910389
12.893162574954369 0.3210064250381956
13.008280097945033 0.4276662959517744
13.123397620935696 0.5286649702651264
13.23851514392636 0.6226654865270862
13.353632666917026 0.7084235208147294
13.46875018990769 0.7848038583665748
13.583867712898353 0.8507954208924575
13.698985235889017 0.905524650637297
13.814102758879681 0.9482670740283631
13.929220281870347 0.978456891833223
14.044337804861009 0.9956944688794619
14.159455327851672 0.9997516241916471
14.274572850842336 0.9905746515177839
14.389690373833 0.9682850302613077
14.504807896823666 0.9331778174077039
14.61992541981433 0.8857177417324967
14.735042942804993 0.8265330519931922
14.850160465795657 0.7564072005392253
14.96527798878632 0.6762684724274199
15.080395511776986 0.5871776973266718
15.19551303476765 0.4903142068744921
15.310630557758312 0.3869602233737017
15.425748080748976 0.2784838864826082
15.54086560373964 0.1663211425814307
15.655983126730305 0.051956736552932335
15.77110064972097 -0.06309544240299998
15.886218172711633 -0.17731240075024082
16.001335695702295 -0.28918220111517656
16.11645321869296 -0.39722397643045415
16.231570741683626 -0.5000075327881398
16.346688264674288 -0.5961722815112191
16.461805787664954 -0.6844452498317106
16.576923310655616 -0.7636579317605273
16.69204083364628 -0.8327617560871879
16.807158356636947 -0.89084196675295
16.92227587962761 -0.93712973185716
17.037393402618275 -0.9710123210048363
17.152510925608937 -0.9920412162736963
17.2676284485996 -0.9999380494324136
17.382745971590264 -0.9945982868166473
17.49786349458093 -0.9760926130846285
17.61298101757159 -0.9446659955349466
17.728098540562257 -0.9007344413725465
17.84321606355292 -0.8448794908483723
17.958333586543585 -0.7778405191692264
18.07345110953425 -0.700504949080707
18.188568632524913 -0.6138965036832952
18.303686155515578 -0.5191616549839589
18.41880367850624 -0.41755444756946825
18.533921201496906 -0.3104198982966941
18.649038724487568 -0.19917619174518794
18.764156247478233 -0.08529590711813803
18.8792737704689 0.029713474900876908
18.99439129345956 0.14432952729657675
19.109508816450226 0.2570350297214779
19.22462633944089 0.36633805257252927
19.339743862431554 0.47079170628369926
19.45486138542222 0.5690132944048117
19.56997890841288 0.6597026169294488
19.685096431403547 0.7416591815831177
19.800213954394206 0.8137980952386805
19.91533147738487 0.8751644250978481
20.030449000375537 0.924945839533701
20.1455665233662 0.962483361262252
20.260684046356864 0.9872800904987828
20.375801569347527 0.9990077826269187
20.490919092338192 0.9975111933091175
20.606036615328858 0.98281013352052
20.72115413831952 0.9550992073028365
20.836271661310185 0.9147452357097177
20.951389184300847 0.8622824010439358
21.066506707291513 0.7984051756640991
21.18162423028218 0.7239591289652615
21.29674175327284 0.6399297342252155
21.411859276263506 0.5474293234849056
21.526976799254168 0.44768236314666937
21.642094322244834 0.34200924520326476
21.7572118452355 0.23180880866001125
21.87232936822616 0.1185398225211749
21.987446891216827 0.0037016754580333445
22.102564414207492 -0.11118547222245058
22.217681937198154 -0.22460081157176584
22.33279946018882 -0.33504301658032826
22.44791698317948 -0.44105011785415305
22.563034506170144 -0.5412188553117084
22.678152029160813 -0.6342232537211062
22.79326955215147 -0.7188321751856499
22.908387075142137 -0.7939256162281606
23.0235045981328 -0.8585095337427017
23.138622121123465 -0.9117290035565667
23.25373964411413 -0.952879537417048
23.368857167104792 -0.9814164085953994
23.483974690095458 -0.9969618626610649
23.59909221308612 -0.9993101179741563
23.714209736076786 -0.9884300897025958
23.82932725906745 -0.9644658013049641
23.944444782058113 -0.9277344780320891
24.05956230504878 -0.8787223476844819
24.17467982803944 -0.8180782042127566
24.289797351030106 -0.7466048193622996
24.404914874020772 -0.665248316049864
24.520032397011434 -0.5750856441410804
24.6351499200021 -0.477310324417237
24.75026744299276 -0.37321664944440414
24.865384965983427 -0.2641825504844953
24.980502488974093 -0.15165135724617548
25.09562001196475 -0.03711269192930864
25.21073753495542 0.07791724952357545
25.32585505794608 0.19191576794340354
25.440972580936744 0.3033738175367365
25.55609010392741 0.4108159817523951
25.671207626918072 0.5128200039839139
25.786325149908738 0.6080356145716773
25.9014426728994 0.6952024048838784
26.016560195890065 0.7731665118697301
26.13167771888073 0.8408958922244704
26.246795241871393 0.897493983975763
26.36191276486206 0.9422115746473539
26.47703028785272 0.9744567188961621
26.592147810843386 0.99380257433895
26.70726533383405 0.9999930518424416
26.822382856824714 0.992946205481676
26.93750037981538 0.97275531729229
27.05261790280604 0.9396876624574251
27.167735425796707 0.8941809712749786
27.282852948787372 0.836837634739632
27.397970471778034 0.7684167304427536
27.5130879947687 0.6898239743466595
27.628205517759362 0.6020997314458032
27.743323040750028 0.5064052440226989
27.858440563740693 0.40400725980095575
27.97355808673135 0.2962612634788922
28.088675609722017 0.18459353361489528
28.20379313271268 0.07048226238508339
28.318910655703345 -0.04456201186126088
28.43402817869401 -0.1590164002259347
28.549145701684672 -0.2713658223754491
28.664263224675338 -0.38012306228944437
28.779380747666 -0.4838484551575717
28.894498270656666 -0.5811689448212842
29.00961579364733 -0.6707962594891564
29.124733316637993 -0.7515439651263132
29.23985083962866 -0.8223431707751218
29.35496836261932 -0.8822566779092694
29.470085885609986 -0.9304913865203979
29.585203408600652 -0.9664087937127026
29.700320931591314 -0.9895334458312874
29.81543845458198 -0.9995592322399067
29.93055597757264 -0.9963534374347469
30.045673500563307 -0.9799584978547412
30.160791023553973 -0.9505914401327801
30.275908546544635 -0.9086410082239252
30.3910260695353 -0.8546625174400153
30.50614359252596 -0.7893705035099733
30.621261115516624 -0.7136292639732079
30.73637863850729 -0.6284414171137014
30.851496161497952 -0.5349346298848424
30.966613684488618 -0.4343466905130273
31.08173120747928 -0.32800912338020655
31.196848730469945 -0.21732956308191495
31.31196625346061 -0.1037731209828024
31.427083776451273 0.011157009071761105
31.54220129944194 0.1259394491577156
31.6573188224326 0.23905477638451697
31.772436345423266 0.3490056361278036
31.88755386841393 0.4543365631351947
32.00267139140459 0.5536532481250844
32.117788914395256 0.6456409948384327
32.23290643738592 0.7290821232198124
32.34802396037659 0.8028720883546878
32.46314148336725 0.8660341017897565
32.57825900635791 0.9177320616878897
32.693376529348576 0.9572816206558471
32.80849405233924 0.9841592447352815
32.92361157532991 0.9980091436394646
33.03872909832057 0.998647980497261
33.15384662131123 0.9860672987595315
33.2689641443019 0.9604336341419862
33.38408166729256 0.922086310122669
33.49919919028323 0.871532946175971
33.614316713273894 0.809442738202561
33.72943423626455 0.7366376001049743
33.84455175925522 0.6540812837714816
33.95966928224588 0.5628666214916045
34.07478680523655 0.46420105968063863
34.189904328227215 0.35939067540935393
34.30502185121787 0.24982288731869687
34.42013937420854 0.13694808978226897
34.5352568971992 0.02226045343291915
34.65037442018986 -0.09272185379531418
34.76549194318053 -0.20647676328741174
34.880609466171194 -0.31749845400259546
34.99572698916186 -0.4243172856536187
35.11084451215252 -0.5255192529463777
35.22596203514318 -0.6197647033560139
35.34107955813385 -0.7058060706644288
35.456197081124515 -0.7825043895131268
35.57131460411518 -0.8488443723612858
35.68643212710584 -0.9039478492691292
35.801549650096504 -0.9470853925986099
35.91666717308717 -0.9776859727503597
36.031784696077835 -0.9953445171199674
36.1469022190685 -0.9998272722124851
36.26201974205916 -0.9910748979346458
36.377137265049825 -0.9692032531043503
36.49225478804049 -0.9345018617793204
36.607372311031156 -0.8874300807067488
36.72248983402182 -0.8286110186270184
36.83760735701248 -0.7588232879241965
36.952724880003146 -0.6789906978101113
37.06784240299381 -0.5901700254776842
37.18295992598448 -0.4935370271017593
37.298077448975135 -0.3903708738657028
37.4131949719658 -0.28203721904049134
37.52831249495647 -0.16997012026450947
37.64343001794713 -0.05565305632622702
37.7585475409378 0.059400710261407544
37.873665063928456 0.17366816494611892
37.98878258691912 0.2856367019132918
38.10390010990979 0.39382414707809843
38.21901763290045 0.49679837824023493
38.33413515589112 0.5931962826810132
38.44925267888178 0.6817418012532498
38.56437020187244 0.7612628201068545
38.67948772486311 0.8307066864472433
38.794605247853774 0.8891541429381374
38.90972277084444 0.9358314962931819
39.0248402938351 0.9701208589757078
39.13995781682576 0.9915683284330056
39.25507533981643 0.9998899955931525
39.370192862807095 0.9949757030874686
39.48531038579776 0.9768905034494104
39.60042790878841 0.9458737979871393
39.71554543177908 0.9023361677288358
39.83066295476974 0.8468539383909162
39.94578047776041 0.7801615513148517
40.060898000751074 0.7031418413617242
40.17601552374173 0.6168143504600583
40.2911330467324 0.5223218315053243
40.40625056972306 0.4209151212646917
40.52136809271373 0.3139365825305729
40.636485615704395 0.20280233470613704
40.75160313869505 0.08898350804389883
40.86672066168572 -0.02601323031721728
40.981838184676384 -0.14066562073128505
41.09695570766705 -0.253455961829354
41.212073230657715 -0.3628912009635837
41.327190753648374 -0.46752269836600835
41.44230827663904 -0.5659654033955727
41.557425799629705 -0.6569161890293882
41.67254332262037 -0.7391711018970536
41.787660845611036 -0.8116412995120643
41.902778368601695 -0.8733674637325867
42.01789589159236 -0.9235324996546386
42.133013414583026 -0.9614723518370918
42.24813093757369 -0.9866847946797026
42.36324846056436 -0.9988360805922233
42.478365983555015 -0.9977653579500407
42.59348350654568 -0.9834868003540186
42.70860102953635 -0.9561894190086492
42.82371855252701 -0.9162345607021417
42.93883607551768 -0.864151124508724
43.053953598508336 -0.800628560531664
43.169071121499 -0.7265077433655354
43.28418864448967 -0.6427698410895635
43.39930616748033 -0.5505233271377371
43.514423690471 -0.4509893069750185
43.62954121346166 -0.34548535381652606
43.74465873645232 -0.23540806736295994
43.85977625944299 -0.12221458642964113
43.974893782433654 -0.007403300194050709
44.09001130542432 0.10750598660479604
44.205128828414985 0.22099217195367546
44.32024635140564 0.3315529920250328
44.43536387439631 0.4377249072679958
44.550481397386974 0.538102475889967
44.66559892037764 0.6313569582740982
44.780716443368306 0.7162539060581354
44.89583396635896 0.7916695030407135
45.01095148934962 0.8566054416037779
45.12606901234029 0.9102021377256045
45.241186535330954 0.9517501096519836
45.356304058321626 0.9806993696012222
45.47142158131228 0.9966667041811098
45.58653910430294 0.9994407471439637
45.70165662729361 0.9889847773295241
45.816774150284274 0.9654372047582341
45.93189167327494 0.9291097384402404
46.0470091962656 0.8804832601536079
46.162126719256264 0.820201458812241
46.27724424224693 0.749062309688077
46.392361765237595 0.6680075112805693
46.50747928822826 0.5781100196620585
46.62259681121892 0.48055984531206947
46.737714334209585 0.37664830045371656
46.85283185720025 0.267750905416863
46.967949380190916 0.15530918030349444
47.08306690318158 0.04081156298669316
47.19818442617224 -0.07422629396043252
47.313301949162906 -0.18828158658815575
47.42841947215357 -0.2998445175592138
47.54353699514424 -0.4074382819640238
47.6586545181349 -0.5096386164013781
47.77377204112556 -0.6050926525453459
47.888889564116226 -0.6925368256259039
48.00400708710689 -0.7708136007612015
48.11912461009756 -0.8388867957281659
48.23424213308822 -0.895855297337468
48.34935965607888 -0.9409649898435267
48.46447717906955 -0.9736187374882345
48.57959470206021 -0.9933842890352838
48.69471222505088 -0.9999999996595409
48.809829748041544 -0.9933782944483963
48.9249472710322 -0.9736068276673008
49.04006479402287 -0.9409473224437982
49.155182317013534 -0.8958321062296585
49.2702998400042 -0.8388583879026156
49.385417362994865 -0.7707803522641105
49.50053488598552 -0.6924991765814592
49.61565240897619 -0.6050511013296003
49.730769931966854 -0.5095937130450469
49.84588745495752 -0.4073906208715131
49.961004977948186 -0.2997947296402246
50.07612250093884 -0.18823033090608937
50.1912400239295 -0.07417424900805311
50.306357546920175 0.04086370826872277
50.42147506991084 0.15536073564637778
50.536592592901506 0.26780118836108757
50.65171011589216 0.3766966453830268
50.76682763888282 0.480605612264546
50.88194516187349 0.5781526028015256
50.997062684864154 0.6680463469162958
51.11218020785482 0.7490968837366032
51.22729773084548 0.8202313136025055
51.342415253836144 0.8805080004853416
51.45753277682681 0.9291290368153869
51.572650299817475 0.9654508057161731
51.68776782280814 0.9889925008287196
51.8028853457988 0.999442490945245
51.918002868789465 0.9966624452010551
52.03312039178013 0.9806891642177187
52.148237914770796 0.95173409295794
52.26335543776146 0.9101805217406589
52.37847296075212 0.8565785124677153
52.493590483742786 0.7916376172257034
52.60870800673345 0.7162174856499604
52.72382552972412 0.6313164853848551
52.83894305271478 0.538058486276121
52.95406057570544 0.43767798323836443
53.069178098696106 0.33150375473250315
53.18429562168677 0.22094127317275666
53.29941314467744 0.10745410010382354
53.4145306676681 -0.007455487571887041
53.52964819065876 -0.12226638385831223
53.64476571364943 -0.23545878917837018
53.75988323664009 -0.34553432859291267
53.87500075963076 -0.45103588641290715
53.990118282621424 -0.5505668946457322
54.10523580561208 -0.6428098199464392
54.22035332860275 -0.7265436043545441
54.33547085159341 -0.8006598289459821
54.45058837458408 -0.864177386435352
54.565705897574745 -0.9162554685010318
54.6808234205654 -0.9562046959145711
54.79594094355607 -0.9834962441402187
54.911058466546734 -0.997768843605194
55.0261759895374 -0.9988335619752626
55.141293512528065 -0.9866763051306076
55.256411035518724 -0.9614580037355561
55.37152855850939 -0.9235124829324476
55.486646081500055 -0.8733420433594157
55.60176360449072 -0.8116108119879598
55.716881127481386 -0.7391359507980534
55.83199865047204 -0.6568768396652177
55.9471161734627 -0.5659223766501189
56.06223369645337 -0.4674765638021932
56.177351219444034 -0.3628425692838063
56.2924687424347 -0.2534054767913888
56.40758626542536 -0.1406139506265804
56.522703788416024 -0.02596105912442871
56.63782131140669 0.08903548971299749
56.752938834397355 0.20285343874858283
56.86805635738802 0.3139861324608978
56.98317388037868 0.42096246116985675
57.098291403369345 0.5223663347273256
57.21340892636001 0.6168554278912401
57.328526449350676 0.7031789492430535
57.44364397234134 0.7801941984338666
