0.0 0.0
0.11549988268207662 0.11524325488552095
0.23099976536415323 0.22895084737572433
0.34649964804622985 0.33960757838999794
0.46199953072830646 0.4457389027952996
0.577499413410383 0.5459305783089344
0.6929992960924597 0.6388475108417694
0.8084991787745363 0.7232515451601579
0.9239990614566129 0.7980179637989036
1.0394989441386895 0.8621504743706545
1.154998826820766 0.9147944855598481
1.2704987095028428 0.9552484948932835
1.3859985921849194 0.9829734365407312
1.501498474866996 0.997599864582405
1.6169983575490725 0.9989328760233857
1.732498240231149 0.986954707953866
1.8479981229132258 0.9618249742470171
1.9634980055953024 0.9238785386403853
2.078997888277379 0.8736210525428564
2.1944977709594555 0.8117222170276934
2.309997653641532 0.7390068587982814
2.4254975363236086 0.6564439390428989
2.5409974190056857 0.5651336416399158
2.656497301687762 0.46629271276824186
2.7719971843698388 0.361238247278567
2.887497067051915 0.2513701378784774
3.002996949733992 0.13815242100305802
3.1184968324160685 0.023093767944716972
3.233996715098145 -0.09227261879429913
3.349496597780222 -0.2064094360375509
3.464996480462298 -0.31779576511317376
3.5804963631443747 -0.42494733870258433
3.6959962458264517 -0.526436319295259
3.8114961285085283 -0.6209103256937892
3.926996011190605 -0.7071104540334298
4.042495893872681 -0.7838880531788563
4.157995776554758 -0.8502200309592732
4.2734956592368345 -0.905222487280175
4.388995541918911 -0.9481624924451032
4.504495424600988 -0.9784678537365579
4.619995307283064 -0.9957347401124701
4.735495189965142 -0.9997330634161142
4.850995072647217 -0.9904095443926839
4.966494955329294 -0.9678884226566412
5.081994838011371 -0.932469801149236
5.197494720693447 -0.8846256471469659
5.312994603375524 -0.824993503109126
5.428494486057601 -0.754367991169933
5.5439943687396775 -0.6736902244812392
5.659494251421754 -0.5840352665039396
5.77499413410383 -0.48659780535801445
5.890494016785907 -0.382676234126212
6.005993899467984 -0.2736553492476974
6.121493782150061 -0.16098789755245463
6.236993664832137 -0.04617521782961126
6.3524935475142135 0.06925276511151651
6.46799343019629 0.18375792730049564
6.583493312878367 0.29581444172195737
6.698993195560444 0.40392911056993686
6.81449307824252 0.5066612627049626
6.929992960924596 0.6026419511723496
7.045492843606674 0.6905921949670708
7.160992726288749 0.7693400219664284
7.276492608970827 0.8378360859266378
7.391992491652903 0.8951676494405891
7.507492374334979 0.940570746528316
7.6229922570170565 0.9734403627887784
7.738492139699133 0.9933384974583745
7.85399202238121 0.9999999999460405
7.969491905063286 0.9933361030707661
8.084991787745363 0.9734356059197327
8.20049167042744 0.940563690565013
8.315991553109516 0.8951583884065571
8.431491435791592 0.8378247432288541
8.546991318473669 0.7693267487508714
8.662491201155746 0.6905771681046375
8.777991083837822 0.6026253709019845
8.893490966519899 0.5066433499653892
9.008990849201975 0.4039101040555628
9.124490731884052 0.29579459470217884
9.239990614566128 0.18373750424477653
9.355490497248205 0.06923203816523052
9.470990379930283 -0.046195972471629064
9.58649026261236 -0.1610084033263098
9.701990145294435 -0.2736753329057606
9.817490027976511 -0.3826954293782615
9.932989910658588 -0.4866159564196499
10.048489793340666 -0.5840521315050189
10.163989676022743 -0.6737055786888854
10.279489558704817 -0.7543816299831961
10.394989441386894 -0.8250052447853737
10.51048932406897 -0.8846353352236727
10.625989206751049 -0.932477306528912
10.741489089433125 -0.9678936453271035
10.856988972115202 -0.9904124147597632
10.972488854797277 -0.9997335432310227
11.087988737479355 -0.9957328229814827
11.203488620161432 -0.9784635652062104
11.318988502843508 -0.9481558896617754
11.434488385525585 -0.9052136582285915
11.54998826820766 -0.8502090932900734
11.665488150889738 -0.7838751526408485
11.780988033571814 -0.7070957625314358
11.896487916253891 -0.6208940389979405
12.011987798935968 -0.5264186544322821
12.127487681618044 -0.4249285310638333
12.242987564300122 -0.3177760653179441
12.358487446982197 -0.20638910659348436
12.473987329664274 -0.09225193059935587
12.58948721234635 0.023114539212077626
12.704987095028427 0.13817299855740323
12.820486977710505 0.2513902475156788
12.93598686039258 0.36125762102967535
13.051486743074657 0.46631109247028774
13.166986625756733 0.5651507823760291
13.28248650843881 0.6564596124059255
13.397986391120888 0.739020855934401
13.513486273802965 0.8117343514194759
13.62898615648504 0.8736311624946843
13.744486039167116 0.9238864894331141
13.859985921849193 0.9618306599331584
13.97548580453127 0.9869580527693816
14.090985687213347 0.9989338353972728
14.206485569895424 0.9975984257306232
14.321985452577499 0.9829696186365554
14.437485335259575 0.9552423488118116
14.552985217941654 0.9147860932000695
14.66848510062373 0.8621399475641154
14.783984983305807 0.798005442819505
14.899484865987882 0.7232371968549521
15.014984748669958 0.6388315264076524
15.130484631352036 0.545913170744873
15.245984514034113 0.44572030406403806
15.36148439671619 0.3395880363270581
15.476984279398266 0.22893062238689924
15.592484162080341 0.11522261647686557
15.70798404476242 -2.0776813451586288e-05
15.823483927444496 -0.11526389324443023
15.938983810126572 -0.22897107226571664
16.05448369280865 -0.33962712030633707
16.169983575490726 -0.44575750133414593
16.285483458172802 -0.5459479856373304
16.40098334085488 -0.6388634950001121
16.516483223536955 -0.723265893153154
16.63198310621903 -0.7980304844338164
16.74748298890111 -0.8621610008050236
16.862982871583185 -0.9148028775247316
16.97848275426526 -0.9552546405623977
17.093982636947338 -0.982977254020581
17.209482519629415 -0.9976013030035469
17.32498240231149 -0.9989319162182835
17.440482284993568 -0.9869513627123058
17.555982167675644 -0.9618192881456789
17.67148205035772 -0.9238705874488402
17.786981933039797 -0.8736109422139071
17.902481815721874 -0.811710082285511
18.01798169840395 -0.7389928613431516
18.133481581086027 -0.6564282653965012
18.248981463768104 -0.5651165006598484
18.36448134645018 -0.46627433286490944
18.479981229132257 -0.36121887337152164
18.595481111814333 -0.2513500281327672
18.71098099449641 -0.13813184338907664
18.826480877178486 -0.023072996667388178
18.941980759860567 0.09229330694941315
19.05748064254264 0.20642976539251373
19.17298052522472 0.31781546477121947
19.288480407906793 0.42496614615789496
19.40398029058887 0.5264539839309846
19.51948017327095 0.6209266121216073
19.634980055953022 0.7071251452301798
19.750479938635102 0.7839009533784796
19.865979821317175 0.8502309682614535
19.981479703999252 0.9052313159409948
20.096979586681332 0.9481690948191326
20.212479469363405 0.9784721418445238
20.327979352045485 0.995736656813623
20.44347923472756 0.999732583169645
20.558979117409635 0.990406673598069
20.674479000091715 0.9678831995683643
20.789978882773788 0.9324622953670365
20.905478765455868 0.8846159586883859
21.02097864813794 0.8249817610767495
21.13647853082002 0.7543543520310262
21.251978413502098 0.6736748699827771
21.36747829618417 0.5840184012507491
21.48297817886625 0.48657965408632325
21.598478061548324 0.38265703870897205
21.713977944230404 0.273635365471502
21.82947782691248 0.1609673917091066
21.944977709594554 0.04615446316766428
22.060477592276634 -0.06927349202790951
22.17597747495871 -0.1837783502768926
22.291477357640787 -0.2958342886140416
22.406977240322863 -0.4039481169099444
22.522477123004936 -0.506679175225821
22.637977005687016 -0.6026585311825701
22.753476888369093 -0.6906072215313919
22.86897677105117 -0.7693532948498808
22.984476653733246 -0.8378474282627478
23.09997653641532 -0.8951769100881971
23.2154764190974 -0.9405778020855978
23.330976301779476 -0.9734451192376133
23.446476184461552 -0.9933408914171826
23.56197606714363 -0.9999999995143646
23.677475949825705 -0.9933337082543583
23.792975832507782 -0.9734308486304781
23.908475715189862 -0.9405566341956897
24.023975597871935 -0.8951491269861067
24.13947548055401 -0.8378134001694018
24.25497536323609 -0.769313475203214
24.370475245918165 -0.6905621409440988
24.485975128600245 -0.6026087903714771
24.601475011282318 -0.5066254370071093
24.716974893964395 -0.4038910973668305
24.83247477664647 -0.29577474755471206
24.947974659328548 -0.1837170811097415
25.063474542010628 -0.0692113111890543
25.1789744246927 0.04621672709370251
25.294474307374777 0.16102890903065803
25.409974190056854 0.2736953164456856
25.52547407273893 0.38271462446511134
25.64097395542101 0.48663410727122963
25.756473838103084 0.5840689962539748
25.87197372078516 0.6737209326057071
25.987473603467237 0.7543952684708114
26.102973486149313 0.8250169861054869
26.218473368831393 0.884645022918506
26.333973251513466 0.9324848115060591
26.449473134195546 0.9678988675797497
26.56497301687762 0.9904152846993048
26.680472899559696 0.9997340226143703
26.795972782241776 0.9957309054206611
26.91147266492385 0.9784592762534842
27.02697254760593 0.9481492864691509
27.142472430288002 0.9052048287862497
27.25797231297008 0.8501981552538579
27.37347219565216 0.7838622517644596
27.488972078334232 0.7070810707242069
27.604471961016312 0.6208777520340654
27.719971843698385 0.5264009893420643
27.83547172638046 0.42490972324165205
27.95097160906254 0.3177563653855394
28.066471491744615 0.2063687770603263
28.181971374426695 0.09223124236458746
28.297471257108768 -0.02313531046945896
28.412971139790848 -0.13819357605210464
28.528471022472925 -0.25141035704436027
28.643970905154998 -0.36127699462483626
28.759470787837078 -0.46632947197104024
28.87497067051915 -0.5651679228681795
28.99047055320123 -0.6564752854855762
29.105970435883307 -0.7390348527515024
29.22147031856538 -0.8117464854608495
29.33697020124746 -0.873641272069388
29.452470083929533 -0.9238944398270231
29.567969966611614 -0.9618363452041014
29.68346984929369 -0.9869613971588511
29.798969731975763 -0.9989347943399438
29.914469614657843 -0.997596986448202
30.029969497339916 -0.9829658003080554
30.145469380021996 -0.9552362023179836
30.260969262704073 -0.9147777004454
30.37646914538615 -0.8621294203854113
30.491969028068226 -0.797992921495627
30.6074689107503 -0.7232228482375425
30.72296879343238 -0.6388155416977647
30.838468676114456 -0.5458957629451542
30.953968558796532 -0.44570170514037
31.06946844147861 -0.33956849411752643
31.184968324160682 -0.22891039729925383
31.300468206842762 -0.11520197801846789
31.41596808952484 4.155362689420373e-05
31.531467972206915 0.11528453155358291
31.64696785488899 0.22899129705686774
31.762467737571065 0.3396466620760641
31.877967620253145 0.4457760996805697
31.99346750293522 0.5459653927300538
32.1089673856173 0.638879478882673
32.22446726829938 0.7232802408339364
32.33996715098145 0.7980430047242388
32.455467033663524 0.8621715268672169
32.570966916345604 0.9148112690947168
32.68646679902768 0.9552607858191506
32.80196668170976 0.9829810710761033
32.91746656439183 0.997602740994048
33.03296644707391 0.9989309559819662
33.14846632975599 0.9869480170447018
33.26396621243806 0.9618136016291462
33.379466095120144 0.9238626358584807
33.49496597780222 0.8736008315078406
33.6104658604843 0.8116979471929302
33.72596574316637 0.7389788635690157
33.84146562584844 0.6564125914667414
33.95696550853052 0.5650993594358328
34.072465391212596 0.4662559527602995
34.187965273894676 0.3611994993085455
34.303465156576756 0.251329918278551
34.41896503925883 0.13811126571546573
34.53446492194091 0.023052225380094445
34.64996480462298 -0.09231399506468063
34.76546468730506 -0.206450094658371
34.880964569987135 -0.3178351642920664
34.996464452669215 -0.42498495342976234
35.11196433535129 -0.5264716483394541
35.22746421803336 -0.6209428982813792
35.34296410071544 -0.7071398361216822
35.45846398339752 -0.7839138532397105
35.573963866079595 -0.8502419051966104
35.689463748761675 -0.9052401442110504
35.80496363144375 -0.9481756967838585
35.92046351412583 -0.978476429530108
36.0359633968079 -0.9957385730849398
36.15146327948998 -0.9997321024916151
36.266963162172054 -0.990403802375919
36.38246304485413 -0.9678779760622777
36.49796292753621 -0.9324547891823144
36.61346281021829 -0.8846062698479392
36.72896269290036 -0.8249700186882465
36.84446257558244 -0.7543407125664834
36.95996245826451 -0.6736595151935091
37.07546234094659 -0.5840015357454469
37.19096222362867 -0.48656150260459197
37.30646210631075 -0.3826378431265425
37.42196198899282 -0.27361538157718907
37.5374618716749 -0.16094688579627278
37.65296175435697 -0.046133708485790854
37.76846163703905 0.06929421891439794
37.88396151972113 0.18379877317395948
37.9994614024032 0.29585413537841365
38.11496128508528 0.40396712307557403
38.23046116776736 0.5066970875279635
38.34596105044944 0.6026751109326394
38.46146093313151 0.6906222477975945
38.576960815813585 0.769366567401219
38.692460698495665 0.8378587702371791
38.80796058117774 0.8951861703493804
38.92346046385982 0.9405848572368545
39.0389603465419 0.9734498752662362
39.154460229223965 0.9933432849471885
39.269960111906045 0.9999999986510125
39.385459994588125 0.9933313130091522
39.500959877270205 0.9734260909210161
39.61645975995228 0.9405495774203531
39.73195964263435 0.8951398651792436
39.84745952531643 0.8378020567482853
39.962959407998504 0.7693002013234648
40.078459290680584 0.690547113485461
40.193959173362664 0.6025922095808407
40.30945905604473 0.5066075238301375
40.42495893872681 0.40387209050375134
40.54045882140889 0.29575490027956636
40.65595870409097 0.18369665789539671
40.77145858677304 0.0691905841830083
40.88695846945512 -0.046237481695823535
41.0024583521372 -0.1610494146654957
41.11795823481927 -0.2737152998674595
41.23345811750135 -0.3827338193867525
41.34895800018343 -0.48665225791273803
41.4644578828655 -0.5840858607508035
41.579957765547576 -0.6737362862316983
41.695457648229656 -0.7544089066327723
41.810957530911736 -0.8250287270694622
41.92645741359381 -0.884654710231456
42.04195729627588 -0.9324923160806742
42.15745717895796 -0.9679040894145761
42.27295706164004 -0.9904181542113089
42.388456944322115 -0.9997345015661566
42.503956827004195 -0.9957289874300066
42.61945670968627 -0.9784549868783801
42.73495659236834 -0.9481426828672359
42.85045647505042 -0.9051959989531522
42.9659563577325 -0.8501872168506303
43.08145624041458 -0.783849350549695
43.19695612309665 -0.7070663786117494
43.31245600577873 -0.6208614648021764
43.42795588846081 -0.5263833240246073
43.54345577114288 -0.4248909152360459
43.65895565382496 -0.31773666531596695
43.774455536507034 -0.2063484474380821
43.88995541918911 -0.09221055409001389
44.00545530187119 0.023156081716855112
44.12095518455327 0.13821415348714947
44.23645506723535 0.25143046646451733
44.35195494991742 0.36129636806404747
44.46745483259949 0.46634785127048484
44.58295471528157 0.5651850631163647
44.69845459796365 0.6564909582818383
44.81395448064573 0.7390488492495801
44.92945436332781 0.8117586191518179
45.04495424600987 0.8736513812669574
45.16045412869195 0.9239023898221097
45.27595401137403 0.9618420300598423
45.39145389405611 0.9869647411222737
45.506953776738186 0.998935752851399
45.62245365942026 0.9975955467351426
45.73795354210234 0.9829619815552317
45.85345342478441 0.9552300554118046
45.96895330746649 0.9147693072958427
46.08445319014857 0.8621188928345449
46.19995307283064 0.7979803998272788
46.31545295551272 0.7232084993079337
46.4309528381948 0.6387995567121171
46.54645272087688 0.5458783549097823
46.66195260355895 0.4456831060243032
46.777452486241025 0.33954895176141453
46.892952368923105 0.22889017211278642
47.008452251605185 0.1151813395103385
47.12395213428726 -6.233044031888347e-05
47.23945201696934 -0.11530516981297358
47.35495189965141 -0.2290115217491688
47.470451782333484 -0.3396662036991772
47.585951665015564 -0.4457946978345626
47.701451547697644 -0.5459827995871003
47.816951430379724 -0.6388954624894505
47.93245131306179 -0.7232945882024886
48.04795119574387 -0.7980555246701654
48.16345107842595 -0.8621820525572368
48.27895096110802 -0.9148196602697999
48.3944508437901 -0.9552669306635436
48.50995072647218 -0.9829848877072963
48.62545060915425 -0.9976041785539083
48.74095049183633 -0.9989299953144345
48.85645037451841 -0.9869446709510566
48.97195025720049 -0.9618079146974198
49.087450139882556 -0.923854683869316
49.202950022564636 -0.8735907204246617
49.318449905246716 -0.811685811749961
49.43394978792879 -0.7389648654758803
49.54944967061087 -0.6563969172536158
49.66494955329294 -0.5650822179678774
49.780449435975015 -0.466237572454415
49.895949318657095 -0.3611801250896482
50.011449201339175 -0.2513098083158451
50.126949084021255 -0.13809068798222848
50.24244896670332 -0.02303145408286027
50.3579488493854 0.09233468314010193
50.47344873206748 0.20647042383510525
50.588948614749555 0.31785486367571486
50.704448497431635 0.42500376051817074
50.81994838011371 0.5264893125206586
50.93544826279578 0.6209591841731106
51.05094814547786 0.7071545267079293
51.16644802815994 0.7839267527625448
51.28194791084202 0.8502528417647419
51.39744779352409 0.905248972090331
51.51294767620617 0.9481822983392809
51.62844755888825 0.9784807167933067
51.74394744157032 0.9957404889264205
51.8594473242524 0.999731621382025
51.97494720693447 0.9904009307262355
52.09044708961655 0.9678727521383779
52.20594697229863 0.932447282595074
52.32144685498071 0.8845965806256294
52.43694673766279 0.8249582759436199
52.55244662034485 0.7543270727763145
52.66794650302693 0.6736441601134358
52.78344638570901 0.5839846699880482
52.89894626839109 0.4865433509128145
53.014446151073166 0.38261864737894064
53.12994603375524 0.27359539756475953
53.24544591643732 0.1609263798139621
53.36094579911939 0.046112953784002625
53.47644568180147 -0.0693149457709737
53.59194556448355 -0.18381919599168137
53.70744544716562 -0.29587398201507936
53.8229453298477 -0.40398612906682396
53.93844521252978 -0.506714999611374
54.05394509521186 -0.6026916904225454
54.16944497789393 -0.690637273765672
54.284944860576005 -0.7693798396204425
54.400444743258085 -0.837870111849927
54.51594462594016 -0.8951954302241333
54.63144450862224 -0.9405919119820834
54.74694439130432 -0.9734546308746433
54.862444273986384 -0.9933456780483927
54.977944156668464 -0.9999999973559847
55.093444039350544 -0.9933289173351489
55.208943922032624 -0.9734213327913501
55.3244438047147 -0.9405425202390026
55.43994368739677 -0.8951306029859685
55.55544357007885 -0.8377907129655099
55.67094345276092 -0.7692869271116248
55.786443335443 -0.6905320857287306
55.90194321812508 -0.6025756285300797
56.01744310080716 -0.506589610434463
56.13294298348923 -0.40385308346632703
56.24844286617131 -0.29573505287675045
56.36394274885339 -0.18367623460175797
56.47944263153546 -0.06916985714709084
56.594942514217536 0.046258236277988495
56.710442396899616 0.16106992023081218
56.825942279581696 0.27373528317108736
56.94144216226377 0.3827530141431767
57.05694204494585 0.4866704083441703
57.17244192762792 0.5841027249954964
57.287941810309995 0.6737516395668565
57.403441692992075 0.754422544469073
57.518941575674155 0.8250404676772903
57.634441458356235 0.8846643971625269
