0.0 0.0
0.12646158220645962 0.12612477815815906
0.25292316441291923 0.2502351885122241
0.37938474661937893 0.3703490351890209
0.5058463288258385 0.48454795235191545
0.6323079110322981 0.5910080428622595
0.7587694932387579 0.6880290081595589
0.8852310754452174 0.7740613041203587
1.011692657651677 0.8477308891833855
1.1381542398581366 0.9078611694829529
1.2646158220645962 0.9534917904998665
1.3910774042710559 0.9838939751040525
1.5175389864775157 0.9985821630215099
1.6440005686839751 0.9973217658289846
1.7704621508904348 0.980132913619564
1.8969237330968944 0.9472901335003373
2.023385315303354 0.8993179650569056
2.1498468975098137 0.8369825828111682
2.276308479716273 0.7612795594720365
2.402770061922733 0.6734179654150051
2.5292316441291924 0.5748010583414512
2.6556932263356523 0.46700387152754147
2.7821548085421117 0.3517480586059794
2.9086163907485716 0.23087439664035403
3.0350779729550315 0.10631338665181456
3.1615395551614904 -0.019945578856194347
3.2880011373679503 -0.14588598894259178
3.41446271957441 -0.2694964203881081
3.5409243017808696 -0.3888026625975673
3.6673858839873295 -0.5018992481707991
3.793847466193789 -0.6069798855601894
3.9203090484002483 -0.7023663077679134
4.046770630606708 -0.786535076333671
4.173232212813168 -0.8581419125202862
4.2996937950196275 -0.9160431670982114
4.426155377226086 -0.9593140858300822
4.552616959432546 -0.9872635789330668
4.679078541639006 -0.9994452586325379
4.805540123845466 -0.9956645685237605
4.932001706051926 -0.9759818908769247
5.058463288258385 -0.9407115822580372
5.184924870464845 -0.8904169528679945
5.311386452671305 -0.8259012697859675
5.437848034877764 -0.7481949278063609
5.5643096170842234 -0.6585389927668583
5.690771199290683 -0.5583653802008463
5.817232781497143 -0.44927398588550277
5.943694363703602 -0.3330071335388295
6.070155945910063 -0.21142174776731798
6.196617528116522 -0.0864596966965145
6.323079110322981 0.03988322205089092
6.449540692529442 0.16558915669734608
6.576002274735901 0.28865042888469145
6.7024638569423605 0.4071015987664136
6.82892543914882 0.5190508554989056
6.955387021355279 0.6227102317870219
7.081848603561739 0.716424159920465
7.208310185768199 0.7986959132259833
7.334771767974659 0.8682115106328852
7.461233350181118 0.9238607025665525
7.587694932387578 0.9647547029994346
7.714156514594038 0.990240384456854
7.840618096800497 0.9999107092659373
7.967079679006957 0.9936112304477874
8.093541261213415 0.9714425584256632
8.220002843419875 0.9337587541527964
8.346464425626335 0.8811616743235778
8.472926007832795 0.8144913589820384
8.599387590039255 0.7348126150493397
8.725849172245715 0.6433980100478397
8.852310754452173 0.5417075476328731
8.978772336658635 0.431365349538987
9.105233918865093 0.3141337163586574
9.231695501071552 0.19188498143468802
9.358157083278012 0.06657160739431506
9.484618665484472 -0.059804997079920284
9.611080247690932 -0.1852264422079829
9.737541829897392 -0.30768959327916506
9.864003412103852 -0.42523856317669145
9.99046499431031 -0.5359959503001465
10.11692657651677 -0.6381928229776987
10.24338815872323 -0.730196971480164
10.36984974092969 -0.810538976417531
10.49631132313615 -0.8779356771735787
10.62277290534261 -0.9313106655588319
10.749234487549067 -0.9698114773730179
10.875696069755527 -0.9928232073066295
11.002157651961989 -0.9999783297348707
11.128619234168447 -0.9911625685538363
11.255080816374907 -0.9665167223104179
11.381542398581367 -0.9264344154763675
11.508003980787825 -0.8715558117814419
11.634465562994286 -0.8027573900114173
11.760927145200746 -0.7211379455640748
11.887388727407204 -0.6280010413354907
12.013850309613664 -0.5248341882175809
12.140311891820126 -0.41328508771995465
12.266773474026584 -0.2951353161506149
12.393235056233044 -0.17227187065148156
12.519696638439504 -0.04665703153359203
12.646158220645962 0.07970297775250812
12.772619802852423 0.20479003247235086
12.899081385058883 0.3266063385412457
13.025542967265341 0.44320633975253587
13.152004549471801 0.5527277907026861
13.278466131678261 0.6534214991403909
13.404927713884721 0.7436792627178342
13.53138929609118 0.8220595539598047
13.65785087829764 0.8873105432301355
13.784312460504099 0.938390091990381
13.910774042710559 0.9744823970338068
14.03723562491702 0.9950110198657981
14.163697207123478 0.9996480931354735
14.290158789329938 0.9883195570804613
14.416620371536398 0.9612063423523745
14.543081953742856 0.9187414803318141
14.669543535949318 0.8616031870847145
14.796005118155778 0.7907040314177678
14.922466700362236 0.7071763600323804
15.048928282568696 0.6123542125553922
15.175389864775156 0.5077520152857604
15.301851446981615 0.3950403939442549
15.428313029188075 0.276019491726314
15.554774611394535 0.1525902188015588
15.681236193600993 0.02672389244081766
15.807697775807453 -0.0995692473448444
15.934159358013915 -0.22427214380910612
16.060620940220375 -0.34539313834702373
16.18708252242683 -0.4609977797321201
16.31354410463329 -0.5692397196812915
16.44000568683975 -0.6683902013073442
16.56646726904621 -0.7568656694923654
16.69292885125267 -0.8332530622102675
16.81939043345913 -0.8963323788650004
16.94585201566559 -0.9450961652003177
17.07231359787205 -0.9787656035831261
17.19877518007851 -0.9968029516788052
17.32523676228497 -0.9989201308575584
17.45169834449143 -0.9850833271643845
17.57815992669789 -0.9555135313695203
17.704621508904346 -0.9106830094740865
17.83108309111081 -0.8513077600412925
17.95754467331727 -0.7783360788189257
18.084006255523725 -0.6929334132901187
18.210467837730185 -0.5964637490438788
18.336929419936645 -0.4904678252479367
18.463391002143105 -0.37663852714956736
18.589852584349565 -0.2567938486164345
18.716314166556025 -0.13284785653891873
18.842775748762485 -0.006780120828131099
18.969237330968944 0.11939590174986456
19.095698913175404 0.24366502495457362
19.222160495381864 0.36404251807342625
19.348622077588324 0.4786058045119003
19.475083659794784 0.5855251677059479
19.60154524200124 0.683092973945541
19.728006824207704 0.7697509453849286
19.854468406414163 0.8441150476560367
19.98092998862062 0.9049975945993125
20.10739157082708 0.9514262170721948
20.23385315303354 0.9826593928800458
20.36031473524 0.9981982897974636
20.48677631744646 0.9977947325323394
20.61323789965292 0.9814551663904556
20.73969948185938 0.9494405543360268
20.86616106406584 0.9022622090922529
20.9926226462723 0.8406736268483622
21.119084228478755 0.7656584529988915
21.24554581068522 0.6784147721171233
21.37200739289168 0.5803359730711783
21.498468975098135 0.4729884948903069
21.624930557304598 0.3580868088073217
21.751392139511054 0.2374660360447398
21.877853721717514 0.11305263867214714
22.004315303923978 -0.013166348362010062
22.130776886130434 -0.13917505262202792
22.257238468336894 -0.26296096014671355
22.383700050543354 -0.38254705777211867
22.510161632749814 -0.4960234084629385
22.636623214956273 -0.601577655355631
22.763084797162733 -0.6975239673262007
22.889546379369193 -0.7823299637863329
23.01600796157565 -0.8546411886857705
23.142469543782113 -0.9133027428410345
23.268931125988573 -0.9573777290955567
23.39539270819503 -0.9861622157193999
23.521854290401492 -0.99919647906461
23.64831587260795 -0.996272345917198
23.77477745481441 -0.9774365182793646
23.901239037020872 -0.9429898274810912
24.02770061922733 -0.8934824295338718
24.15416220143379 -0.8297050184626653
24.28062378364025 -0.7526761979500015
24.407085365846708 -0.66362621298259
24.533546948053168 -0.5639773013260154
24.660008530259628 -0.4553209786387047
24.786470112466088 -0.3393926200097469
24.912931694672547 -0.21804374388471506
25.039393276879007 -0.09321244103925944
25.165854859085467 0.0331075791138694
25.292316441291923 0.1588988305158232
25.418778023498387 0.28215227219495626
25.545239605704847 0.40089939512164535
25.671701187911303 0.5132436617182204
25.798162770117766 0.6173907958962687
25.924624352324223 0.7116774398521767
26.051085934530683 0.7945977199367426
26.177547516737146 0.8648272973091125
26.304009098943602 0.9212445192566264
26.430470681150062 0.9629483333679629
26.556932263356522 0.9892726784481624
26.683393845562982 0.9997971223349822
26.809855427769442 0.9943535767175352
26.9363170099759 0.9730289817133151
27.06277859218236 0.9361639173276078
27.189240174388818 0.8843471639719956
27.31570175659528 0.8184062989171452
27.44216333880174 0.7393944788661325
27.568624921008198 0.6485736197468032
27.69508650321466 0.5473942423626086
27.821548085421117 0.43747230579168356
27.948009667627577 0.320563398533168
28.07447124983404 0.19853469960003897
28.200932832040497 0.07333515737418732
28.327394414246957 -0.05303563749591422
28.453855996453417 -0.17855938801674917
28.580317578659876 -0.30123132553468124
28.706779160866336 -0.4190922283566338
28.833240743072796 -0.5302597129298026
28.959702325279256 -0.6329582978217801
29.086163907485712 -0.7255477603423565
29.212625489692176 -0.8065493329168919
29.339087071898636 -0.8746693208229155
29.465548654105092 -0.9288197640857346
29.592010236311555 -0.9681358135371015
29.71847181851801 -0.991989543519932
29.84493340072447 -0.9999999806332311
29.971394982930935 -0.9920391883457832
30.09785656513739 -0.9682343102998864
30.22431814734385 -0.9289655396710303
30.35077972955031 -0.8748600470153605
30.47724131175677 -0.8067819635846564
30.60370289396323 -0.7258185800876102
30.73016447616969 -0.6332629813201569
30.85662605837615 -0.5305933940111633
30.983087640582607 -0.4194495777237816
31.10954922278907 -0.30160663587878017
31.23601080499553 -0.17894666517008423
31.362472387201986 -0.053428696166111636
31.48893396940845 0.07294259481744585
31.615395551614906 0.19814890286351922
31.741857133821366 0.32019052926516695
31.86831871602783 0.4371183191729389
31.994780298234286 0.5470647919947191
32.12124188044075 0.6482739673572727
32.2477034626472 0.739129410272105
32.37416504485366 0.8181800475900274
32.50062662706013 0.8841633434237068
32.62708820926658 0.9360254633983469
32.75354979147304 0.9729381056825921
32.8800113736795 0.9943117299873122
33.00647295588596 0.999804973249
33.13293453809242 0.9893301016176698
33.25939612029888 0.963054411674329
33.38585770250534 0.9213975584988531
33.5123192847118 0.8650248532623055
33.63878086691826 0.7948366373893967
33.76524244912472 0.7119539029987718
33.89170403133118 0.6177003892803815
34.01816561353764 0.5135814407528021
34.1446271957441 0.4012599650601373
34.27108877795056 0.2825298742920473
34.39755036015702 0.1592874340016852
34.52401194236348 0.033500977512956574
34.65047352456994 -0.09282053078314297
34.7769351067764 -0.21765958106029545
34.90339668898286 -0.33902234016973903
35.02985827118932 -0.45497049560749037
35.15631985339578 -0.5636522127485956
35.28278143560224 -0.6633317109233107
35.40924301780869 -0.7524169859688994
35.53570460001516 -0.8294852364938387
35.66216618222162 -0.8933055877656285
35.78862776442807 -0.9428587502939331
35.91508934663454 -0.97735329913716
36.04155092884099 -0.9962383139319815
36.16801251104745 -0.9992121777690361
36.29447409325392 -0.9862273943858534
36.42093567546037 -0.9574913467405847
36.54739725766683 -0.9134629848511283
36.67385883987329 -0.8548454957989797
36.80032042207975 -0.7825750729668173
36.92678200428621 -0.6978059638789367
37.05324358649267 -0.6018920354488972
37.17970516869913 -0.4963651510600493
37.30616675090559 -0.38291070482355377
37.43262833311205 -0.2633407037618811
37.55908991531851 -0.13956482782841922
37.68555149752497 -0.013559929970264978
37.81201307973143 0.11266153664429666
37.93847466193789 0.23708365997762415
38.06493624414435 0.3577192657169478
38.19139782635081 0.4726416548917929
38.31785940855727 0.5800153756258193
38.44432099076373 0.6781255375603603
38.57078257297019 0.7654052007622684
38.69724415517665 0.8404604016815295
38.82370573738311 0.9020924164633274
38.95016731958957 0.9493169060420884
39.07662890179603 0.9813796372468099
39.20309048400248 0.997768528832289
39.32955206620895 0.9982218300463221
39.45601364841541 0.9827323011110908
39.58247523062186 0.9515473288513228
39.70893681282833 0.905164975622474
39.83539839503478 0.8443260246424659
39.96185997724124 0.77000214877271
40.08832155944771 0.683380391707662
40.21478314165416 0.585844209427312
40.34124472386062 0.47895137470388593
40.46770630606708 0.3644090975551162
40.59416788827354 0.24404675900085884
40.72062947048 0.11978669359860367
40.847091052686466 -0.006386512603330212
40.97355263489292 -0.13245771834541603
41.10001421709938 -0.25641341144094415
41.22647579930584 -0.3762738670416095
41.3529373815123 -0.49012476627786145
41.47939896371876 -0.5961477702853014
41.60586054592521 -0.6926495613123709
41.73232212813168 -0.77808888708716
41.85878371033814 -0.8511011765114316
41.9852452925446 -0.9105203335391389
42.11170687475106 -0.955397361164214
42.23816845695751 -0.9850155180697514
42.36463003916397 -0.9989017658682272
42.49109162137044 -0.9968343241062387
42.6175532035769 -0.978846212371079
42.74401478578336 -0.9452247229273208
42.87047636798981 -0.8965068323060679
42.99693795019627 -0.8334706251294162
43.123399532402736 -0.7571228671422324
43.249861114609196 -0.6686829259251865
43.376322696815656 -0.5695632960949959
43.50278427902211 -0.4613470400284607
43.62924586122857 -0.34576250440956996
43.75570744343503 -0.22465571640762913
43.882169025641495 -0.09996090035325739
44.008630607847955 0.026330414202673492
44.13509219005441 0.1522011996650055
44.26155377226087 0.2756411448053484
44.38801535446733 0.39467876190446183
44.51447693667379 0.5074128738355179
44.640938518880255 0.612042978200712
44.76740010108671 0.7068980035686234
44.89386168329317 0.7904629985399648
45.02032326549963 0.8614033273843235
45.14678484770609 0.9185859858140188
45.27324642991255 0.9610976964558388
45.399708012119 0.988259495013754
45.52616959432547 0.9996375741636611
45.652631176531926 0.9950502119897943
45.779092758738386 0.9745706743071969
45.905554340944846 0.9385260445165533
46.0320159231513 0.8874919996800673
46.15847750535776 0.8222836162508499
46.284939087564226 0.7439423522996685
46.411400669770686 0.6537194141488725
46.537862251977145 0.5530557730687803
46.6643238341836 0.44355915119453954
46.79078541639006 0.3269783442265666
46.91724699859652 0.2051752910127368
47.043708580802985 0.08009533609530756
47.170170163009445 -0.04626383983359716
47.2966317452159 -0.1718841253492432
47.42309332742236 -0.29475921001543115
47.54955490962882 -0.41292662762930754
47.676016491835284 -0.5244990992199229
47.802478074041744 -0.6276946752141719
47.9289396562482 -0.7208651953627904
48.05540123845466 -0.8025226118862896
48.18186282066112 -0.8713627554278374
48.30832440286758 -0.9262861642416583
48.43478598507404 -0.9664156439491293
48.5612475672805 -0.9911102774116926
48.687709149486956 -0.9999756609657146
48.814170731693416 -0.9928702035339874
48.940632313899876 -0.969907388009347
49.067093896106336 -0.9314539587933272
49.1935554783128 -0.8781240644370731
49.320017060519255 -0.8107694489337717
49.446478642725715 -0.7304658483196488
49.572940224932175 -0.6384958098466604
49.699401807138635 -0.5363282081257017
49.825863389345095 -0.42559478539278384
49.95232497155155 -0.3080640905789618
50.078786553758015 -0.18561323340906968
50.205248135964474 -0.06019790465118153
50.331709718170934 0.06617885866995481
50.458171300377394 0.19149866423732384
50.58463288258385 0.31376000064898263
50.71109446479031 0.43101020401645557
50.837556046996774 0.5413766444082089
50.964017629203234 0.643096634052452
51.09047921140969 0.7345455796284784
51.216940793616146 0.8142629290197467
51.343402375822606 0.8809754981272612
51.46986395802907 0.933617805185255
51.59632554023553 0.9713490878152318
51.72278712244199 0.9935667310350565
51.849248704648446 0.9999158917612493
51.975710286854905 0.9902951660893866
52.102171869061365 0.9648582088391506
52.22863345126783 0.924011279497907
52.35509503347429 0.8684067537571197
52.481556615680745 0.7989327042703162
52.608018197887205 0.7166987170407303
52.734479780093665 0.6230181699683832
52.860941362300125 0.5193872565899313
52.98740294450659 0.40746109002799835
53.113864526713044 0.2890272687993306
53.240326108919504 0.16597732666819168
53.366787691125964 0.04027652252617374
53.493249273332424 -0.08606754720903204
53.619710855538884 -0.21103701237718112
53.74617243774534 -0.3326359569433232
53.8726340199518 -0.44892229623131197
53.99909560215826 -0.5580387944042171
54.12555718436472 -0.6582427268045687
54.25201876657118 -0.7479337134101499
54.378480348777636 -0.825679278870957
54.504941930984096 -0.8902377309020859
54.63140351319056 -0.9405779916364195
54.75786509539702 -0.9758960652060998
54.88432667760348 -0.9956278785452319
55.010788259809935 -0.9994582903303809
55.137249842016395 -0.9873261241750425
55.263711424222855 -0.9594251456917634
55.39017300642932 -0.9162009678170328
55.51663458863578 -0.858343933824721
55.643096170842234 -0.7867780916950644
55.769557753048694 -0.7026464359321014
55.896019335255154 -0.6072926525359135
56.02248091746162 -0.502239658684838
56.14894249966808 -0.3891652798754116
56.275404081874534 -0.26987545298592297
56.401865664080994 -0.14627538324368367
56.52832724628745 -0.0203391157547328
56.65478882849391 0.10592199242403637
56.78125041070038 0.23049139613046116
56.90771199290683 0.35137956880308074
57.03417357511329 0.46665577766693217
57.16063515731975 0.5744789199101394
57.28709673952621 0.6731269273598759
57.41355832173267 0.7610242700287225
57.540019903939125 0.8367671192660074
57.66648148614559 0.8991457686276794
57.79294306835205 0.9471639543757683
57.91940465055851 0.9800547670354353
58.04586623276497 0.997292899882342
58.172327814971425 0.9986030387370187
58.298789397177885 0.9839642590708653
58.42525097938435 0.9536103601966022
58.55171256159081 0.9080261312057494
58.67817414379727 0.8479396082906746
58.804635726003724 0.7743104471113376
58.931097308210184 0.688314595914284
59.057558890416644 0.5913255141930979
59.18402047262311 0.48489223685130955
59.31048205482957 0.370714634210151
59.43694363703602 0.2506162629891489
59.56340521924248 0.12651524186286428
59.68986680144894 0.00039361674696433897
59.8163283836554 -0.1257342949124191
59.94278996586187 -0.24985407526533102
60.06925154806832 -0.3699833787881726
60.19571313027478 -0.4842035927794919
60.32217471248124 -0.5906904799640946
60.4486362946877 -0.6877433138056466
60.57509787689417 -0.7738120412008567
60.70155945910062 -0.8475220387336303
60.82802104130708 -0.9076960671014571
60.95448262351354 -0.9533730730746907
61.08094420572 -0.9838235386984645
61.20740578792646 -0.9985611325915233
61.333867370132914 -0.997350477256428
61.46032895233938 -0.9802109083476336
61.58679053454584 -0.9474161658573151
61.7132521167523 -0.8994900221510674
61.83971369895876 -0.83719791667914
61.966175281165214 -0.761534730967153
62.09263686337167 -0.6737088991346984
62.21909844557814 -0.5751231077164478
62.3455600277846 -0.46735189303330077
62.47202160999106 -0.35211649391108846
62.59848319219751 -0.23125736137992897
62.72494477440397 -0.10670476440802214
62.85140635661043 0.01955203886740282
62.9778679388169 0.14549657203878355
63.10432952102336 0.26911734603609977
