0.0 0.0
0.07218037286375267 0.07211771249034875
0.14436074572750535 0.14385985435249252
0.21654111859125805 0.21485281083413943
0.2887214914550107 0.28472686874912156
0.36090186431876337 0.3531181418492462
0.4330822371825161 0.4196704658509417
0.5052626100462687 0.4840372532478839
0.5774429829100214 0.5458832982502132
0.6496233557737741 0.6048865224506779
0.7218037286375267 0.6607396521267226
0.7939841015012795 0.7131518184435595
0.8661644743650322 0.7618500722247727
0.9383448472287848 0.8065808054019212
1.0105252200925374 0.8471110717405878
1.08270559295629 0.8832297999648748
1.1548859658200428 0.9147488929627038
1.2270663386837957 0.9415042073475353
1.2992467115475481 0.9633564082752045
1.3714270844113008 0.9801916950642059
1.4436074572750535 0.9919223938405763
1.5157878301388061 0.998487414121041
1.587968203002559 0.9998525669566471
1.6601485758663117 0.9960107429800792
1.7323289487300644 0.9869819494294273
1.8045093215938168 0.9728132059556022
1.8766896944575695 0.9535782997560006
1.9488700673213224 0.9293774013096268
2.021050440185075 0.9003365427148207
2.093230813048828 0.8666069613462771
2.16541118591258 0.8283643122494253
2.237591558776333 0.7858077533738103
2.3097719316400855 0.7391589084093588
2.381952304503838 0.6886607126268018
2.4541326773675913 0.6345761477328287
2.5263130502313436 0.5771868723285246
2.5984934230950962 0.5167917551033068
2.670673795958849 0.4537053184031223
2.7428541688226016 0.38825610027839647
2.8150345416863547 0.32078494354177245
2.887214914550107 0.25164322074579437
2.95939528741386 0.18119100432438773
3.0315756602776123 0.10979519142759027
3.103756033141365 0.03782759321489141
3.175936406005118 -0.03433700144232353
3.2481167788688703 -0.10632277776549662
3.3202971517326234 -0.17775485221628753
3.3924775245963756 -0.24826122479429158
3.4646578974601288 -0.31747471631804214
3.5368382703238814 -0.38503488060040575
3.6090186431876337 -0.45058988156027335
3.6811990160513868 -0.5137983254950135
3.753379388915139 -0.5743310389716817
3.825559761778892 -0.6318727830781964
3.897740134642645 -0.6861238951070768
3.969920507506397 -0.7368018491222954
4.04210088037015 -0.7836427272821965
4.114281253233902 -0.8264025942562112
4.186461626097656 -0.8648587675777608
4.258641998961408 -0.8988109773176686
4.33082237182516 -0.9280824090388075
4.403002744688913 -0.952520624600527
4.475183117552666 -0.9719983560175599
4.547363490416419 -0.9864141682391858
4.619543863280171 -0.9956929873970689
4.691724236143924 -0.9997864917707918
4.763904609007676 -0.9986733634350331
4.836084981871429 -0.9923593992778792
4.908265354735183 -0.9808774808121103
4.9804457275989344 -0.9642874029366816
5.052626100462687 -0.9426755625401583
5.12480647332644 -0.9161545085677871
5.1969868461901925 -0.8848623558953331
5.269167219053946 -0.8489620660620801
5.341347591917698 -0.8086405986087555
5.4135279647814505 -0.7641079374399863
5.485708337645203 -0.715595997281757
5.557888710508956 -0.6633574159287442
5.630069083372709 -0.6076642385712034
5.702249456236461 -0.5488065010531009
5.774429829100214 -0.48709071943950477
5.8466102019639665 -0.4228382937592072
5.91879057482772 -0.35638383423545417
5.990970947691473 -0.2880734187213642
6.0631513205552245 -0.2182627904148516
6.135331693418977 -0.14731550523890605
6.20751206628273 -0.07560103853520032
6.2796924391464835 -0.0034928609308683685
6.351872812010236 0.06863350660113428
6.424053184873988 0.14040244835935614
6.496233557737741 0.21144021002449287
6.568413930601493 0.28137684507642313
6.640594303465247 0.3498481413812075
6.7127746763289995 0.4164975179148602
6.784955049192751 0.4809778817462576
6.857135422056504 0.5429534356084776
6.9293157949202575 0.602101426645202
7.00149616778401 0.6581138272251634
7.073676540647763 0.7106989390713836
7.145856913511515 0.7595829123512992
7.218037286375267 0.8045111718167519
7.290217659239021 0.8452497425668622
7.3623980321027735 0.8815864685295569
7.434578404966526 0.9133321173162112
7.506758777830278 0.9403213656955983
7.578939150694031 0.9624136605550562
7.651119523557784 0.9794939508652004
7.723299896421537 0.9914732868363022
7.79548026928529 0.998289283146077
7.867660642149041 0.9999064438265095
7.939841015012794 0.9963163471177895
8.012021387876548 0.9875376893266858
8.0842017607403 0.9736161874609569
8.156382133604053 0.9546243411468481
8.228562506467805 0.930661055069557
8.300742879331558 0.9018511239028888
8.372923252195312 0.8683445824104712
8.445103625059064 0.8303159241030217
8.517283997922815 0.7879631925207061
8.589464370786569 0.7415069498729627
8.66164474365032 0.6911891284068485
8.733825116514074 0.6372717704856775
8.806005489377826 0.5800356639393258
8.87818586224158 0.5197788797929149
8.950366235105331 0.4568152199890499
9.022546607969083 0.3914725831874348
9.094726980832839 0.3240912571523993
9.16690735369659 0.2550221466211414
9.239087726560342 0.1846249458814551
9.311268099424096 0.11326626557575487
9.383448472287848 0.04131772348648395
9.455628845151601 -0.030845990754399834
9.527809218015353 -0.10284906695331975
9.599989590879106 -0.17431653147860263
9.672169963742858 -0.24487620002737248
9.744350336606612 -0.3141606158663602
9.816530709470365 -0.38180896345271165
9.888711082334117 -0.4474689474691906
9.960891455197869 -0.5107986274882192
10.033071828061622 -0.5714681987102922
10.105252200925374 -0.6291617095031381
10.177432573789128 -0.6835787067971378
10.24961294665288 -0.7344358007681666
10.321793319516633 -0.7814681406594322
10.393973692380385 -0.8244307940565646
10.466154065244137 -0.8631000224330851
10.538334438107892 -0.8972744463235066
10.610514810971644 -0.9267760940561536
10.682695183835396 -0.9514513285841857
10.75487555669915 -0.9711716475880928
10.827055929562901 -0.9858343526829566
10.899236302426655 -0.9953630842454134
10.971416675290406 -0.9997082190750682
11.04359704815416 -0.9988471288194505
11.115777421017912 -0.992784297816694
11.187957793881665 -0.9815512997422492
11.260138166745419 -0.9652066331812453
11.33231853960917 -0.9438354169827998
11.404498912472922 -0.9175489469827894
11.476679285336676 -0.8864841164035616
11.548859658200428 -0.8508027029489974
11.621040031064181 -0.8106905263075406
11.693220403927933 -0.7663564804507251
11.765400776791687 -0.7180314457667134
11.83758114965544 -0.6659670866942077
11.90976152251919 -0.6104345411183257
11.981941895382946 -0.5517230083537301
12.054122268246696 -0.49013824306848336
12.126302641110449 -0.42600096299179224
12.198483013974203 -0.35964517869801055
12.270663386837954 -0.2914164541648602
12.342843759701708 -0.22167010716448665
12.41502413256546 -0.1507693588592596
12.487204505429213 -0.07908344223870997
12.559384878292967 -0.006985679248432773
12.631565251156719 0.0651484633752666
12.703745624020472 0.13694332944024837
12.775925996884222 0.20802502962003244
12.848106369747976 0.27802338857394276
12.92028674261173 0.34657387272571794
12.992467115475481 0.41331948866128926
13.064647488339235 0.47791264225931
13.136827861202987 0.5400169488725547
13.20900823406674 0.5993089851332636
13.281188606930494 0.655479973259431
13.353368979794244 0.7082373890906372
13.425549352657999 0.757306485479177
13.497729725521749 0.802431723103014
13.569910098385503 0.8433781012493323
13.642090471249256 0.8799323816382106
13.714270844113008 0.9119041989131338
13.786451216976761 0.9391270520151519
13.858631589840515 0.9614591712778674
13.930811962704267 0.978784256727653
14.00299233556802 0.9910120837442135
14.075172708431772 0.9980789729273617
14.147353081295526 0.9999481217230748
14.21953345415928 0.9966097960817941
14.29171382702303 0.9880813811508711
14.363894199886783 0.9744072907371574
14.436074572750535 0.9556587360112454
14.508254945614288 0.9319333546578746
14.580435318478042 0.9033547024038093
14.652615691341794 0.8700716095711679
14.724796064205547 0.8322574060071125
14.796976437069297 0.7901090184262799
14.869156809933052 0.7438459448667324
14.941337182796806 0.6937091116002522
15.013517555660556 0.6399596184498367
15.08569792852431 0.5828773790485001
15.157878301388061 0.5227596631205762
15.230058674251815 0.45991954837689925
15.302239047115568 0.3946842900860557
15.37441941997932 0.32739361681252
15.446599792843074 0.2583979611970504
15.518780165706826 0.1880566349930062
15.59096053857058 0.11673595786248857
15.663140911434333 0.044807349677108435
15.735321284298083 -0.027354603741849785
15.807501657161836 -0.09937410137073086
15.879682030025588 -0.17087608405923946
15.951862402889342 -0.24148818774272832
16.024042775753095 -0.310842682619133
16.096223148616847 -0.37857838819187056
16.1684035214806 -0.4443425542056255
16.24058389434435 -0.5077926976795842
16.312764267208106 -0.5685983864713351
16.384944640071858 -0.6264429600830643
16.45712501293561 -0.6810251787485732
16.529305385799365 -0.7320607922130355
16.601485758663117 -0.7792840200357226
16.67366613152687 -0.8224489357066745
16.745846504390624 -0.8613307473691474
16.818026877254372 -0.8957269684781863
16.890207250118127 -0.9254584722988574
16.96238762298188 -0.950370424752511
17.03456799584563 -0.9703330907531381
17.106748368709386 -0.9852425098345569
17.178928741573138 -0.995021037549969
17.25110911443689 -0.9996177498244123
17.32328948730064 -0.9990087081543353
17.395469860164397 -0.9931970842732096
17.46765023302815 -0.9822131436339538
17.5398306058919 -0.9661140877941823
17.612010978755652 -0.9449837565251032
17.684191351619404 -0.9189321911954023
17.75637172448316 -0.8880950617038963
17.82855209734691 -0.8526329599453565
17.900732470210663 -0.8127305634889253
17.97291284307442 -0.768595673824505
18.045093215938167 -0.7204581341856806
18.117273588801922 -0.6685686325848337
18.189453961665677 -0.6131973962940288
18.261634334529425 -0.5546327845703822
18.33381470739318 -0.4931797869546779
18.405995080256933 -0.42915843496376865
18.478175453120684 -0.36290213544813876
18.55035582598444 -0.29475593429418845
18.62253619884819 -0.22507471951339028
18.694716571711943 -0.15422137307614198
18.766896944575695 -0.08256488111515575
18.83907731743945 -0.010478412339909138
18.911257690303202 0.06166262533067455
18.983438063166954 0.13348253979681232
19.055618436030706 0.20460731128635337
19.127798808894457 0.27466654015423353
19.199979181758213 0.3432953758292323
19.272159554621965 0.4101364168625533
19.344339927485716 0.47484157218331197
19.41652030034947 0.5370738738679215
19.488700673213224 0.5965092319829707
19.560881046076975 0.6528381223628443
19.63306141894073 0.7057671985325182
19.70524179180448 0.7550208193810715
19.777422164668234 0.8003424846302231
19.849602537531986 0.8414961706222384
19.921782910395738 0.8782675594708859
19.993963283259493 0.910465155174242
20.066143656123245 0.9379212808769596
20.138324028986997 0.9604929520885155
20.21050440185075 0.9780626213099136
20.282684774714504 0.9905387901910407
20.354865147578256 0.997856486030704
20.427045520442007 0.999977600137868
20.49922589330576 0.9968910862919828
20.57140626616951 0.9886130182688802
20.643586639033266 0.9751865061326531
20.715767011897018 0.9566814717294553
20.78794738476077 0.9331942845523797
20.860127757624525 0.9048472598737519
20.932308130488273 0.8717880217584374
21.00448850335203 0.8341887342753969
21.076668876215784 0.7922452049112055
21.148849249079532 0.746175864854663
21.221029621943288 0.6962206314629331
21.29320999480704 0.6426396588332506
21.36539036767079 0.5857119829867995
21.437570740534547 0.5257340687203874
21.5097511133983 0.46301826569350885
21.58193148626205 0.39789118179107325
21.654111859125802 0.33069198223296575
21.726292231989557 0.26177062328819634
21.79847260485331 0.1914860297920416
21.87065297771706 0.12020422595714932
21.942833350580813 0.04829642921293309
22.015013723444564 -0.0238628829999967
22.08719409630832 -0.09589792341270771
22.15937446917207 -0.16743355193205423
22.231554842035823 -0.23809722927449492
22.30373521489958 -0.30752095705552634
22.37591558776333 -0.3753431942312748
22.448095960627082 -0.44121073991193777
22.520276333490838 -0.5047805727418018
22.592456706354586 -0.5657216372668457
22.66463707921834 -0.6237165679870289
22.736817452082093 -0.6784633421147201
22.808997824945845 -0.7296768524322735
22.8811781978096 -0.7770903920575902
22.953358570673352 -0.8204570433854396
23.025538943537104 -0.8595509639712994
23.097719316400855 -0.8941685626611185
23.16989968926461 -0.9241295598420555
23.242080062128363 -0.9492779262926535
23.314260434992118 -0.969482695743187
23.386440807855866 -0.9846386469145357
23.458621180719618 -0.9946668514837439
23.530801553583373 -0.9995150851225593
23.602981926447125 -0.9991580994684013
23.67516229931088 -0.9935977536113846
23.74734267217463 -0.9828630044126538
23.81952304503838 -0.9670097557044421
23.891703417902136 -0.9461205671571935
23.96388379076589 -0.9203042243298853
24.036064163629643 -0.8896951721426198
24.10824453649339 -0.8544528147218151
24.180424909357146 -0.8147606852642196
24.252605282220898 -0.770825490242915
24.324785655084654 -0.7228760329327744
24.396966027948405 -0.6711620218614606
24.469146400812154 -0.6159527703911759
24.54132677367591 -0.5575357942034471
24.613507146539664 -0.4962153139909089
24.685687519403416 -0.43231067115361693
24.75786789226717 -0.3661546647505872
24.83004826513092 -0.29809181836731696
24.90222863799467 -0.22847658592490477
24.974409010858427 -0.15767150577458472
25.04658938372218 -0.08604531269058052
25.118769756585934 -0.013971017593553155
25.190950129449682 0.058176034994977636
25.263130502313437 0.13002012165108298
25.33531087517719 0.20118709672000953
25.407491248040944 0.2713063407712373
25.479671620904696 0.34001269068978796
25.551851993768445 0.4069483413524886
25.6240323666322 0.47176470898567385
25.69621273949595 0.534124246500424
25.768393112359707 0.593702201351632
25.84057348522346 0.6501883067662904
25.912753858087207 0.7032883975336229
25.984934230950962 0.752725941942376
26.057114603814718 0.7982434818873247
26.12929497667847 0.8396039736453491
26.201475349542225 0.8765920223386068
26.273655722405973 0.9090150036560308
26.345836095269725 0.9367040669915663
26.41801646813348 0.9595150147749867
26.490196840997232 0.9773290534160175
26.562377213860987 0.9900534119510198
26.634557586724736 0.9976218251704692
26.706737959588487 0.9999948787112488
26.778918332452243 0.9971602143165819
26.851098705315998 0.9891325941946785
26.92327907817975 0.9759538241409268
26.995459451043498 0.9576925358239864
27.067639823907253 0.9344438293695817
27.139820196771005 0.9063287781033459
27.21200056963476 0.87349379803185
27.284180942498512 0.8361098853454464
27.35636131536226 0.7943717259137727
27.428541688226016 0.7484966814114589
27.50072206108977 0.6987236573540573
27.572902433953523 0.6453118589391204
27.64508280681728 0.588539441171725
27.71726317968103 0.5287020603042636
27.78944355254478 0.4661113341341751
27.861623925408534 0.401093219178036
27.933804298272285 0.3339863131732985
28.00598467113604 0.2651400917477149
28.078165043999793 0.1949130884395514
28.150345416863544 0.12367102754646504
28.222525789727296 0.05178491952677853
28.29470616259105 -0.02037087112823943
28.366886535454803 -0.0924205754890201
28.43906690831856 -0.16398897709633545
28.511247281182307 -0.234703365992758
28.58342765404606 -0.3041954797009698
28.655608026909814 -0.3721034210406602
28.727788399773566 -0.4380735427966192
28.79996877263732 -0.501762289423134
28.87214914550107 -0.5628379861935002
28.944329518364825 -0.6209825664773281
29.016509891228576 -0.6758932281502783
29.08869026409233 -0.7272840105102277
29.160870636956084 -0.7748872834875478
29.23305100981983 -0.8184551413941725
29.305231382683587 -0.8577606939531082
29.37741175554734 -0.8925992478850313
29.449592128411094 -0.9227893728986322
29.521772501274846 -0.9481738465332196
29.593952874138594 -0.9686204729331522
29.66613324700235 -0.9840227712900916
29.738313619866105 -0.99430053036785
29.810493992729857 -0.9994002262220303
29.882674365593612 -0.999295300939057
29.95485473845736 -0.9939863009430071
30.027035111321112 -0.9835008741499717
30.099215484184867 -0.9678936259847711
30.17139585704862 -0.9472458350098508
30.243576229912374 -0.9216650296472804
30.315756602776123 -0.8912844281982031
30.387936975639878 -0.8562622450759305
30.46011734850363 -0.8167808668657065
30.532297721367385 -0.7730459025019312
30.604478094231137 -0.7252851125093597
30.676658467094885 -0.6737472228844458
30.74883883995864 -0.6187006297938704
30.821019212822392 -0.5604320018358773
30.893199585686148 -0.4992447871433967
30.9653799585499 -0.4354576331036942
31.03756033141365 -0.36940272692413695
31.109740704277403 -0.3014240656860689
31.18192107714116 -0.2318756648958594
31.25410145000491 -0.16111971486257315
31.326281822868665 -0.08952469450331814
31.398462195732414 -0.017463452399183704
31.470642568596165 0.054688734904984944
31.54282294145992 0.12655611724495708
31.615003314323673 0.19776442764801097
31.687183687187428 0.26794283141976316
31.759364060051176 0.3367258573565167
31.83154443291493 0.4037553010259917
31.903724805778683 0.46868209020447793
31.97590517864244 0.5311681027558649
32.04808555150619 0.5908879274853434
32.12026592436994 0.6475305587978188
32.192446297233694 0.7008010163356231
32.26462667009745 0.7504218811608587
32.3368070429612 0.7961347404823922
32.40898741582495 0.8377015334036846
32.4811677886887 0.874905790683111
32.55334816155246 0.9075537620505187
32.62552853441621 0.9354754252091246
32.69770890727997 0.958525371268229
32.769889280143715 0.9765835619955769
32.842069653007464 0.9895559549458198
32.91425002587122 0.9973749932095473
32.986430398734974 0.999999957232417
33.05861077159873 0.9974171768721986
33.13079114446248 0.989640102589382
33.20297151732623 0.9767092354006108
33.27515189018998 0.9586919159597386
33.34733226305374 0.9356819738648912
33.41951263591749 0.9077992390178943
33.49169300878125 0.8751889175807429
33.563873381644996 0.8380208357789988
33.636053754508744 0.7964885554901704
33.7082341273725 0.7508083662228942
33.780414500236255 0.7012181587364229
33.85259487310001 0.6479761861662956
33.92477524596376 0.5913597191079725
33.99695561882751 0.5316636016623657
34.06913599169126 0.46919871596310203
34.14131636455502 0.4042903631817221
34.21349673741877 0.33727656944230133
34.28567711028252 0.2685063254677078
34.357857483146276 0.1983377691250271
34.430037856010024 0.127136320335064
34.50221822887378 0.05527277805866637
34.574398601737535 -0.01687861072951445
34.64657897460128 -0.08894210002370799
34.71875934746504 -0.16054240157628066
34.790939720328794 -0.23130663930304057
34.86312009319254 -0.30086629112667507
34.9353004660563 -0.3688591081456312
35.007480838920046 -0.4349310011338313
35.0796612117838 -0.4987378845469835
35.151841584647556 -0.5599474684321726
35.224021957511304 -0.618240988909091
35.29620233037506 -0.6733148682109328
35.36838270323881 -0.724882295639832
35.44056307610256 -0.7726747212037705
35.51274344896632 -0.8164432541563135
35.584923821830074 -0.8559599591560734
35.65710419469382 -0.8910190432957449
35.72928456755757 -0.9214379278190192
35.801464940421326 -0.9470581989441078
35.87364531328508 -0.9677464328422563
35.94582568614884 -0.9833948904749777
36.018006059012585 -0.9939220786714456
