0.0 0.0
0.11138176191266885 0.11115160628119092
0.2227635238253377 0.22092570218416746
0.33414528573800656 0.327961848922441
0.4455270476506754 0.43093353932342926
0.5569088095633442 0.5285646373335442
0.6682905714760131 0.6196451932701411
0.7796723333886819 0.7030464388206973
0.8910540953013508 0.7777347759550479
1.0024358572140195 0.8427845863850157
1.1138176191266884 0.8973897028228205
1.2251993810393573 0.9408733998740814
1.3365811429520262 0.9726967807475122
1.447962904864695 0.9924654558441707
1.5593446667773638 0.9999344304579948
1.6707264286900325 0.9950111410139775
1.7821081906027016 0.9777566022156483
1.8934899525153706 0.948384650885175
2.004871714428039 0.9072592958672322
2.116253476340708 0.8548902068394816
2.227635238253377 0.7919263979371839
2.339017000166046 0.7191481844712608
2.4503987620787147 0.6374575124208255
2.561780523991384 0.5478667805475117
2.6731622859040525 0.4514862936600074
2.784544047816721 0.3495105025214351
2.89592580972939 0.2432032009294717
3.007307571642059 0.1338818634229231
3.1186893335547277 0.022901317718760583
3.230071095467397 -0.08836304577164804
3.341452857380065 -0.19853231926134857
3.452834619292734 -0.3062411664977251
3.5642163812054033 -0.41015474347934805
3.675598143118072 -0.5089852412800244
3.786979905030741 -0.6015078459635522
3.8983616669434094 -0.6865759177967308
4.009743428856078 -0.7631352016434865
4.121125190768748 -0.8302368924295971
4.232506952681416 -0.8870493937567175
4.343888714594085 -0.9328686239403025
4.455270476506754 -0.9671267417479006
4.566652238419423 -0.9893991836990824
4.678034000332092 -0.9994099257132033
4.78941576224476 -0.9970349038969968
4.900797524157429 -0.9823035520779149
5.012179286070098 -0.9553984370284484
5.123561047982768 -0.9166529959021181
5.234942809895435 -0.8665474039212694
5.346324571808105 -0.8057026235287249
5.457706333720774 -0.7348727087526288
5.569088095633442 -0.6549354601570616
5.680469857546112 -0.5668815461923526
5.79185161945878 -0.4718022257650279
5.903233381371449 -0.37087582418251064
6.014615143284118 -0.26535313007725936
6.125996905196787 -0.15654189428734375
6.237378667109455 -0.04579062280005256
6.348760429022124 0.06552813538619284
6.460142190934794 0.17603479836680475
6.571523952847462 0.2843598485953364
6.68290571476013 0.3891608054194356
6.7942874766728 0.48913886254649225
6.905669238585468 0.5830549842495903
7.017051000498138 0.6697452608322725
7.128432762410807 0.7481353330506337
7.239814524323474 0.8172537067298031
7.351196286236144 0.876243792565733
7.462578048148813 0.9243745219021112
7.573959810061482 0.9610494069202726
7.685341571974151 0.9858139329584623
7.796723333886819 0.9983611913468872
7.908105095799488 0.9985356829503891
8.019486857712156 0.986335245281148
8.130868619624826 0.9619110792985598
8.242250381537495 0.9255658755641548
8.353632143450163 0.8777500629742632
8.465013905362833 0.8190562265601666
8.5763956672755 0.7502117635363804
8.68777742918817 0.6720698686111998
8.79915919110084 0.5855989602792758
8.910540953013507 0.4918706791369638
9.021922714926175 0.39204660695825044
9.133304476838846 0.2873638711227756
9.244686238751514 0.17911981280138284
9.356068000664184 0.06865590890750495
9.467449762576852 -0.042658852929049695
9.57883152448952 -0.15344494033076236
9.69021328640219 -0.2623293728229185
9.801595048314859 -0.36796273728587997
9.912976810227528 -0.46903591133535344
10.024358572140196 -0.5642962873764442
10.135740334052864 -0.6525632962656254
10.247122095965535 -0.7327430381946395
10.358503857878203 -0.8038418394746788
10.46988561979087 -0.8649785672106073
10.58126738170354 -0.9153955492484738
10.69264914361621 -0.9544679640646031
10.80403090552888 -0.9817115842266456
10.915412667441547 -0.9967887774612678
11.026794429354215 -0.9995126909568026
11.138176191266885 -0.9898495670444674
11.249557953179554 -0.9679191615597426
11.360939715092224 -0.9339932596991213
11.472321477004892 -0.8884923077653332
11.58370323891756 -0.8319802025440782
11.695085000830229 -0.7651573028879309
11.806466762742899 -0.6888517501153887
11.917848524655568 -0.6040092047920186
12.029230286568236 -0.5116811270865704
12.140612048480904 -0.4130117459444897
12.251993810393573 -0.3092238785708751
12.363375572306243 -0.20160377596311113
12.47475733421891 -0.09148518230364217
12.58613909613158 0.01976719423393911
12.697520858044248 0.1307745944179017
12.808902619956918 0.24016129502725345
12.920284381869587 0.3465716582950779
13.031666143782255 0.44868693243131696
13.143047905694925 0.5452415950148131
13.254429667607592 0.6350390367096866
13.36581142952026 0.7169663909365858
13.477193191432931 0.7900083257135196
13.5885749533456 0.8532596267429454
13.699956715258269 0.9059364158019715
13.811338477170937 0.9473858654052583
13.922720239083604 0.9770942893461014
14.034102000996276 0.9946935088489702
14.145483762908944 0.9999654154372993
14.256865524821613 0.992844673968563
14.368247286734281 0.9734195323377037
14.479629048646949 0.9419307278142045
14.59101081055962 0.8987685035666506
14.702392572472288 0.8444677723492287
14.813774334384957 0.7797014872869444
14.925156096297625 0.7052723019159622
15.036537858210293 0.6221026228367866
15.147919620122964 0.5312231782585461
15.259301382035632 0.4337602441052867
15.370683143948302 0.33092168599207816
15.48206490586097 0.2239819900538625
15.593446667773637 0.11426646814106076
15.704828429686309 0.003134833128207141
15.816210191598977 -0.10803565211193657
15.927591953511644 -0.21786724323277387
16.038973715424312 -0.3249987889051733
16.150355477336984 -0.42810259967025127
16.26173723924965 -0.5259009020966119
16.373119001162323 -0.6171816743244671
16.48450076307499 -0.7008136667454412
16.59588252498766 -0.7757604216657167
16.707264286900326 -0.8410931182056836
16.818646048812997 -0.8960020832483139
16.930027810725665 -0.939806825780169
17.041409572638333 -0.9719644702687104
17.152791334551 -0.9920764845603869
17.264173096463672 -0.9998936189201701
17.37555485837634 -0.995318995002629
17.486936620289008 -0.9784093064726929
17.59831838220168 -0.9493741163967138
17.709700144114347 -0.9085732601113229
17.821081906027015 -0.8565123857565111
17.932463667939686 -0.7938366877394649
18.04384542985235 -0.7213229107908239
18.15522719176502 -0.639869723707659
18.266608953677693 -0.550486582082203
18.377990715590357 -0.45428121804129257
18.48937247750303 -0.3524459120371743
18.600754239415696 -0.24624271682449297
18.712136001328368 -0.13698781674370822
18.823517763241036 -0.026035216147686495
18.934899525153703 0.08524004087807466
19.046281287066375 0.19545891154220713
19.15766304897904 0.3032554449304976
19.26904481089171 0.40729371034032796
19.38042657280438 0.5062843535722483
19.491808334717046 0.599000575995443
19.603190096629717 0.6842933383572326
19.714571858542385 0.7611056009145867
19.825953620455056 0.8284854234087323
19.937335382367724 0.8855977625337402
20.048717144280392 0.9317348206922503
20.160098906193063 0.9663248177853521
20.271480668105728 0.9889390773271843
20.3828624300184 0.9992973390654984
20.49424419193107 0.9972712322684412
20.605625953843735 0.9828858666328836
20.717007715756406 0.9563195210980169
20.828389477669074 0.9179014344207972
20.93977123958174 0.8681077248947836
21.051153001494413 0.8075554897796244
21.16253476340708 0.7369951575674156
21.273916525319752 0.6573011878648515
21.38529828723242 0.5694612341482947
21.496680049145088 0.47456390369850804
21.60806181105776 0.37378526640717025
21.719443572970423 0.26837427965255806
21.830825334883095 0.1596373098749682
21.942207096795766 0.048921942677311384
22.05358885870843 -0.062399717906597825
22.1649706206211 -0.17294805400254823
22.27635238253377 -0.281353031605971
22.387734144446437 -0.3862711795184326
22.49911590635911 -0.48640223908918095
22.610497668271776 -0.5805052784202814
22.721879430184448 -0.6674140713307869
22.833261192097112 -0.7460515504871824
22.944642954009783 -0.8154431555814561
23.056024715922455 -0.8747289111316782
23.16740647783512 -0.9231740842240983
23.27878823974779 -0.960178290114481
23.390170001660458 -0.9852829328422504
23.501551763573126 -0.9981768886454053
23.612933525485797 -0.9987003617411463
23.724315287398465 -0.9868468646872651
23.835697049311136 -0.9627632987815125
23.9470788112238 -0.9267481335025566
24.058460573136472 -0.8792477075548412
24.169842335049143 -0.8208506973588152
24.281224096961807 -0.75228082153892
24.39260585887448 -0.6743878718231746
24.503987620787147 -0.58813718150917
24.615369382699814 -0.49459766201447825
24.726751144612486 -0.39492855577551333
24.838132906525153 -0.2903650696671531
24.94951466843782 -0.18220306698922065
25.06089643035049 -0.07178300773327362
25.17227819226316 0.039526663840846014
25.283659954175832 0.1503464784396268
25.395041716088496 0.2593030376046048
25.506423478001167 0.3650460343447766
25.617805239913835 0.4662649875946171
25.729187001826503 0.5617054831064316
25.840568763739174 0.6501847195022847
25.951950525651842 0.73060616682215
26.06333228756451 0.801973155903788
26.174714049477178 0.8634012301800743
26.28609581138985 0.9141291068170471
26.39747757330252 0.9535281113504284
26.508859335215185 0.9811099688964627
26.620241097127856 0.9965328553799894
26.73162285904052 0.9996056337864017
26.84300462095319 0.9902902229373313
26.954386382865863 0.9687020694336073
27.06576814477853 0.9351087169166843
27.1771499066912 0.8899264903797788
27.288531668603866 0.8337153366203125
27.399913430516538 0.7671718847763197
27.511295192429206 0.6911208129481411
27.622676954341873 0.6065046278994881
27.734058716254545 0.5143719844988673
27.84544047816721 0.41586468965941153
27.95682224007988 0.31220355183823384
28.06820400199255 0.20467325146366402
28.17958576390522 0.09460641979218748
28.290967525817887 -0.016632876492888537
28.402349287730555 -0.12766604026440873
28.513731049643226 -0.23711702901126508
28.625112811555894 -0.3436294082387192
28.736494573468562 -0.4458831618651092
28.847876335381233 -0.5426110512823391
28.959258097293898 -0.6326143203410926
29.07063985920657 -0.7147775516277269
29.18202162111924 -0.788082489917758
29.293403383031904 -0.8516206614909423
29.404785144944576 -0.9046046329157512
29.516166906857244 -0.9463777697722316
29.627548668769915 -0.976422374372736
29.738930430682583 -0.9943661016290428
29.85031219259525 -0.9999865735535882
29.961693954507922 -0.9932141352069107
30.073075716420586 -0.974132717936659
30.184457478333258 -0.9429787992099606
30.29583924024593 -0.9001384719300493
30.407221002158593 -0.8461426595573137
30.518602764071264 -0.7816605363341363
30.629984525983932 -0.7074912341572273
30.741366287896604 -0.6245539388747386
30.85274804980927 -0.5338764987455995
30.96412981172194 -0.4365826862372224
31.07551157363461 -0.3338782710271676
31.186893335547275 -0.22703607680710067
31.298275097459946 -0.11738020708116272
31.409656859372618 -0.00626963544977312
31.521038621285282 0.10491863625440759
31.632420383197953 0.21480664325578108
31.74380214511062 0.3220325350588726
31.85518390702329 0.425267452965968
31.96656566893596 0.5232319987248186
32.077947430848624 0.6147120902092564
32.1893291927613 0.6985740076320974
32.30071095467397 0.7737784438213322
32.412092716586635 0.8393933844336346
32.5234744784993 0.894605658479548
32.63485624041197 0.9387310160139059
32.746238002324645 0.9712226080978633
32.857619764237306 0.9916777639397116
32.96900152614998 0.9998429812248889
33.08038328806265 0.995617067789581
33.19176504997532 0.9790523957029774
33.303146811887984 0.9503542522161978
33.41452857380065 0.9098782956216516
33.52591033571332 0.8581261475525528
33.637292097625995 0.7957391763475582
33.74867385953866 0.7234905485237912
33.86005562145133 0.6422756468648964
33.971437383364 0.55310097387357
34.082819145276666 0.4570716781088775
34.19420090718934 0.3553778579954253
34.305582669102 0.24927981284237827
34.41696443101468 0.14009242385742543
34.528346192927344 0.02916885872326028
34.63972795484001 -0.08211619831332785
34.75110971675268 -0.19238358300868186
34.86249147866535 -0.30026674321049057
34.973873240578015 -0.40442867464338084
35.08525500249068 -0.503578490505405
35.19663676440336 -0.5964874195271512
35.308018526316026 -0.682004034228266
35.419400288228694 -0.7590685206465307
35.53078205014136 -0.8267258126935223
35.64216381205403 -0.8841374283618746
35.7535455739667 -0.9305918610970794
35.86492733587937 -0.9655133975527661
35.97630909779204 -0.9884692524503333
36.0876908597047 -0.9991749321200998
36.199072621617375 -0.9974977602531548
36.31045438353004 -0.9834585221690274
36.42183614544271 -0.9572312072216291
36.533217907355386 -0.9191408525358491
36.64459966926805 -0.8696595147975594
36.755981431180714 -0.8094004200188886
36.86736319309339 -0.7391103637812625
36.97874495500606 -0.6596604561405148
37.09012671691873 -0.57203532589315
37.20150847883139 -0.4773209179962269
37.31289024074406 -0.3766910353681887
37.424272002656735 -0.27139279185935467
37.5356537645694 -0.16273115667435953
37.64703552648207 -0.0520527817887193
37.75841728839474 0.05927068721231763
37.86979905030741 0.1698596100426738
37.981180812220074 0.2783434497032799
38.09256257413275 0.3833777576521846
38.20394433604542 0.4836608356583823
38.31532609795808 0.5779498678478204
38.42670785987075 0.6650763230158105
38.53808962178342 0.7439604363237841
38.64947138369609 0.8136245909077756
38.76085314560876 0.8732054335591432
38.872234907521424 0.921964574327061
38.98361666943409 0.9592977374418246
39.09499843134677 0.9847422501507584
39.206380193259434 0.9979827766571235
39.31776195517211 0.9988552261008271
39.42914371708477 0.987348786149027
39.54052547899744 0.9636060569942
39.65190724091011 0.9279212840990243
39.76328900282278 0.8807367115898106
39.87467076473545 0.8226371014911255
39.986052526648116 0.7543424867251984
40.097434288560784 0.6766992476887124
40.20881605047345 0.5906696229956586
40.32019781238613 0.49731978438041685
40.431579574298794 0.3978066235497351
40.542961336211455 0.29336341473508526
40.65434309812413 0.18528453063055111
40.7657248600368 0.07490940113285803
40.877106621949466 -0.03639408631609385
40.98848838386214 -0.14724653906314103
41.0998701457748 -0.2562741541627318
41.21125190768747 -0.36212574402222475
41.322633669600144 -0.463489481773251
41.43401543151281 -0.5591091588426764
41.54539719342548 -0.6477997532417886
41.65677895533815 -0.7284621156346286
41.768160717250815 -0.8000965911799847
41.87954247916348 -0.8618154083304801
41.99092424107616 -0.9128536810534243
42.102306002988826 -0.952578888122045
42.213687764901486 -0.9804987119995622
42.32506952681416 -0.996267140168159
42.43645128872683 -0.9996887532886323
42.547833050639504 -0.9907211470472584
42.65921481255217 -0.9694754576757003
42.77059657446484 -0.9362149846311658
42.88197833637751 -0.8913519275060499
42.993360098290175 -0.8354422776067842
43.10474186020284 -0.7691789275109512
43.21612362211552 -0.6933830839964426
43.327505384028186 -0.6089940907629229
43.438887145940846 -0.5170577870733202
43.55026890785352 -0.4187135465876489
43.66165066976619 -0.3151801570179455
43.77303243167886 -0.20774071559865306
43.88441419359153 -0.09772672756424773
43.99579595550419 0.01349839529718433
44.10717771741686 0.12455623151083475
44.218559479329535 0.2340704327981251
44.3299412412422 0.34068378126645005
44.44132300315487 0.4430750095146082
44.55270476506754 0.5399751752009736
44.664086526980206 0.6301833871432273
44.775468288892874 0.712581688054848
44.88685005080555 0.7861489094754776
44.99823181271822 0.8499733271899212
45.10961357463088 0.9032639602962701
45.22099533654355 0.945360373892856
45.33237709845622 0.975740863898595
45.443758860368895 0.9940289225716932
45.55514062228156 0.9999979045989363
45.666522384194224 0.9935738359284441
45.7779041461069 0.9748363305357564
45.889285908019566 0.9440176037617406
46.000667669932234 0.9014995944500611
46.11204943184491 0.8478092315498079
46.22343119375757 0.7836119038446515
46.33481295567024 0.7097032137385958
46.44619471758291 0.626999117294422
46.55757647949558 0.5365245727199824
46.66895824140825 0.43940083798252266
46.780340003320916 0.336831574972752
46.891721765233584 0.23008793243074635
47.00310352714625 0.12049279250215851
47.114485289058926 0.009404376158359517
47.225867050971594 -0.10180058934016079
47.337248812884255 -0.21174393233031696
47.44863057479693 -0.31906311653351416
47.5600123367096 -0.42242812707214716
47.67139409862227 -0.520557953446021
47.78277586053494 -0.6122364651936304
47.8941576224476 -0.6963274834902453
48.005539384360276 -0.7717888618991923
48.116921146272944 -0.8376854017724963
48.22830290818561 -0.8932004422394755
48.339684670098286 -0.9376459811474975
48.45106643201095 -0.9704712015253972
48.562448193923615 -0.9912692979004538
48.67382995583629 -0.9997825178697778
48.78521171774896 -0.995905356445612
48.896593479661625 -0.9796858635867342
49.00797524157429 -0.9513250487116315
49.11935700348696 -0.9111743895733669
49.23073876539963 -0.8597314763688396
49.342120527312304 -0.7976338450653218
49.45350228922497 -0.7256510763683552
49.56488405113763 -0.644675258249049
49.67626581305031 -0.5557099302294478
49.787647574962975 -0.45985764644034866
49.89902933687564 -0.35830631158337484
50.01041109878832 -0.25231445913695727
50.12179286070098 -0.14319565425447772
50.233174622613646 -0.03230221465054856
50.34455638452632 0.07899154877604006
50.45593814643899 0.18930636388265806
50.567319908351664 0.29727509070828506
50.678701670264324 0.40155966454379866
50.79008343217699 0.5008676786705732
50.90146519408967 0.5939684012559663
51.012846956002335 0.6797080279072866
51.124228717915 0.7570239808581186
51.23561047982767 0.8249580775760225
51.34699224174034 0.8826684055921238
51.458374003653006 0.9294397563868875
51.56975576556568 0.964692489024134
51.68113752747835 0.9879897136855923
51.79251928939101 0.9990427060799256
51.903901051303684 0.9977144856250009
52.01528281321635 0.9840215130587445
52.12666457512902 0.958133486439959
52.238046337041695 0.9203712380672645
52.349428098954355 0.8712027583798406
52.46080986086702 0.8112373961160055
52.5721916227797 0.7412183066076099
52.683573384692366 0.6620132417990376
52.79495514660504 0.574603796130803
52.9063369085177 0.48007324156444015
53.01771867043037 0.379593102509971
53.129100432343044 0.2744086370341275
53.24048219425571 0.1658234042816585
53.35186395616838 0.055183109366876294
53.46324571808104 -0.05614107405296195
53.574627479993715 -0.166769496837953
53.68600924190638 -0.27533113246304025
53.79739100381906 -0.3804805682549273
53.908772765731726 -0.48091467919442404
54.02015452764439 -0.5753887776447564
54.13153628955706 -0.6627320388608765
54.24291805146973 -0.7418620111102393
54.3542998133824 -0.8117980305801701
54.46568157529507 -0.8716733748196522
54.57706333720773 -0.9207460040971003
54.6884450991204 -0.9584077575556771
54.799826861033075 -0.9841918901973846
54.91120862294574 -0.9977788572896196
55.02259038485841 -0.9990002745075485
55.13397214677108 -0.9878410047339483
55.24535390868375 -0.9644393456546622
55.356735670596414 -0.9290853158247757
55.46811743250909 -0.8822170604464269
55.57949919442176 -0.8244154214017364
