0.0 0.0
0.11243615326716434 0.11219940207918205
0.2248723065343287 0.2229818854752922
0.33730845980149304 0.33094842517061895
0.4497446130686574 0.43473555750665743
0.5621807663358217 0.5330325987886264
0.6746169196029861 0.6245981973541987
0.7870530728701505 0.7082760100773865
0.8994892261373147 0.7830093053356592
1.0119253794044791 0.8478543080256142
1.1243615326716434 0.9019921180986544
1.236797685938808 0.9447390521025367
1.3492338392059722 0.9755552771298505
1.4616699924731364 0.9940516281389483
1.574106145740301 0.9999945225542747
1.6865422990074652 0.9933089100816878
1.7989784522746295 0.9740792204868068
1.911414605541794 0.942548297367296
2.0238507588089583 0.89911433138402
2.1362869120761228 0.8443258316799969
2.248723065343287 0.7788746989909665
2.3611592186104513 0.7035874879243215
2.473595371877616 0.6194149687513816
2.5860315251447803 0.5274201205327054
2.6984676784119443 0.4287647072061743
2.8109038316791084 0.3246946061627378
2.923339984946273 0.2165240745890208
3.0357761382134374 0.10561915227048031
3.148212291480602 -0.006619589545927414
3.2606484447477664 -0.11877473537226674
3.3730845980149304 -0.2294299254189205
3.4855207512820945 -0.33718774220192316
3.597956904549259 -0.44068735793594416
3.7103930578164235 -0.538621719851479
3.822829211083588 -0.6297540564101649
3.935265364350752 -0.7129334959682216
4.0477015176179165 -0.7871096006465417
4.160137670885081 -0.851345631865341
4.2725738241522455 -0.9048303800185648
4.38500997741941 -0.9468884088960957
4.497446130686574 -0.9769885854813101
4.609882283953739 -0.9947507874047746
4.722318437220903 -0.9999507033485009
4.834754590488067 -0.9925226657784868
4.947190743755232 -0.9725604802321636
5.059626897022396 -0.940316240688032
5.172063050289561 -0.8961971459776799
5.284499203556724 -0.8407603574443674
5.396935356823889 -0.7747059627886221
5.509371510091053 -0.6988681349574694
5.621807663358217 -0.6142045977279189
5.734243816625382 -0.5217845310194034
5.846679969892546 -0.42277506867384634
5.959116123159711 -0.318426559217162
6.071552276426875 -0.21005677573779985
6.183988429694039 -0.0990342742890613
6.296424582961204 0.01323888902510955
6.408860736228368 0.12534486402227266
6.521296889495533 0.23586791187036926
6.633733042762697 0.3434122838532369
6.746169196029861 0.44661984768943863
6.858605349297025 0.5441872388090756
6.971041502564189 0.6348823199923929
7.083477655831354 0.7175597415083768
7.195913809098518 0.7911754052509458
7.308349962365682 0.8547996502113014
7.420786115632847 0.9076289927726862
7.533222268900011 0.9489962735643495
7.645658422167176 0.9783790827344085
7.75809457543434 0.9954063572423951
7.870530728701504 0.9998630668570865
7.982966881968669 0.9916929296821347
8.095403035235833 0.9709991229162769
8.207839188502998 0.9380429798722312
8.320275341770161 0.893240689709083
8.432711495037326 0.8371580415558297
8.545147648304491 0.7705032794003359
8.657583801571654 0.6941181579762613
8.77001995483882 0.6089673125993794
8.882456108105984 0.5161260771971281
8.994892261373147 0.4167669043723142
9.10732841464031 0.3121445589962383
9.219764567907477 0.2035802723150807
9.33220072117464 0.09244505668062847
9.444636874441805 -0.019857608383511256
9.557073027708968 -0.13190950012980332
9.669509180976133 -0.2422955627206379
9.781945334243298 -0.349621777368593
9.894381487510463 -0.45253276680872784
10.006817640777626 -0.5497289117834602
10.119253794044791 -0.6399827633832162
10.231689947311954 -0.722154543978335
10.344126100579121 -0.7952065409875682
10.456562253846284 -0.8582162117103265
10.568998407113448 -0.9103878337273587
10.681434560380612 -0.9510625537418365
10.793870713647777 -0.9797267079583265
10.906306866914942 -0.996018308925103
11.018743020182105 -0.999731616920214
11.13117917344927 -0.9908197381512078
11.243615326716434 -0.9693952169569592
11.3560514799836 -0.9357286145329228
11.468487633250763 -0.890245092128503
11.580923786517928 -0.8335190418658703
11.693359939785092 -0.7662668329853661
11.805796093052257 -0.6893377651220557
11.918232246319421 -0.6037033428606962
12.030668399586586 -0.510445007016191
12.14310455285375 -0.41074047757600696
12.255540706120913 -0.30584888077372957
12.367976859388078 -0.19709484811765612
12.480413012655243 -0.08585178818104475
12.592849165922408 0.026475457592519718
12.70528531918957 0.13846835603614527
12.817721472456736 0.24871259631363188
12.930157625723899 0.355815950651427
13.042593778991066 0.4584258561929725
13.155029932258229 0.555246495941595
13.267466085525394 0.6450551630840315
13.379902238792557 0.7267177020364008
13.492338392059722 0.7992028312142723
13.604774545326887 0.8615951666505842
13.71721069859405 0.9131067819917018
13.829646851861215 0.9530871588853047
13.942083005128378 0.9810314021008734
14.054519158395543 0.9965866156375145
14.166955311662708 0.9995563592979467
14.279391464929873 0.9899031294484747
14.391827618197036 0.9677488326364801
14.5042637714642 0.933373246084314
14.616699924731364 0.8872104845013672
14.72913607799853 0.8298435178334389
14.841572231265694 0.7619968091824447
14.954008384532859 0.6845271658690184
15.066444537800022 0.5984129191761071
15.178880691067185 0.504741569417942
15.291316844334352 0.40469605235960776
15.403752997601515 0.2995398004227691
15.51618915086868 0.19060078733321675
15.628625304135843 0.07925475770368443
15.741061457403008 -0.033092146661647594
15.853497610670173 -0.14502114433586594
15.965933763937338 -0.2551187314584938
16.0783699172045 -0.361994532276501
16.190806070471666 -0.46429885761026024
16.30324222373883 -0.5607397495059996
16.415678377005996 -0.6500992968250948
16.52811453027316 -0.7312490157275171
16.640550683540322 -0.8031641008158368
16.752986836807487 -0.8649363669681409
16.865422990074652 -0.9157857184229086
16.977859143341817 -0.9550700002776787
17.090295296608982 -0.9822931079910758
17.202731449876143 -0.9971112524767446
17.31516760314331 -0.9993373016699768
17.427603756410473 -0.9889431437392212
17.54003990967764 -0.9660600420984886
17.652476062944803 -0.9309769777373436
17.764912216211968 -0.8841369998024976
17.87734836947913 -0.8261316305179635
17.989784522746294 -0.7576933951016503
18.10222067601346 -0.6796865710149442
18.21465682928062 -0.593096273369046
18.32709298254779 -0.49901601432384807
18.439529135814954 -0.3986338935864798
18.551965289082116 -0.29321759440376305
18.66440144234928 -0.18409837452791056
18.776837595616445 -0.07265425432676333
18.88927374888361 0.039707385651250454
19.001709902150775 0.1515675778894136
19.114146055417937 0.26151368744192843
19.226582208685105 0.36815725150179235
19.339018361952267 0.47015151370892544
19.45145451521943 0.5662084317653454
19.563890668486597 0.6551149435752598
19.676326821753758 0.735748286492023
19.788762975020926 0.8070901762116252
19.901199128288088 0.8682396662534513
20.013635281555253 0.9184245256314688
20.126071434822418 0.957010991031947
20.238507588089583 0.9835117703416797
20.350943741356748 0.9975921964534978
20.46337989462391 0.9990744536352879
20.575816047891074 0.9879398230894887
20.688252201158242 0.9643289193448495
20.800688354425404 0.9285399144951638
20.91312450769257 0.8810247727102937
21.02556066095973 0.8223835425722861
21.137996814226895 0.7533567793162019
21.250432967494064 0.674816192672013
21.362869120761225 0.58775363841198
21.47530527402839 0.49326859262456796
21.587741427295555 0.3925542668970624
21.70017758056272 0.2868825397522702
21.812613733829885 0.17758789463385777
21.925049887097046 0.06605056728068492
22.03748604036421 -0.04632088468521843
22.14992219363138 -0.15810736983569978
22.26235834689854 -0.2678971840405174
22.374794500165706 -0.37430383828035513
22.487230653432867 -0.4759835680288214
22.599666806700036 -0.5716523030850111
22.7121029599672 -0.6601018835516695
22.824539113234362 -0.7402153171743767
22.936975266501527 -0.8109808853631854
23.04941141976869 -0.8715049197577714
23.161847573035857 -0.9210230879863149
23.274283726303022 -0.9589100460949719
23.386719879570183 -0.9846873357515767
23.499156032837348 -0.9980294264930754
23.611592186104513 -0.998767826711735
23.724028339371678 -0.9868932114642315
23.836464492638843 -0.9625555402324041
23.948900645906004 -0.9260621631485347
24.061336799173173 -0.8778739396008185
24.173772952440334 -0.8185994182355423
24.2862091057075 -0.7489871518541977
24.398645258974664 -0.6699162442575096
24.511081412241825 -0.5823852484162192
24.623517565508994 -0.4874995561689291
24.735953718776155 -0.38645743869722604
24.84838987204332 -0.28053491406688125
24.960826025310485 -0.17106963293668614
25.07326217857765 -0.05944398593535047
25.185698331844815 0.05293235396369443
25.298134485111976 0.16464023360465704
25.41057063837914 0.2742689415329689
25.52300679164631 0.38043402327216974
25.63544294491347 0.4817947650125632
25.747879098180636 0.5770711249175667
25.860315251447798 0.6650598982293702
25.972751404714963 0.7446499120317625
26.08518755798213 0.8148360577818026
26.197623711249292 0.8747319843995041
26.310059864516457 0.923581291619882
26.42249601778362 0.96076708225121
26.534932171050787 0.9858197527081428
26.647368324317952 0.9984229234362996
26.759804477585114 0.9984174343355405
26.87224063085228 0.9858033547253922
26.984676784119443 0.9607399824696411
27.09711293738661 0.9235438322711456
27.209549090653773 0.874684638541836
27.321985243920935 0.8147794233259674
27.4344213971881 0.7445847041902958
27.546857550455265 0.6649869404844555
27.65929370372243 0.5769913386216321
27.771729856989595 0.4817091577529179
27.884166010256756 0.38034367614660364
27.996602163523924 0.27417499549702906
28.109038316791086 0.16454387506300733
28.22147447005825 0.05283479978750017
28.333910623325416 -0.059541503775751695
28.44634677659258 -0.17116588292982962
28.558782929859746 -0.28062868071240776
28.671219083126907 -0.38654753785591733
28.783655236394072 -0.4875848500167132
28.89609138966124 -0.5824646598132486
29.0085275429284 -0.669988770350917
29.120963696195567 -0.7490518767426959
29.233399849462728 -0.818655524535952
29.345836002729893 -0.8779207187704616
29.45827215599706 -0.9260990244331073
29.570708309264223 -0.9625820181263702
29.683144462531388 -0.9869089715894933
29.79558061579855 -0.9987726700403519
29.908016769065718 -0.9980232918607036
30.020452922332883 -0.9846703006298877
30.132889075600044 -0.9588823256132957
30.24532522886721 -0.9209850322148626
30.35776138213437 -0.8714570092867511
30.47019753540154 -0.8109237252336172
30.582633688668704 -0.7401496292373082
30.695069841935865 -0.6600284973522101
30.80750599520303 -0.5715721453863625
30.919942148470195 -0.47589765110858084
31.03237830173736 -0.3742132471468785
31.144814455004525 -0.2678030627308274
31.257250608271686 -0.1580109069679147
31.369686761538855 -0.046223298448001084
31.482122914806016 0.06614804451211186
31.59455906807318 0.17768403186087012
31.706995221340346 0.2869761228985809
31.819431374607507 0.392644114140787
31.931867527874676 0.49335356932296176
32.044303681141834 0.587832671430335
32.156739834409 0.674888283935857
32.26917598767617 0.7534210184155207
32.38161214094333 0.8224391182587255
32.494048294210494 0.8810709831420729
32.60648444747766 0.9285761761003316
32.71892060074482 0.9643547741909654
32.83135675401199 0.9879549446666618
32.94379290727915 0.9990786509795306
33.05622906054632 0.9975854165583293
33.16866521381348 0.9834940988275219
33.281101367080645 0.9569826510648616
33.39353752034781 0.9183858751048835
33.505973673614974 0.8681911932684837
33.61840982688214 0.8070324929130471
33.730845980149304 0.7356821213377663
33.843282133416466 0.6550411321370035
33.955718286683634 0.5661279061764486
34.068154439950796 0.4700652908929182
34.180590593217964 0.36806642033005516
34.293026746485125 0.26141939498283534
34.40546289975229 0.15147101492244955
34.517899053019455 0.039609771629184845
34.63033520628662 -0.07275168667782125
34.742771359553785 -0.1841943947761118
34.85520751282095 -0.2933109899500929
34.96764366608811 -0.3987234849781812
35.08007981935528 -0.49910067014921977
35.19251597262244 -0.5931749245455492
35.304952125889606 -0.6797582242902258
35.41738827915677 -0.7577571455968652
35.529824432423936 -0.8261866731551386
35.6422605856911 -0.8841826394715007
35.75469673895826 -0.9310126380741418
35.86713289222543 -0.966085272763809
35.97956904549259 -0.9889576261056858
36.09200519875976 -0.9993408528459203
36.20444135202692 -0.9971038276158712
36.31687750529409 -0.9822748008588047
36.42931365856124 -0.9550410420670259
36.54174981182841 -0.9157464748348364
36.65418596509558 -0.8648873335932854
36.76662211836274 -0.8031058968759054
36.87905827162991 -0.7311823762553856
36.99149442489707 -0.6500250633824126
37.10393057816423 -0.5606588595554443
37.2163667314314 -0.46421233267671924
37.32880288469856 -0.36190346504668475
37.44123903796573 -0.2550242719818323
37.55367519123289 -0.14492448550105339
37.66611134450005 -0.0329945091321314
37.77854749776722 0.07935214090494348
37.89098365103439 0.19069668639505627
38.00341980430155 0.29963300427658385
38.11585595756871 0.4047853839734426
38.22829211083587 0.5048259006607141
38.34072826410304 0.5984911850643119
38.45316441737021 0.6845983780159333
38.56560057063737 0.7620600682800491
38.67803672390453 0.8298980250094091
38.790472877171695 0.8872555514076842
38.90290903043886 0.9334083035901284
39.01534518370603 0.9677734380154118
39.12778133697319 0.9899169719696227
39.240217490240354 0.9995592641499803
39.352653643507516 0.9965785461362896
39.465089796774684 0.9810124601526993
39.57752595004185 0.9530575837000135
39.689962103309014 0.9130669470617727
39.802398256576176 0.8615455750344596
39.914834409843344 0.7991441091834455
40.027270563110505 0.726650591166509
40.139706716377674 0.6449805108897931
40.252142869644835 0.5551652451739297
40.364579022912 0.45833903293337863
40.477015176179165 0.35572465135403897
40.58945132944633 0.24861797395857427
40.701887482713495 0.13837160556902078
40.814323635980664 0.026377800833959388
40.92675978924782 -0.08594911796522174
41.039195942514986 -0.19719062179088148
41.15163209578215 -0.30594188885087953
41.264068249049316 -0.41082954549751327
41.376504402316485 -0.510529009981032
41.48894055558364 -0.6037812200310276
41.60137670885081 -0.6894085330201205
41.71381286211797 -0.7663295979133758
41.82624901538514 -0.8335730111921632
41.938685168652306 -0.8902895842973352
42.05112132191946 -0.935763067671551
42.16355747518663 -0.9694191959713062
42.27599362845379 -0.9908329402204663
42.38842978172096 -0.9997338753210486
42.50086593498813 -0.9960095951371263
42.61330208825528 -0.9797071320242744
42.72573824152245 -0.9510323628778792
42.83817439478962 -0.9103474092011173
42.95061054805678 -0.8581660640260074
43.06304670132395 -0.795147303439013
43.17548285459111 -0.7220869646514377
43.28791900785827 -0.6399076957086449
43.40035516112544 -0.5496473037590485
43.5127913143926 -0.45244564902762346
43.62522746765977 -0.3495302500043161
43.73766362092694 -0.24220078163346953
43.85009977419409 -0.13181266226992575
43.96253592746126 -0.01975993667518781
44.07497208072842 0.09254232878279148
44.18740823399559 0.20367591640295132
44.29984438726276 0.3122373672211745
44.41228054052991 0.41685570469857863
44.52471669379708 0.5162097482030593
44.63715284706424 0.6090447976393073
44.74958900033141 0.6941884785244713
44.86202515359858 0.7705655474084367
44.974461306865734 0.8372114706675354
45.0868974601329 0.8932846051908009
45.19933361340007 0.9380768271339601
45.31176976666723 0.9710224745152944
45.4242059199344 0.9917054907209985
45.536642073201556 0.9998646787077603
45.649078226468724 0.9953969995495012
45.76151437973589 0.9783588736722825
45.873950533003054 0.9489654683446708
45.98638668627022 0.9075879804215121
46.09882283953738 0.8547489486562351
46.211258992804545 0.7911156547804246
46.323695146071714 0.7174916966857615
46.436131299338875 0.6348068401269069
46.548567452606044 0.544105277103935
46.6610036058732 0.44653243920428304
46.773439759140366 0.343320532432757
46.885875912407535 0.2357729762043569
46.998312065674696 0.1252479430130146
47.110748218941865 0.01314120664693513
47.223184372209026 -0.0991314844468016
47.33562052547619 -0.21015228604923614
47.448056678743356 -0.31851916352306864
47.56049283201052 -0.42286359751369507
47.672928985277686 -0.5218678664000138
47.78536513854485 -0.6142816872420916
47.89780129181201 -0.6989380050744125
48.01023744507918 -0.7747677311482543
48.122673598346346 -0.8408132440002597
48.23510975161351 -0.8962404828479354
48.34754590488067 -0.9403494805896885
48.45998205814783 -0.9725832033925955
48.572418211415 -0.9925345852365358
48.68485436468217 -0.9999516685783836
48.79729051794933 -0.9947407862170118
48.90972667121649 -0.9769677441766629
49.02216282448365 -0.9468569906705655
49.13459897775082 -0.9047887816395997
49.24703513101799 -0.8512943786612336
49.35947128428515 -0.7870493398722815
49.47190743755231 -0.7128649886315807
49.58434359081948 -0.6296781676612492
49.69677974408664 -0.5385394080571321
49.80921589735381 -0.4405996625769156
49.92165205062097 -0.3370957707457308
50.03408820388813 -0.22933483933409415
50.1465243571553 -0.11867773546065394
50.25896051042246 -0.006521900778297237
50.37139666368963 0.10571629622410268
50.4838328169568 0.21661944693882815
50.59626897022395 0.32478700249174297
50.70870512349112 0.4288529606803227
50.82114127675828 0.5275031166362797
50.93357743002545 0.6194916593617806
51.04601358329262 0.7036569045483382
51.158449736559774 0.778935964995475
51.27088588982694 0.844378173362609
51.383322043094104 0.8991570877438116
51.49575819636127 0.9425809284523285
51.60819434962844 0.9741013142129402
51.720630502895595 0.9933201874366184
51.833066656162764 0.9999948411210704
51.945502809429925 0.9940409838945639
52.057938962697094 0.9755338044959349
52.17037511596426 0.9447070222478796
52.282811269231416 0.9019499355147168
52.395247422498585 0.8478025054183603
52.50768357576575 0.7829485368982539
52.620119729032915 0.7082070432286682
52.73255588230008 0.624521903047257
52.84499203556724 0.5329499405119307
52.957428188834406 0.4346475791165304
53.069864342101575 0.3308562377088516
53.182300495368736 0.22288665313826395
53.294736648635904 0.11210232751569749
53.40717280190306 -9.769087641827254e-05
53.51960895517023 -0.11229647557188492
53.632045108437396 -0.22307711568429353
53.74448126170456 -0.3310406094739742
53.856917414971726 -0.43482353174788674
53.96935356823889 -0.5331152519783267
54.08178972150605 -0.6246744857002776
54.19422587477322 -0.7083449701666683
54.30666202804038 -0.7830700663004062
54.41909818130755 -0.8479061025413661
54.53153433457471 -0.9020342920744256
54.64397048784187 -0.944771072941067
54.75640664110904 -0.975576740453547
54.8688427943762 -0.9940622628965938
54.98127894764337 -0.9999941944440239
55.09371510091053 -0.9932976232471059
55.20615125417769 -0.9740571174645435
55.31858740744486 -0.9425156572870472
55.43102356071203 -0.8990715664435209
55.54345971397919 -0.8442734819395544
55.65589586724635 -0.7788134255532599
55.76833202051351 -0.70351806458562
55.88076817378068 -0.6193382722295935
55.99320432704785 -0.5273371193956888
56.10564048031501 -0.42867644964010687
