0.0 0.0
0.11574622256786962 0.11548794998348764
0.23149244513573924 0.22943041277312945
0.3472386677036089 0.3403025832520121
0.4629848902714785 0.4466207436846185
0.5787311128393481 0.5469621191801888
0.6944773354072178 0.6399839176044487
0.8102235579750874 0.7244412991430821
0.925969780542957 0.7992040350439777
1.0417160031108266 0.8632716326070036
1.1574622256786962 0.9157867240150989
1.273208448246566 0.9560465398341675
1.3889546708144356 0.9835123136406659
1.5047008933823052 0.9978164919219282
1.6204471159501748 0.9987676527646263
1.7361933385180444 0.986353067508308
1.851939561085914 0.9607388710833558
1.9676857836537838 0.922267838753865
2.083432006221653 0.8714547990175948
2.1991782287895227 0.808979744048655
2.3149244513573923 0.7356787298806243
2.430670673925262 0.6525326881060091
2.546416896493132 0.5606542988165415
2.6621631190610016 0.46127310045375125
2.777909341628871 0.35571903583332304
2.8936555641967403 0.24540465453426172
3.0094017867646103 0.13180620982471306
3.12514800933248 0.016443903089883544
3.2408942319003495 -0.09913845986419559
3.356640454468219 -0.2133941283868676
3.4723866770360887 -0.32479410596766256
3.5881328996039583 -0.4318476116309855
3.703879122171828 -0.5331220299214351
3.8196253447396975 -0.6272620825043066
3.9353715673075675 -0.7130079648223664
4.051117789875437 -0.7892122050998437
4.166864012443306 -0.8548550200824481
4.282610235011176 -0.9090579620192398
4.3983564575790455 -0.9510956742592084
4.514102680146915 -0.9804055981463665
4.629848902714785 -0.9965955013133833
4.745595125282655 -0.9994487266283433
4.861341347850524 -0.9889270915519768
4.9770875704183934 -0.9651713991054748
5.092833792986264 -0.9284995536109958
5.208580015554133 -0.8794023064204742
5.324326238122003 -0.8185366885643917
5.440072460689872 -0.7467172182063813
5.555818683257742 -0.6649050005675741
5.671564905825612 -0.5741948661881188
5.787311128393481 -0.4758007196446884
5.903057350961351 -0.37103929479093356
6.018803573529221 -0.26131253391212256
6.13454979609709 -0.14808882660028252
6.25029601866496 -0.03288335941570148
6.366042241232829 0.0827621606997244
6.481788463800699 0.19730013791119777
6.597534686368569 0.30919779778627826
6.713280908936438 0.41695769924662923
6.829027131504308 0.5191377736804096
6.944773354072177 0.614370623047164
7.060519576640047 0.7013818187233798
7.176265799207917 0.7790069562092105
7.292012021775787 0.8462072374662288
7.407758244343656 0.9020833723596584
7.523504466911525 0.945887613172689
7.639250689479395 0.9770337611441302
7.754996912047265 0.9951050111195535
7.870743134615135 0.9998595293369278
7.986489357183004 0.9912336897034967
8.102235579750873 0.9693429252552744
8.217981802318743 0.9344801834047232
8.333728024886613 0.8871120056488568
8.449474247454482 0.827872284200049
8.565220470022352 0.757553779089794
8.680966692590221 0.6770975092655562
8.796712915158091 0.5875801596515702
8.91245913772596 0.4901996726952965
9.02820536029383 0.38625921721688405
9.1439515828617 0.2771497490943043
9.25969780542957 0.16433139716121364
9.375444027997439 0.04931392341588405
9.49119025056531 -0.0663634809726741
9.60693647313318 -0.1811527934867365
9.722682695701048 -0.2935178762651132
9.838428918268917 -0.40195503306508945
9.954175140836787 -0.5050131320829091
10.069921363404658 -0.6013130253444611
10.185667585972528 -0.6895660047912331
10.301413808540396 -0.768591048077836
10.417160031108265 -0.8373306232937132
10.532906253676135 -0.8948648411064984
10.648652476244006 -0.9404237649396895
10.764398698811876 -0.9733977144468968
10.880144921379744 -0.9933454243991409
10.995891143947613 -0.9999999498010166
11.111637366515485 -0.9932722382120637
11.227383589083354 -0.9732523214676913
11.343129811651224 -0.9402081108517579
11.458876034219092 -0.8945818118441
11.574622256786961 -0.8369840064217017
11.690368479354833 -0.7681854821055693
11.806114701922702 -0.6891069170989397
11.921860924490572 -0.6008065595527483
12.037607147058441 -0.5044660658373712
12.15335336962631 -0.4013746873362416
12.26909959219418 -0.2929120173774221
12.38484581476205 -0.18052952918782708
12.50059203732992 -0.0657311519335227
12.61633825989779 0.04994685521779277
12.732084482465657 0.16495646168208236
12.847830705033529 0.2777585815721637
12.963576927601398 0.38684367011081705
13.079323150169268 0.49075192471777385
13.195069372737137 0.5880928204347774
13.310815595305005 0.6775637182610509
13.426561817872877 0.7579672973780006
13.542308040440746 0.8282275779809555
13.658054263008616 0.8874043202966472
13.773800485576485 0.9347056070953083
13.889546708144355 0.9694984413152522
14.005292930712224 0.9913172169799921
14.121039153280094 0.9998699500480754
14.236785375847964 0.9950421858129204
14.352531598415833 0.9768985305629005
14.468277820983703 0.9456817870046403
14.584024043551574 0.901809705019488
14.699770266119442 0.8458693912353243
14.815516488687312 0.7786094522261274
14.931262711255181 0.7009299764808912
15.04700893382305 0.6138704892055449
15.162755156390922 0.5185960411495899
15.27850137895879 0.4163816176200891
15.39424760152666 0.30859507632525557
15.50999382409453 0.19667884237752833
15.625740046662399 0.08213060541789934
15.74148626923027 -0.03351672282280724
15.857232491798138 -0.1487155223130239
15.972978714366008 -0.2619241753395313
16.088724936933875 -0.37162769680206204
16.204471159501747 -0.4763580081039851
16.320217382069618 -0.5747135833289762
16.435963604637486 -0.6653782047939297
16.551709827205357 -0.7471385769868174
16.667456049773225 -0.8189005631755659
16.783202272341093 -0.8797038274058598
16.898948494908964 -0.9287346859451087
17.014694717476836 -0.9653369961915366
17.130440940044704 -0.989020937330425
17.246187162612575 -0.9994695652326676
17.361933385180443 -0.9965430538764279
17.477679607748314 -0.9802805665321973
17.593425830316182 -0.9508997316706023
17.709172052884053 -0.9087937306064845
17.82491827545192 -0.8545260358531086
17.94066449801979 -0.7888228705990646
18.05641072058766 -0.712563490216965
18.17215694315553 -0.6267684158590875
18.2879031657234 -0.5325857776007733
18.40364938829127 -0.4312759498908802
18.51939561085914 -0.32419468492138565
18.63514183342701 -0.21277496962931702
18.750888055994878 -0.09850784912501916
18.86663427856275 0.017077526827905073
18.98238050113062 0.1324343672581288
19.09812672369849 0.24601893951100426
19.21387294626636 0.35631122784584535
19.329619168834224 0.4618352746477929
19.445365391402095 0.5611789320434365
19.561111613969967 0.6530127595992289
19.676857836537835 0.7361078152093493
19.792604059105706 0.8093521010910412
19.908350281673574 0.8717654448032033
20.024096504241445 0.9225126161469659
20.139842726809317 0.9609145044146995
20.255588949377184 0.9864572064109122
20.371335171945056 0.998798903626947
20.48708139451292 0.9977744365374988
20.60282761708079 0.9833975148046357
20.718573839648663 0.9558605338118432
20.83432006221653 0.9155319999832789
20.950066284784402 0.8629515993432187
21.06581250735227 0.7988229753094259
21.18155872992014 0.7240043123696923
21.297304952488012 0.6394968516530778
21.41305117505588 0.546431492083158
21.52879739762375 0.44605365641984757
21.644543620191616 0.3397066247160601
21.760289842759487 0.2288135582247551
21.87603606532736 0.11485845431686044
21.991782287895226 -0.000633712724258171
22.107528510463098 -0.11611739927109448
22.22327473303097 -0.23004717518412157
22.339020955598837 -0.3408984051252208
22.45476717816671 -0.4471876515901353
22.570513400734576 -0.5474925266216861
22.686259623302448 -0.6404707265434894
22.80200584587032 -0.7248779949867472
22.917752068438183 -0.7995847738246967
23.033498291006055 -0.8635913191879299
23.149244513573922 -0.9160410802744273
23.264990736141794 -0.9562321619159863
23.380736958709665 -0.9836267175061602
23.496483181277533 -0.9978581465913797
23.612229403845404 -0.9987360008053491
23.727975626413272 -0.9862485324943436
23.843721848981144 -0.9605628519271048
23.959468071549015 -0.922022690985509
24.075214294116883 -0.8711438032628338
24.190960516684754 -0.8086070621265895
24.30670673925262 -0.7352493491093124
24.42245296182049 -0.6520523545609758
24.53819918438836 -0.5601294404354439
24.65394540695623 -0.4607107410161869
24.7696916295241 -0.3551267009669342
24.885437852091968 -0.24479027100500908
25.00118407465984 -0.13117799945899847
25.11693029722771 -0.015810272748122658
25.23267651979558 0.09976903079017557
25.34842274236345 0.2140132014470756
25.464168964931314 0.3253933965792695
25.579915187499186 0.43241909994460476
25.695661410067057 0.5336580681446322
25.811407632634925 0.6277554972461795
25.927153855202796 0.7134521530895757
26.042900077770664 0.7896012226594287
26.158646300338535 0.8551836610089733
26.274392522906407 0.9093218283617205
26.390138745474275 0.9512912348955369
26.505884968042146 0.980530236037631
26.62163119061001 0.9966475485257003
26.73737741317788 0.9994274866535489
26.853123635745753 0.988832848628461
26.96886985831362 0.9650054144144388
27.084616080881492 0.9282640483990228
27.20036230344936 0.8791004322742823
27.31610852601723 0.8181724852355484
27.431854748585103 0.7462955595503895
27.54760097115297 0.6644315293207842
27.663347193720842 0.5736759184552788
27.77909341628871 0.4752432401076954
27.894839638856578 0.37045074377344556
28.01058586142445 0.26070078754372805
28.126332083992317 0.147462071416276
28.242078306560188 0.03224998280290812
28.357824529128056 -0.08339368274493963
28.473570751695927 -0.1979213542107384
28.5893169742638 -0.3098003950759847
28.705063196831667 -0.41753361342635253
28.820809419399538 -0.5196792977297267
28.936555641967406 -0.6148705101625438
29.052301864535277 -0.7018333792966426
29.16804808710315 -0.7794041473494454
29.283794309671013 -0.8465447438671955
29.399540532238884 -0.9023566774304912
29.515286754806752 -0.9460930594799737
29.631032977374623 -0.977168599356557
29.746779199942495 -0.9951674368001174
29.862525422510362 -0.9998487070903348
29.978271645078234 -0.9911497643556227
30.0940178676461 -0.9691870199150711
30.209764090213973 -0.934254384434505
30.325510312781844 -0.886819334744107
30.44125653534971 -0.8275166579523754
30.55700275791758 -0.7571399565741584
30.672748980485448 -0.6766310283532153
30.78849520305332 -0.5870672629009553
30.90424142562119 -0.48964722381262066
31.01998764818906 -0.38567460920439467
31.13573387075693 -0.2765408053153607
31.251480093324798 -0.16370626664619223
31.36722631589267 -0.04868097180990347
31.48297253846054 0.06699578336079191
31.598718761028405 0.1817759850361539
31.714464983596276 0.2941236172784153
31.830211206164144 0.40253521737206904
31.945957428732015 0.5055599955192853
32.06170365129989 0.6018192496537578
32.17744987386775 0.6900248155594289
32.29319609643562 0.768996305390195
32.40894231900349 0.8376769039005656
32.524688541571365 0.8951475109984649
32.640434764139236 0.9406390413610948
32.7561809867071 0.9735427165175051
32.87192720927497 0.9934182116667841
32.98767343184284 0.9999995482091796
33.103419654410715 0.9931986531349436
33.219165876978586 0.973106537638278
33.33491209954645 0.9399920791839063
33.45065832211432 0.8942984233249288
33.566404544682186 0.8366370534237296
33.68215076725006 0.7677796076362704
33.79789698981793 0.6886475526669222
33.9136432123858 0.600299852482015
34.02938943495367 0.5039187970023675
34.145135657521536 0.4007941804185876
34.26088188008941 0.29230604085865164
34.37662810265728 0.17990619238973052
34.49237432522515 0.06509879649727592
34.60812054779302 -0.050579766961454685
34.723866770360885 -0.165581459957781
34.83961299292876 -0.27836730250443853
34.95535921549663 -0.38742796765148374
35.07110543806449 -0.4913039796582712
35.186851660632364 -0.5886052450446952
35.302597883200235 -0.6780296551524762
35.41834410576811 -0.7583805112727137
35.53409032833598 -0.8285825391524128
35.64983655090384 -0.8876962785700875
35.76558277347171 -0.9349306554157326
35.88132899603958 -0.969653568032549
35.99707521860745 -0.9914003461515648
36.11282144117532 -0.9998799692195929
36.22856766374319 -0.9949789609054477
36.34431388631106 -0.9767629076671754
36.46006010887893 -0.9454755810584877
36.5758063314468 -0.9015356755198856
36.69155255401467 -0.8455312053101606
36.80729877658254 -0.7782116355598273
36.92304499915041 -0.700477852750629
37.03879122171828 -0.6133701088385372
37.15453744428615 -0.518054100354826
37.27028366685402 -0.4158053687780802
37.38602988942189 -0.3079922309349597
37.501776111989756 -0.19605746785923905
37.61752233455763 -0.08149901715309103
37.7332685571255 0.034150072769868256
37.84901477969337 0.14934215830282596
37.96476100226124 0.26253571158032907
38.080507224829105 0.3722159495705369
38.19625344739698 0.476915105261787
38.31199966996485 0.5752320696695383
38.42774589253272 0.6658511418098205
38.543492115100584 0.7475596357224831
38.65923833766845 0.8192641089229392
38.77498456023632 0.8800049951093522
38.89073078280419 0.9289694453069335
39.00647700537206 0.9655022056061204
39.122223227939934 0.9891143859261184
39.2379694505078 0.9994900024581527
39.35371567307567 0.9964902062358968
39.46946189564354 0.9801551412453353
39.58520811821141 0.950703407208406
39.70095434077928 0.9085291342295668
39.81670056334715 0.8541967084530718
39.93244678591502 0.7884332193134412
40.04819300848289 0.7121187294518665
40.16393923105076 0.6262744975087756
40.27968545361863 0.5320493113979947
40.3954316761865 0.4307041149538677
40.51117789875437 0.3235951336811606
40.62692412132224 0.21215572542307035
40.74267034389011 0.09787719882588646
40.85841656645798 -0.017711143707735327
40.97416278902584 -0.1330624715069696
41.08990901159371 -0.24663312568853837
41.20565523416158 -0.3569032767666724
41.321401456729454 -0.4623972633725528
41.437147679297325 -0.5617033399054442
41.55289390186519 -0.6534925688478375
41.66864012443306 -0.7365366049231694
41.78438634700093 -0.8097241331042125
41.900132569568804 -0.8720757404949093
42.015878792136675 -0.9227570230665123
42.13162501470454 -0.9610897518506007
42.24737123727241 -0.9865609491603344
42.36311745984028 -0.9988297533797609
42.478863682408154 -0.9977319804549797
42.594609904976025 -0.9832823210441697
42.71035612754389 -0.9556741439237124
42.82610235011176 -0.9152769082812615
42.94184857267963 -0.8626312195250977
43.0575947952475 -0.7984415947740676
43.173341017815375 -0.7235670348420626
43.28908724038323 -0.6390095288849869
43.4048334629511 -0.545900645543694
43.520579685518975 -0.44548639002356677
43.636325908086846 -0.33911052975668887
43.75207213065472 -0.22819661178671555
43.86781835322258 -0.11422891252401858
43.98356457579045 0.0012674251940224723
44.099310798358324 0.11674680192689754
44.215057020926196 0.23066384521003797
44.33080324349407 0.3414940900964077
44.44654946606194 0.4477543799087327
44.5622956886298 0.5480227141946414
44.678041911197674 0.6409572782746988
44.793788133765545 0.7253143997253086
44.90953435633342 0.7999651914986857
45.02528057890129 0.8639106589576172
45.14102680146915 0.9162950686591186
45.256773024037024 0.9564173999827557
45.372519246604895 0.9837407263551741
45.48826546917277 0.9978994005291254
45.60401169174064 0.9987039477618262
45.719757914308495 0.9861436014110003
45.83550413687637 0.9603864470166359
45.95125035944424 0.9217771729403514
46.06699658201211 0.8708324576638165
46.18274280457998 0.808234055474515
46.298489027147845 0.7348196730678486
46.414235249715716 0.6515717591570274
46.52998147228359 0.5596043571109262
46.64572769485146 0.4601481965609381
46.76147391741933 0.3545342234845531
46.877220139987195 0.24417578916997815
46.992966362555066 0.13054973641327008
47.10871258512294 0.015176636057089417
47.22445880769081 -0.10039956164972608
47.34020503025868 -0.2146321885613237
47.455951252826544 -0.32599255651554226
47.571697475394416 -0.43299041460223703
47.68744369796229 -0.5341938920550954
47.80318992053016 -0.6282486598865613
47.91893614309803 -0.7138960548402131
48.034682365665894 -0.7899899231215938
48.150428588233765 -0.8555119585007044
48.26617481080164 -0.909585329527959
48.38192103336951 -0.951486413501053
48.49766725593737 -0.9806544801559363
48.61341347850524 -0.9966991954924774
48.72915970107311 -0.9994058453168139
48.84490592364098 -0.9887382085977255
48.96065214620885 -0.9648390421850855
49.07639836877672 -0.928028170403766
49.19214459134459 -0.8787982050885155
49.30789081391246 -0.8178079533352983
49.42363703648033 -0.7458736011881809
49.5393832590482 -0.6639577912437012
49.65512948161607 -0.5731567403388611
49.770875704183936 -0.47468556971688936
49.88662192675181 -0.36986204398595207
50.00236814931968 -0.2600889364800184
50.11811437188755 -0.14683525701269537
50.23386059445542 -0.031616593238778946
50.349606817023286 0.0840251712999336
50.46535303959116 0.19854249102667657
50.58109926215903 0.3104028679523752
50.6968454847269 0.4181093599279814
50.81259170729477 0.5202206130800723
50.92833792986263 0.6153701503509292
51.0440841524305 0.7022846580193299
51.15983037499837 0.7798010254873158
51.27557659756624 0.8468819103026884
51.391322820134114 0.9026296201222308
51.50706904270198 0.9462981258439896
51.62281526526985 0.9773030451460308
51.73856148783772 0.9952294628295418
51.85430771040559 0.9998374833126425
51.970053932973464 0.9910654409700741
52.08580015554133 0.9690307253572529
52.2015463781092 0.9340282102753349
52.31729260067707 0.886526307699936
52.43303882324494 0.8271606993807463
52.548785045812814 0.7567258299972781
52.66453126838068 0.6761642757113605
52.78027749094855 0.5865541303889067
52.89602371351642 0.4890945782916068
53.01176993608429 0.38508984630811777
53.12751615865216 0.27593175047987806
53.24326238122002 0.1630810703880724
53.35900860378789 0.0480480006540481
53.47475482635576 -0.06762805884394159
53.590501048923635 -0.18239910358582112
53.706247271491506 -0.2947292401740693
53.82199349405937 -0.4031152400241831
53.93773971662724 -0.5061066559268825
54.05348593919511 -0.6023252322773429
54.169232161762984 -0.690483349219285
54.284978384330856 -0.7694012538799042
54.40072460689872 -0.8380228481031935
54.51647082946659 -0.8954298214064784
54.63221705203446 -0.9408539400295192
54.747963274602334 -0.973687327621288
54.863709497170206 -0.9934905999857634
54.97945571973807 -0.9999987450256668
55.09520194230594 -0.9931246691973321
55.21094816487381 -0.9729603630172042
55.326694387441684 -0.9397756700228872
55.442440610009555 -0.8940146756627914
55.55818683257742 -0.8362897644391245
55.673933055145284 -0.7673734248329319
55.789679277713155 -0.6881879116796551
55.90542550028103 -0.5997929043357504
56.0211717228489 -0.5033713257976813
56.13691794541676 -0.4002135125452544
56.25266416798463 -0.2916999469521554
56.368410390552505 -0.17928278334277378
56.484156613120376 -0.0644664149178861
56.59990283568825 0.05121265839268873
56.71564905825611 0.16620639173731186
56.83139528082398 0.2789759116466696
56.947141503391855 0.3880121096042301
57.062887725959726 0.49185583729509863
57.1786339485276 0.5891174332755453
57.29438017109546 0.6784953197527104
57.41012639366333 0.7587934206079863
57.525872616231204 0.8289371675718662
57.641618838799076 0.887987880351934
57.75736506136695 0.9351553282756206
