0.0 0.0
0.11764093409304047 0.11736977534576264
0.23528186818608093 0.23311709711246648
0.35292280227912143 0.3456419396042829
0.47056373637216187 0.4533888228614348
0.5882046704652023 0.5548683147378862
0.7058456045582429 0.6486776199713052
0.8234865386512833 0.733519971633608
0.9411274727443237 0.8082225569056107
1.0587684068373642 0.8717527293799869
1.1764093409304046 0.9232322837828012
1.2940502750234453 0.9619495957879173
1.4116912091164857 0.9873694591103336
1.5293321432095262 0.9991404838960174
1.6469730773025666 0.9970999541370658
1.764614011395607 0.981276076966029
1.8822549454886475 0.951887592736419
1.9998958795816881 0.9093407512794291
2.1175368136747283 0.8542236961353894
2.235177747767769 0.7872983343891701
2.3528186818608092 0.7094898044963498
2.4704596159538497 0.6218736876909728
2.5881005500468905 0.5256611397571864
2.705741484139931 0.42218214869476095
2.8233824182329714 0.3128671497150785
2.9410233523260114 0.19922725171152295
3.0586642864190523 0.08283334854238475
3.1763052205120927 -0.03470559611986402
3.293946154605133 -0.15176479019494363
3.4115870886981736 -0.2667260734041167
3.529228022791214 -0.37800028580525624
3.6468689568842545 -0.4840492354436166
3.764509890977295 -0.5834069614498912
3.8821508250703354 -0.6746999986564837
3.9997917591633763 -0.7566663636053649
4.117432693256416 -0.8281729994956496
4.235073627349457 -0.888231438921784
4.352714561442498 -0.9360114678894698
4.470355495535538 -0.970852602225692
4.5879964296285785 -0.9922732177394213
4.7056373637216184 -0.9999772079227978
4.823278297814659 -0.9938580771604961
4.940919231907699 -0.974000412865049
5.058560166000739 -0.9406787161881626
5.176201100093781 -0.8943536074716101
5.293842034186821 -0.8356654588914156
5.411482968279862 -0.765425542314051
5.529123902372902 -0.6846048147317073
5.646764836465943 -0.5943204963004398
5.764405770558983 -0.49582062651883596
5.882046704652023 -0.3904668120338636
5.999687638745064 -0.27971540455851673
6.117328572838105 -0.1650973690871044
6.2349695069311455 -0.04819712069861478
6.3526104410241855 0.06936937750374157
6.4702513751172255 0.1859769525550868
6.587892309210266 0.30001368710336007
6.705533243303306 0.4099032016456854
6.823174177396347 0.5141264455095638
6.940815111489387 0.6112426953526346
7.058456045582428 0.6999094709096143
7.176096979675469 0.7789010926823327
7.293737913768509 0.8471256250418486
7.41137884786155 0.9036399705307452
7.52901978195459 0.9476629067104805
7.64666071604763 0.9785858853397802
7.764301650140671 0.9959814446023083
7.881942584233711 0.9996091180977321
7.9995835183267525 0.9894187589136205
8.117224452419793 0.9655512328280794
8.234865386512832 0.9283364710606815
8.352506320605873 0.8782889094893633
8.470147254698913 0.8161003773789881
8.587788188791954 0.7426305339237702
8.705429122884995 0.6588949848034146
8.823070056978034 0.5660512430229916
8.940710991071075 0.4653827281059756
9.058351925164116 0.3582810248265952
9.175992859257157 0.24622664672674835
9.293633793350196 0.1307685703317963
9.411274727443237 0.013502822972676555
9.528915661536278 -0.1039495797957671
9.646556595629319 -0.2199650421995857
9.76419752972236 -0.33293983191801163
9.881838463815399 -0.44131224917457107
9.99947939790844 -0.5435842147940181
10.117120332001479 -0.6383419788039414
10.234761266094521 -0.7242756633170557
10.352402200187562 -0.8001973695443437
10.470043134280601 -0.8650575986379649
10.587684068373642 -0.9179597593714194
10.705325002466681 -0.9581725621109896
10.822965936559724 -0.9851401277512036
10.940606870652763 -0.9984896718740734
11.058247804745804 -0.9980366579106482
11.175888738838843 -0.9837873480704633
11.293529672931886 -0.9559387167762872
11.411170607024927 -0.9148757278007958
11.528811541117966 -0.8611660127444923
11.646452475211007 -0.7955520244165982
11.764093409304046 -0.7189407735861595
11.881734343397088 -0.6323912909767114
11.999375277490127 -0.5370999878228527
12.117016211583168 -0.43438411735608357
12.23465714567621 -0.3256635658390656
12.352298079769248 -0.21244122485872208
12.469939013862291 -0.09628221620054857
12.58757994795533 0.02120774351221876
12.705220882048371 0.13840453933961963
12.82286181614141 0.2536881088738949
12.940502750234451 0.3654648370685292
13.058143684327494 0.47218958547386086
13.175784618420533 0.5723870513595674
13.293425552513574 0.6646721614675684
13.411066486606613 0.7477692184835611
13.528707420699654 0.820529535557227
13.646348354792694 0.8819473151013929
13.763989288885735 0.9311735523706235
13.881630222978774 0.9675277716239892
13.999271157071815 0.9905074326379307
14.116912091164856 0.9997948775388782
14.234553025257897 0.9952617219265423
14.352193959350938 0.9769706295874558
14.469834893443977 0.9451744462661308
14.587475827537018 0.9003127044680868
14.705116761630057 0.8430055476103898
14.8227576957231 0.7740451575088031
14.94039862981614 0.6943848037031578
15.05803956390918 0.6051256659968605
15.17568049800222 0.5075016123683436
15.29332143209526 0.40286214267602954
15.410962366188302 0.2926537339333776
15.528603300281342 0.17839984502646747
15.646244234374382 0.0616798572775493
15.763885168467421 -0.05589275803158001
15.881526102560462 -0.17269274337661125
15.999167036653505 -0.2871055216341001
16.116807970746546 -0.39754951508501724
16.234448904839585 -0.5024980082531503
16.352089838932624 -0.6005002523587928
16.469730773025663 -0.6902015196516654
16.587371707118706 -0.7703618304032867
16.705012641211745 -0.8398730936873948
16.822653575304788 -0.8977744250039775
16.940294509397827 -0.9432654290046536
17.057935443490866 -0.9757172637065684
17.17557637758391 -0.9946813332492971
17.293217311676948 -0.9998954890310159
17.41085824576999 -0.9912876535029279
17.52849917986303 -0.9689768165286449
17.64614011395607 -0.9332713905354215
17.76378104804911 -0.8846649471947012
17.88142198214215 -0.823829394565705
17.999062916235193 -0.7516056890173598
18.116703850328232 -0.6689922103217584
18.23434478442127 -0.5771309606152522
18.351985718514314 -0.4772917780050002
18.469626652607353 -0.37085478304316205
18.587267586700392 -0.25929130071873946
18.704908520793435 -0.14414352169074884
18.822549454886474 -0.027003183914341703
18.940190388979516 0.0905104306469886
19.057831323072556 0.20677288006198405
19.175472257165595 0.32017701780073615
19.293113191258637 0.42915520902189075
19.410754125351676 0.5322010006725557
19.52839505944472 0.627889945845703
19.646035993537755 0.7148992945308115
19.763676927630797 0.7920262785640275
19.88131786172384 0.8582047380168798
19.99895879581688 0.9125198591898469
20.11659972990992 0.9542208204809951
20.234240664002957 0.9827311713203367
20.351881598096 0.9976568006974106
20.469522532189043 0.9987913851296043
20.58716346628208 0.9861192407616215
20.704804400375124 0.959815540170248
20.82244533446816 0.9202438908774508
20.940086268561203 0.8679513090450544
21.057727202654245 0.8036606578318444
21.175368136747284 0.7282606549409424
21.293009070840323 0.6427935874875006
21.410650004933363 0.5484409040094665
21.528290939026405 0.44650688278931444
21.645931873119448 0.3384006022466767
21.763572807212487 0.22561646263297103
21.881213741305526 0.10971352828514344
21.998854675398565 -0.00770602400041985
22.116495609491608 -0.1250190525563215
22.23413654358465 -0.24060388823911757
22.351777477677686 -0.3528627514689562
22.46941841177073 -0.46024383903338184
22.58705934586377 -0.561262775339703
22.70470027995681 -0.6545231315860378
22.822341214049853 -0.7387357292055042
22.93998214814289 -0.8127364607436246
23.05762308223593 -0.8755023818232606
23.175264016328974 -0.9261658517507229
23.292904950422013 -0.9640265272913984
23.410545884515056 -0.9885610438196387
23.52818681860809 -0.9994302500161655
23.645827752701134 -0.9964838961046375
23.763468686794177 -0.9797627108198139
23.881109620887216 -0.9494978383965004
23.998750554980255 -0.906107643362006
24.116391489073294 -0.8501919273008733
24.234032423166337 -0.7825236375360525
24.35167335725938 -0.7040381823410486
24.46931429135242 -0.6158205003835079
24.586955225445458 -0.5190900631449625
24.704596159538497 -0.41518401763484714
24.82223709363154 -0.30553870242437126
24.939878027724582 -0.19166979251220115
25.057518961817618 -0.07515134748809997
25.17515989591066 0.04240594737911273
25.2928008300037 0.15937704634626215
25.410441764096742 0.2741450069117052
25.528082698189785 0.3851233415165063
25.64572363228282 0.49077794825369814
25.763364566375863 0.5896483174278473
25.881005500468902 0.6803677208173314
25.998646434561945 0.7616821045544907
26.116287368654987 0.8324674244589986
26.233928302748023 0.8917451841906688
26.351569236841065 0.9386959614310124
26.469210170934105 0.9726707351151994
26.586851105027147 0.9931998571332372
26.704492039120186 0.9999995444805566
26.822132973213225 0.9929758021142213
26.939773907306268 0.9722257222873858
27.057414841399307 0.9380361424007502
27.17505577549235 0.8908796799241013
27.29269670958539 0.8314081991989695
27.410337643678428 0.7604438004336068
27.52797857777147 0.6789674554533672
27.64561951186451 0.5881054472994592
27.76326044595755 0.4891138011273817
27.88090138005059 0.38336092162356467
27.99854231414363 0.27230867695076166
28.116183248236673 0.15749219070702278
28.233824182329712 0.04049862124289555
28.35146511642275 -0.07705477832049626
28.469106050515794 -0.19354301608647503
28.586746984608833 -0.3073558243543
28.704387918701876 -0.41691991905171244
28.82202885279491 -0.5207207479266049
28.939669786887954 -0.6173234268632011
29.057310720980997 -0.7053925749107715
29.174951655074036 -0.7837107738367793
29.29259258916708 -0.851195397029918
29.410233523260114 -0.9069135751197789
29.527874457353157 -0.9500950914369221
29.6455153914462 -0.9801430290536974
29.76315632553924 -0.9966420222272115
29.88079725963228 -0.9993639981810939
29.998438193725317 -0.9882713298549242
30.11607912781836 -0.9635173560394934
30.233720061911402 -0.9254442617078452
30.35136099600444 -0.8745783478431965
30.46900193009748 -0.8116227561509698
30.58664286419052 -0.7374477492244257
30.704283798283562 -0.6530786805253888
30.821924732376605 -0.5596818204762879
30.939565666469644 -0.4585482345955963
31.057206600562683 -0.3510759365362454
31.174847534655722 -0.23875056273335993
31.292488468748765 -0.12312483580405577
31.410129402841807 -0.0057971005857110096
31.527770336934843 0.1116107704816197
31.645411271027886 0.22747579720512232
31.763052205120925 0.3401963268020192
31.880693139213967 0.44821417424436494
31.99833407330701 0.5500361617300449
32.115975007400046 0.6442547595305834
32.23361594149309 0.7295675428882996
32.351256875586124 0.804795196001553
32.46889780967917 0.8688978142213308
32.58653874377221 0.9209892791065537
32.70417967786525 0.9603495076256919
32.821820611958294 0.9864344061784538
32.93946154605133 0.9988833918388513
33.05710248014437 0.9975243768502153
33.17474341423741 0.9823761474692777
33.29238434833045 0.9536481042755584
33.41002528242349 0.9117373675358527
33.52766621651653 0.8572232876376347
33.645307150609575 0.7908594364760442
33.762948084702614 0.7135631905010319
33.88058901879565 0.6264030494226814
33.99822995288869 0.5305838658738553
34.11587088698173 0.42743019020691897
34.23351182107478 0.31836796065669537
34.35115275516782 0.20490479197454745
34.468793689260856 0.08860913501229482
34.586434623353895 -0.028911404657745866
34.704075557446934 -0.1460322893755266
34.82171649153998 -0.26113450608566496
34.93935742563302 -0.372626946660788
35.05699835972606 -0.47896840248295813
35.1746392938191 -0.5786888692423544
35.29228022791214 -0.6704098674477912
35.40992116200518 -0.7528634977497614
35.52756209609822 -0.8249099676659422
35.64520303019126 -0.8855533474296705
35.7628439642843 -0.933955337161322
35.88048489837734 -0.9694468550530603
35.998125832470386 -0.9915372863783944
36.115766766563425 -0.9999212654734517
36.233407700656464 -0.9944828969397
36.3510486347495 -0.9752973577165672
36.46868956884254 -0.942629857877831
36.58633050293559 -0.8969319745171322
36.70397143702863 -0.838835409400928
36.82161237112167 -0.7691432566795298
36.939253305214706 -0.6888189013665156
37.056894239307745 -0.5989727020476394
37.174535173400784 -0.5008466419099723
37.29217610749383 -0.3957971602667831
37.40981704158687 -0.28527640190551506
37.52745797567991 -0.17081214345720092
37.64509890977295 -0.05398667427399004
37.76273984386599 0.06358507624646698
37.88038077795903 0.18027786253421527
37.99802171205207 0.2944785893251053
38.11566264614511 0.40460861017999783
38.23330358023815 0.5091455498027704
38.35094451433119 0.6066443484978143
38.468585448424236 0.6957572378602731
38.586226382517275 0.7752523715663237
38.70386731661031 0.844030853722036
38.82150825070335 0.9011419293804429
38.93914918479639 0.9457961272416783
39.05679011888944 0.9773761728590123
39.17443105298248 0.9954455214926416
39.29207198707551 0.9997543926579802
39.409712921168556 0.990243222950196
39.527353855261595 0.9670434894151301
39.64499478935464 0.9304758920847622
39.76263572344768 0.8810459208008509
39.88027665754071 0.8194368676084424
39.99791759163376 0.746500381311997
40.1155585257268 0.6632446947626766
40.23319945981984 0.5708206876159958
40.35084039391288 0.4705059772205918
40.468481328005915 0.3636872575565285
40.58612226209896 0.25184113035978567
40.703763196192 0.13651369341270936
40.821404130285046 0.019299168160178518
40.939045064378085 -0.09818213790846336
41.05668599847112 -0.2143062294763467
41.17432693256416 -0.32746787259442633
41.2919678666572 -0.4361027845301959
41.40960880075025 -0.538709257530018
41.52724973484329 -0.6338689175801043
41.64489066893632 -0.7202663312089732
41.762531603029366 -0.796707189297868
41.880172537122405 -0.8621348165363947
41.99781347121545 -0.9156447783061105
42.11545440530849 -0.956497383074561
42.23309533940152 -0.9841279074738697
42.35073627349457 -0.99815440271807
42.46837720758761 -0.9983829744476984
42.58601814168065 -0.9848104630160779
42.70365907577369 -0.9576244871664831
42.821300009866725 -0.9172008504964599
42.93894094395977 -0.8640983465608185
43.05658187805281 -0.7990510344247189
43.17422281214585 -0.7229580914451265
43.291863746238896 -0.6368713835501646
43.40950468033193 -0.5419809248377903
43.527145614424974 -0.4395984274919981
43.64478654851801 -0.3311391694134605
43.76242748261105 -0.2181024302159662
43.8800684167041 -0.10205076603064026
43.99770935079713 0.015411590388718586
44.11535028489017 0.13266090567452604
44.232991218983216 0.24807639141965376
44.350632153076255 0.36006260904226944
44.4682730871693 0.4670715242290225
44.58591402126233 0.5676239060882571
44.70355495535537 0.6603297752036578
44.82119588944842 0.7439076179257085
44.93883682354146 0.8172021012936355
45.056477757634504 0.8792000437066883
45.17411869172754 0.92904442057513
45.291759625820575 0.9660462113448389
45.40940055991362 0.9896939241288415
45.52704149400666 0.999660666282668
45.644682428099706 0.995808663183923
45.762323362192745 0.9781911627509549
45.87996429628578 0.947051699373666
45.997605230378824 0.9028207274314467
46.11524616447186 0.8461096709346293
46.23288709856491 0.7777024715437787
46.35052803265795 0.6985447518023398
46.46816896675098 0.6097307433838973
46.585809900844026 0.5124881610506427
46.703450834937065 0.40816123141697197
46.82109176903011 0.2981921111188357
46.93873270312315 0.1841009512538192
47.05637363721618 0.0674648836696807
47.17401457130923 -0.05010378041683543
47.29165550540227 -0.16697983810086828
47.409296439495314 -0.2815476606778772
47.52693737358835 -0.3922235271835929
47.644578307681385 -0.49747751685946795
47.76221924177443 -0.5958546579143867
47.87986017586747 -0.6859950402340622
47.99750110996051 -0.7666526140115429
48.115142044053556 -0.8367124144369574
48.23278297814659 -0.8952059743422052
48.350423912239634 -0.9413247117449237
48.46806484633267 -0.9744311072297321
48.58570578042571 -0.994067516657111
48.70334671451876 -0.9999624973778651
48.82098764861179 -0.9920345605032181
48.93862858270484 -0.97039329736125
49.056269516797876 -0.9353378645681929
49.173910450890915 -0.887352848656081
49.29155138498396 -0.827101567421834
49.40919231907699 -0.7554169005961564
49.52683325317003 -0.6732897765838346
49.64447418726308 -0.5818554744283774
49.76211512135612 -0.4823779303548066
49.879756055449164 -0.37623226582809277
49.997396989542196 -0.26488577864963253
50.115037923635235 -0.14987765985991142
50.23267885772828 -0.03279771682970645
50.35031979182132 0.0847356033403774
50.46796072591437 0.2010975863198815
50.5856016600074 0.31467970968301323
50.70324259410044 0.4239118782155465
50.820883528193484 0.5272841280254829
50.93852446228652 0.6233674994323011
51.05616539637957 0.7108337900996974
51.1738063304726 0.7884739153555405
51.29144726456564 0.8552146218965239
51.40908819865869 0.9101333238364809
51.526729132751726 0.9524708560133585
51.64437006684477 0.9816419682602717
51.762011000937804 0.9972434155737167
51.87965193503084 0.9990595323450887
51.99729286912389 0.9870652136004086
52.11493380321693 0.9614262620373345
52.232574737309974 0.9224970960621717
52.35021567140301 0.8708158505097282
52.467856605496046 0.8070969377708328
52.58549753958909 0.7322211721583882
52.70313847368213 0.647223594027084
52.82077940777518 0.5532791619592556
52.93842034186821 0.45168651080015293
53.05606127596125 0.3438500000621931
53.173702210054294 0.23126030085115665
53.29134314414733 0.11547378966954226
53.40898407824037 -0.0019089660544587984
53.52662501233341 -0.11926533330835984
53.64426594642645 -0.23497304385900197
53.7619068805195 -0.3474326195736738
53.879547814612536 -0.45508948270370214
53.997188748705575 -0.556455445490525
54.114829682798614 -0.6501292820339161
54.23247061689165 -0.7348160980485599
54.3501115509847 -0.8093452307523494
54.46775248507774 -0.872686431448427
54.58539341917078 -0.9239641071021467
54.70303435326382 -0.9624694240453424
54.820675287356856 -0.9876701064931861
54.938316221449895 -0.9992177944244388
55.05595715554294 -0.9969528591139133
55.17359808963598 -0.9809066097499427
55.29123902372902 -0.9513008606338187
55.40887995782206 -0.9085448649439909
55.5265208919151 -0.8532296574509428
55.644161826008144 -0.7861198843858576
55.76180276010118 -0.7081432334023876
55.87944369419422 -0.6203776097457122
55.99708462828726 -0.5240362358983709
56.1147255623803 -0.420450880676906
56.23236649647335 -0.3110534496108393
56.350007430566386 -0.1973561910882388
56.467648364659425 -0.08093079188685429
56.585289298752464 0.03661334893745712
56.7029302328455 0.15365136747560154
56.82057116693855 0.2685653961675282
56.93821210103159 0.37976692829089187
57.05585303512462 0.48571877658211654
57.17349396921767 0.584956322446173
57.291134903310706 0.6761077620179521
57.40877583740375 0.7579130692052792
57.52641677149679 0.8292414135789214
57.64405770558982 0.8891067923346967
57.76169863968287 0.9366816602401402
57.87933957377591 0.9713083691530432
57.996980507868955 0.9925082589784984
58.114621441961994 0.9999882743960712
58.232262376055026 0.9936450158912818
58.34990331014807 0.973566169092167
58.46754424424111 0.9400292926526211
58.58518517833416 0.8934979814380943
58.702826112427196 0.8346154580516509
