0.0 0.0
0.12031983798178514 0.12002973907083593
0.24063967596357028 0.23832391930756333
0.36095951394535547 0.35317207702740844
0.48127935192714055 0.4629135759892631
0.6015991899089257 0.5659616192087638
0.7219190278907109 0.6608261931015134
0.8422388658724961 0.7461356121957441
0.9625587038542811 0.8206563528906566
1.0828785418360662 0.8833108894760517
1.2031983798178514 0.9331932745149897
1.3235182177996365 0.969582238306387
1.4438380557814219 0.9919516180170902
1.5641578937632068 0.9999779656843609
1.6844777317449922 0.9935452250815725
1.804797569726777 0.9727464098224105
1.9251174077085622 0.9378822584391874
2.0454372456903473 0.889456885882042
2.1657570836721325 0.8281704943157638
2.2860769216539176 0.7549092486117998
2.4063967596357028 0.6707324629298206
2.526716597617488 0.5768572836632795
2.647036435599273 0.4746410902244854
2.7673562735810586 0.36556186814339875
2.8876761115628438 0.2511968382735021
3.0079959495446285 0.13319965111374937
3.1283157875264136 0.013276476003175037
3.2486356255081987 -0.10683866907577141
3.3689554634899843 -0.22540899036876116
3.4892753014717695 -0.3407200313571327
3.609595139453554 -0.45110446278226357
3.7299149774353393 -0.5549661912377124
3.8502348154171244 -0.6508034377331884
3.97055465339891 -0.737230452528007
4.090874491380695 -0.8129975522504137
4.211194329362479 -0.8770091895779207
4.331514167344265 -0.9283397942017908
4.451834005326051 -0.9662471560247199
4.572153843307835 -0.9901831570786206
4.692473681289621 -0.9998016969853378
4.8127935192714055 -0.9949636973628341
4.933113357253191 -0.9757391128161035
5.053433195234976 -0.9424059194350757
5.1737530332167605 -0.8954460954252295
5.294072871198546 -0.8355386519886167
5.414392709180332 -0.7635498152246201
5.534712547162117 -0.6805205010143385
5.655032385143902 -0.5876512639943413
5.7753522231256875 -0.4862849382487025
5.895672061107472 -0.3778872207246204
6.015991899089257 -0.26402547812390054
6.1363117370710425 -0.1463460837100967
6.256631575052827 -0.026550611727630947
6.376951413034613 0.09362876635253771
6.4972712510163975 0.2124543280049789
6.617591088998182 0.32820792608682514
6.737910926979969 0.43921583222637633
6.858230764961753 0.5438729379426162
6.978550602943539 0.640665963561825
7.098870440925324 0.7281953393440859
7.219190278907108 0.8051954424316069
7.339510116888894 0.8705528970045684
7.459829954870679 0.9233226730351025
7.580149792852464 0.9627417508609774
7.700469630834249 0.9882401539973417
7.820789468816034 0.9994491906586307
7.94110930679782 0.9962067848231019
8.061429144779604 0.9785598197559795
8.18174898276139 0.9467634601052457
8.302068820743175 0.9012774623721771
8.422388658724959 0.84275952710503
8.542708496706746 0.7720557889392088
8.66302833468853 0.6901885819923127
8.783348172670316 0.5983416575191557
8.903668010652101 0.49784306757074787
9.023987848633885 0.39014596214933706
9.14430768661567 0.27680757752127366
9.264627524597456 0.15946671950424687
9.384947362579242 0.03982006730717468
9.505267200561025 -0.08040235944480817
9.625587038542811 -0.1994622157680155
9.745906876524597 -0.31563796675760425
9.866226714506382 -0.42724977996121705
9.986546552488168 -0.5326838147598879
10.106866390469952 -0.630415557546179
10.227186228451737 -0.7190318652867197
10.347506066433521 -0.797251398732287
10.467825904415308 -0.8639431498233631
10.588145742397092 -0.9181427953958323
10.708465580378878 -0.9590666407219823
10.828785418360663 -0.9861229512714256
10.949105256342447 -0.9989205088414401
11.069425094324234 -0.9972742683401382
11.189744932306018 -0.9812080334287395
11.310064770287804 -0.9509541123347477
11.430384608269588 -0.9069499588127714
11.550704446251375 -0.849831846822693
11.671024284233159 -0.7804256703856091
11.791344122214944 -0.6997350016461332
11.911663960196728 -0.6089265798144423
12.031983798178514 -0.5093134408093104
12.152303636160301 -0.40233593153752856
12.272623474142085 -0.2895408833319433
12.39294331212387 -0.17255924568783568
12.513263150105654 -0.05308250370059798
12.63358298808744 0.06716177980549626
12.753902826069226 0.18643494381105494
12.874222664051011 0.30301236910866847
12.994542502032795 0.41520841527372765
13.11486234001458 0.5214007940251715
13.235182177996364 0.6200540265517975
13.355502015978152 0.7097416456251514
13.475821853959937 0.7891668214695595
13.596141691941721 0.8571811131515129
13.716461529923507 0.9128010743543922
13.83678136790529 0.9552224734288919
13.957101205887078 0.9838319221056654
14.077421043868862 0.9982157447258757
14.197740881850647 0.9981659597458664
14.318060719832431 0.9836832870269194
14.438380557814217 0.9549771374264892
14.558700395796004 0.9124625848414102
14.679020233777788 0.8567543644855442
14.799340071759573 0.7886579841831961
14.919659909741357 0.7091580772037513
15.039979747723143 0.6194041650486043
15.160299585704928 0.5206940360520683
15.280619423686714 0.41445498013180987
15.400939261668498 0.3022231510232056
15.521259099650283 0.18562135440745645
15.641578937632069 0.06633558310397644
15.761898775613854 -0.05390936138577452
15.88221861359564 -0.17337480848497452
16.002538451577426 -0.2903333586867281
16.122858289559208 -0.40309386072636605
16.243178127540993 -0.5100258646256782
16.36349796552278 -0.609583197032515
16.483817803504564 -0.7003263179703961
16.60413764148635 -0.7809431357327373
16.724457479468136 -0.8502679789506907
16.844777317449918 -0.9072984515097461
16.965097155431707 -0.9512099266030059
17.085416993413492 -0.9813674703456902
17.205736831395274 -0.9973350225425285
17.32605666937706 -0.9988817018595387
17.446376507358845 -0.9859851442311733
17.56669634534063 -0.9588318262314443
17.687016183322417 -0.9178143687332668
17.807336021304202 -0.8635258598435113
17.927655859285984 -0.7967512792007556
18.04797569726777 -0.7184561476352965
18.16829553524956 -0.6297725663106282
18.28861537323134 -0.5319828472121043
18.408935211213127 -0.42650097167617756
18.529255049194912 -0.31485214505897224
18.649574887176698 -0.1986507431714613
18.769894725158483 -0.07957696936277181
18.89021456314027 0.040647440223669735
19.01053440112205 0.16028411193355988
19.130854239103837 0.27760317045369765
19.251174077085622 0.3909082517829567
19.371493915067408 0.4985610316495969
19.491813753049193 0.5990049147084962
19.61213359103098 0.6907875419865823
19.732453429012764 0.7725817911321508
19.852773266994546 0.8432049658169163
19.973093104976336 0.901635896823441
20.093412942958118 0.9470297075463153
20.213732780939903 0.9787300304067768
20.334052618921692 0.9962784975385732
20.454372456903474 0.9994213685154442
20.57469229488526 0.9881131992871861
20.695012132867042 0.9625174992736619
20.81533197084883 0.9230043671155685
20.935651808830617 0.870145139267617
21.0559716468124 0.8047041288122649
21.176291484794184 0.7276275739458752
21.29661132277597 0.6400299559356469
21.416931160757755 0.5431778843815125
21.53725099873954 0.438471782792585
21.657570836721327 0.3274256392938446
21.777890674703112 0.21164511525583884
21.898210512684894 0.09280432838362834
22.01853035066668 -0.027378354032278035
22.13885018864847 -0.14716516168771687
22.25917002663025 -0.2648240483927466
22.379489864612037 -0.37865373643226263
22.49980970259382 -0.48700831603264627
22.620129540575608 -0.5883210442408908
22.740449378557393 -0.6811269990983908
22.860769216539175 -0.7640842615436071
22.981089054520965 -0.8359933187657648
23.10140889250275 -0.895814408448614
23.221728730484532 -0.9426825531168337
23.342048568466318 -0.9759200671972773
23.462368406448103 -0.9950463559504004
23.58268824442989 -0.9997848645851473
23.703008082411674 -0.9900670770771962
23.823327920393456 -0.9660335068700329
23.943647758375246 -0.9280316651338951
24.063967596357028 -0.8766110359603811
24.184287434338813 -0.8125151311483824
24.304607272320602 -0.73667073946448
24.424927110302384 -0.6501745258270887
24.54524694828417 -0.5542771741821749
24.665566786265952 -0.45036530335523994
24.78588662424774 -0.3399414173655157
24.906206462229527 -0.22460218010905633
25.02652630021131 -0.10601532854579719
25.146846138193098 0.014104441787708
25.26716597617488 0.13402027025867838
25.387485814156665 0.25199824511272667
25.50780565213845 0.36633247480935904
25.628125490120237 0.4753697542018588
25.748445328102022 0.5775334689031435
25.868765166083804 0.6713463921946679
25.98908500406559 0.7554520448486013
26.10940484204738 0.8286343090128843
26.22972468002916 0.8898350125540578
26.350044518010947 0.9381692295987004
26.47036435599273 0.9729380760366635
26.590684193974518 0.9936388149707912
26.711004031956303 0.9999721259942569
26.831323869938085 0.9918464331861191
26.951643707919875 0.9693792292448159
27.071963545901657 0.9328953766134402
27.192283383883442 0.8829224101614881
27.31260322186523 0.8201829093435479
27.432923059847013 0.7455840501289731
27.5532428978288 0.6602044877754174
27.67356273581058 0.5652787601136111
27.79388257379237 0.4621794368625416
27.914202411774156 0.3523972730854557
28.034522249755938 0.23751965375582657
28.154842087737723 0.1192076411121584
28.27516192571951 -0.0008280433167441986
28.395481763701294 -0.12085175473042135
28.51580160168308 -0.2391280214511119
28.636121439664862 -0.35394663881485555
28.75644127764665 -0.4636473977165823
28.876761115628433 -0.5666440902490211
28.99708095361022 -0.6614474453282614
29.117400791592008 -0.7466866626702678
29.23772062957379 -0.8211292337499326
29.358040467555576 -0.8836987631433354
29.478360305537358 -0.9334905325671089
29.598680143519147 -0.9697845825682224
29.718999981500932 -0.9920561227106298
29.839319819482714 -0.9999831197337208
29.959639657464503 -0.9934509539622559
30.079959495446285 -0.9725540766388885
30.20027933342807 -0.9375946442152154
30.320599171409857 -0.8890781493487067
30.440919009391642 -0.8277061117786986
30.561238847373428 -0.7543659347670526
30.68155868535521 -0.670118073773335
30.801878523336995 -0.5761807028978453
30.922198361318785 -0.4739121008066694
31.042518199300567 -0.3647910108278059
31.162838037282352 -0.25039525919969624
31.283157875264138 -0.13237894063969924
31.403477713245923 -0.012448501115550386
31.52379755122771 0.1076619363511896
31.64411738920949 0.22621564607546835
31.76443722719128 0.3414984117320663
31.884757065173062 0.451843312906874
32.00507690315485 0.5556548277774356
32.12539674113663 0.6514319034121027
32.245716579118415 0.7377896601051553
32.366036417100204 0.8134794159159167
32.486356255081986 0.8774067418689774
32.606676093063776 0.9286472867480742
32.72699593104556 0.96646014266639
32.84731576902735 0.9902985581551691
32.96763560700913 0.9998178438656441
33.08795544499091 0.9948803565725868
33.2082752829727 0.9755574894136971
33.32859512095449 0.9421286395871822
33.44891495893627 0.8950771684339897
33.56923479691805 0.8350834123195041
33.689554634899835 0.7630148453732363
33.809874472881624 0.6799135363274249
33.93019431086341 0.5869810808212623
34.050514148845195 0.4855612270406436
34.170833986826985 0.3771204459163906
34.29115382480877 0.2632267268244386
34.41147366279055 0.1455269053894331
34.53179350077234 0.025722851218398
34.65211333875412 -0.09445314012433552
34.77243317673591 -0.21326339508356745
34.89275301471769 -0.32898998784212047
35.01307285269948 -0.43995958050926365
35.13339269068126 -0.5445676185940572
35.253712528663044 -0.6413015319116334
35.37403236664483 -0.7287626054509019
35.494352204626615 -0.8056862039639818
35.614672042608404 -0.8709600578418315
35.73499188059019 -0.9236403458730418
35.85531171857197 -0.9629653423387768
35.97563155655376 -0.9883664311148526
36.09595139453554 -0.9994763275236308
36.21627123251733 -0.9961343890526191
36.33659107049912 -0.978388938149914
36.4569109084809 -0.9464965635102682
36.57723074646268 -0.9009184099547484
36.697550584444464 -0.8423135105501423
36.81787042242625 -0.7715292573816993
36.93819026040804 -0.6895891487662004
37.058510098389824 -0.5976779900733563
37.17882993637161 -0.4971247621428831
37.299149774353396 -0.38938340500985213
37.41946961233518 -0.2760117947941143
37.53978945031697 -0.15864921773564097
37.66010928829875 -0.038992667087821
37.78042912628054 0.08122769439849982
37.90074896426232 0.20027355160213423
38.0210688022441 0.3164235720372139
38.14138864022589 0.4279982952999447
38.26170847820767 0.5333844170698937
38.38202831618946 0.6310581165336135
38.502348154171244 0.7196070899297368
38.62266799215303 0.7977509716237356
38.742987830134815 0.8643598474355366
38.863307668116605 0.9184705925284187
38.98362750609839 0.9593007976228658
39.10394734408017 0.9862600821707049
39.22426718206196 0.998958630907649
39.34458702004375 0.9972128303508095
39.46490685802553 0.9810479237407587
39.58522669600731 0.9506976460392387
39.70554653398909 0.90660084426025
39.82586637197088 0.8493951320025181
39.94618620995267 0.7799076699350506
40.06650604793445 0.6991432055444717
40.186825885916235 0.6082695450822967
40.307145723898024 0.5086006677791984
40.427465561879806 0.40157772648470846
40.547785399861596 0.28874820945175733
40.668105237843385 0.17174356457443674
40.78842507582516 0.05225560961909569
40.90874491380695 -0.06798793045714871
41.02906475178873 -0.1872484053844397
41.14938458977052 -0.30380137943192725
41.26970442775231 -0.41596156572557064
41.390024265734084 -0.5221071944967646
41.51034410371587 -0.6207034629113204
41.63066394169766 -0.7103247274080402
41.750983779679444 -0.7896751176590715
41.87130361766123 -0.857607274086237
41.99162345564301 -0.9131389379999721
42.1119432936248 -0.9554671544774158
42.23226313160659 -0.9839798826142966
42.35258296958837 -0.9982648452734181
42.47290280757016 -0.9981154903675254
42.59322264555194 -0.9835339774799713
42.71354248353372 -0.9547311466384242
42.83386232151551 -0.9121234696931187
42.9541821594973 -0.85632702838093
43.07450199747908 -0.7881486061488718
43.194821835460864 -0.7085740225439668
43.31514167344265 -0.6187538788473177
43.435461511424435 -0.5199869210620537
43.555781349406224 -0.41370126081640796
43.676101187388014 -0.3014337257166639
43.79642102536979 -0.18480763773149353
43.91674086335158 -0.0655093409190759
44.03706070133336 0.05473618210767841
44.15738053931515 0.17419025240665958
44.27770037729694 0.2911256349727483
44.39802021527871 0.4038515135315358
44.5183400532605 0.5107379387398288
44.63865989124229 0.6102393962863056
44.75897972922407 0.7009171541118208
44.87929956720586 0.7814600656216367
44.99961940518764 0.8507035280874683
45.119939243169426 0.9076463221122295
45.240259081151216 0.9514650886686109
45.360578919133 0.9815262343822909
45.48089875711479 0.9973950929163244
45.60121859509657 0.9988422099885531
45.72153843307835 0.9858466611444376
45.84185827106014 0.9585963543122534
45.96217810904193 0.9174853127659071
46.08249794702371 0.8631079777821012
46.2028177850055 0.7962506133720407
46.323137622987275 0.7178799373702125
46.443457460969064 0.6291291432678361
46.56377729895085 0.5312815149071654
46.684097136932635 0.42575187095825096
46.804416974914425 0.31406610748012115
46.92473681289621 0.19783913436886258
47.04505665087799 0.07875152471832425
47.16537648885978 -0.04147478527000776
47.28569632684157 -0.16110139446314234
47.40601616482335 -0.2783985730458884
47.52633600280513 -0.39167027338804755
47.64665584078691 -0.49927865388715403
47.7669756787687 -0.5996677611866116
47.88729551675049 -0.6913860283383338
48.00761535473228 -0.7731072635998699
48.127935192714055 -0.8436498263803852
48.248255030695844 -0.9019937130627753
48.36857486867763 -0.9472953056509245
48.488894706659416 -0.9788995699856022
48.609214544641205 -0.9963495271498626
48.72953438262298 -0.999392861113148
48.84985422060477 -0.987985567071433
48.97017405858656 -0.962292587730588
49.09049389656834 -0.9226854283326893
49.21081373455013 -0.8697367849105581
49.331133572531904 -0.8042122634428289
49.45145341051369 -0.7270593096455599
49.57177324849548 -0.6393935094691814
49.692093086477264 -0.5424824583873138
49.81241292445905 -0.4377274327180474
49.932732762440835 -0.32664312799955847
50.05305260042262 -0.21083575739099128
50.17337243840441 -0.09197982678288283
50.293692276386196 0.028206077564805348
50.41401211436798 0.14798413876068006
50.53433195234976 0.265622437083435
50.65465179033154 0.37941999251375136
50.77497162831333 0.48773135989649363
50.89529146629512 0.5889904211016758
51.0156113042769 0.681733030163729
51.135931142258684 0.76461818396375
51.25625098024047 0.8364474123392007
51.376570818222255 0.8961821072516047
51.496890656204044 0.9429585404427843
51.617210494185834 0.9761003524331474
51.73753033216761 0.9951283322786092
51.8578501701494 0.9997673466766137
51.97817000813118 0.9899503182304873
52.09848984611297 0.9658191953488172
52.21880968409476 0.9277228997556567
52.33912952207653 0.8762122812893557
52.45944936005832 0.8120321529405962
52.57976919804011 0.7361105212983519
52.70008903602189 0.6495451681250205
52.82040887400368 0.5535877770832467
52.94072871198546 0.44962583513261134
53.061048549967246 0.3391625702910816
53.181368387949036 0.2237952158495545
53.301688225930825 0.10519191532578417
53.42200806391261 -0.014932397901445248
53.54232790189439 -0.13484079751182526
53.66264773987617 -0.25279947916787593
53.78296757785796 -0.3671028302973135
53.90328741583975 -0.4760980922391807
54.02360725382153 -0.5782092581538039
54.14392709180331 -0.671959861146934
54.2642469297851 -0.7559943231052906
54.384566767766884 -0.8290975555520381
54.50488660574867 -0.890212529105492
54.62520644373046 -0.9384555574969936
54.74552628171224 -0.9731290751502317
54.86584611969403 -0.9937317235657416
54.98616595767581 -0.9999656006674131
55.1064857956576 -0.9917405682898364
55.22680563363939 -0.9691755555227031
55.34712547162116 -0.9325968390667174
55.46744530960295 -0.8825333254660069
55.58776514758474 -0.8197089034332296
55.70808498556652 -0.7450319768481354
55.82840482354831 -0.659582329776249
55.948724661530086 -0.5645955134317697
56.069044499511875 -0.4614449808397893
56.189364337493664 -0.35162222752025263
56.30968417547545 -0.2367152253473484
56.430004013457236 -0.11838546141806017
56.55032385143902 0.0016560860657356513
56.6706436894208 0.12167368752728996
56.79096352740259 0.2399319596351323
56.91128336538438 0.35472095791672725
57.03160320336616 0.4643809015413484
57.15192304134794 0.5673261727664429
57.272242879329724 0.6620682440296958
57.39256271731151 0.7472372011747074
57.5128825552933 0.8216015515971464
57.63320239327509 0.8840860308973939
57.753522231256866 0.9337871505659827
57.873842069238655 0.9699862618915832
57.99416190722044 0.9921599471950829
58.11448174520223 0.9999875881388028
58.234801583184016 0.993356001677479
58.35512142116579 0.9723610766179733
58.47544125914758 0.9373063871239888
58.59576109712937 0.8886988032137342
58.71608093511115 0.8272411617200945
58.83640077309294 0.7538221036868863
58.956720611074715 0.669503225146472
59.077040449056504 0.5755037270707393
59.19736028703829 0.4731827864482505
59.317680125020075 0.36401990339112095
59.437999963001865 0.24959350844091174
59.55831980098365 0.1315581393992542
59.67863963896543 0.011620517692542538
59.79895947694722 -0.10848512980756979
59.91927931492901 -0.2270221466761031
60.03959915291079 -0.34227655795661377
