0.0 0.0
0.044280509338260866 0.04426604015573377
0.08856101867652173 0.08844529925647021
0.1328415280147826 0.1324511663765364
0.17712203735304347 0.1761973705153794
0.22140254669130432 0.21959814972695788
0.2656830560295652 0.26256841925116153
0.3099635653678261 0.30502393831764557
0.35424407470608693 0.3468814752950716
0.3985245840443478 0.388058970861989
0.44280509338260865 0.4284756988794688
0.48708560272086954 0.4680524246501096
0.5313661120591304 0.506711560253157
0.5756466213973913 0.5443773166512107
0.6199271307356522 0.5809758522703241
0.664207640073913 0.6164354177622108
0.7084881494121739 0.6506864966647634
0.7527686587504347 0.6836619416851248
0.7970491680886956 0.7152971063381384
0.8413296774269565 0.7455299716821064
0.8856101867652173 0.7743012679033995
0.9298906961034782 0.8015545905115564
0.9741712054417391 0.8272365109170805
1.01845171478 0.8512966811751522
1.0627322241182608 0.8736879326899116
1.1070127334565216 0.8943663686858099
1.1512932427947826 0.9132914502647413
1.1955737521330434 0.9304260758802482
1.2398542614713044 0.9457366540729936
1.2841347708095652 0.9591931693249075
1.328415280147826 0.9707692409029032
1.372695789486087 0.9804421745768052
1.4169762988243477 0.9881930071100963
1.4612568081626087 0.9940065434362657
1.5055373175008695 0.997871386447872
1.5498178268391303 0.9997799593399251
1.5940983361773913 0.9997285204637815
1.638378845515652 0.9977171706624332
1.682659354853913 0.993749853072811
1.7269398641921738 0.9878343453954895
1.7712203735304346 0.979982244646946
1.8155008828686956 0.9702089444242702
1.8597813922069564 0.9585336047268914
1.9040619015452172 0.9449791143944897
1.9483424108834781 0.9295720462347264
1.992622920221739 0.9123426049287664
2.03690342956 0.8933245678167165
2.0811839388982607 0.8725552186790728
2.1254644482365217 0.8500752746439859
2.1697449575747827 0.8259288063636486
2.2140254669130432 0.800163151616287
2.2583059762513042 0.772828822503137
2.3025864855895652 0.7439794064223425
2.3468669949278262 0.7136714610139082
2.391147504266087 0.6819644032816614
2.435428013604348 0.6489203931095935
2.479708522942609 0.6146042114009432
2.5239890322808693 0.579083133078918
2.5682695416191303 0.5424267951980307
2.6125500509573913 0.5047070604246159
2.656830560295652 0.46599787615415666
2.701111069633913 0.4263751295416194
2.745391578972174 0.3859164987290029
2.789672088310435 0.34470130056175613
2.8339525976486954 0.30281033509261285
2.878233106986956 0.26032572717768077
2.9225136163252174 0.21733076547533092
2.966794125663478 0.17390973916352115
3.011074635001739 0.1301477726956494
3.05535514434 0.08613065891890732
3.0996356536782605 0.04194469088227926
3.1439161630165215 -0.002323507336075344
3.1881966723547825 -0.046587150450399656
3.2324771816930435 -0.09075946210495973
3.276757691031304 -0.13475384499415546
3.321038200369565 -0.17848405063161646
3.365318709707826 -0.22186434843545336
3.4095992190460866 -0.26480969379819075
3.4538797283843476 -0.3072358948118863
3.4981602377226086 -0.34905977732157684
3.542440747060869 -0.3901993479834818
3.5867212563991298 -0.4305739550082928
3.631001765737391 -0.47010444627442055
3.675282275075652 -0.5087133245012269
3.7195627844139127 -0.5463248991780403
3.7638432937521733 -0.5828654349510985
3.8081238030904343 -0.6182632961775164
3.8524043124286957 -0.6524490873628905
3.8966848217669563 -0.6853557892072204
3.9409653311052173 -0.7169188899924388
3.985245840443478 -0.747076512053963
4.029526349781738 -0.7757695330883412
4.07380685912 -0.8029417020591665
4.11808736845826 -0.8285397494740325
4.162367877796521 -0.8525134918163507
4.206648387134782 -0.8748159299272761
4.250928896473043 -0.8954033411448882
4.295209405811304 -0.9142353650199839
4.339489915149565 -0.9312750824404435
4.3837704244878255 -0.94648908800905
4.4280509338260865 -0.9598475555328729
4.472331443164348 -0.9713242964958221
4.5166119525026085 -0.9808968113997445
4.5608924618408695 -0.9885463338734132
4.6051729711791305 -0.9942578674629288
4.649453480517391 -0.998020215031416
4.6937339898556525 -0.9998260007103738
4.738014499193913 -0.9996716843596454
4.782295008532174 -0.9975575685076632
4.826575517870435 -0.9934877977583575
4.870856027208696 -0.9874703506658974
4.915136536546957 -0.9795170240931879
4.959417045885218 -0.9696434100847916
5.003697555223478 -0.957868865299612
5.047978064561739 -0.944216473063263
5.0922585739 -0.9287129981145226
5.136539083238261 -0.9113888341345842
5.180819592576522 -0.8922779441619719
5.225100101914783 -0.8714177940099351
5.269380611253043 -0.8488492788168519
5.313661120591304 -0.8246166428736336
5.357941629929566 -0.7987673928853097
5.402222139267826 -0.7713522048368354
5.446502648606087 -0.7424248246456985
5.490783157944348 -0.7120419627961097
5.535063667282608 -0.6802631831613203
5.57934417662087 -0.6471507862320326
5.62362468595913 -0.6127696869798369
5.667905195297391 -0.5771872875950917
5.712185704635652 -0.5404733453487683
5.756466213973912 -0.502699835837285
5.800746723312174 -0.4639408118784389
5.845027232650435 -0.42427225833507487
5.889307741988695 -0.383771943151075
5.933588251326956 -0.34251926489172674
5.977868760665217 -0.30059509708735377
6.022149270003478 -0.2580816296853549
6.066429779341739 -0.2150622079214856
6.11071028868 -0.17162116892626184
6.15499079801826 -0.12784367638681185
6.199271307356521 -0.08381555358830563
6.243551816694783 -0.03962311516228837
6.287832326033043 0.004647002128246439
6.332112835371304 0.04890800923531315
6.376393344709565 0.0930731349709193
6.420673854047825 0.1370557961170499
6.464954363386087 0.18076976716714716
6.509234872724347 0.22412934936630416
6.553515382062608 0.26704953871881376
6.597795891400869 0.30944619263365963
6.64207640073913 0.35123619488128655
6.686356910077391 0.3923376185382419
6.730637419415652 0.4326698866002511
6.774917928753912 0.47215392994885275
6.819198438092173 0.510712342361913
6.863478947430434 0.5482695322641183
6.907759456768695 0.5847518709199646
6.952039966106956 0.6200878367787055
6.996320475445217 0.6542081556882873
7.040600984783477 0.6870459367033841
7.084881494121738 0.7185368032212962
7.12916200346 0.7486190191886155
7.1734425127982595 0.7772336101312483
7.217723022136521 0.8043244787705259
7.262003531474782 0.8298385149987194
7.3062840408130425 0.8537256999983938
7.350564550151304 0.8759392043014548
7.3948450594895645 0.8964354795956545
7.4391255688278255 0.9151743440985874
7.483406078166087 0.932119061331786
7.527686587504347 0.9472364121404986
7.5719670968426085 0.9604967598179573
7.616247606180869 0.9718741082064509
7.66052811551913 0.9813461526613191
7.7048086248573915 0.9888943237779372
7.749089134195652 0.9945038237959789
7.793369643533913 0.9981636556095853
7.837650152872173 0.9998666443265638
7.881930662210435 0.9996094513343575
7.926211171548696 0.9973925808452052
7.970491680886956 0.9932203789076616
8.014772190225218 0.9871010248864159
8.059052699563477 0.9790465154271142
8.103333208901738 0.9690726409376148
8.14761371824 0.9571989546317934
8.19189422757826 0.9434487341965805
8.23617473691652 0.9278489361573745
8.280455246254782 0.9104301430313114
8.324735755593043 0.8912265033719766
8.369016264931304 0.8702756648231068
8.413296774269565 0.8476187003125255
8.457577283607826 0.8233000275310032
8.501857792946087 0.7973673218538995
8.546138302284348 0.769871422876301
8.590418811622609 0.7408662347448847
8.634699320960868 0.7104086204819052
8.67897983029913 0.678558290508466
8.723260339637392 0.645377685585646
8.767540848975651 0.6109318544029265
8.811821358313914 0.5752883260539331
8.856101867652173 0.5385169776495011
8.900382376990434 0.5006898973275529
8.944662886328697 0.4618812429284158
8.988943395666956 0.4221670966125939
9.033223905005217 0.38162531570600244
9.077504414343478 0.34033538006512387
9.121784923681739 0.2983782362612593
9.16606543302 0.2558361388893796
9.210345942358261 0.21279248931266845
9.254626451696522 0.16933167215889156
9.298906961034781 0.12553888988913328
9.343187470373044 0.08149999576320714
9.387467979711305 0.0373013255292386
9.431748489049564 -0.006970471832676316
9.476028998387825 -0.05122860398086843
9.520309507726086 -0.0953863053635378
9.564590017064347 -0.13935700731769216
9.608870526402608 -0.18305450778208696
9.65315103574087 -0.2263931402914657
9.69743154507913 -0.2692879419207943
9.741712054417391 -0.3116548198502453
9.785992563755652 -0.35341071622438974
9.830273073093913 -0.394473770982401
9.874553582432172 -0.4347634823400478
9.918834091770435 -0.4742008646088738
9.963114601108694 -0.5127086030431312
10.007395110446955 -0.5502112054109662
10.051675619785218 -0.5866351499926322
10.095956129123477 -0.6219090297156411
10.140236638461738 -0.6559636921442827
10.1845171478 -0.6887323750490284
10.22879765713826 -0.7201508372900937
10.273078166476521 -0.750157484758539
10.317358675814782 -0.7786934911280186
10.361639185153043 -0.8057029131804482
10.405919694491303 -0.8311328004795027
10.450200203829565 -0.8549332991769416
10.494480713167826 -0.8770577497482334
10.538761222506086 -0.8974627784659098
10.583041731844348 -0.9161083824312922
10.627322241182608 -0.9329580079978917
10.671602750520869 -0.9479786224327658
10.715883259859131 -0.9611407786753058
10.76016376919739 -0.9724186730665256
10.804444278535652 -0.9817901959356732
10.848724787873913 -0.9892369749449771
10.893005297212174 -0.9947444111075733
10.937285806550435 -0.9983017074079881
10.981566315888696 -0.999901889969073
11.025846825226957 -0.999541821723895
11.070127334565216 -0.9972222085657774
11.114407843903479 -0.9929475979644352
11.15868835324174 -0.9867263700509219
11.202968862579999 -0.9785707211888566
11.24724937191826 -0.9684966400641465
11.29152988125652 -0.9565238763400791
11.335810390594782 -0.9426759019392288
11.380090899933043 -0.9269798650280874
11.424371409271304 -0.9094665367946272
11.468651918609565 -0.8901702511231367
11.512932427947824 -0.8691288372845932
11.557212937286087 -0.8463835457745233
11.601493446624348 -0.8219789674437609
11.645773955962607 -0.7959629460806108
11.69005446530087 -0.7683864846158219
11.734334974639129 -0.7393036451342518
11.77861548397739 -0.7087714428892073
11.822895993315653 -0.6768497345272938
11.867176502653912 -0.6436011007428626
11.911457011992173 -0.6090907235921064
11.955737521330434 -0.5733862587073568
12.000018030668695 -0.5365577026620576
12.044298540006956 -0.4986772557464627
12.088579049345217 -0.4598191804230724
12.132859558683478 -0.42005965573929793
12.177140068021737 -0.37947662798277165
12.22142057736 -0.3381496578720735
12.265701086698261 -0.29615976458248217
12.30998159603652 -0.25358926691247335
12.354262105374783 -0.21052162190239535
12.398542614713042 -0.16704126122170362
12.442823124051303 -0.12323342564544904
12.487103633389566 -0.07918399794460179
12.531384142727825 -0.03497933451776219
12.575664652066086 0.009293903905665217
12.619945161404347 0.05354892215888675
12.664225670742608 0.09769896079471829
12.70850618008087 0.14165746617254707
12.75278668941913 0.18533826014182306
12.797067198757391 0.22865570898942353
12.84134770809565 0.2715248913196772
12.885628217433913 0.31386176453794107
12.929908726772174 0.35558332961131145
12.974189236110433 0.39660779378352495
13.018469745448694 0.4368547309250047
13.062750254786955 0.4762452392037067
13.107030764125216 0.5147020957676821
13.151311273463477 0.5521499081360864
13.195591782801738 0.5885152620018519
13.23987229214 0.623726865156262
13.28415280147826 0.6577156872532743
13.328433310816521 0.6904150951395885
13.372713820154782 0.7217609834851552
13.416994329493042 0.7516919004580296
13.461274838831304 0.7801491681972003
13.505555348169564 0.8070769978471865
13.549835857507825 0.8324225989289337
13.594116366846087 0.8561362828325351
13.638396876184347 0.8781715602289267
13.682677385522608 0.8984852322095828
13.726957894860869 0.9170374749755099
13.77123840419913 0.9337919179095457
13.81551891353739 0.9487157148788853
13.859799422875652 0.9617796086280567
13.904079932213913 0.9729579881361071
13.948360441552172 0.982228938825553
13.992640950890435 0.9895742855246648
14.036921460228696 0.9949796280988547
14.081201969566955 0.9984343696813248
14.125482478905218 0.9999317374476211
14.169762988243477 0.9994687958933695
14.214043497581738 0.9970464525891669
14.25832400692 0.9926694564013397
14.302604516258262 0.9863463881820621
14.346885025596519 0.978089643947083
14.391165534934782 0.9679154105740395
14.435446044273043 0.9558436340690087
14.479726553611304 0.9418979804634927
14.524007062949565 0.9261057894185102
14.568287572287824 0.9084980206267471
14.612568081626085 0.8891091931178356
14.656848590964348 0.8679773175857627
14.701129100302609 0.8451438218710664
14.74540960964087 0.8206534697439052
14.789690118979129 0.7945542731472364
14.83397062831739 0.7668973980721263
14.878251137655651 0.7377370642497402
14.922531646993912 0.7071304388566376
14.966812156332175 0.6751375244417731
15.011092665670432 0.641821041294918
15.055373175008693 0.6072463044870797
15.099653684346956 0.5714810958240384
15.143934193685217 0.5345955309639642
15.188214703023478 0.4966619219596499
15.232495212361737 0.4577546354948499
15.276775721699998 0.4179499470926171
15.32105623103826 0.37732589158148605
15.365336740376522 0.33596211011262017
15.409617249714783 0.29393969402787135
15.45389775905304 0.25134102588480783
15.498178268391303 0.20824961795038538
15.542458777729564 0.16474994847992153
15.586739287067825 0.12092729610225507
15.631019796406088 0.07686757263585137
15.675300305744345 0.032657154663575425
15.719580815082606 -0.011617285803712555
15.76386132442087 -0.05586895124268026
15.80814183375913 -0.10001108877914175
15.852422343097391 -0.14395716026214211
15.89670285243565 -0.18762101191707348
15.940983361773911 -0.23091704324526066
15.985263871112172 -0.27376037483886145
16.029544380450435 -0.3160670147821288
16.073824889788696 -0.35775402331277756
16.118105399126954 -0.39873967542068006
16.162385908465215 -0.4389436210651081
16.206666417803476 -0.47828704269640177
16.25094692714174 -0.5166928097733103
16.29522743648 -0.5540856299730179
16.33950794581826 -0.590392196797477
16.38378845515652 -0.6255413332866294
16.42806896449478 -0.6594641315567753
16.47234947383304 -0.6920940878905731
16.516629983171306 -0.723367233113796
16.560910492509564 -0.7532222580032486
16.605191001847825 -0.781600633480038
16.649471511186086 -0.8084467253524807
16.693752020524347 -0.8337079033837845
16.738032529862608 -0.8573346444706333
16.78231303920087 -0.8792806297304152
16.82659354853913 -0.8995028353067585
16.87087405787739 -0.9179616167153561
16.91515456721565 -0.9346207865647234
16.959435076553913 -0.9494476854995207
17.003715585892174 -0.9624132462273641
17.047996095230435 -0.9734920505035983
17.092276604568696 -0.9826623789623208
17.136557113906957 -0.9899062536959634
17.180837623245218 -0.9952094734999586
17.22511813258348 -0.998561641713393
17.269398641921736 -0.9999561866010703
17.31367915126 -0.9993903742370247
17.35795966059826 -0.9968653138642267
17.402240169936523 -0.992385955719976
17.446520679274784 -0.9859610813312422
17.49080118861304 -0.9776032862989814
17.535081697951302 -0.9673289556051741
17.579362207289563 -0.9551582314910031
17.623642716627828 -0.9411149739691314
17.66792322596609 -0.925226714047509
17.712203735304346 -0.9075245997563921
17.756484244642607 -0.888043335084399
17.800764753980868 -0.866821111943321
17.84504526331913 -0.8438995352950451
17.889325772657394 -0.8193235415873913
17.93360628199565 -0.7931413106587711
17.977886791333912 -0.7654041712843339
18.022167300672173 -0.7361665005488411
18.066447810010434 -0.7054856172434739
18.110728319348695 -0.673421669495603
18.155008828686956 -0.6400375168518052
18.199289338025217 -0.605398607045296
18.243569847363478 -0.5695728476893698
18.28785035670174 -0.5326304731483845
18.33213086604 -0.49464390684728415
18.376411375378257 -0.4556876192895939
18.420691884716522 -0.41583798206221717
18.464972394054783 -0.37517311811331244
18.509252903393044 -0.33377274859666395
18.553533412731305 -0.29171803658290757
18.597813922069562 -0.24909142794394593
18.642094431407823 -0.20597648972249014
18.686374940746088 -0.1624577463036407
18.73065545008435 -0.11862051370963653
18.77493595942261 -0.0745507323426264
18.819216468760867 -0.030334798503414116
18.86349697809913 0.013940604983594835
18.90777748743739 0.05818867870712096
18.95205799677565 0.10232267683433578
18.996338506113915 0.1462560771711352
19.040619015452172 0.18990275078396426
19.084899524790433 0.23317713085072972
19.129180034128694 0.2759943804096546
19.173460543466955 0.3182705586773364
19.217741052805216 0.3599227856098763
19.262021562143477 0.4008694043844938
19.30630207148174 0.44103014148308495
19.35058258082 0.48032626406389045
19.39486309015826 0.5186807343127561
19.43914359949652 0.5560183604713868
19.483424108834782 0.5922659442465146
19.527704618173043 0.62735242431099
19.571985127511304 0.6612090156154744
19.616265636849565 0.6937693442376185
19.660546146187826 0.7249695775043627
19.704826655526084 0.7547485491322623
19.749107164864345 0.7830478791405169
19.79338767420261 0.809812088301592
19.83766818354087 0.8349887069050915
19.88194869287913 0.8585283776216519
19.92622920221739 0.8803849522651704
19.97050971155565 0.9005155822637086
20.01479022089391 0.9188808026616714
20.059070730232175 0.9354446094886172
20.103351239570436 0.9501745303429877
20.147631748908694 0.963041688052412
20.191912258246955 0.97402085728576
20.236192767585216 0.9830905140059649
20.280473276923477 0.9902328776666784
20.324753786261738 0.9954339460700199
20.3690342956 0.9986835228170894
20.41331480493826 0.9999752372974275
20.45759531427652 0.9993065571782356
20.501875823614782 0.9966787933688697
20.546156332953043 0.9920970974508775
20.590436842291304 0.9855704515786159
20.634717351629565 0.9771116508702476
20.678997860967826 0.9667372783236398
20.723278370306087 0.9544676723063389
20.767558879644348 0.9403268866833586
20.811839388982605 0.9243426436609454
20.85611989832087 0.906546279438763
20.90040040765913 0.8869726827770676
20.94468091699739 0.8656602265992643
20.988961426335653 0.8426506927639786
21.03324193567391 0.8179891901540988
21.07752244501217 0.7917240662433674
21.121802954350432 0.7639068123139207
21.166083463688697 0.7345919625105458
21.210363973026958 0.7038369869296031
21.254644482365215 0.6717021789521573
21.298924991703476 0.6382505370422317
21.343205501041737 0.6035476412419133
21.387486010379998 0.5676615246053995
21.431766519718263 0.5306625398240623
21.47604702905652 0.49262322130401226
21.52032753839478 0.4536181429664885
21.564608047733042 0.4137237720499567
21.608888557071303 0.37301831920042033
21.653169066409564 0.33158158514389857
21.697449575747825 0.2894948042416404
21.741730085086086 0.24684048523477764
21.786010594424347 0.20370224949062898
21.830291103762608 0.16016466706776372
21.87457161310087 0.11631309092121007
21.918852122439127 0.07223348957284313
21.96313263177739 0.02801227857496767
22.007413141115652 -0.016263848902423605
22.051693650453913 -0.06050809202871629
22.095974159792174 -0.10463371248075001
