0.0 0.0
0.16431028138137438 0.16357194087060412
0.32862056276274876 0.3227377144699418
0.4929308441441232 0.47320984325995546
0.6572411255254975 0.6109350320019657
0.8215514069068719 0.7322033521114357
0.9858616882882464 0.8337481766824067
1.1501719696696207 0.912834174213585
1.314482251050995 0.9673309907329958
1.4787925324323694 0.9957706355323427
1.6431028138137438 0.9973870247010578
1.8074130951951184 0.9721366172686365
1.9717233765764928 0.9206995880757193
2.136033657957867 0.8444615057800766
2.3003439393392413 0.7454760095404008
2.4646542207206155 0.6264094897628946
2.62896450210199 0.4904692630554974
2.7932747834833647 0.3413171761541389
2.957585064864739 0.18297096608784805
3.1218953462461134 0.019696033661980215
3.2862056276274876 -0.14410945442296463
3.450515909008862 -0.3040330397917171
3.614826190390237 -0.4557668315920626
3.779136471771611 -0.5952235489381873
3.9434467531529855 -0.7186466207430322
4.10775703453436 -0.822711377160343
4.272067315915734 -0.9046146068240525
4.436377597297109 -0.962150067465257
4.600687878678483 -0.9937679158635043
4.764998160059857 -0.9986164562569255
4.929308441441231 -0.976565082626657
5.0936187228226055 -0.9282077968550445
5.25792900420398 -0.8548472079883593
5.422239285585355 -0.7584594436188081
5.586549566966729 -0.6416409185743573
5.750859848348103 -0.5075383948179022
5.915170129729478 -0.35976421654505963
6.079480411110852 -0.20229900380825827
6.243790692492227 -0.03938442582674857
6.4081009738736014 0.1245910576325088
6.572411255254975 0.28521040899777067
6.736721536636351 0.4381469954409953
6.901031818017724 0.5792811361772066
7.065342099399098 0.7048110750588642
7.229652380780474 0.811355389176144
7.393962662161847 0.8960440748639624
7.558272943543222 0.9565958575153307
7.7225832249245965 0.9913796426924415
7.886893506305971 0.9994584532156978
8.051203787687346 0.9806146686892734
8.21551406906872 0.935355887581495
8.379824350450095 0.864901253952114
8.544134631831469 0.7711486171459189
8.708444913212844 0.6566234090780133
8.872755194594218 0.5244106162126918
9.037065475975592 0.37807167871912445
9.201375757356965 0.22154855530651407
9.36568603873834 0.05905753796177492
9.529996320119714 -0.10502432307842613
9.694306601501088 -0.26627712473000537
9.858616882882462 -0.420357170798765
10.022927164263837 -0.5631139789187825
10.187237445645211 -0.6907020828545807
10.351547727026587 -0.7996846185280527
10.51585800840796 -0.8871259034543625
10.680168289789334 -0.950670515757674
10.84447857117071 -0.9886067426007739
11.008788852552083 -0.999912688906659
11.173099133933459 -0.984283804333024
11.337409415314832 -0.942141087000502
11.501719696696206 -0.8746197429893321
11.666029978077582 -0.7835386070856653
11.830340259458955 -0.6713511484964625
11.99465054084033 -0.541079381300978
12.158960822221704 -0.3962324599051091
12.323271103603078 -0.24071215230770102
12.487581384984454 -0.078707737462745
12.651891666365827 0.085416842093577
12.816201947747203 0.24724053256070555
12.980512229128577 0.40240425960805953
13.14482251050995 0.5467283495571057
13.309132791891324 0.676325118015251
13.473443073272701 0.7877035931409768
13.637753354654075 0.8778635525904551
13.802063636035449 0.9443763410552621
13.966373917416822 0.985450291394356
14.130684198798196 0.9999789870993644
14.294994480179573 0.9875710660383168
14.459304761560947 0.9485607626489337
14.62361504294232 0.8839989046044798
14.787925324323695 0.7956246064766449
14.952235605705068 0.6858184228884253
15.116545887086444 0.557538223079091
15.28085616846782 0.4142395142398093
15.445166449849193 0.25978235988478754
15.609476731230567 0.0983274006147884
15.773787012611942 -0.06577622181927137
15.938097293993316 -0.22810801814265858
16.10240757537469 -0.3842952270844701
16.266717856756063 -0.5301306052472883
16.43102813813744 -0.6616857583916567
16.595338419518814 -0.7754169613097769
16.75964870090019 -0.8682606157992163
16.92395898228156 -0.9377157753676914
17.088269263662937 -0.9819115136858947
17.25257954504431 -0.9996573220720135
17.416889826425688 -0.9904751784417167
17.58120010780706 -0.954612423876419
17.745510389188436 -0.8930350999513549
17.909820670569808 -0.8074019262970866
18.074130951951183 -0.7000196193656003
18.23844123333256 -0.5737807559875954
18.40275151471393 -0.43208585550164585
18.567061796095306 -0.2787517793431703
18.73137207747668 -0.11790891555026306
18.895682358858053 0.04611008225390772
19.05999264023943 0.2088870043437436
19.224302921620804 0.3660370990141972
19.388613203002176 0.5133271854389697
19.55292348438355 0.6467896836362405
19.717233765764924 0.7628294898958664
19.881544047146303 0.8583208187452118
20.045854328527675 0.9306914028037735
20.21016460990905 0.9779917824198338
20.374474891290422 0.9989478186214282
20.538785172671798 0.9929950148307494
20.703095454053173 0.9602937228116452
20.86740573543455 0.9017248232448474
21.03171601681592 0.8188659972840557
21.196026298197296 0.713949228270302
21.360336579578668 0.5898006783887122
21.524646860960047 0.449764559821098
21.68895714234142 0.2976130510911455
21.853267423722794 0.13744468520194814
22.017577705104166 -0.02642605329664953
22.181887986485542 -0.18958494836706427
22.346198267866917 -0.34763695902824826
22.510508549248293 -0.4963246093779984
22.674818830629665 -0.6316426729995708
22.83912911201104 -0.7499460624778124
23.003439393392412 -0.8480480177851456
23.16774967477379 -0.9233059486189742
23.332059956155163 -0.9736926183396925
23.49637023753654 -0.9978507520146364
23.66068051891791 -0.9951295975810314
23.824990800299286 -0.9656024552732672
23.98930108168066 -0.910064703121084
24.153611363062037 -0.8300123717061955
24.31792164444341 -0.7276018453130448
24.482231925824784 -0.6055917750111509
24.646542207206156 -0.4672687683669986
24.810852488587532 -0.3163588574952268
24.975162769968907 -0.15692713025047805
25.139473051350283 0.006731771787228683
25.303783332731655 0.17020933885776915
25.46809361411303 0.3291019458541872
25.632403895494406 0.47912947357713775
25.796714176875778 0.6162506030881528
25.961024458257153 0.7367716774566253
26.125334739638525 0.8374461984717088
26.2896450210199 0.9155622781580857
26.453955302401276 0.9690156893980594
26.618265583782648 0.9963665478820743
26.782575865164024 0.996878098535564
26.946886146545403 0.9705365616250649
27.11119642792677 0.9180515039454245
27.27550670930815 0.8408367250893274
27.43981699068952 0.7409721736692593
27.604127272070897 0.6211479193614906
27.768437553452273 0.4845916900075218
27.932747834833645 0.3349819257191757
28.09705811621502 0.1763486920649084
28.261368397596392 0.012965121456938646
28.425678678977768 -0.1507676929976718
28.589988960359147 -0.3104392505465171
28.754299241740515 -0.46174844925682407
28.918609523121894 -0.6006194455844781
29.082919804503263 -0.723311446116543
29.24723008588464 -0.8265194740072912
29.411540367266017 -0.90746339574357
29.57585064864739 -0.963962810109475
29.740160930028765 -0.9944957820524576
29.904471211410137 -0.9982398393260321
30.068781492791512 -0.9750941275750276
30.233091774172888 -0.9256821270677871
30.39740205555426 -0.851334857894213
30.56171233693564 -0.7540550260342931
30.726022618317007 -0.6364630761010576
30.890332899698386 -0.501726603944993
31.05464318107976 -0.35347503054565055
31.218953462461133 -0.1957018356352468
31.38326374384251 -0.03265698460513311
31.547574025223884 0.131267553588803
31.711884306605256 0.2916561136967402
31.87619458798663 0.4441882797569271
32.04050486936801 0.5847552649301708
32.20481515074938 0.709570590642002
32.36912543213076 0.8152720836481779
32.53343571351213 0.8990124435099474
32.6977459948935 0.9585359408464518
32.86205627627488 0.9922391803293716
33.02636655765625 0.9992142916359922
33.19067683903763 0.9792733849180355
33.354987120419 0.9329536120248519
33.51929740180038 0.8615026971458527
33.68360768318175 0.7668453266359729
33.84791796456312 0.6515313033874638
34.0122282459445 0.5186668623233318
34.176538527325874 0.37183099717939755
34.34084880870725 0.21497905249581725
34.50515909008862 0.052336177778197004
34.669469371469994 -0.11171648612700177
34.833779652851376 -0.27275982262425613
34.998089934232745 -0.4264557779204988
35.16240021561412 -0.5686642159731752
35.32671049699549 -0.695554442091542
35.49102077837687 -0.8037083910598412
35.65533105975825 -0.8902127001847618
35.819641341139615 -0.9527371870789056
35.98395162252099 -0.9895976182096844
36.148261903902366 -0.9998010774058445
36.31257218528374 -0.9830727122218836
36.47688246666512 -0.939863137688614
36.641192748046485 -0.8713362980137097
36.80550302942786 -0.7793381132038106
36.969813310809236 -0.6663467551798966
37.13412359219061 -0.5354058928072453
37.29843387357199 -0.3900427040308455
37.46274415495336 -0.2341728636383442
37.62705443633474 -0.07199506601252832
37.79136471771611 0.09212207586675494
37.95567499909748 0.2537577085490228
38.11998528047886 0.40855782345061714
38.28429556186023 0.5523525415798394
38.44860584324161 0.6812684383295733
38.61291612462298 0.7918328826239627
38.77722640600435 0.8810675798164976
38.941536687385735 0.9465687985572969
39.1058469687671 0.9865721205438768
39.27015725014848 0.9999999689795082
39.43446753152985 0.986490635456344
39.59877781291123 0.9464080233609244
39.763088094292605 0.8808318453421448
39.927398375673974 0.791528538894258
40.09170865705535 0.6809036835071878
40.256018938436725 0.551937201132103
40.4203292198181 0.4081030854790925
40.584639501199476 0.2532758224135724
40.748949782580844 0.09162602222230257
40.91326006396223 -0.07249192487830727
41.077570345343595 -0.23465714374733815
41.24188062672497 -0.39050136024124193
41.406190908106346 -0.5358265702128648
41.57050118948772 -0.6667181219165668
41.7348114708691 -0.7796501656978619
41.899121752250466 -0.8715806304500648
42.06343203363184 -0.9400331684397791
42.227742315013224 -0.983163861138432
42.39205259639459 -0.9998108891927467
42.55636287777597 -0.9895258285650446
42.720673159157336 -0.9525857298135064
42.88498344053872 -0.8899856551306392
43.049293721920094 -0.8034118741711249
43.21360400330146 -0.6951964406978753
43.37791428468284 -0.5682543736235256
43.54222456606421 -0.42600513461316086
43.70653484744559 -0.2722805174203678
43.870845128826964 -0.11122143015846798
44.03515541020833 0.05283364909825811
44.19946569158971 0.21546553869153623
44.363775972971084 0.37229339368318626
44.52808625435246 0.5190927134760441
44.692396535733835 0.651909137958756
44.85670681711521 0.7671649668269321
45.021017098496586 0.8617555327502302
45.185327379877954 0.9331328323637459
45.34963766125933 0.9793741623004253
45.513947942640705 0.9992339114031044
45.67825822402208 0.9921771139799531
45.842568505403456 0.9583938602731021
46.006878786784824 0.8987941759630457
46.1711890681662 0.814983508640527
46.33549934954758 0.7092194815713309
46.49980963092895 0.584351079685707
46.664119912310326 0.44374190595047824
46.828430193691695 0.29117957538113215
46.99274047507308 0.1307736873637349
47.15705075645445 -0.0331548753748704
47.32136103783582 -0.19619033917497025
47.4856713192172 -0.3539409879462254
47.64998160059857 -0.502157463626742
47.81429188197995 -0.636847231917972
47.97860216336132 -0.754382129910919
48.14291244474269 -0.851596098573622
48.307222726124074 -0.9258704674620553
48.47153300750544 -0.97520449432452
48.63584328888682 -0.998269259461446
48.80015357026819 -0.9944434630782271
48.96446385164957 -0.9638301613513723
49.128774133030944 -0.9072539903854381
49.29308441441231 -0.8262389528395452
49.45739469579369 -0.7229673655891555
49.621704977175064 -0.6002210742575039
49.78601525855644 -0.4613065181315258
49.950325539937815 -0.3099656640023899
50.11463582131918 -0.15027520812204065
50.278946102700566 0.013463238508972653
50.44325638408194 0.17683902342325808
50.60756666546331 0.3354512632384011
50.771876946844685 0.48502739105708537
50.93618722822606 0.6215382473825732
51.100497509607436 0.7413066143246048
51.26480779098881 0.8411062694898755
51.42911807237018 0.9182488913243776
51.593428353751555 0.9706564749225222
51.75773863513293 0.9969173076251094
51.922048916514306 0.9963239965812964
52.08635919789568 0.9688925239191244
52.25066947927705 0.9153618162320166
52.41497976065843 0.8371738399780461
52.5792900420398 0.7364347589659035
52.74360032342118 0.6158582002353415
52.90791060480255 0.478692156589609
53.072220886183935 0.32863149481956916
53.236531167565296 0.16971842640159746
53.40084144894667 0.00623362170805429
53.56515173032805 -0.1574190991929099
53.72946201170943 -0.31683139304359137
53.893772293090805 -0.46770914174484574
54.05808257447217 -0.6059881238002952
54.22239285585354 -0.7279434929937123
54.386703137234925 -0.8302901152523666
54.5510134186163 -0.9102710609040783
54.715323699997676 -0.965731868595763
54.87963398137904 -0.9951785804127034
55.04394426276042 -0.9978179848959969
55.208254544141795 -0.9735789839246048
55.37256482552317 -0.9231145078984481
55.536875106904546 -0.8477839276328668
55.701185388285914 -0.7496164367384881
55.86549566966729 -0.6312563908619929
56.029805951048665 -0.49589207619471415
56.19411623243004 -0.34716982602468305
56.358426513811416 -0.18909579879032445
56.522736795192785 -0.025928063458304652
56.68704707657416 0.13793810085860334
56.851357357955536 0.2980886013383705
57.01566763933691 0.4502094346749585
57.179977920718294 0.5902028941739488
57.344288202099655 0.7142979504267742
57.50859848348103 0.8191518322192988
57.672908764862406 0.9019400713709631
57.83721904624379 0.9604325859505143
58.001529327625164 0.9930537524006137
58.165839609006525 0.998924848397632
58.33014989038791 0.9778877231554937
58.49446017176928 0.9305090575623151
58.65877045315066 0.858065099393734
58.823080734532034 0.7625072847932878
58.9873910159134 0.6464096720803072
59.15170129729478 0.5128996038704258
59.316011578676154 0.36557346527591056
59.48032186005753 0.2083998074224753
59.644632141438905 0.045612445862182764
59.80894242282027 -0.11840358648999208
59.97325270420165 -0.27923015978938037
60.137562985583024 -0.43253505923281216
60.3018732669644 -0.5741886827207024
60.466183548345775 -0.7003752807036685
60.63049382972714 -0.8076957417256354
60.79480411110852 -0.8932591549104842
60.959114392489894 -0.9547606829567367
61.12342467387128 -0.9905436479612768
61.28773495525265 -0.9996441576548487
61.452045236634014 -0.981817069944319
61.61635551801539 -0.9375425963500352
61.78066579939677 -0.8680133664603291
61.94497608077815 -0.7751023018502998
62.10928636215952 -0.6613121648509676
62.273596643540884 -0.5297081411828954
62.43790692492227 -0.38383527248807986
62.60221720630364 -0.22762296289531997
62.76652748768502 -0.06527913194284556
62.93083776906639 0.09882313491943316
63.09514805044777 0.2602633849320713
63.25945833182914 0.41469287257009807
63.42376861321051 0.5579517024961755
63.58807889459189 0.6861808854216659
63.75238917597326 0.7959262884065287
63.916699457354646 0.8842316794697185
64.08100973873601 0.9487183601504253
64.24532002011739 0.9876492409433586
64.40963030149877 0.9999756335962487
64.57394058288014 0.9853654998170093
64.73825086426152 0.9442123954499021
64.90256114564288 0.8776248691898281
65.06687142702425 0.7873966014034702
65.23118170840563 0.6759580874334166
65.395491989787 0.546311166900815
65.55980227116838 0.4019481626027833
65.72411255254976 0.24675780717484666
65.88842283393113 0.08492049158909545
66.0527331153125 -0.07920434280158165
66.21704339669388 -0.24119563533210212
66.38135367807526 -0.39668979694446993
66.54566395945662 -0.5414982529838586
66.709974240838 -0.671720271599785
66.87428452221938 -0.7838480384729318
67.03859480360076 -0.8748611474506897
67.20290508498213 -0.9423079617798484
67.3672153663635 -0.9843716542939209
67.53152564774487 -0.9999191476186555
67.69583592912625 -0.9885316360843641
67.86014621050762 -0.9505158671708195
68.024456491889 -0.8868958785943154
68.18876677327037 -0.7993854136165148
68.35307705465175 -0.690341757628948
68.51738733603312 -0.5627022395255218
68.6816976174145 -0.4199051083371774
68.84600789879588 -0.2657969164892516
69.01031818017724 -0.1045289045156806
69.17462846155861 0.059554821666141504
69.33893874293999 0.22203430873045477
69.50324902432136 0.3785328170338672
69.66755930570275 0.5248347176511706
69.83186958708411 0.6569990495422326
69.99617986846549 0.7714656779400395
70.16049014984686 0.8651511943515686
70.32480043122824 0.9355319748960547
70.48911071260962 0.9807121596227583
70.65342099399098 0.9994747216370109
70.81773127537235 0.9913142503761466
70.98204155675374 0.9564505659462008
71.14635183813512 0.8958227977875552
71.3106621195165 0.8110640871735141
71.47497240089785 0.7044575949853157
71.63928268227923 0.578874999790085
71.8035929636606 0.43769914291039974
71.96790324504198 0.2847329042091841
72.13221352642336 0.12409676321970488
72.29652380780473 -0.039882194964817104
72.46083408918611 -0.20278683917332985
72.62514437056748 -0.3602289772267317
72.78945465194886 -0.5079675614727368
72.95376493333023 -0.6420229306617243
73.1180752147116 -0.7587840108092704
73.28238549609297 -0.8551055873561889
73.44669577747435 -0.9283930283879798
73.61100605885572 -0.9766721767090355
73.77531634023711 -0.9986425280758747
73.93962662161847 -0.9937122631176694
74.10393690299985 -0.9620141892828257
74.26824718438122 -0.9044021633804625
74.4325574657626 -0.8224280910834676
74.59686774714397 -0.7183001229617068
74.76117802852534 -0.5948231731264966
74.92548830990673 -0.4553233627464096
75.0897985912881 -0.30355842371347236
75.25410887266948 -0.14361647593218496
75.41841915405085 0.020194095113575474
75.58272943543221 0.18346069412788005
75.74703971681359 0.3417853788888883
75.91134999819496 0.4909033284223128
76.07566027957634 0.6267977252636454
76.23997056095772 0.745807957204436
76.40428084233909 0.8447282238724916
76.56859112372047 0.9208938919625038
76.73290140510184 0.9722532729504741
76.89721168648322 0.9974228898025224
77.06152196786459 0.9957247439486399
77.22583224924595 0.9672045786541078
77.39014253062733 0.9126306468247867
77.5544528120087 0.8334730164381734
77.7187630933901 0.731863971053554
77.88307337477147 0.6105405721000364
78.04738365615283 0.4727709301524741
78.2116939375342 0.3222661712395042
78.37600421891558 0.1630804695634038
78.54031450029696 -0.000498160531522836
78.70462478167833 -0.16406337158515089
78.8689350630597 -0.3232091776085104
79.03324534444108 -0.4736486389338279
79.19755562582246 -0.6113293402918519
79.36186590720384 -0.7325425514628534
79.52617618858521 -0.8340231300204227
79.69048646996657 -0.9130374750698672
79.85479675134795 -0.9674571627552238
80.01910703272932 -0.9958162800016898
80.1834173141107 -0.9973509120841093
80.34772759549207 -0.9720197203375561
80.51203787687345 -0.9205050557045071
80.67634815825483 -0.8441945781227751
80.8406584396362 -0.7451438768761072
81.00496872101758 -0.6260210988098985
81.16927900239895 -0.49003507597189555
81.33358928378031 -0.34084888871678254
81.49789956516169 -0.18248119264102458
81.66220984654308 -0.019197967322540716
81.82652012792445 0.1446023971509774
81.99083040930583 0.304507580419931
