0.0 0.0
0.09781712662200451 0.09766121241849403
0.19563425324400902 0.1943887286137168
0.29345137986601355 0.2892577790244338
0.39126850648801803 0.38136136206956434
0.4890856331100225 0.4698189155943968
0.5869027597320271 0.5537847355409884
0.6847198863540316 0.6324560613555167
0.7825370129760361 0.7050807508315344
0.8803541395980405 0.7709644710132986
0.978171266220045 0.8294773364100865
1.0759883928420495 0.8800599310564313
1.1738055194640542 0.9222286568439853
1.2716226460860585 0.9555803569919444
1.3694397727080632 0.9797961704530557
1.4672568993300676 0.9946445804049061
1.5650740259520721 0.9999836276812077
1.6628911525740766 0.995762267981421
1.760708279196081 0.9820208598830317
1.8585254058180856 0.9588907789908082
1.95634253244009 0.9265931619119891
2.0541596590620945 0.8854367920657065
2.151976785684099 0.8358151475394977
2.249793912306104 0.7782026392170622
2.3476110389281084 0.7131500751428811
2.4454281655501124 0.6412793944869282
2.543245292172117 0.5632777214557385
2.641062418794122 0.4798907959977984
2.7388795454161263 0.3919158441094093
2.836696672038131 0.30019395590492115
2.9345137986601353 0.2056020443212823
3.0323309252821398 0.1090444613362174
3.1301480519041442 0.011444351853713744
3.2279651785261487 -0.08626517208145726
3.325782305148153 -0.18314995236070117
3.4235994317701577 -0.2782837158895211
3.521416558392162 -0.3707569302802604
3.6192336850141666 -0.45968549949425436
3.717050811636171 -0.5442192162981521
3.814867938258176 -0.6235498907241633
3.91268506488018 -0.6969190768215681
4.0105021915021855 -0.7636253238273967
4.108319318124189 -0.8230308824309891
4.2061364447461935 -0.8745678020167862
4.303953571368198 -0.9177433605922516
4.4017706979902025 -0.9521447754877745
4.499587824612208 -0.9774431497915957
4.5974049512342114 -0.9933966167896175
4.695222077856217 -0.9998526523474862
4.793039204478221 -0.996749533127262
4.890856331100225 -0.9841169266973125
4.98867345772223 -0.9620756078936408
5.086490584344234 -0.9308363041443968
5.184307710966239 -0.8906976807969161
5.282124837588244 -0.842043485708704
5.379941964210247 -0.7853388804016705
5.477759090832253 -0.72112599285586
5.575576217454257 -0.6500187344604746
5.673393344076262 -0.572696930675047
5.771210470698266 -0.48989982151496414
5.869027597320271 -0.402418994000355
5.966844723942275 -0.31109081413811535
6.0646618505642795 -0.21678843079158497
6.162478977186284 -0.12041342788539129
6.2602961038082885 -0.022887204755082893
6.358113230430293 0.07485783294973114
6.4559303570522975 0.1718871875888064
6.553747483674302 0.2672732038552977
6.651564610296306 0.36010393768323057
6.749381736918311 0.4494918749466569
6.847198863540315 0.5345824165948172
6.94501599016232 0.6145620491006363
7.042833116784324 0.6886661221084613
7.14065024340633 0.756186158922346
7.238467370028333 0.8164766299424908
7.336284496650338 0.8689611242919822
7.434101623272342 0.9131378606295805
7.531918749894347 0.9485844844621001
7.629735876516352 0.974962106091364
7.727553003138356 0.9920185405906825
7.82537012976036 0.9995907188348621
7.923187256382365 0.9976062465329303
8.021004383004371 0.9860840963583527
8.118821509626374 0.9651344265595847
8.216638636248378 0.9349575277851387
8.314455762870383 0.8958419081921224
8.412272889492387 0.8481615351456799
8.510090016114393 0.7923722598802474
8.607907142736396 0.7290074593048836
8.7057242693584 0.6586729366194476
8.803541395980405 0.5820411294946459
8.90135852260241 0.49984468118897396
8.999175649224416 0.4128694360663156
9.09699277584642 0.32194692648100454
9.194809902468423 0.2279464228599364
9.292627029090427 0.13176662298744907
9.390444155712434 0.034327059948090974
9.488261282334438 -0.06344068912782812
9.586078408956443 -0.16060190946655983
9.683895535578445 -0.2562276850508616
9.78171266220045 -0.34940377958057867
9.879529788822456 -0.43923937708684135
9.97734691544446 -0.5248755986347067
10.075164042066465 -0.6054937136897669
10.172981168688468 -0.680322967643409
10.270798295310472 -0.7486479506612042
10.368615421932478 -0.8098154374040538
10.466432548554483 -0.863240632230529
10.564249675176487 -0.9084127601727425
10.662066801798492 -0.944899950232861
10.759883928420495 -0.972353364313207
10.8577010550425 -0.9905105323050463
10.955518181664505 -0.9991978614507263
11.05333530828651 -0.9983322959882643
11.151152434908514 -0.9879221112112315
11.248969561530517 -0.9680668343522848
11.346786688152523 -0.9389562930467357
11.444603814774528 -0.9008688004733929
11.542420941396532 -0.8541684945237376
11.640238068018537 -0.7993018564384894
11.738055194640541 -0.7367934421953509
11.835872321262546 -0.6672408674582706
11.93368944788455 -0.5913090940349364
12.031506574506555 -0.5097240724671851
12.129323701128559 -0.4232658015347463
12.227140827750564 -0.3327608710273744
12.324957954372568 -0.23907455908067196
12.422775080994573 -0.14310255962952495
12.520592207616577 -0.045762419069357324
12.618409334238581 0.052015236004450766
12.716226460860586 0.14929559611122728
12.81404358748259 0.24514860619041307
12.911860714104595 0.33865785745203114
13.0096778407266 0.4289293487611195
13.107494967348604 0.5151000337923554
13.205312093970608 0.5963460722392555
13.303129220592613 0.6718907061917446
13.400946347214617 0.7410116863794819
13.498763473836622 0.8030481772818767
13.596580600458626 0.857407075088049
13.69439772708063 0.9035686781034784
13.792214853702637 0.9410916553910585
13.89003198032464 0.969617266143545
13.987849106946644 0.9888727894478306
14.085666233568649 0.9986741316505482
14.183483360190653 0.9989275863971376
14.28130048681266 0.9896307305173982
14.379117613434662 0.970872447192363
14.476934740056667 0.9428320761809988
14.574751866678671 0.9057776992310551
14.672568993300676 0.8600635770664883
14.770386119922682 0.8061267624553121
14.868203246544685 0.7444829217388604
14.966020373166689 0.6757214047709722
15.063837499788693 0.6004996104012982
15.161654626410698 0.5195367013718457
15.259471753032704 0.4336067287159131
15.357288879654709 0.3435312313940362
15.455106006276711 0.25017138191857663
15.552923132898716 0.15441975305922886
15.65074025952072 0.057191784344381
15.748557386142727 -0.04058297005663916
15.84637451276473 -0.13796972839522068
15.944191639386734 -0.23403741838375774
16.042008766008742 -0.3278675787713684
16.139825892630743 -0.41856314035100245
16.237643019252747 -0.5052570024465949
16.33546014587475 -0.5871203228841115
16.433277272496756 -0.6633704421898051
16.531094399118764 -0.7332783662558167
16.628911525740765 -0.7961757359346251
16.72672865236277 -0.8514612169291461
16.824545778984774 -0.8986062488874422
16.92236290560678 -0.9371600987375459
17.020180032228787 -0.9667541699496162
17.117997158850788 -0.9871055265264651
17.215814285472792 -0.9980195980311363
17.313631412094797 -0.9993920397899135
17.4114485387168 -0.9912097304862056
17.50926566533881 -0.973550897607725
17.60708279196081 -0.946584369547627
17.704899918582818 -0.9105679615099275
17.80271704520482 -0.8658460106508863
17.900534171826823 -0.8128460840217403
17.99835129844883 -0.75207489078677
18.096168425070832 -0.6841134377981608
18.19398555169284 -0.6096114748430708
18.29180267831484 -0.5292812826695664
18.389619804936846 -0.44389086318125726
18.487436931558854 -0.35425659690635225
18.585254058180855 -0.26123543793977816
18.683071184802863 -0.16571672097910062
18.780888311424867 -0.06861365878371814
18.878705438046868 0.0291453886537511
18.976522564668876 0.1266257897521346
19.074339691290877 0.22289557694625528
19.172156817912885 0.3170343568220755
19.26997394453489 0.40814210959632874
19.36779107115689 0.4953477938128483
19.4656081977789 0.5778176739897222
19.5634253244009 0.654763291600284
19.661242451022908 0.7254490031809719
19.759059577644912 0.7891990134973373
19.856876704266913 0.8454038365273272
19.95469383088892 0.8935261224910995
20.052510957510922 0.9331057952177003
20.15032808413293 0.963764450732538
20.248145210754934 0.9852089750125911
20.345962337376935 0.9972343463216533
20.443779463998943 0.9997255953336579
20.541596590620944 0.9926589043042193
20.639413717242952 0.9761018347816913
20.737230843864957 0.9502126816806967
20.83504797048696 0.9152389598935398
20.932865097108966 0.8715150379083615
21.030682223730967 0.8194589410579771
21.128499350352975 0.7595683549621244
21.22631647697498 0.6924158673725116
21.324133603596984 0.6186434939112343
21.421950730218988 0.5389565400396604
21.51976785684099 0.45411685794077683
21.617584983462997 0.36493556278299755
21.715402110085 0.27226527800211764
21.813219236707006 0.17699198374077865
21.91103636332901 0.08002654637906631
22.00885348995101 -0.01770398986135993
22.10667061657302 -0.11526526598243747
22.204487743195024 -0.2117245412082023
22.30230486981703 -0.30615961051224644
22.400121996439033 -0.39766762141741957
22.497939123061034 -0.4853737057742725
22.595756249683042 -0.5684393439935739
22.693573376305046 -0.6460703817660619
22.79139050292705 -0.7175246226251812
22.889207629549055 -0.7821189237635197
22.987024756171056 -0.8392357272630014
23.084841882793064 -0.8883289642965913
23.18265900941507 -0.9289292758539731
23.280476136037073 -0.9606485000781949
23.378293262659078 -0.9831833833117416
23.476110389281082 -0.9963184793723883
23.573927515903087 -0.9999282093401071
23.67174464252509 -0.9939780621623069
23.769561769147096 -0.9785249245989432
23.8673788957691 -0.9537165373530372
23.965196022391105 -0.9197900825863021
24.06301314901311 -0.877069916324024
24.160830275635114 -0.8259644674286839
24.258647402257118 -0.7669623327898811
24.356464528879123 -0.7006276060627417
24.454281655501127 -0.627594484614706
24.55209878212313 -0.5485612062413233
24.649915908745136 -0.4642833736194655
24.74773303536714 -0.3755667303199508
24.845550161989145 -0.28325945744496644
24.94336728861115 -0.1882440645387777
25.041184415233154 -0.09142895229918657
25.13900154185516 0.006260272245027493
25.236818668477163 0.10388964505888637
25.334635795099167 0.2005257743236809
25.432452921721172 0.29524476418872836
25.530270048343176 0.38714104773632463
25.62808717496518 0.4753360447117686
25.725904301587185 0.5589865612456815
25.82372142820919 0.6372928512625411
25.921538554831194 0.7095062625038253
26.0193556814532 0.7749363940654723
26.117172808075203 0.832957697019567
26.214989934697208 0.8830154550145926
26.312807061319212 0.9246310876763354
26.410624187941217 0.9574067261059455
26.50844131456322 0.98102901673081
26.606258441185226 0.9952721171412838
26.70407556780723 0.9999998552713892
26.801892694429235 0.9951670312804998
26.89970982105124 0.9808198496892871
26.997526947673244 0.9570954776384676
27.09534407429525 0.9242207334936401
27.193161200917253 0.8825099183339057
27.290978327539257 0.8323618110564268
27.38879545416126 0.774255855825471
27.486612580783266 0.7087475783160238
27.584429707405274 0.636463274575294
27.682246834027275 0.5580940232795946
27.78006396064928 0.4743890786327445
27.877881087271284 0.38614870707369847
27.97569821389329 0.29421653627842353
28.073515340515296 0.19947148960392772
28.171332467137297 0.10281938308570693
28.269149593759302 0.005184265325979536
28.366966720381306 -0.092500416931622
28.46478384700331 -0.1893007430789392
28.56260097362532 -0.2842912474505701
28.66041810024732 -0.3765637672971178
28.758235226869324 -0.46523612533286257
28.85605235349133 -0.5494605638476903
28.953869480113333 -0.6284318497485338
29.05168660673534 -0.7013949730414942
29.149503733357342 -0.7676523651528218
29.247320859979347 -0.8265705680775889
29.34513798660135 -0.8775862905951493
29.442955113223356 -0.9202117936506363
29.540772239845364 -0.9540395534151703
29.638589366467365 -0.978746157443298
29.73640649308937 -0.9940953966782267
29.834223619711373 -0.9999405237435011
29.932040746333378 -0.9962256559306207
30.029857872955386 -0.9829863094692217
30.127674999577387 -0.9603490599719104
30.225492126199395 -0.9285303323000742
30.323309252821396 -0.8878343314202622
30.4211263794434 -0.8386501340332686
30.51894350606541 -0.7814479687816378
30.61676063268741 -0.7167747205988697
30.714577759309417 -0.6452487021812605
30.81239488593142 -0.5675537425701392
30.910212012553423 -0.4844326493608534
31.00802913917543 -0.3966801070436086
31.10584626579743 -0.3051350793719358
31.20366339241944 -0.2106727883964147
31.30148051904144 -0.11419634684872819
31.399297645663445 -0.01662812387498823
31.497114772285453 0.08109907333302581
31.594931898907458 0.17805091770026504
31.69274902552946 0.27330049496176057
31.790566152151463 0.3659371654853167
31.888383278773468 0.45507527049952706
31.986200405395476 0.5398625994907195
32.084017532017484 0.6194885378156777
32.18183465863948 0.6931918166344184
32.279651785261485 0.7602677910693056
32.37746891188349 0.8200751770071104
32.475286038505494 0.8720421821365254
32.573103165127506 0.9156719726048655
32.6709202917495 0.9505474230296538
32.76873741837151 0.976335104452358
32.86655454499351 0.9927884721070952
32.96437167161552 0.9997502225275363
33.06218879823753 0.9971537974566825
33.160005924859526 0.9850240201813103
33.25782305148153 0.9634768582073571
33.355640178103535 0.9327183145452209
33.45345730472554 0.8930424582048953
33.55127443134755 0.8448286127305206
33.64909155796955 0.7885377296535709
33.74690868459155 0.7247079815364268
33.84472581121356 0.6539496167394537
33.94254293783556 0.5769391251027807
34.04036006445757 0.4944127703222207
34.13817719107957 0.40715955085348166
34.235994317701575 0.31601365664226394
34.33381144432358 0.22184649379837112
34.431628570945584 0.12555835346222793
34.529445697567596 0.0280698045142587
34.62726282418959 -0.06968710758231898
34.7250799508116 -0.1667777716614054
34.8228970774336 -0.2622739462633536
34.92071420405561 -0.3552626341464341
35.01853133067762 -0.44485481105491015
35.116348457299615 -0.5301939252919264
35.21416558392162 -0.610464086836399
35.311982710543624 -0.6848978677113444
35.409799837165636 -0.7527836390278191
35.50761696378764 -0.8134723745580774
35.60543409040964 -0.8663838557920652
35.70325121703164 -0.911012219153326
35.80106834365365 -0.9469307923398301
35.89888547027566 -0.9737961735516321
35.99670259689766 -0.991351514605575
36.09451972351966 -0.9994289765486686
36.192336850141665 -0.99795133429305
36.29015397676367 -0.9869327149313408
36.38797110338568 -0.9664784626736805
36.485788230007685 -0.9367841316977222
36.58360535662968 -0.8981336165404925
36.68142248325169 -0.8508964379066354
36.77923960987369 -0.7955242098422641
36.8770567364957 -0.7325463220501791
36.97487386311771 -0.6625648786260165
37.072690989739705 -0.5862489416037837
37.17050811636171 -0.5043281343457899
37.268325242983714 -0.41758566593218555
37.366142369605726 -0.32685084324078484
37.46395949622773 -0.23299114230602824
37.561776622849735 -0.13690391475922645
37.65959374947173 -0.039507808641336586
37.757410876093736 0.05826601439000662
37.85522800271575 0.15548278149061648
37.95304512933775 0.2512130455848936
38.05086225595976 0.3445415714036518
38.148679382581754 0.4345760856489961
38.24649650920376 0.5204558076298836
38.34431363582577 0.6013596788105509
38.442130762447775 0.6765142125927885
38.53994788906978 0.7452008892837131
38.63776501569178 0.8067630255488909
38.73558214231378 0.8606120526750839
38.83339926893579 0.9062331436187852
38.9312163955578 0.9431901350428677
39.0290335221798 0.9711296972838834
39.1268506488018 0.989784712382733
39.224667775423804 0.9989768278828858
39.322484902045815 0.998618161980358
39.42030202866782 0.988712143723288
39.518119155289824 0.9693534802283013
39.61593628191182 0.9407272512271098
39.713753408533826 0.9031071395999748
39.81157053515584 0.8568528148131589
39.90938766177784 0.8024064942761594
40.00720478839985 0.7402887154940634
40.105021915021844 0.6710933594356923
40.20283904164385 0.595481972696861
40.30065616826586 0.514177442742162
40.398473294887864 0.4279570866934574
40.49629042150987 0.3376452197401413
40.594107548131866 0.2441052742214541
40.69192467475387 0.1482315447267382
40.78974180137588 0.05094063813525813
40.88755892799789 -0.04683728966207607
40.98537605461989 -0.1441674265772088
41.08319318124189 -0.24011924165523668
41.1810103078639 -0.3337753814747373
41.278827434485905 -0.4242404405633423
41.37664456110791 -0.5106495219786873
41.474461687729914 -0.5921765062105195
41.57227881435191 -0.6680419493487401
41.67009594097392 -0.737520535006431
41.76791306759593 -0.7999480087531806
41.86573019421793 -0.8547275287618016
41.963547320839936 -0.9013353719524955
42.06136444746193 -0.939325941080619
42.159181574083945 -0.9683360248974509
42.25699870070595 -0.9880882706543769
42.354815827327954 -0.9983938357514804
42.45263295394996 -0.9991541931791988
42.550450080571956 -0.9903620734920593
42.64826720719397 -0.9721015343086684
42.74608433381597 -0.9445471566735217
42.843901460437976 -0.9079623759638311
42.94171858705998 -0.8626969632988762
43.03953571368198 -0.8091836815310104
43.13735284030399 -0.7479341477889067
43.235169966925994 -0.6795339421295511
43.332987093548 -0.604637009062879
43.43080422017 -0.5239594054737804
43.528621346792 -0.4382724547147806
43.62643847341401 -0.34839537232011464
43.72425560003602 -0.2551874338436512
43.82207272665802 -0.1595397597003288
43.919889853280026 -0.062366795552869655
44.01770697990202 0.035402430304049104
44.115524106524035 0.13283318897784005
44.21334123314604 0.22899398751287187
44.311158359768044 0.3229654744880965
44.40897548639005 0.4138492295346579
44.506792613012045 0.5007763527408834
44.60460973963406 0.5829157718250989
44.70242686625606 0.6594821876548936
44.800243992878066 0.7297435821494073
44.89806111950007 0.7930282167846473
44.99587824612207 0.8487310547923093
45.09369537274408 0.8963195456522411
45.191512499366084 0.9353387165754734
45.28932962598809 0.965415522300498
45.38714675261009 0.986262411616163
45.48496387923209 0.9976800765132904
45.5827810058541 0.9995593576815575
45.680598132476106 0.9918822881340105
45.77841525909811 0.9747222649815889
45.876232385720115 0.9482433477153834
45.97404951234211 0.9126986897054558
46.071866638964124 0.8684281179119533
46.16968376558613 0.815854883947905
46.26750089220813 0.7554816175552679
46.36531801883014 0.6878855211813737
46.463135145452135 0.6137128515982794
46.56095227207415 0.533672741323829
46.65876939869615 0.44853041891524015
46.756586525318156 0.3590998929528305
46.85440365194016 0.26623616965932084
46.952220778562165 0.17082707855853993
47.05003790518417 0.07378478432488084
47.14785503180617 -0.023962934024995566
47.24567215842818 -0.12148155322236749
47.34348928505018 -0.21783874031550957
47.44130641167219 -0.3121132662980853
47.53912353829419 -0.40340381357756444
47.636940664916196 -0.4908375930793044
47.7347577915382 -0.5735786886019244
47.832574918160205 -0.6508360486472335
47.93039204478221 -0.7218710493183146
48.028209171404214 -0.7860045559801964
48.12602629802622 -0.8426234161696602
48.22384342464822 -0.8911863216783018
48.32166055127023 -0.9312289837640342
48.41947767789223 -0.96236857201309
48.517294804514236 -0.9843073744145046
48.61511193113624 -0.9968356436547026
48.712929057758245 -0.9998336024200092
48.81074618438025 -0.9932725885352643
