0.0 0.0
0.07081673887449275 0.07075756260002836
0.1416334777489855 0.1411604235535402
0.21245021662347827 0.21085565930322134
0.283266955497971 0.27949389355675214
0.35408369437246373 0.34673104868046206
0.42490043324695653 0.41223007053125865
0.4957171721214493 0.4756626180803951
0.566533910995942 0.536710709359137
0.6373506498704348 0.5950683154753409
0.7081673887449275 0.6504428947102763
0.7789841276194203 0.7025568590053944
0.8498008664939131 0.7511489654876689
0.9206176053684058 0.7959756260579107
0.9914343442428986 0.836812128477204
1.0622510831173912 0.8734537628302569
1.133067821991884 0.9057168477188061
1.2038845608663769 0.933439651040852
1.2747012997408695 0.9564832007399379
1.3455180386153622 0.9747319814602559
1.416334777489855 0.9880945136153055
1.4871515163643478 0.9965038119672853
1.5579682552388405 0.9999177214183953
1.6287849941133334 0.9983191283307588
1.6996017329878261 0.9917160463156345
1.7704184718623186 0.9801415760618647
1.8412352107368115 0.9636537394049353
1.9120519496113042 0.9423351884684469
1.9828686884857971 0.9162927913360457
2.05368542736029 0.8856570963308035
2.1245021662347825 0.8505816775875725
2.1953189051092754 0.8112423651989012
2.266135643983768 0.767836363793728
2.336952382858261 0.7205812639673379
2.4077691217327537 0.6697139515182073
2.478585860607246 0.6154894199596318
2.549402599481739 0.5581794922589183
2.6202193383562316 0.49807145821195975
2.6910360772307245 0.4354666342839063
2.7618528161052174 0.37067885313534155
2.83266955497971 0.3040328904058318
2.9034862938542028 0.23586283664125143
2.9743030327286957 0.16651042252627826
3.045119771603188 0.0963233058175193
3.115936510477681 0.025653328564728472
3.1867532493521735 -0.045145246643477285
3.257569988226667 -0.11571751256786428
3.3283867271011593 -0.18570969643839794
3.3992034659756523 -0.25477093338707246
3.4700202048501447 -0.3225550253036633
3.540836943724637 -0.38872217629742845
3.6116536825991306 -0.4529406960650231
3.682470421473623 -0.5148886626257921
3.753287160348116 -0.5742555360892989
3.8241038992226084 -0.630743715365394
3.894920638097101 -0.6840700300131848
3.9657373769715942 -0.7339671597503842
4.036554115846086 -0.7801849745071595
4.10737085472058 -0.8224917883069156
4.178187593595072 -0.8606755206883931
4.249004332469565 -0.894544759847001
4.319821071344058 -0.9239297221659154
4.390637810218551 -0.9486831033269215
4.461454549093044 -0.9686808167344383
4.532271287967536 -0.9838226155510735
4.603088026842029 -0.9940325952264994
4.673904765716522 -0.9992595740005094
4.7447215045910145 -0.9994773494728323
4.815538243465507 -0.9946848299535378
4.886354982339999 -0.9849060399355846
4.957171721214492 -0.9701899996620793
5.027988460088985 -0.9506104793919656
5.098805198963478 -0.9262656295959865
5.169621937837971 -0.8972774889367175
5.240438676712463 -0.8637913724991266
5.311255415586956 -0.825975143338403
5.382072154461449 -0.7840183709967342
5.452888893335942 -0.7381313812073033
5.523705632210435 -0.6885442015492683
5.594522371084927 -0.6355054083390619
5.66533910995942 -0.5792808805384445
5.736155848833913 -0.5201524669258752
5.8069725877084055 -0.4584165732125405
5.877789326582898 -0.39438267618572126
5.948606065457391 -0.3283717723279656
6.019422804331883 -0.26071476868900895
6.090239543206376 -0.19175082407685964
6.16105628208087 -0.12182564888352862
6.231873020955362 -0.051289772068223
6.302689759829855 0.0195032160145376
6.373506498704347 0.09019843613330132
6.44432323757884 0.16044149915911252
6.515139976453334 0.22988028258808482
6.585956715327826 0.2981666957015798
6.656773454202319 0.3649584245153977
6.727590193076811 0.429920647770672
6.7984069319513045 0.492727715364387
6.869223670825797 0.5530647808056527
6.9400404097002895 0.6106293795144079
7.010857148574782 0.6651329450506469
7.081673887449274 0.71630225567345
7.152490626323768 0.7638808039783509
7.223307365198261 0.807630082747144
7.294124104072753 0.8473307805643003
7.364940842947246 0.8827838812064498
7.435757581821738 0.9138116612937887
7.506574320696232 0.9402585812022789
7.577391059570725 0.9619920647705578
7.648207798445217 0.9789031638929677
7.71902453731971 0.9909071046671489
7.789841276194202 0.9979437123584036
7.8606580150686955 0.9999777130505276
7.9314747539431885 0.9969989104709528
8.002291492817681 0.9890222371037953
8.073108231692173 0.9760876793345825
8.143924970566665 0.9582600770018992
8.21474170944116 0.9356287983607906
8.285558448315651 0.9083072920872985
8.356375187190144 0.8764325185698858
8.427191926064637 0.8401642633386578
8.49800866493913 0.7996843360740796
8.568825403813623 0.7551956592105032
8.639642142688116 0.706921250703254
8.710458881562609 0.6551031060585778
8.781275620437102 0.60000098523074
8.852092359311593 0.5418911104674564
8.922909098186087 0.48106478163123956
8.99372583706058 0.417826915937964
9.064542575935072 0.3524945194327701
9.135359314809564 0.2853950978657078
9.206176053684057 0.21686501493326
9.27699279255855 0.14724780611571806
9.347809531433043 0.07689245656302351
9.418626270307536 0.006151651661877022
9.489443009182029 -0.0646199909461249
9.56025974805652 -0.13506769903258087
9.631076486931015 -0.20483832422531675
9.701893225805508 -0.2735821123111382
9.772709964679999 -0.3409544565239862
9.843526703554492 -0.4066176250293595
9.914343442428985 -0.47024245394528386
9.985160181303478 -0.531509997412878
10.05597692017797 -0.5901131264448303
10.126793659052463 -0.6457580685369048
10.197610397926956 -0.6981658803245321
10.268427136801447 -0.7470738459021833
10.339243875675942 -0.7922367937958779
10.410060614550435 -0.8334283259869302
10.480877353424926 -0.8704419528259824
10.55169409229942 -0.9030921281480622
10.622510831173912 -0.9312151793997305
10.693327570048405 -0.9546701281156831
10.764144308922898 -0.9733393966318115
10.83496104779739 -0.9871293974920389
10.905777786671884 -0.9959710025942821
10.976594525546375 -0.9998198897237502
11.04741126442087 -0.9986567647364409
11.118228003295362 -0.9924874582790433
11.189044742169854 -0.9813428965604022
11.259861481044346 -0.9652789463210613
11.33067821991884 -0.9443761347780427
11.401494958793332 -0.9187392459487533
11.472311697667825 -0.8884967953776122
11.543128436542318 -0.8538003858985511
11.613945175416811 -0.8148239476628956
11.684761914291304 -0.7717628662423007
11.755578653165797 -0.7248330031774898
11.826395392040288 -0.6742696138827012
11.897212130914783 -0.620326168330289
11.968028869789276 -0.5632730804273095
12.038845608663767 -0.5033963524535822
12.109662347538261 -0.44099614135657045
12.180479086412753 -0.37638525409013507
12.251295825287245 -0.309887579539843
12.32211256416174 -0.2418364648955322
12.392929303036231 -0.1725730446101859
12.463746041910724 -0.10244453032190261
12.534562780785215 -0.031802470311488244
12.60537951965971 0.038999012779209336
12.676196258534203 0.10960499713398204
12.747012997408694 0.17966154095517184
12.817829736283189 0.24881745674381514
12.88864647515768 0.31672607177270484
12.959463214032173 0.38304696592732684
13.030279952906668 0.4474476782029392
13.101096691781159 0.5096053733033281
13.171913430655652 0.5692084599867199
13.242730169530143 0.6259581530461706
13.313546908404637 0.679569971094426
13.38436364727913 0.7297751626449168
13.455180386153621 0.7763220533401295
13.525997125028116 0.8189773075737639
13.596813863902609 0.857527098182284
13.6676306027771 0.8917781783423222
13.738447341651595 0.9215588503005764
13.809264080526086 0.9467198260800442
13.880080819400579 0.9671349758479721
13.950897558275074 0.9827019601939776
14.021714297149565 0.9933427431488157
14.092531036024058 0.9990039833720623
14.163347774898549 0.9996573015477158
14.234164513773043 0.9952994226472972
14.304981252647536 0.9859521923472899
14.375797991522028 0.9716624675186202
14.446614730396522 0.9525018813371445
14.517431469271013 0.9285664841926332
14.588248208145506 0.8999762621963244
14.659064947020001 0.8668745357007531
14.729881685894492 0.8294272408470079
14.800698424768985 0.7878220977409541
14.871515163643476 0.7422676694283091
14.94233190251797 0.6929923163858139
15.013148641392464 0.6402430517695873
15.083965380266955 0.5842843031591616
15.15478211914145 0.5253965870045028
15.22559885801594 0.4638751024209076
15.296415596890434 0.40002825138091114
15.367232335764928 0.3341760927214292
15.43804907463942 0.26664873771601677
15.508865813513912 0.1977846952550997
15.579682552388403 0.12792917492970066
15.650499291262898 0.05743235652508687
15.721316030137391 -0.013352365400706712
15.792132769011882 -0.08407015305377219
15.862949507886377 -0.15436650417602638
15.933766246760868 -0.22388902913487815
16.004582985635363 -0.29228921742252795
16.075399724509854 -0.35922418470949
16.146216463384345 -0.42435839169461326
16.21703320225884 -0.48736532613506445
16.28784994113333 -0.547929139624437
16.358666680007826 -0.6057462309139852
16.42948341888232 -0.6605267678398546
16.50030015775681 -0.7119961402270925
16.571116896631302 -0.7598963364871153
16.641933635505794 -0.8039872370078621
16.71275037438029 -0.844047817853003
16.783567113254783 -0.8798772587361374
16.854383852129274 -0.9112959497158242
16.92520059100377 -0.9381463915649534
16.99601732987826 -0.9602939853009741
17.06683406875275 -0.9776277069191609
17.137650807627246 -0.990060663946508
17.208467546501737 -0.9975305310263084
17.27928428537623 -0.9999998623498733
17.350101024250723 -0.9974562793691847
17.420917763125217 -0.9899125328495053
17.49173450199971 -0.9774064389508775
17.562551240874203 -0.9600006896589244
17.633367979748694 -0.9377825385152602
17.704184718623186 -0.9108633632228972
17.77500145749768 -0.8793781073192906
17.845818196372175 -0.8434846037158596
17.916634935246666 -0.8033627834950174
17.98745167412116 -0.7592137739309429
18.058268412995652 -0.7112588902556668
18.129085151870143 -0.659738526224612
18.199901890744638 -0.6049109490431377
18.27071862961913 -0.5470510046950026
18.341535368493624 -0.4864487401627918
18.412352107368115 -0.42340794944707266
18.48316884624261 -0.35824465067286887
18.5539855851171 -0.29128550191768904
18.62480232399159 -0.22286616370232917
18.695619062866086 -0.15332961635322434
18.766435801740577 -0.08302444067123846
18.837252540615072 -0.01230307052571631
18.908069279489567 0.05847997386651991
18.978886018364058 0.1289698631208919
19.04970275723855 0.1988132374146147
19.12051949611304 0.2676599778494401
19.191336234987535 0.3351649615679383
19.26215297386203 0.4009897918250346
19.33296971273652 0.4648044943421339
19.403786451611015 0.526289171440139
19.474603190485507 0.5851356056593007
19.545419929359998 0.6410488048271648
19.616236668234492 0.6937484808292469
19.687053407108984 0.7429704546695172
19.75787014598348 0.7884679807772687
19.82868688485797 0.8300129839216683
19.899503623732464 0.8673972025335204
19.970320362606955 0.9004332327027922
20.041137101481446 0.9289554676184987
20.11195384035594 0.9528209277415615
20.182770579230432 0.9719099775490819
20.253587318104927 0.9861269252570553
20.32440405697942 0.995400502515142
20.395220795853913 0.9996842216688545
20.466037534728404 0.9989566087982165
20.536854273602895 0.993221311364697
20.60767101247739 0.9825070799267968
20.678487751351884 0.9668676240159431
20.749304490226375 0.946381342895175
20.82012122910087 0.9211509325502978
20.89093796797536 0.8913028708836439
20.961754706849852 0.856986783691091
21.032571445724347 0.8183746946006698
21.10338818459884 0.7756601627327461
21.174204923473333 0.7290573124045899
21.245021662347824 0.6787997597433924
21.31583840122232 0.6251394415884596
21.38665514009681 0.5683453525532738
21.4574718789713 0.5087021965783434
21.528288617845796 0.44650895973455806
21.599105356720287 0.3820774114314414
21.66992209559478 0.3157305415435804
21.740738834469276 0.24780094128986271
21.811555573343767 0.17862913598195934
21.88237231221826 0.10856187799987643
21.95318905109275 0.03795040855176056
22.024005789967244 -0.03285130306842711
22.09482252884174 -0.10348833389888135
22.16563926771623 -0.1736065865085971
22.236456006590725 -0.24285456405770128
22.307272745465216 -0.3108851323212074
22.378089484339707 -0.3773572598434013
22.448906223214202 -0.4419377274995283
22.519722962088693 -0.5043027988949309
22.590539700963188 -0.5641398432280978
22.66135643983768 -0.6211489024822718
22.732173178712173 -0.6750441950895134
22.802989917586665 -0.7255555485293852
22.87380665646116 -0.7724297536808521
22.94462339533565 -0.8154318341380604
23.01544013421014 -0.8543462241271035
23.086256873084636 -0.8889778491189134
23.15707361195913 -0.9191531037212906
23.227890350833622 -0.944720721947981
23.298707089708113 -0.9655525355022098
23.369523828582608 -0.9815441162734535
23.4403405674571 -0.9926152998266802
23.511157306331594 -0.9987105872598525
23.58197404520609 -0.9997994234152014
23.652790784080576 -0.9958763500496384
23.72360752295507 -0.9869610331964603
23.794424261829565 -0.9730981645811995
23.865241000704057 -0.9543572375858022
23.93605773957855 -0.9308321988842083
24.00687447845304 -0.9026409774956703
24.077691217327533 -0.8699248936165882
24.148507956202028 -0.8328479501943961
24.219324695076523 -0.7915960107947173
24.290141433951014 -0.7463758678831142
24.360958172825505 -0.6974142061920297
24.431774911699996 -0.6449564663695001
24.50259165057449 -0.5892656146060451
24.573408389448986 -0.5306208244075166
24.64422512832348 -0.46931607712203716
24.715041867197968 -0.4056586882365016
24.785858606072463 -0.3399677668301381
24.856675344946954 -0.2725726159078625
24.92749208382145 -0.20381108163226846
24.998308822695943 -0.1340278597295591
25.06912556157043 -0.06357276755916696
25.139942300444925 0.007201009490957561
25.21075903931942 0.0779386884926309
25.28157577819391 0.14828566747412134
25.352392517068406 0.21788930300969714
25.423209255942893 0.2864006779911151
25.494025994817388 0.3534763507194658
25.564842733691883 0.41878007654917077
25.635659472566378 0.4819844934538357
25.70647621144087 0.5427727630642514
25.77729295031536 0.6008401589522147
25.84810968918985 0.6558955941981998
25.918926428064346 0.707663080585348
25.98974316693884 0.7558831121049299
26.060559905813335 0.8003139658379164
26.131376644687823 0.8407329136914167
26.202193383562317 0.876937338915691
26.27301012243681 0.9087457518046674
26.343826861311303 0.9359986994884337
26.414643600185798 0.9585595652569059
26.485460339060285 0.9763152534077875
26.55627707793478 0.9891767561857168
26.627093816809275 0.9970795999705674
26.697910555683766 0.9999841684782326
26.76872729455826 0.9978759013536886
26.839544033432748 0.9907653671608171
26.910360772307243 0.978688210403089
26.981177511181738 0.9617049728407041
27.051994250056232 0.9399007899998902
27.122810988930723 0.9133849643957498
27.193627727805218 0.8822904176080367
27.264444466679706 0.8467730239565886
27.3352612055542 0.8070108291165916
27.406077944428695 0.7632031575907678
27.47689468330319 0.7155696135125738
27.54771142217768 0.6643489797893526
27.618528161052172 0.6097980211039096
27.689344899926663 0.5521901967749915
27.760161638801158 0.4918142899289616
27.830978377675653 0.42897295985454453
27.901795116550147 0.3639812247975311
27.972611855424635 0.29716488280109965
28.04342859429913 0.22885887850789383
28.11424533317362 0.15940562411104472
28.185062072048115 0.08915328287091298
28.25587881092261 0.01845402380228817
28.326695549797098 -0.05233774371895288
28.397512288671592 -0.12286714657994541
28.468329027546087 -0.19278062687954264
28.539145766420578 -0.2617277142840449
28.609962505295073 -0.32936278290519694
28.680779244169564 -0.3953467838933617
28.751595983044055 -0.4593489450606064
28.82241272191855 -0.5210484290135524
28.893229460793044 -0.5801359414839492
28.964046199667536 -0.6363152817945563
29.034862938542027 -0.689304827687965
29.10567967741652 -0.7388389470750282
29.176496416291013 -0.7846693296259372
29.247313155165507 -0.8265662315288134
29.318129894040002 -0.8643196271758915
29.38894663291449 -0.897740262004044
29.459763371788984 -0.9266606012118292
29.53058011066348 -0.9509356695971891
29.60139684953797 -0.9704437783058266
29.672213588412465 -0.9850871348470881
29.743030327286952 -0.9947923333193995
29.813847066161447 -0.9995107223878182
29.88466380503594 -0.9992186491690334
29.955480543910436 -0.9939175778012626
30.026297282784927 -0.9836340821046519
30.09711402165942 -0.9684197123689723
30.16793076053391 -0.9483507369364003
30.238747499408404 -0.9235277598748004
30.3095642382829 -0.8940752166580883
30.380380977157394 -0.8601407503817747
30.45119771603188 -0.8218944716406833
30.522014454906376 -0.779528105778983
30.592831193780867 -0.7332540317873614
30.663647932655362 -0.6833042176651727
30.734464671529857 -0.629929057584594
30.805281410404344 -0.5733961166859214
30.87609814927884 -0.5139887897962452
30.946914888153334 -0.4520048807953064
31.017731627027825 -0.38775510974994337
31.08854836590232 -0.32156155530080216
31.159365104776807 -0.25375604010951575
31.2301818436513 -0.1846784674598679
31.300998582525796 -0.11467511735156946
31.37181532140029 -0.04409691062802826
31.442632060274782 0.026702350159998157
31.513448799149273 0.09736775433652496
31.584265538023764 0.16754506223737867
31.65508227689826 0.23688248098352818
31.725899015772754 0.30503242798887265
31.79671575464725 0.3716532733622094
31.867532493521736 0.4364110524688282
31.93834923239623 0.4989811400668622
32.009165971270725 0.559049877625991
32.07998271014522 0.6163161456710141
32.15079944901971 0.670492873268185
32.2216161878942 0.7213084770873909
32.29243292676869 0.7685082228263028
32.36324966564319 0.8118555021717843
32.43406640451768 0.8511330188972341
32.50488314339218 0.8861438781501291
32.57569988226666 0.9167125734691477
32.64651662114116 0.942685866583182
32.71733336001565 0.9639335555817212
32.78815009889014 0.9803491276059936
32.85896683776464 0.9918502927888598
32.929783576639124 0.9983793967669202
33.00060031551362 0.9999037096969468
33.071417054388114 0.9964155903277951
33.142233793262605 0.9879325243053533
33.2130505321371 0.974497036518481
33.28386727101159 0.9561764779253652
33.354684009886086 0.9330626879288739
33.42550074876058 0.9052715339934612
33.496317487635075 0.8729423308113928
33.567134226509566 0.8362371419300599
33.63795096538406 0.7953399673411705
33.70876770425855 0.750455821104445
33.77958444313304 0.7018097036295591
33.85040118200754 0.6496454737682108
33.92121792088203 0.5942246263704477
33.99203465975652 0.5358249814331807
34.06285139863101 0.47473929141217663
34.1336681375055 0.4112737736788778
34.20448487638 0.34574657547874266
34.27530161525449 0.278486179086175
34.34611835412898 0.20982975515076613
34.416935093003474 0.14012147248951548
34.48775183187797 0.06971077279779422
34.55856857075246 -0.0010493810721410092
34.629385309626954 -0.071804274483965
34.700202048501446 -0.1421992191715748
34.77101878737594 -0.21188133126122427
34.841835526250435 -0.2805013002483928
34.912652265124926 -0.34771514006162374
34.98346900399942 -0.413185913435501
35.05428574287391 -0.47658542094849143
35.12510248174841 -0.5375958462587591
35.1959192206229 -0.5959113492904465
35.26673595949739 -0.6512395993840132
35.33755269837189 -0.7033032407249628
