0.0 0.0
0.08805828152054346 0.08794452115367704
0.17611656304108692 0.1752075380926224
0.26417484456163043 0.26111282774968037
0.35223312608217383 0.3449946884279056
0.4402914076027173 0.4262030984904547
0.5283496891232609 0.5041087535417464
0.6164079706438043 0.5781079430655098
0.7044662521643477 0.6476272287294236
0.7925245336848912 0.7121278881029874
0.8805828152054346 0.7711100893531386
0.9686410967259781 0.8241167645668475
1.0566993782465217 0.8707371516853389
1.144757659767065 0.9106099776026039
1.2328159412876085 0.943426257761567
1.3208742228081518 0.9689316905531368
1.4089325043286953 0.9869286279633384
1.4969907858492388 0.9972776071974869
1.5850490673697823 0.999898431412462
1.6731073488903259 0.9947707911822173
1.7611656304108692 0.9819344218806303
1.8492239119314127 0.9614887957620966
1.9372821934519562 0.93359235112601
2.0253404749725 0.8984612645385298
2.1133987564930434 0.8563677756259955
2.2014570380135865 0.807638077421587
2.28951531953413 0.7526497886134637
2.3775736010546735 0.6918290272825707
2.465631882575217 0.6256471088064487
2.5536901640957606 0.5546168935178261
2.6417484456163036 0.4792888124209031
2.729806727136847 0.4002466017630512
2.8178650086573906 0.31810277951581
2.905923290177934 0.23349389881906
2.9939815716984777 0.1470756151706326
3.082039853219021 0.059517605586943315
3.1700981347395647 -0.028501620892649706
3.258156416260108 -0.11629998114305397
3.3462146977806517 -0.2031971035871405
3.4342729793011952 -0.288519600566226
3.5223312608217383 -0.37160628659041395
3.6103895423422823 -0.45181330203126296
3.6984478238628253 -0.5285191025519904
3.7865061053833684 -0.6011292756108778
3.8745643869039124 -0.6690811467135642
3.9626226684244554 -0.7318481397192281
4.050680949945 -0.7889438574115549
4.138739231465543 -0.8399258507131018
4.226797512986087 -0.8843990473344923
4.31485579450663 -0.9220188132889519
4.402914076027173 -0.9524936235477602
4.490972357547717 -0.9755873211410224
4.57903063906826 -0.9911209471974282
4.667088920588804 -0.9989741277415596
4.755147202109347 -0.9990860065021031
4.84320548362989 -0.9914557165024029
4.931263765150434 -0.9761423867788809
5.019322046670977 -0.9532646841752617
5.107380328191521 -0.9229998937633518
5.195438609712064 -0.8855825450164276
5.283496891232607 -0.8413025943813557
5.371555172753151 -0.7905031783331546
5.459613454273694 -0.7335779543241441
5.547671735794238 -0.6709680502333287
5.635730017314781 -0.6031586459555126
5.723788298835324 -0.5306752136202553
5.811846580355868 -0.4540794455761717
5.899904861876411 -0.3739649016956452
5.987963143396955 -0.2909524097300753
6.076021424917499 -0.20568525435948334
6.164079706438042 -0.11882419221772236
6.252137987958586 -0.0310423315231211
6.340196269479129 0.05698008400639772
6.428254550999673 0.1445609465329934
6.516312832520216 0.23102156992410325
6.6043711140407595 0.31569194906199716
6.6924293955613035 0.3979159518819556
6.7804876770818465 0.477056403904671
6.8685459586023905 0.5525000258615592
6.9566042401229335 0.6236621861500611
7.044662521643477 0.6899914312909857
7.13272080316402 0.7509737592802231
7.2207790846845645 0.8061366027195597
7.308837366205108 0.8550524908603062
7.396895647725651 0.8973423621816555
7.484953929246194 0.9326785018337469
7.573012210766737 0.9607870811824673
7.661070492287282 0.981450279776412
7.749128773807825 0.9945079732923494
7.837187055328368 0.9998589743788787
7.925245336848911 0.9974618167826658
8.013303618369454 0.9873350766808706
8.10136189989 0.9695572287296773
8.189420181410542 0.9442660379444475
8.277478462931086 0.9116574921239606
8.365536744451628 0.8719842830916696
8.453595025972174 0.8255538485231971
8.541653307492716 0.7727259895344678
8.62971158901326 0.7139100824923492
8.717769870533802 0.6495619066542285
8.805828152054346 0.5801801122198958
8.89388643357489 0.5063023561657323
8.981944715095434 0.4285011358055596
9.070002996615976 0.3473793523649608
9.15806127813652 0.2635656389480316
9.246119559657062 0.17770948910135023
9.334177841177608 0.09047622372510618
9.42223612269815 0.002541835334119584
9.510294404218694 -0.08541225037820992
9.598352685739238 -0.17270445507897816
9.68641096725978 -0.2586583295177198
9.774469248780324 -0.34260779550179943
9.862527530300868 -0.4239023075038523
9.950585811821412 -0.5019118939027112
10.038644093341954 -0.5760320387919499
10.126702374862498 -0.6456883665256996
10.214760656383042 -0.7103410926999898
10.302818937903586 -0.7694892070778703
10.390877219424128 -0.8226743560437518
10.478935500944672 -0.8694843945008655
10.566993782465214 -0.909556579687275
10.65505206398576 -0.9425803821607865
10.743110345506302 -0.9682998921696937
10.831168627026846 -0.9865158027618198
10.919226908547389 -0.9970869542642155
11.007285190067932 -0.999931428164972
11.095343471588476 -0.9950271819203738
11.18340175310902 -0.9824122197681144
11.271460034629563 -0.9621842982229001
11.359518316150107 -0.934500168536627
11.447576597670649 -0.8995743619935067
11.535634879191194 -0.8576775274531794
11.623693160711737 -0.8091343340246342
11.71175144223228 -0.7543209551236093
11.799809723752823 -0.6936621534101874
11.887868005273367 -0.6276279891960941
11.97592628679391 -0.5567301778291183
12.063984568314455 -0.4815181242821679
12.152042849834999 -0.4025746656759468
12.24010113135554 -0.3205115547275089
12.328159412876085 -0.23596471912457617
12.416217694396629 -0.14958933356194362
12.504275975917173 -0.06205474262796997
12.592334257437715 0.025960726114991842
12.680392538958259 0.1137750186614992
12.768450820478801 0.20070763997104973
12.856509101999347 0.28608492729532803
12.944567383519889 0.3692452705602649
13.032625665040433 0.4495442393489377
13.120683946560975 0.5263595767549412
13.208742228081519 0.5990960214076839
13.296800509602063 0.6671899203024612
13.384858791122607 0.7301135966893683
13.472917072643149 0.7873794391731569
13.560975354163693 0.8385436803365884
13.649033635684235 0.883209835605761
13.737091917204781 0.9210317757088083
13.825150198725323 0.9517164089186767
13.913208480245867 0.9750259522946495
14.00126676176641 0.9907797743221549
14.089325043286953 0.9988557946718106
14.177383324807497 0.9991914302305996
14.26544160632804 0.9917840800741561
14.353499887848585 0.9766911456219809
14.441558169369129 0.9540295858194063
14.529616450889671 0.9239750107933089
14.617674732410215 0.8867603210050641
14.705733013930757 0.8426739024462956
14.793791295451301 0.7920573918632828
14.881849576971847 0.7353030293278892
14.969907858492387 0.6728506186705902
15.057966140012933 0.605184119329951
15.146024421533474 0.5328278960292376
15.23408270305402 0.4563426553422522
15.322140984574563 0.37632110063709157
15.410199266095105 0.29338333906864794
15.49825754761565 0.20817207621229475
15.586315829136192 0.12134763557673625
15.674374110656736 0.0335828415910366
15.762432392177281 -0.05444219428110326
15.850490673697822 -0.14204534389613968
15.938548955218367 -0.22854774841326828
16.026607236738908 -0.31327907894229307
16.114665518259454 -0.39558273109084313
16.20272379978 -0.4748209131569263
16.290782081300538 -0.5503795885372631
16.378840362821084 -0.6216732340513909
16.466898644341626 -0.6881493773080238
16.55495692586217 -0.74929287795261
16.643015207382714 -0.8046299196194845
16.731073488903256 -0.8537316816540823
16.8191317704238 -0.8962176621520411
16.907190051944347 -0.9317586265641622
16.99524833346489 -0.960079159017747
17.083306614985432 -0.9809597965834712
17.171364896505974 -0.9942387299488199
17.25942317802652 -0.9998130573191514
17.347481459547065 -0.9976395818295853
17.435539741067604 -0.9877351462883766
17.52359802258815 -0.970176502657753
17.611656304108692 -0.9450997172836609
17.699714585629238 -0.9126991164834196
17.78777286714978 -0.8732257806622181
17.875831148670322 -0.8269855986278942
17.963889430190868 -0.7743368971816262
18.05194771171141 -0.7156876643534297
18.140005993231952 -0.6514923878002806
18.228064274752498 -0.5822485328669518
18.31612255627304 -0.5084926876019398
18.404180837793586 -0.43079640460169166
18.492239119314124 -0.349761771905802
18.58029740083467 -0.266016747265315
18.668355682355216 -0.18021029194020657
18.756413963875758 -0.0930073417353278
18.8444722453963 -0.005083654245600443
18.932530526916842 0.08287942775954604
19.020588808437388 0.17020025623267693
19.108647089957934 0.25620216011051333
19.196705371478476 0.34021868900820895
19.28476365299902 0.42159877771101845
19.37282193451956 0.49971179144239586
19.460880216040106 0.5739524128115051
19.54893849756065 0.6437453325699228
19.63699677908119 0.7085497078277275
19.725055060601736 0.7678633531810796
19.81311334212228 0.8212266322732219
19.901171623642824 0.8682260196322349
19.989229905163366 0.9084973051839134
20.07728818668391 0.9417284166072541
20.165346468204454 0.9676618376613584
20.253404749724996 0.9860966037435525
20.34146303124554 0.9968898592146482
20.429521312766084 0.9999579644232186
20.517579594286627 0.9952771438502944
20.605637875807172 0.982883670351842
20.69369615732771 0.9628735840712805
20.781754438848257 0.9354019482002467
20.869812720368802 0.9006816473549305
20.957871001889345 0.8589817378796338
21.045929283409887 0.8106253628614806
21.13398756493043 0.7559872480133599
21.222045846450975 0.6954907978301206
21.31010412797152 0.6296048145206493
21.398162409492063 0.558839865141636
21.486220691012605 0.4837443250850229
21.574278972533147 0.404900128579171
21.662337254053693 0.3229182591341466
21.750395535574235 0.23843401487683707
21.838453817094777 0.1521020854659521
21.926512098615323 0.06459147873719658
22.014570380135865 -0.02341966360671024
22.10262866165641 -0.11124932108668369
22.190686943176953 -0.19821687959548376
22.278745224697495 -0.2836484056476488
22.36680350621804 -0.3668818688595751
22.454861787738583 -0.4472722721894673
22.542920069259125 -0.5241966501816688
22.63097835077967 -0.597058896482659
22.719036632300213 -0.6652943832191143
22.80709491382076 -0.7283743364413373
22.895153195341297 -0.7858099337255691
22.983211476861843 -0.8371560921819315
23.07126975838239 -0.8820149175136603
23.15932803990293 -0.9200387874001088
23.247386321423473 -0.9509330453095461
23.335444602944015 -0.9744582838667308
23.42350288446456 -0.9904322000808805
23.511561165985107 -0.9987310080573991
23.599619447505646 -0.9992903982459131
23.68767772902619 -0.9921060357911506
23.775736010546733 -0.9772335941248264
23.86379429206728 -0.9547883235382134
23.95185257358782 -0.9249441580786529
24.039910855108364 -0.8879323676908663
24.12796913662891 -0.8440397660479849
24.21602741814945 -0.7936064879602629
24.304085699669997 -0.7370233535848659
24.39214398119054 -0.6747288398621889
24.48020226271108 -0.6072056826477413
24.568260544231627 -0.5349771358705876
24.65631882575217 -0.4586029167070492
24.74437710727271 -0.37867486819150464
24.832435388793257 -0.2958123728758598
24.9204936703138 -0.2106575530783738
25.008551951834345 -0.12387029491628056
25.096610233354884 -0.03612313468231906
25.18466851487543 0.05190395280820142
25.272726796395975 0.13952882351323037
25.360785077916518 0.22607245026975953
25.44884335943706 0.31086418474610533
25.536901640957602 0.39324695446450586
25.624959922478148 0.4725823546210282
25.713018203998693 0.5482555952449599
25.801076485519232 0.6196802653609319
25.889134767039778 0.686302877235083
25.97719304856032 0.7476071554906896
26.065251330080866 0.8031180378559493
26.153309611601408 0.8524053565409926
26.24136789312195 0.8950871717163018
26.329426174642496 0.9308327312605089
26.417484456163038 0.9593650338417744
26.505542737683584 0.9804629754707895
26.593601019204126 0.9939630628911935
26.681659300724668 0.9997606805299472
26.769717582245214 0.9978109011897173
26.857775863765756 0.9881288342010314
26.945834145286298 0.9707895083362739
27.033892426806844 0.9459272903928566
27.121950708327386 0.9137348439511133
27.210008989847932 0.8744616363757475
27.29806727136847 0.8284120056304891
27.386125552889016 0.7759428018866438
27.474183834409562 0.7174606222013817
27.562242115930104 0.6534186596948613
27.650300397450646 0.5843131916427458
27.73835867897119 0.5106797336987758
27.826416960491734 0.4330888900492671
27.91447524201228 0.35214193165775765
28.00253352353282 0.2684661368650748
28.090591805053364 0.1827099304516708
28.178650086573906 0.09553785883094766
28.266708368094452 0.007625440311908181
28.354766649614994 -0.08034606966209934
28.44282493113554 -0.1676949577331932
28.53088321265608 -0.25374433539720526
28.618941494176624 -0.33782738438299653
28.70699977569717 -0.41929252399491695
28.795058057217712 -0.4975084603755302
28.883116338738258 -0.5718690785605068
28.971174620258797 -0.6417981394159126
29.059232901779342 -0.7067537450602304
29.147291183299885 -0.7662325381673066
29.23534946482043 -0.8197736026089115
29.323407746340976 -0.8669620352097277
29.411466027861515 -0.9074321609364228
29.499524309382057 -0.9408703666054667
29.587582590902603 -0.9670175311505598
29.67564087242315 -0.9856710336169551
29.763699153943694 -0.9966863233222044
29.85175743546423 -0.9999780400157527
29.939815716984775 -0.9955206753569911
30.02787399850532 -0.9833487705858013
30.115932280025866 -0.9635566488538029
30.20399056154641 -0.9362976842905266
30.292048843066947 -0.9017831134687058
30.380107124587493 -0.8602803984789373
30.46816540610804 -0.8121111542986813
30.55622368762858 -0.7576486565168981
30.644281969149127 -0.6973149487276149
30.732340250669665 -0.63157757200798
30.82039853219021 -0.5609459418248263
30.908456813710753 -0.485967400446125
30.9965150952313 -0.4072229754480478
31.084573376751845 -0.32532287718615843
31.172631658272383 -0.240901770121879
31.26068993979293 -0.15461385464791944
31.34874822131347 -0.06712779752493059
31.436806502834017 0.020878449785452224
31.524864784354563 0.10872290473697978
31.6129230658751 0.19572483855308312
31.700981347395643 0.281210051365405
31.78903962891619 0.3645160967581301
31.877097910436735 0.444997415231891
31.96515619195728 0.5220303368067104
32.053214473477816 0.5950179139975328
32.14127275499836 0.663394547710469
32.22933103651891 0.7266303702123841
32.31738931803945 0.7842353512092729
32.40544759956 0.8357630952142543
32.49350588108054 0.8808143007784759
32.581564162601076 0.9190398547784865
32.66962244412162 0.9501435377816312
32.75768072564217 0.9738843195249379
32.84573900716271 0.9900782267192597
32.93379728868325 0.9985997687045628
33.0218555702038 0.9993829099086172
33.10991385172434 0.9924215815732514
33.19797213324489 0.9777697287826896
33.28603041476543 0.9555408924295263
33.374088696285966 0.925907329357786
33.46214697780651 0.8890986775013126
33.55020525932706 0.8454001763616676
33.6382635408476 0.7951504566154809
33.72632182236815 0.738738915980164
33.814380103888695 0.6766027016730551
33.90243838540923 0.609223322847684
33.99049666692978 0.5371229192582062
34.07855494845032 0.4608602150671566
34.166613229970864 0.3810261891513333
34.25467151149141 0.2982394954578775
34.34272979301195 0.213141668899212
34.430788074532494 0.12639215393762115
34.51884635605304 0.03866319438428609
34.606904637573585 -0.04936537598712187
34.69496291909413 -0.1370114016433423
34.78302120061466 -0.22359569148631875
34.87107948213521 -0.30844728207590727
34.959137763655754 -0.3909086370942549
35.0471960451763 -0.4703407427601701
35.135254326696845 -0.5461280597076277
35.223312608217384 -0.6176832929551341
35.31137088973793 -0.6844519430022823
35.399429171258475 -0.745916602785816
35.487487452779014 -0.8016009671971234
35.57554573429956 -0.8510735240903387
35.6636040158201 -0.8939508981784663
35.751662297340644 -0.9299008219049406
35.83972057886119 -0.9586447102684698
35.927778860381736 -0.9799598196482967
36.01583714190228 -0.993680973900538
36.10389542342282 -0.9997018443496694
36.191953704943366 -0.9979757737561775
36.280011986463904 -0.988516137875243
36.36807026798445 -0.9713962418046473
36.456128549504996 -0.946748751925137
36.544186831025534 -0.9147646678352697
36.63224511254608 -0.8756918422474732
36.720303394066626 -0.8298330603150518
36.80836167558717 -0.7775436932738642
36.89641995710771 -0.71922894458124
36.98447823862825 -0.6553407098924553
37.072536520148795 -0.586374075207644
37.16059480166934 -0.5128634803258681
37.248653083189886 -0.43537857733667457
37.33671136471043 -0.3545198162427749
37.42476964623097 -0.2709137919219533
37.512827927751516 -0.18520838848572652
37.60088620927206 -0.09806775866244459
37.6889444907926 -0.01016717711072772
37.777002772313146 0.07781219245373412
37.865061053833685 0.16518857576709473
37.95311933535423 0.2512848712576624
38.041177616874776 0.33543389707623816
38.12923589839532 0.41698356125610686
38.21729417991587 0.4953019149376981
38.30535246143641 0.5697820494992444
38.39341074295695 0.6398467996443686
38.48146902447749 0.7049532160010961
38.56952730599804 0.7645967725731484
38.65758558751858 0.818315276438753
38.74564386903912 0.8656924493998647
38.83370215055967 0.9063611538266362
38.92176043208021 0.9400062376992341
39.00981871360076 0.9663669768001246
39.0978769951213 0.9852390951316088
39.185935276641835 0.9964763479019149
39.27399355816238 0.9999916548128671
39.36205183968293 0.9957577748670212
39.45011012120347 0.9838075174650074
39.53816840272402 0.9642334881572313
39.62622668424456 0.9371873710201738
39.7142849657651 0.9028787532183205
39.80234324728565 0.8615735008605208
39.89040152880619 0.8135916987366342
39.97845981032673 0.7593051698999695
40.06651809184727 0.6991345943169511
40.15457637336782 0.6335462489122113
40.24263465488836 0.5630483942714538
40.33069293640891 0.48818733600231595
40.418751217929454 0.4095431912748092
40.50680949944999 0.3277253933474613
40.59486778097054 0.2433679689156814
40.68292606249108 0.15712462487946943
40.77098434401162 0.06966368260417005
40.85904262553217 -0.01833710106983919
40.94710090705271 -0.10619578593539805
41.03515918857325 -0.19323153294477566
41.1232174700938 -0.2787698802026575
41.211275751614345 -0.36214796954104517
41.29933403313488 -0.44271968317391236
41.38739231465542 -0.5198606506264641
41.47545059617597 -0.5929730871389766
41.56350887769651 -0.6614904260512472
41.65156715921706 -0.7248817092701697
41.739625440737605 -0.7826557017975405
41.82768372225814 -0.8343646984336139
41.91574200377869 -0.8796079931573213
42.003800285299235 -0.9180349842979905
42.091858566819774 -0.9493478914358922
42.17991684834032 -0.9733040629776173
42.26797512986086 -0.9897178565242912
42.356033411381404 -0.9984620774612317
42.44409169290195 -0.9994689646209999
42.532149974422495 -0.9927307153817367
42.62020825594304 -0.9782995461316406
42.70826653746358 -0.956287287631043
42.796324818984125 -0.9268645184077117
42.884383100504664 -0.8902592429009468
42.97244138202521 -0.8467551245978141
43.060499663545755 -0.7966892878534533
43.148557945066294 -0.7404497054296483
43.23661622658684 -0.6784721919962955
43.324674508107385 -0.6112370268939349
43.41273278962793 -0.5392652323283202
43.50079107114847 -0.4631145358383064
43.58884935266901 -0.38337504832485014
43.676907634189554 -0.30066469113322086
43.7649659157101 -0.2156244076250876
43.853024197230646 -0.1289131963471762
43.94108247875119 -0.041203004285781865
