0.0 0.0
0.07715631971439643 0.07707978931305254
0.15431263942879286 0.1537009427049069
0.23146895914318932 0.22940755320458764
0.3086252788575857 0.30374915550391524
0.38578159857198213 0.376283406291397
0.46293791828637865 0.4465787162590598
0.540094238000775 0.514216818121403
0.6172505577151715 0.5787952553663861
0.6944068774295679 0.639929776930023
0.7715631971439643 0.697256623545919
0.8487195168583608 0.7504346921656438
0.9258758365727573 0.7991475655713208
1.0030321562871536 0.8431053951039468
1.08018847600155 0.882046625304935
1.1573447957159464 0.9157395502090122
1.234501115430343 0.9439836920283049
1.3116574351447394 0.9666109940242416
1.3888137548591357 0.983486820469511
1.4659700745735322 0.9945107577501597
1.5431263942879285 0.9996172118411522
1.620282714002325 0.9987757986003292
1.6974390337167216 0.9919915245584591
1.774595353431118 0.9793047571296538
1.8517516731455146 0.9607909844194024
1.9289079928599107 0.9365603660593995
2.006064312574307 0.9067570777417657
2.0832206322887035 0.8715584533527783
2.1603769520031 0.8311739298105373
2.2375332717174965 0.7858438008849405
2.314689591431893 0.735837787414915
2.391845911146289 0.6814534324303219
2.469002230860686 0.6230143307277918
2.546158550575082 0.5608682034347728
2.623314870289479 0.49538482901840786
2.700471190003875 0.4269538430500487
2.7776275097182714 0.355982419817116
2.8547838294326677 0.2828928495770594
2.9319401491470645 0.20812002586910297
3.0090964688614608 0.1321088578346388
3.086252788575857 0.05531162294333169
3.163409108290254 -0.021814724123393886
3.24056542800465 -0.09881127041895471
3.3177217477190464 -0.17521987533017544
3.394878067433443 -0.2505858965803554
3.472034387147839 -0.324460895416726
3.549190706862236 -0.3964053048860478
3.626347026576632 -0.4659910453217016
3.703503346291029 -0.5328040714797758
3.780659666005425 -0.5964468361682851
3.8578159857198213 -0.6565406557106064
3.934972305434218 -0.7127279631682498
4.012128625148614 -0.7646744359159826
4.089284944863011 -0.81207098490992
4.166441264577407 -0.8546355938121446
4.243597584291804 -0.8921149970288061
4.3207539040062 -0.9242861866771187
4.397910223720596 -0.9509577395145968
4.475066543434993 -0.9719709559351001
4.55222286314939 -0.9872008042544962
4.629379182863786 -0.9965566646673091
4.706535502578182 -0.9999828684476996
4.783691822292578 -0.997459029186454
4.860848142006976 -0.9890001640930748
4.938004461721372 -0.9746566046412077
5.0151607814357675 -0.9545136970890753
5.092317101150164 -0.928691294656868
5.169473420864561 -0.8973430443827081
5.246629740578958 -0.8606554729004977
5.3237860602933536 -0.8188468765794054
5.40094238000775 -0.7721660226288193
5.478098699722147 -0.7208906688973895
5.555255019436543 -0.6653259111735583
5.63241133915094 -0.6058023678213849
5.7095676588653355 -0.5426742125533524
5.786723978579732 -0.4763170670454255
5.863880298294129 -0.4071257659336275
5.941036618008525 -0.3355120074907117
6.0181929377229215 -0.26190190396174934
6.095349257437318 -0.18673344613449996
6.172505577151714 -0.11045389723072328
6.24966189686611 -0.03351713162516504
6.326818216580508 0.043619065772773066
6.403974536294904 0.12049572340560727
6.4811308560093 0.1966554140150861
6.558287175723696 0.2716449764006915
6.635443495438093 0.3450182117944791
6.7125998151524895 0.4163385388084339
6.789756134866886 0.48518159115702614
6.866912454581282 0.5511377426981316
6.944068774295678 0.6138145447679662
7.021225094010075 0.6728390613075291
7.098381413724472 0.7278600878862213
7.175537733438868 0.778550241419122
7.252694053153264 0.8246079081438127
7.329850372867661 0.8657590382659864
7.407006692582058 0.9017587765954544
7.484163012296454 0.9323929194700263
7.56131933201085 0.9574791892983578
7.638475651725247 0.9768683191380417
7.715631971439643 0.9904449408555566
7.79278829115404 0.9981282715833875
7.869944610868436 0.9998725943897984
7.947100930582833 0.9956675303012049
8.024257250297229 0.9855381000585712
8.101413570011625 0.9695445752403741
8.178569889726022 0.9477821196379719
8.255726209440418 0.9203802230172524
8.332882529154814 0.8875019306357493
8.410038848869211 0.8493428730997231
8.487195168583607 0.8061301023336951
8.564351488298005 0.7581207405885727
8.6415078080124 0.705600450526988
8.718664127726797 0.648881735489033
8.795820447441193 0.5883020800520844
8.872976767155588 0.52422194194864
8.950133086869986 0.45702260729055066
9.027289406584382 0.38710392186138337
9.10444572629878 0.3148819119760297
9.181602046013175 0.24078630906383072
9.258758365727571 0.16525799270425992
9.335914685441969 0.0887463673295128
9.413071005156365 0.011706688202987536
9.49022732487076 -0.06540264741554436
9.567383644585156 -0.14212282780008356
9.644539964299554 -0.21799735675469328
9.721696284013952 -0.29257476983204117
9.798852603728347 -0.3654113206123164
9.876008923442743 -0.436073621058764
9.95316524315714 -0.5041412202393295
10.030321562871535 -0.5692091060706619
10.107477882585933 -0.6308901151987287
10.184634202300328 -0.6888172366768963
10.261790522014726 -0.7426457957342802
10.338946841729122 -0.7920555046405916
10.416103161443518 -0.8367523684645746
10.493259481157915 -0.8764704343864667
10.570415800872311 -0.9109733741558305
10.647572120586707 -0.9400558902789116
10.724728440301103 -0.9635449375684857
10.8018847600155 -0.9813007527878123
10.879041079729896 -0.993217686262153
10.956197399444294 -0.9992248305096566
11.03335371915869 -0.9992864421511534
11.110510038873086 -0.9934021545884442
11.187666358587482 -0.9816069801856128
11.26482267830188 -0.9639711019403828
11.341978998016275 -0.9405994558851084
11.419135317730671 -0.911631106702166
11.496291637445069 -0.8772384202689331
11.573447957159464 -0.8376260380558327
11.650604276873862 -0.7930296594799098
11.727760596588258 -0.7437146394591356
11.804916916302654 -0.6899744095121695
11.88207323601705 -0.6321287317982854
11.959229555731445 -0.5705217964861656
12.036385875445843 -0.5055201737724953
12.113542195160239 -0.4375106327361546
12.190698514874637 -0.36689784000611625
12.267854834589032 -0.29410195193634786
12.345011154303428 -0.21955611461458185
12.422167474017826 -0.14370388658030217
12.49932379373222 -0.06699659958713554
12.576480113446618 0.010109326886534443
12.653636433161015 0.08715510139961112
12.730792752875411 0.16368229042388577
12.807949072589809 0.23923554608999617
12.885105392304203 0.31336531557325037
12.9622617120186 0.3856305159981289
13.039418031732998 0.4556011589453188
13.116574351447392 0.5228609089451572
13.19373067116179 0.5870095607340444
13.270886990876186 0.647665420533762
13.348043310590583 0.7044675771848087
13.425199630304979 0.7570780496201099
13.502355950019375 0.8051837979013763
13.579512269733772 0.8484985858521149
13.656668589448167 0.8867646842043744
13.733824909162564 0.9197544041252637
13.810981228876962 0.9472714519985057
13.888137548591356 0.9691520973999188
13.965293868305753 0.9852661473171792
14.04245018802015 0.9955177208171136
14.119606507734547 0.9998458195511573
14.196762827448945 0.9982246907043679
14.273919147163339 0.9906639802284107
14.351075466877736 0.9772086754467448
14.42823178659213 0.9579388373735302
14.505388106306528 0.9329691243389815
14.582544426020926 0.9024481097556851
14.659700745735321 0.8665573980852537
14.736857065449719 0.8255105442654468
14.814013385164117 0.7795517830273372
14.89116970487851 0.7289545756632505
14.968326024592908 0.6740199828924227
15.045482344307302 0.6150748735060897
15.1226386640217 0.5524699794507714
15.199794983736098 0.4865778089223602
15.276951303450494 0.4177904298883416
15.354107623164891 0.34651713722654276
15.431263942879285 0.2731820173612842
15.508420262593683 0.19822142488765268
15.58557658230808 0.12208138619842061
15.662732902022475 0.04521494556233592
15.739889221736872 -0.03192053055496885
15.817045541451268 -0.10886607488773163
15.894201861165666 -0.1851638502918529
15.971358180880063 -0.26035987394226473
16.048514500594457 -0.3340067185965608
16.125670820308855 -0.4056661748519667
16.20282714002325 -0.4749118585547937
16.279983459737647 -0.5413317478479946
16.357139779452044 -0.6045306347609251
16.43429609916644 -0.6641324767540745
16.511452418880836 -0.7197826342267014
16.58860873859523 -0.7711499806738538
16.665765058309628 -0.8179288729370994
16.742921378024025 -0.8598409698256128
16.820077697738423 -0.896636888286623
16.89723401745282 -0.9280976872707307
16.974390337167215 -0.9540361704628917
17.051546656881612 -0.9742980001276351
17.12870297659601 -0.988762615440958
17.205859296310404 -0.9973439498447115
17.2830156160248 -0.9999909431550992
17.360171935739196 -0.9966878453781712
17.437328255453593 -0.9874543104245727
17.51448457516799 -0.9723452791659264
17.591640894882385 -0.9514506525286823
17.668797214596783 -0.9248947565705673
17.745953534311177 -0.892835602722525
17.823109854025574 -0.8554639475977835
17.900266173739972 -0.8130021579623616
17.97742249345437 -0.7657028876205667
18.054578813168764 -0.7138475740882345
18.13173513288316 -0.6577447639986981
18.20889145259756 -0.5977282772056013
18.286047772311957 -0.5341552205063647
18.36320409202635 -0.46740386280497376
18.44036041174075 -0.3978713843571477
18.517516731455142 -0.3259715134902575
18.59467305116954 -0.2521320648597718
18.671829370883938 -0.17679239389005633
18.74898569059833 -0.10040078254589313
18.82614201031273 -0.02341177198978855
18.903298330027123 0.05371654200381682
18.98045464974152 0.13052523478484765
19.05761096945592 0.20655728349577046
19.134767289170313 0.28136028642386446
19.21192360888471 0.3544891548570101
19.289079928599108 0.4255087614260334
19.366236248313506 0.4939965291756493
19.443392568027903 0.5595449459586063
19.520548887742297 0.6217639891920397
19.597705207456695 0.6802834465483949
19.67486152717109 0.7347551187724295
19.752017846885487 0.7848548915172835
19.829174166599884 0.830284663871815
19.90633048631428 0.8707741221042471
19.983486806028676 0.9060823480680663
20.06064312574307 0.935999252699909
20.137799445457468 0.9603468260799598
20.214955765171865 0.9789801966167712
20.29211208488626 0.9917884930542411
20.369268404600657 0.9986955041716613
20.446424724315055 0.9996601322515257
20.523581044029452 0.9946766376169104
20.60073736374385 0.9837746727833826
20.677893683458244 0.9670191060222354
20.75505000317264 0.9445096353848654
20.832206322887036 0.9163801954849193
20.909362642601433 0.882798160567917
20.98651896231583 0.8439633486102337
21.063675282030225 0.8001068323731686
21.140831601744623 0.7514895644865082
21.217987921459017 0.698400824742561
21.295144241173414 0.6411564988394374
21.372300560887812 0.5800971988153656
21.449456880602206 0.5155862363576772
21.526613200316604 0.44800746104558625
21.603769520031 0.37776297638956075
21.680925839745395 0.30527074725713205
21.758082159459793 0.23096211292132693
21.83523847917419 0.1552792205294789
21.912394798888588 0.07867239426358723
21.989551118602982 0.0015974558461543924
22.06670743831738 -0.07548698766516074
22.143863758031777 -0.152122272656002
22.22102007774617 -0.22785240807032775
22.29817639746057 -0.30222678862331276
22.375332717174963 -0.37480287596809614
22.45248903688936 -0.4451488318631301
22.52964535660376 -0.5128460876723002
22.606801676318153 -0.5774918349090038
22.68395799603255 -0.6387014220050512
22.761114315746944 -0.6961106430432418
22.838270635461342 -0.7493779048353952
22.91542695517574 -0.7981862594513255
22.992583274890137 -0.8422452901049857
23.069739594604535 -0.881292839176447
23.14689591431893 -0.9150965680877419
23.224052234033326 -0.9434553397510929
23.301208553747724 -0.9662004153637357
23.378364873462118 -0.9831964584282651
23.455521193176516 -0.9943423400244157
23.53267751289091 -0.9995717405407945
23.609833832605307 -0.9988535442861874
23.686990152319705 -0.9921920246324311
23.7641464720341 -0.979626818587232
23.841302791748497 -0.9612326909482221
23.91845911146289 -0.9371190894415778
23.99561543117729 -0.9074294934921759
24.072771750891686 -0.8723405605002204
24.149928070606084 -0.8320610747040965
24.227084390320478 -0.7868307048838867
24.304240710034875 -0.7369185782973741
24.381397029749273 -0.6826216793338531
24.45855334946367 -0.6242630824139508
24.535709669178065 -0.5621900296499893
24.612865988892462 -0.4967718647050646
24.690022308606856 -0.4283978351447248
24.767178628321254 -0.35747477635749947
24.84433494803565 -0.28442469082537775
24.92149126775005 -0.20968223714784756
24.99864758746444 -0.13369214376022318
25.075803907178837 -0.05690656273495184
25.152960226893235 0.02021762058872702
25.230116546607633 0.09722150613881589
25.30727286632203 0.1736469096325105
25.384429186036424 0.2490390888391052
25.461585505750822 0.32294944936220654
25.53874182546522 0.39493821384140687
25.615898145179617 0.46457703869135025
25.693054464894015 0.5314515628081615
25.770210784608405 0.5951638730780818
25.847367104322803 0.6553348720182064
25.9245234240372 0.7116065334614331
26.0016797437516 0.7636440328640862
26.078836063465996 0.8111377395604868
26.155992383180386 0.8538050591102996
26.233148702894784 0.891392114776437
26.31030502260918 0.9236752581284282
26.38746134232358 0.9504623997830202
26.464617662037977 0.9715941523638526
26.54177398175237 0.9869447788794538
26.61893030146677 0.9964229408765719
26.696086621181166 0.999972241917209
26.773242940895564 0.9975715631456069
26.850399260609958 0.9892351889484999
26.927555580324352 0.9750127219609421
27.00471190003875 0.9549887879234372
27.081868219753147 0.9292825321465157
27.159024539467545 0.8980469105788623
27.236180859181943 0.861467779697247
27.313337178896333 0.8197627906335467
27.39049349861073 0.7731800941189411
27.46764981832513 0.7219968639511085
27.544806138039526 0.6665176477699313
27.621962457753924 0.6070725549548898
27.699118777468318 0.5440152924263992
27.77627509718271 0.4777210600383452
27.85343141689711 0.4085843180845625
27.930587736611507 0.33701644020290683
28.007744056325905 0.2634432656424599
28.0849003760403 0.18830256545826735
28.162056695754696 0.11204143771008074
28.239213015469094 0.03511364716410375
28.31636933518349 -0.04202307467316582
28.39352565489789 -0.1189097531237568
28.47068197461228 -0.1950889013040923
28.547838294326677 -0.2701072422382999
28.624994614041075 -0.3435184059218908
28.702150933755473 -0.414885585288028
28.77930725346987 -0.48378413527289355
28.85646357318426 -0.5498040995153765
28.93361989289866 -0.6125526496568793
29.010776212613056 -0.6716564227269664
29.087932532327454 -0.7267637427071912
29.16508885204185 -0.7775467130543858
29.242245171756245 -0.8237031677326269
29.319401491470643 -0.8649584691449653
29.39655781118504 -0.9010671422669317
29.473714130899438 -0.9318143352585283
29.550870450613836 -0.9570170978638239
29.628026770328233 -0.9765254699914996
29.705183090042624 -0.9902233739991323
29.78233940975702 -0.998029305372
29.85949572947142 -0.9998968176867532
29.936652049185817 -0.9958147989743732
30.013808368900214 -0.9858075378379968
30.090964688614605 -0.9699345789322085
30.168121008329003 -0.9482903686637063
30.2452773280434 -0.9210036932214988
30.322433647757798 -0.8882369122804034
30.399589967472195 -0.8501849929374444
30.47674628718659 -0.8070743496293625
30.553902606900987 -0.759161496933882
30.631058926615385 -0.7067315232707978
30.708215246329782 -0.650096394584538
30.78537156604418 -0.5895930981015687
30.86252788575857 -0.5255816372075474
30.939684205472968 -0.45844288937496186
31.016840525187366 -0.3885763398869866
31.093996844901763 -0.3163977048421076
31.17115316461616 -0.2423364575830735
31.24830948433055 -0.16683327326824943
31.32546580404495 -0.09033740679050888
31.402622123759347 -0.01330401964553157
31.479778443473744 0.06380852834511158
31.556934763188142 0.1405414063413415
31.634091082902536 0.2164380425945857
31.711247402616934 0.2910468411158887
31.78840372233133 0.3639238687374961
31.86556004204573 0.434635496579577
31.942716361760127 0.5027609802049217
32.01987268147452 0.5678949631093347
32.097029001188915 0.6296498886516272
32.17418532090331 0.687658306071781
32.25134164061771 0.7415750568762685
32.32849796033211 0.7910793285811218
32.4056542800465 0.8358765635927194
32.482810599760896 0.8757002118681885
32.55996691947529 0.9103133169267782
32.63712323918969 0.9395099257752908
32.71427955890409 0.963116314358245
32.79143587861848 0.9809920212411909
32.86859219833288 0.9930306833766144
32.945748518047274 0.9991606689794806
33.02290483776167 0.9993455037467462
33.10006115747607 0.9935840878847495
33.17721747719046 0.9819107026531424
33.25437379690486 0.9643948063864216
33.331530116619255 0.9411406212067744
33.40868643633365 0.9122865128873386
33.48584275604805 0.8780041675557925
33.56299907576245 0.8384975701370055
33.640155395476846 0.7940017906131618
33.717311715191244 0.7447815853232863
33.79446803490564 0.6911298216246445
33.87162435462004 0.6333657352895075
33.94878067433443 0.5718330310060304
34.02593699404883 0.5068978372855071
34.103093313763225 0.43894652794468
34.18024963347762 0.36838342312549444
34.25740595319202 0.2956283835316417
34.33456227290641 0.22111431219650896
34.41171859262081 0.14528457864734237
34.488874912335206 0.06859038079232266
34.5660312320496 -0.008511939772429164
34.643187551764 -0.08556361306150076
34.72034387147839 -0.1621061704481058
34.79750019119279 -0.23768417261890873
34.87465651090719 -0.31184791950392504
34.951812830621584 -0.38415612605716204
35.02896915033598 -0.4541785479666115
35.10612547005037 -0.5214985416702755
35.18328178976477 -0.5857155434457887
35.26043810947917 -0.6464474528226013
35.337594429193565 -0.7033329061352002
35.41475074890796 -0.756033426689301
35.49190706862235 -0.8042354387472468
35.56906338833675 -0.8476521333491257
35.64621970805115 -0.8860251748676359
35.723376027765546 -0.9191262381425392
35.800532347479944 -0.9467583670484622
35.87768866719434 -0.9687571464123952
35.95484498690874 -0.9849916803078089
36.03200130662314 -0.995365370904394
36.10915762633753 -0.9998164932391557
36.186313946051925 -0.9983185624888932
36.26347026576632 -0.990880491558735
36.34062658548072 -0.977546538049064
36.41778290519512 -0.9583960409163772
36.494939224909515 -0.933542948394993
36.57209554462391 -0.9031351399885368
36.649251864338304 -0.867353546565459
36.7264081840527 -0.8264110737941235
36.8035645037671 -0.7805513353232335
36.8807208234815 -0.7300472032452916
36.957877143195894 -0.6751991844680918
37.035033462910285 -0.6163336326550575
37.11218978262468 -0.553800806373608
37.18934610233908 -0.48797278500593555
37.26650242205348 -0.41924125482271757
37.343658741767875 -0.3480151783930253
37.420815061482266 -0.274718361197755
37.49797138119666 -0.199786929925547
37.57512770091106 -0.123666737455801
37.65228402062546 -0.04681070996937818
37.729440340339856 0.030323848027832005
37.80659666005425 0.10727797473301337
37.883752979768644 0.1835937819357169
37.96090929948304 0.2588171795190536
38.03806561919744 0.3325005773617509
38.11522193891184 0.40420554856425744
38.19237825862623 0.47350543815235074
38.269534578340625 0.5399879017361142
38.34669089805502 0.6032573590187995
38.42384721776942 0.6629373475569675
38.50100353748382 0.7186727627665991
