0.0 0.0
0.13160848759137173 0.13122888923728993
0.26321697518274345 0.26018806885336854
0.3948254627741152 0.3846470856879651
0.5264339503654869 0.5024533205304941
0.6580424379568586 0.6115692194077808
0.7896509255482304 0.7101075347255771
0.9212594131396021 0.7963639667398661
1.0528679007309738 0.8688466407973449
1.1844763883223455 0.9263019105124077
1.3160848759137171 0.9677360405938434
1.447693363505089 0.9924323942992475
1.5793018510964607 0.9999638282462459
1.7109103386878324 0.9902000802022588
1.8425188262792043 0.9633100220750141
1.9741273138705757 0.9197587391365211
2.1057358014619476 0.8602994859976815
2.2373442890533193 0.7859606584614598
2.368952776644691 0.6980280065869259
2.5005612642360626 0.5980223966035986
2.6321697518274343 0.48767350630173806
2.763778239418806 0.3688899088580573
2.895386727010178 0.24372606252124607
3.0269952146015497 0.1143467770973594
3.1586037021929214 -0.017010228184104415
3.2902121897842926 -0.14807302783148177
3.4218206773756648 -0.2765747848771559
3.5534291649670364 -0.4002929576536293
3.6850376525584085 -0.5170877404466161
3.81664614014978 -0.624939073162997
3.9482546277411514 -0.7219815799015541
4.0798631153325235 -0.8065368321356803
4.211471602923895 -0.8771423784902608
4.343080090515267 -0.9325770390192999
4.474688578106639 -0.9718820264993243
4.60629706569801 -0.9943775294287394
4.737905553289382 -0.9996744699167723
4.869514040880754 -0.9876812330998169
5.001122528472125 -0.9586052516944886
5.132731016063497 -0.9129494182812656
5.264339503654869 -0.8515033873711683
5.395947991246241 -0.775329917693257
5.527556478837612 -0.6857464909241203
5.659164966428984 -0.5843025247782611
5.790773454020356 -0.4727525745774021
5.922381941611727 -0.35302598679920066
6.0539904292030995 -0.22719352947174834
6.185598916794471 -0.09743157656816229
6.317207404385843 0.03401553413895185
6.4488158919772145 0.1648743187118242
6.580424379568585 0.29288146878831417
6.712032867159958 0.41582299732790995
6.8436413547513295 0.5315725313056253
6.975249842342702 0.6381280890507575
7.106858329934073 0.733646706136696
7.2384668175254445 0.8164763109390863
7.370075305116817 0.8851842985487974
7.501683792708188 0.9385823088308136
7.63329228029956 0.9757467800725055
7.764900767890931 0.9960349227293231
7.896509255482303 0.9990958369890968
8.028117743073675 0.9848765818676762
8.159726230665047 0.9536230908660089
8.291334718256419 0.9058759183516218
8.42294320584779 0.8424608902342776
8.554551693439162 0.7644748206399198
8.686160181030534 0.6732665416245652
8.817768668621905 0.5704135740345648
8.949377156213277 0.4576948430095427
9.080985643804649 0.3370599100354274
9.21259413139602 0.21059525370406648
9.344202618987392 0.08048818238091783
9.475811106578764 -0.05101099705962444
9.607419594170135 -0.18162790010899452
9.739028081761507 -0.3091034019413478
9.870636569352879 -0.43123271080191694
10.00224505694425 -0.5459035016610245
10.133853544535622 -0.6511324505814069
10.265462032126994 -0.745099537907463
10.397070519718365 -0.8261795269750656
10.528679007309737 -0.8929700738922255
10.660287494901109 -0.9443159822092514
10.791895982492482 -0.9793291829742967
10.923504470083854 -0.9974040946030943
11.055112957675224 -0.9982280969015331
11.186721445266596 -0.9817869380843887
11.318329932857967 -0.9483649812714586
11.44993842044934 -0.8985402861977512
11.581546908040712 -0.8331746112035233
11.713155395632082 -0.753398508427818
11.844763883223454 -0.6605917699961713
11.976372370814826 -0.5563595634014727
12.107980858406199 -0.4425046688358193
12.23958934599757 -0.32099629865115553
12.371197833588942 -0.19393603824128128
12.502806321180312 -0.06352149742521022
12.634414808771686 0.06799169898947303
12.766023296363057 0.19832892405930938
12.897631783954429 0.3252358902149829
13.0292402715458 0.44651763898541
13.16084875913717 0.5600765045771693
13.292457246728546 0.6639483946985043
13.424065734319916 0.7563367611217106
13.555674221911287 0.8356436724356727
13.687282709502659 0.900497451560106
13.81889119709403 0.9497764000084487
13.950499684685404 0.9826281985690819
14.082108172276774 0.9984846488544353
14.213716659868146 0.997071500750986
14.345325147459517 0.9784131957964565
14.476933635050889 0.9428324444436815
14.608542122642262 0.8909446445227013
14.740150610233634 0.823647237438292
14.871759097825004 0.7421041861960836
15.003367585416376 0.6477258437223472
15.134976073007747 0.5421445596711241
15.26658456059912 0.4271864476186511
15.398193048190493 0.30483980095427793
15.529801535781862 0.17722070374052354
15.661410023373234 0.04653643133024218
15.793018510964606 -0.08495272624321466
15.92462699855598 -0.21497255780756788
16.05623548614735 -0.341274265370504
16.187843973738723 -0.46167335889711597
16.319452461330094 -0.5740874388292674
16.451060948921466 -0.6765722128677201
16.582669436512838 -0.7673551240776811
16.71427792410421 -0.8448660086925257
16.84588641169558 -0.9077642533642218
16.977494899286953 -0.9549619821538785
17.109103386878324 -0.9856428722246886
17.240711874469696 -0.9992762728046632
17.372320362061068 -0.9956263832202917
17.50392884965244 -0.9747563312596256
17.63553733724381 -0.9370270813262014
17.767145824835183 -0.8830911912681628
17.898754312426554 -0.8138815258632646
18.030362800017926 -0.7305951221691491
18.161971287609298 -0.6346724858006954
18.29357977520067 -0.5277726762220412
18.42518826279204 -0.4117446119732773
18.556796750383413 -0.28859509213108975
18.688405237974784 -0.16045408709801662
18.820013725566156 -0.029537899044149003
18.951622213157528 0.10188917082880987
19.0832307007489 0.23155398520550202
19.21483918834027 0.3572138864025937
19.346447675931643 0.4766954849446031
19.478056163523014 0.5879322500901312
19.609664651114386 0.6890002521499865
19.741273138705758 0.7781514384049462
19.87288162629713 0.8538438670892806
20.0044901138885 0.9147683765188803
20.136098601479873 0.959871228099876
20.267707089071244 0.9883723315886299
20.399315576662616 0.9997787373825082
20.530924064253988 0.9938931624813708
20.66253255184536 0.970817402656386
20.79414103943673 0.9309505718099571
20.925749527028103 0.8749821989784512
21.057358014619474 0.8038803023706448
21.18896650221085 0.7188746467110186
21.320574989802218 0.6214354734656886
21.45218347739359 0.513248071828842
21.583791964984965 0.3961836302850885
21.715400452576333 0.2722668728934301
21.847008940167708 0.1436410400494388
21.978617427759076 0.012530819411761525
22.110225915350448 -0.11879613186766926
22.241834402941823 -0.24806840810542738
22.37344289053319 -0.37305014088229976
22.505051378124566 -0.4915796701933416
22.636659865715934 -0.6016069321033921
22.768268353307306 -0.7012289162585343
22.89987684089868 -0.7887225799870261
23.03148532849005 -0.8625746497138592
23.163093816081425 -0.921507794249396
23.294702303672793 -0.9645027172638511
23.426310791264164 -0.9908157868405344
23.55791927885554 -0.9999918971904002
23.689527766446908 -0.9918723400742225
23.821136254038283 -0.966597549789766
23.95274474162965 -0.9246046742471934
24.084353229221026 -0.8666200141429038
24.215961716812398 -0.7936464610024359
24.347570204403766 -0.7069461513615757
24.47917869199514 -0.6080186370956506
24.61078717958651 -0.49857494945881736
24.742395667177885 -0.3805080054166341
24.874004154769256 -0.2558598681184445
25.005612642360624 -0.12678642776598806
25.137221129952 0.004479886248761224
25.26882961754337 0.13566871701283068
25.400438105134743 0.2645110477486585
25.532046592726115 0.3887784462917263
25.663655080317483 0.5063216076245506
25.795263567908858 0.6151075278427768
25.926872055500233 0.7132546665995533
26.0584805430916 0.7990654898653997
26.190089030682973 0.8710558301502035
26.32169751827434 0.9279805563785675
26.453306005865716 0.9688551094373592
26.58491449345709 0.9929725309206978
26.71652298104846 0.999915690546542
26.84813146863983 0.989564500761794
26.979739956231203 0.9620979937535121
27.111348443822575 0.917991224942649
27.24295693141395 0.8580070565168841
27.374565419005318 0.7831829631130016
27.50617390659669 0.694813087855153
27.63778239418806 0.5944258591043797
27.769390881779433 0.4837575550557244
27.90099936937081 0.3647222734046092
28.032607856962176 0.239378825481365
28.164216344553548 0.10989512744652136
28.29582483214492 -0.02148929556998838
28.42743331973629 -0.15250204386463057
28.559041807327667 -0.2808771461483582
28.690650294919035 -0.40439425135006035
28.82225878251041 -0.5209170313815537
28.953867270101778 -0.6284301306571394
29.08547575769315 -0.7250740232961281
29.217084245284525 -0.809177175124688
29.348692732875893 -0.8792849542093342
29.48030122046727 -0.9341847898910142
29.611909708058636 -0.9729271451739138
29.743518195650008 -0.9948419397346792
29.875126683241383 -0.9995501395027584
30.00673517083275 -0.9869703123607705
30.138343658424127 -0.9573200365787375
30.269952146015495 -0.9111121376221922
30.401560633606866 -0.8491458184215779
30.53316912119824 -0.7724928365121286
30.66477760878961 -0.6824789671217423
30.796386096380985 -0.580661072817678
30.927994583972353 -0.46880017631115417
31.059603071563725 -0.34883100214729723
31.1912115591551 -0.22282851408165674
31.322820046746468 -0.09297202690629323
31.454428534337843 0.03849248655962344
31.58603702192921 0.16929124138354118
31.717645509520587 0.29716196746632306
31.84925399711196 0.41989303733059297
31.980862484703326 0.5353617180041261
32.1124709722947 0.6415708854009432
32.24407945988607 0.7366835661952493
32.375687947477445 0.8190547097586933
32.50729643506882 0.8872596406395301
32.63890492266019 0.9401186994751453
32.77051341025156 0.9767176461534361
32.90212189784293 0.9964234723339017
33.0337303854343 0.9988953498381151
33.165338873025675 0.9840905255483263
33.29694736061705 0.9522650608571613
33.42855584820842 0.903969402879039
33.56016433579979 0.8400388640227803
33.69177282339116 0.7615791745888899
33.82338131098253 0.6699473582710102
33.954989798573905 0.5667282613351923
34.08659828616528 0.453707141423786
34.21820677375665 0.3328387900827227
34.34981526134802 0.20621372306301736
34.48142374893939 0.07602202316253216
34.61303223653076 -0.0554845390247468
34.744640724122135 -0.1860314512996865
34.87624921171351 -0.3133607993834114
35.00785769930488 -0.4352703193682721
35.13946618689625 -0.5496514876507003
35.27107467448762 -0.6545259895497982
35.40268316207899 -0.7480799358574534
35.534291649670365 -0.8286952355171087
35.66590013726174 -0.8949775818153736
35.79750862485311 -0.9457805680426887
35.92911711244448 -0.9802255155232186
36.06072560003585 -0.9977166710721799
36.19233408762722 -0.9979515110283094
36.323942575218595 -0.9809259736449065
36.45555106280997 -0.9469345293410232
36.58715955040134 -0.8965650875977482
36.71876803799271 -0.8306888285889309
36.85037652558408 -0.7504451354164987
36.98198501317545 -0.6572218875595327
37.113593500766825 -0.5526314563778095
37.2452019883582 -0.4384828178469662
37.37681047594957 -0.31675026485805324
37.50841896354094 -0.18953926022752365
37.64002745113231 -0.059050021017428345
37.77163593872368 0.07246053599559096
37.903244426315055 0.20271782951866385
38.03485291390643 0.3294689544631274
38.1664614014978 0.4505216477575051
38.29806988908917 0.5637822053078227
38.42967837668054 0.6672916943008117
38.56128686427191 0.7592598345289697
38.692895351863285 0.8380959627325985
38.82450383945466 0.902436544405517
38.95611232704603 0.9511687572255516
39.0877208146374 0.9834497382153241
39.21932930222877 0.9987211617381515
39.350937789820144 0.9967188961908416
39.482546277411515 0.9774775723730863
39.61415476500289 0.9413299845198123
39.74576325259426 0.8889013343561198
39.87737174018563 0.8210984177285279
40.008980227777 0.7390939408384701
40.140588715368374 0.6443062373414513
40.272197202959745 0.5383747371210141
40.40380569055112 0.4231316110248819
40.53541417814249 0.3005700819904665
40.66702266573386 0.17280995064441781
40.79863115332523 0.04206093163881236
40.930239640916604 -0.08941556514834395
41.061848128507975 -0.21934554752329433
41.19345661609935 -0.34548177150802273
41.32506510369072 -0.46564260923975165
41.45667359128209 -0.5777497819867351
41.58828207887346 -0.6798643056573641
41.71989056646484 -0.7702200270959798
41.851499054056205 -0.8472541711280424
41.98310754164758 -0.9096343700189331
42.11471602923895 -0.956281707849915
42.24632451683032 -0.986389381240313
42.3779330044217 -0.9994366536635616
42.50954149201307 -0.995197862005983
42.641149979604435 -0.9737463195925913
42.77275846719581 -0.9354530481739184
42.90436695478718 -0.8809803608052058
43.03597544237856 -0.8112704066072154
43.16758392996993 -0.7275288755363124
43.299192417561294 -0.631204145002925
43.430800905152665 -0.5239622290144988
43.56240939274404 -0.4076579631177752
43.694017880335416 -0.2843029235199983
43.82562636792679 -0.15603063525387237
43.95723485551815 -0.025059671139030463
44.088843343109524 0.10634472022662603
44.220451830700895 0.23590979377083127
44.352060318292274 0.3613946169085078
44.483668805883646 0.4806288282805927
44.61527729347501 0.5915501759065847
44.74688578106638 0.6922401854980389
44.878494268657754 0.7809573420207382
45.01010275624913 0.8561672106037029
45.141711243840504 0.9165689758294897
45.27331973143187 0.9611179403874103
45.40492821902324 0.9890435939572207
45.53653670661461 0.9998629398073723
45.66814519420599 0.9933888486135665
45.79975368179736 0.969733295011546
45.93136216938873 0.9293054209053385
46.0629706569801 0.8728044590275891
46.19457914457147 0.8012076391447555
46.32618763216285 0.7157532860790626
46.45779611975422 0.6179194018806391
46.589404607345585 0.5093981025883881
46.72101309493696 0.3920663517165177
46.85262158252833 0.2679534966547375
46.98423007011971 0.1392061694662011
47.11583855771108 0.008051159152364522
47.247447045302444 -0.12324310246120727
47.379055532893815 -0.2524057750852739
47.510664020485194 -0.3772028859836478
47.642272508076566 -0.49547596833584867
47.77388099566794 -0.6051793936639976
47.9054894832593 -0.7044157526293816
48.037097970850674 -0.7914686722593615
48.16870645844205 -0.8648325020040672
48.300314946033424 -0.9232383551786439
48.431923433624796 -0.9656760553832507
48.56353192121616 -0.9914116083197083
48.69514040880753 -0.9999998968156758
48.82674889639891 -0.9912923794856193
48.95835738399028 -0.9654396598740471
49.089965871581654 -0.9228888816455737
49.22157435917302 -0.8643759948741271
49.35318284676439 -0.7909130271920453
49.48479133435577 -0.7037705799548648
49.61639982194714 -0.6044558521647332
49.74800830953851 -0.49468657224641116
49.87961679712988 -0.37636128854693535
50.01122528472125 -0.25152653240863826
50.14283377231263 -0.12234142175681295
50.274442259904 0.008959682588528266
50.40605074749537 0.14010582198756555
50.53765923508674 0.2688287180443698
50.66926772267811 0.3929020043136466
50.800876210269486 0.5101797331064771
50.93248469786086 0.6186334913886239
51.06409318545223 0.7163874838221902
51.1957016730436 0.8017509761608692
51.327310160634966 0.8732475378641921
51.458918648226344 0.9296405781561232
51.590527135817716 0.9699547338611821
51.72213562340909 0.9934927390983103
51.853744111000466 0.9998474850573871
51.985352598591824 0.9889090612748912
52.1169610861832 0.9608666566241251
52.248569573774574 0.9162052871408725
52.380178061365946 0.8556974072793441
52.511786548957325 0.7803895496885508
52.64339503654868 0.6915842245849735
52.77500352414006 0.590817391786379
52.90661201173143 0.4798318950464092
53.038220499322804 0.36054731816424906
53.16982898691418 0.23502678423256673
53.30143747450555 0.105441272257455
53.43304596209692 -0.025967931676853833
53.56465444968829 -0.15692799926083253
53.69626293727966 -0.28517387036086705
53.82787142487104 -0.40848742906355373
53.959479912462406 -0.5247358677817633
54.09108840005378 -0.6319085758844031
54.22269688764515 -0.7281519148310079
54.35430537523652 -0.8118012783473479
54.4859138628279 -0.881409883135292
54.617522350419264 -0.9357737921583702
54.749130838010636 -0.9739527377051647
54.88073932560201 -0.9952863840787163
55.01234781319338 -0.9994057486357137
55.14395630078476 -0.9862395836392998
55.27556478837612 -0.9560156085462264
55.407173275967494 -0.9092565714149298
55.538781763558866 -0.8467712075556946
55.67039025115024 -0.7696402518003136
55.80199873874162 -0.6791977463203545
55.93360722633298 -0.5770079672904417
56.06521571392435 -0.4648383694684392
56.196824201515724 -0.34462901663804874
56.328432689107096 -0.21845902663882896
56.460041176698475 -0.08851061134404065
56.59164966428984 0.04296866645604377
56.72325815188121 0.17370476646782407
56.85486663947258 0.3014365022577189
56.986475127063954 0.42395465029772816
57.11808361465533 0.539140160270541
57.2496921022467 0.6450008057561121
57.38130058983807 0.7397056413965981
57.51290907742944 0.8216166705749545
57.64451756502082 0.8893171758893229
57.77612605261219 0.9416362224246329
57.907734540203556 0.977668910017638
58.03934302779493 0.996792024236038
58.1709515153863 0.9986748153753918
58.30256000297768 0.983284719042381
58.43416849056905 0.9508879193822927
58.565776978160415 0.9020447452092522
58.697385465751786 0.8375999786668459
58.82899395334316 0.7586682440387089
58.96060244093454 0.6666147294213411
59.09221092852591 0.5630315746934614
59.22381941611727 0.4497103341709522
59.355427903708645 0.328610990228082
59.487036391300016 0.20182805381947208
59.618644878891395 0.07155433822155564
59.75025336648277 -0.059956967443943326
59.88186185407413 -0.1904312689356051
60.0134703416655 -0.31761190783670623
60.145078829256875 -0.4392991922850029
60.27668731684825 -0.5533884424200173
60.408295804439625 -0.6579063925209552
60.53990429203099 -0.7510453202310098
60.67151277962236 -0.8311943125754533
60.80312126721373 -0.8969671280025009
60.93472975480511 -0.9472261725505159
61.06633824239648 -0.981102175454294
61.19794672998785 -0.9980092238849952
61.32955521757922 -0.9976548967856996
61.46116370517059 -0.9800453225297464
61.59277219276197 -0.9454850729255703
61.72438068035334 -0.8945718954013058
61.855989167944706 -0.8281863744802636
61.98759765553608 -0.7474767013604215
62.11920614312745 -0.6538388150203844
62.25081463071883 -0.5488922583273543
62.3824231183102 -0.43445216673530845
62.514031605901565 -0.3124978740513726
62.645640093492936 -0.18513867825909153
62.777248581084315 -0.054577359506338664
62.90885706867569 0.07692791875632773
63.04046555626706 0.20710266653629472
63.17207404385842 0.3336954064401846
63.303682531449795 0.4545166147937245
63.43529101904117 0.5674765912219408
63.566899506632545 0.670621601704812
63.69850799422392 0.7621676699850312
63.83011648181528 0.8405314328781057
63.96172496940665 0.9043575258173965
64.09333345699802 0.9525420249788796
64.2249419445894 0.9842515405352424
64.35655043218078 0.9989376308059912
64.48815891977215 0.9963462879992511
64.61976740736351 0.9765223314816632
64.75137589495489 0.9398086325912336
64.88298438254625 0.8868401844006552
65.01459287013763 0.8185331189992572
65.146201357729 0.7360688622486868
65.27780984532038 0.6408737000684421
65.40941833291174 0.5345941096690802
65.54102682050312 0.41906828239906757
65.6726353080945 0.2962943307409421
