0.0 0.0
0.09144665748673993 0.09131925712340462
0.18289331497347985 0.18187538979010218
0.2743399724602198 0.2709116507189646
0.3657866299469597 0.35768399368810083
0.4572332874336996 0.44146729128001516
0.5486799449204396 0.5215613945286516
0.6401266024071796 0.5972969838298826
0.7315732598939194 0.6680411622213422
0.8230199173806594 0.7332027442904382
0.9144665748673992 0.792237196512905
1.0059132323541393 0.8446511877371508
1.0973598898408792 0.8900067117875136
1.188806547327619 0.9279247477352227
1.2802532048143591 0.958088427249397
1.371699862301099 0.9802456825595941
1.4631465197878388 0.9942113529017721
1.554593177274579 0.9998687318447997
1.6460398347613188 0.9971705425670265
1.7374864922480586 0.9861393329328522
1.8289331497347985 0.9668672870677729
1.9203798072215386 0.9395154550065099
2.0118264647082786 0.9043124068517905
2.1032731221950183 0.8615523226905291
2.1947197796817584 0.811592534229336
2.286166437168498 0.7548505386930863
2.377613094655238 0.6918005099403947
2.469059752141978 0.6229693359514411
2.5605064096287182 0.5489322158015297
2.6519530671154583 0.4703078529150017
2.743399724602198 0.38775328476787035
2.8348463820889376 0.30195839224561843
2.9262930395756777 0.21364013453962197
3.0177396970624177 0.12353655775923723
3.109186354549158 0.032400627327572984
3.2006330120358975 -0.0590060642984456
3.2920796695226375 -0.14991966200124834
3.383526327009377 -0.23958043128408435
3.4749729844961172 -0.32723910711784415
3.5664196419828573 -0.4121631552980396
3.657866299469597 -0.4936428939878886
3.7493129569563375 -0.5709974242918143
3.840759614443077 -0.6435803202995362
3.9322062719298168 -0.7107850310509733
4.023652929416557 -0.7720499492795341
4.1150995869032965 -0.8268631045760051
4.2065462443900365 -0.8747664417538513
4.297992901876777 -0.9153596486630414
4.389439559363517 -0.948303501464657
4.480886216850257 -0.9733226994109369
4.572332874336996 -0.9902081654414508
4.663779531823737 -0.9988187933700928
4.755226189310476 -0.9990826270622316
4.846672846797216 -0.9909974617480376
4.938119504283956 -0.9746308624470056
5.0295661617706955 -0.9501195993497086
5.1210128192574365 -0.917668504875107
5.212459476744176 -0.8775487619546075
5.303906134230917 -0.8300956378470962
5.395352791717656 -0.7757056824227154
5.486799449204396 -0.7148334143283626
5.578246106691136 -0.6479875227275436
5.669692764177875 -0.575726616355348
5.761139421664616 -0.4986545554122782
5.852586079151355 -0.4174154053067426
5.944032736638095 -0.3326880544160704
6.0354793941248355 -0.24518054084365284
6.126926051611575 -0.15562413558157187
6.218372709098316 -0.06476723152375641
6.309819366585055 0.02663091060284926
6.401266024071795 0.11780650712598084
6.492712681558535 0.2079976341124671
6.584159339045275 0.29645059451144007
6.675605996532015 0.38242621654823916
6.767052654018754 0.46520603073544503
6.858499311505494 0.544098273881835
6.9499459689922345 0.6184436699257542
7.041392626478975 0.6876209392844305
7.132839283965715 0.7510519906794331
7.224285941452455 0.8082067520519325
7.315732598939194 0.85860760019742
7.407179256425933 0.9018333521029132
7.498625913912675 0.9375227846323765
7.590072571399414 0.9653776531475228
7.681519228886154 0.985165183838405
7.772965886372893 0.9967200189362048
7.8644125438596335 0.999945598552744
7.9558592013463745 0.9948149675991401
8.047305858833115 0.9813710010404594
8.138752516319853 0.9597260456039891
8.230199173806593 0.9300609809352515
8.321645831293333 0.8926237080473697
8.413092488780073 0.8477270776953004
8.504539146266813 0.7957462759868229
8.595985803753553 0.7371156890778534
8.687432461240293 0.67232527315278
8.778879118727033 0.6019164600246739
8.870325776213773 0.5264776325709075
8.961772433700514 0.4466392078144477
9.053219091187254 0.36306836873986775
9.144665748673992 0.2764634888685305
9.236112406160734 0.18754829618488736
9.327559063647474 0.09706582518404477
9.419005721134212 0.005772207581252306
9.510452378620952 -0.08556964642767576
9.601899036107692 -0.176196423551424
9.693345693594432 -0.2653507861567897
9.784792351081173 -0.35228770108571344
9.876239008567913 -0.4362806656479328
9.967685666054653 -0.5166277787607205
10.059132323541391 -0.5926576065012245
10.150578981028133 -0.6637347930549617
10.242025638514873 -0.7292653701716193
10.333472296001611 -0.7887017207588652
10.424918953488351 -0.8415471551350366
10.516365610975091 -0.8873600616985039
10.607812268461833 -0.9257575973279732
10.699258925948572 -0.956418886674265
10.790705583435312 -0.979087703608179
10.882152240922052 -0.9935746124164619
10.973598898408792 -0.99975855085264
11.065045555895532 -0.9975878418136782
11.156492213382272 -0.9870806251882291
11.247938870869012 -0.968324706267656
11.33938552835575 -0.9414768219866121
11.43083218584249 -0.9067613311249543
11.522278843329232 -0.8644683394165396
11.61372550081597 -0.8149512752327424
11.70517215830271 -0.7586239360998794
11.79661881578945 -0.695957030731837
11.88806547327619 -0.6274742454749449
11.97951213076293 -0.553747868036519
12.070958788249671 -0.47539400506810214
12.162405445736411 -0.39306743356845897
12.25385210322315 -0.3074561291314281
12.34529876070989 -0.21927551676422247
12.436745418196631 -0.12926249232018733
12.528192075683371 -0.038169264506878325
12.61963873317011 0.053242931070263844
12.71108539065685 0.14421019329899498
12.80253204814359 0.23397233922608773
12.89397870563033 0.3217792566517582
12.98542536311707 0.4068971725661686
13.07687202060381 0.48861478504479217
13.16831867809055 0.566249207360442
13.259765335577288 0.6391516746390078
13.35121199306403 0.7067129653702988
13.44265865055077 0.7683684924682154
13.534105308037509 0.8236030213360066
13.625551965524249 0.871954975509285
13.716998623010989 0.9130202938959915
13.80844528049773 0.9464558073796607
13.899891937984469 0.9719821065688254
13.991338595471209 0.9893858767277558
14.08278525295795 0.9985216803762793
14.174231910444687 0.9993131726621112
14.26567856793143 0.9917537393492222
14.35712522541817 0.9759065520907952
14.44857188290491 0.9519040405248702
14.540018540391648 0.919946785604199
14.631465197878388 0.8803018434083785
14.72291185536513 0.8333005134456104
14.814358512851866 0.7793355700936391
14.905805170338608 0.7188579803157685
14.99725182782535 0.6523731350809607
15.088698485312088 0.5804366259807103
15.180145142798828 0.5036496023361293
15.271591800285567 0.42265374759435753
15.363038457772308 0.33812591699482564
15.454485115259049 0.2507724813166582
15.545931772745787 0.16132342397456187
15.637378430232529 0.07052624079183732
15.728825087719267 -0.020860306571925304
15.820271745206007 -0.11207253133801535
15.911718402692749 -0.20234820348329974
16.003165060179487 -0.2909329194413202
16.09461171766623 -0.3770864064003298
16.186058375152967 -0.4600887085153003
16.277505032639706 -0.5392462033378909
16.368951690126448 -0.6138973981870024
16.460398347613186 -0.6834184580216283
16.551845005099928 -0.7472284186214417
16.643291662586666 -0.8047940415102485
16.734738320073408 -0.8556342700514153
16.826184977560146 -0.8993242494771
16.917631635046884 -0.9354988772573123
17.009078292533626 -0.9638558541395084
17.100524950020365 -0.9841582103622277
17.191971607507107 -0.9962362859320557
17.28341826499385 -0.9999891484153771
17.374864922480587 -0.9953854363969348
17.46631157996733 -0.9824636215566735
17.557758237454067 -0.961331687174795
17.649204894940805 -0.9321662257516355
17.740651552427547 -0.8952109632832681
17.832098209914285 -0.8507747225249607
17.923544867401027 -0.7992288422627994
18.01499152488777 -0.7410040741597936
18.106438182374507 -0.6765869831084469
18.197884839861246 -0.6065158811708534
18.289331497347984 -0.5313763290850372
18.380778154834726 -0.45179624292991377
18.472224812321468 -0.3684406468408638
18.563671469808206 -0.28200611562568834
18.655118127294948 -0.19321495372215303
18.746564784781686 -0.10280915914166401
18.838011442268424 -0.011544222840294919
18.929458099755166 0.07981718466617305
19.020904757241905 0.17051158668438707
19.112351414728646 0.25978108046255016
19.203798072215385 0.34687967072993264
19.295244729702127 0.4310795037296067
19.386691387188865 0.5116769496485694
19.478138044675603 0.5879984826165274
19.569584702162345 0.6594063091360779
19.661031359649083 0.7253036979094154
19.752478017135825 0.7851399665220121
19.843924674622567 0.8384150833111607
19.935371332109305 0.8846838459631702
20.026817989596044 0.923559601920044
20.118264647082782 0.9547174795054436
20.209711304569524 0.9778971027685188
20.301157962056266 0.9929047673585485
20.392604619543004 0.9996150592473474
20.484051277029746 0.997971902772309
20.575497934516484 0.9879890292419415
20.666944592003222 0.9697498621879209
20.758391249489964 0.9434068202225665
20.849837906976703 0.9091800433275343
20.941284564463444 0.8673555532176894
21.032731221950183 0.8182828631534087
21.124177879436925 0.7623720571752745
21.215624536923666 0.7000903631690611
21.3070711944104 0.6319582483987279
21.398517851897143 0.5585450701357337
21.48996450938388 0.48046431773098464
21.581411166870623 0.3983684858897
21.672857824357365 0.31294362199164993
21.764304481844103 0.22490359302289314
21.855751139330845 0.13498412002837681
21.947197796817584 0.043936629937518824
22.038644454304322 -0.04747802385907647
22.130091111791064 -0.13849591970664796
22.221537769277802 -0.22835645152376327
22.312984426764544 -0.31630868493270364
22.404431084251282 -0.40161763256660626
22.495877741738024 -0.4835703961128316
22.587324399224762 -0.5614821237654465
22.6787710567115 -0.6347017333024902
22.770217714198242 -0.7026173529621008
22.86166437168498 -0.7646614346499577
22.953111029171723 -0.8203154967487005
23.044557686658464 -0.8691144568951922
23.136004344145203 -0.9106505185181194
23.22745100163194 -0.9445765786574052
23.31889765911868 -0.9706091285874254
23.41034431660542 -0.9885306230045083
23.501790974092163 -0.9981912979801975
23.5932376315789 -0.9995104224882615
23.684684289065643 -0.9924769730468499
23.77613094655238 -0.9771497258380392
23.86757760403912 -0.9536567655349584
23.95902426152586 -0.9221944149410594
24.0504709190126 -0.8830255943861852
24.141917576499342 -0.8364776245893945
24.23336423398608 -0.7829394913493157
24.324810891472822 -0.7228585949200527
24.416257548959564 -0.6567370112370707
24.5077042064463 -0.5851272962367046
24.59915086393304 -0.5086278683311817
24.69059752141978 -0.42787800762634787
24.78204417890652 -0.34355251367182815
24.873490836393263 -0.2563560663871484
24.96493749388 -0.16701733728757637
25.056384151366743 -0.07628290022022784
25.147830808853477 0.015089007503581331
25.23927746634022 0.10633482144371886
25.33072412382696 0.19669203088356324
25.4221707813137 0.28540555087678726
25.51361743880044 0.37173403223944734
25.60506409628718 0.4549560567568747
25.69651075377392 0.5343761658341806
25.78795741126066 0.6093306722108576
25.879404068747398 0.6791932061730254
25.97085072623414 0.743379949915401
26.06229738372088 0.8013545163112206
26.15374404120762 0.8526324313198833
26.245190698694362 0.8967851825742837
26.3366373561811 0.9334438003151986
26.42808401366784 0.9623019407480305
26.519530671154577 0.9831184460553258
26.61097732864132 0.9957193596719136
26.70242398612806 0.9999993799816763
26.7938706436148 0.9959227402879011
26.88531730110154 0.9835235077035879
26.97676395858828 0.9629052984639934
27.068210616075017 0.9342404120404433
27.15965727356176 0.8977683912913385
27.251103931048497 0.853794020682696
27.34255058853524 0.8026847793064025
27.433997246021978 0.7448677699804935
27.52544390350872 0.6808261500938892
27.61689056099546 0.6110950940218779
27.708337218482196 0.5362573208530433
27.799783875968938 0.4569382248009237
27.891230533455676 0.3738006489939984
27.982677190942418 0.2875393463175573
28.07412384842916 0.1988751735964773
28.1655705059159 0.1085490676360814
28.25701716340264 0.017315853461322507
28.348463820889375 -0.07406206350319504
28.439910478376117 -0.16482106860012635
28.53135713586286 -0.25420271921136156
28.622803793349597 -0.3414600828090723
28.71425045083634 -0.42586397882076893
28.805697108323077 -0.5067090721471805
28.89714376580982 -0.5833197674115487
28.988590423296557 -0.6550558546839667
29.080037080783296 -0.7213178595014326
29.171483738270037 -0.7815520524752141
29.262930395756776 -0.8352550766219465
29.354377053243518 -0.8819781537494275
29.44582371073026 -0.9213308347456954
29.537270368216998 -0.9529842624315384
29.628717025703732 -0.9766739197098349
29.720163683190474 -0.992201840046369
29.811610340677216 -0.9994382618098697
29.903056998163958 -0.9983227126465232
29.9945036556507 -0.9888645148271848
30.085950313137435 -0.9711427073442842
30.177396970624176 -0.9453053854094232
30.268843628110915 -0.9115684628712865
30.360290285597657 -0.8702138678958888
30.4517369430844 -0.8215871869872949
30.543183600571133 -0.7660947770369116
30.634630258057875 -0.7042003695349848
30.726076915544617 -0.6364211953218248
30.817523573031355 -0.5633236622628381
30.908970230518097 -0.48551862196762957
31.000416888004832 -0.40365626510764696
31.091863545491574 -0.3184206879903972
31.183310202978316 -0.2305241757956904
31.274756860465057 -0.14070125024685165
31.3662035179518 -0.04970253145861385
31.457650175438534 0.04171153474385464
31.549096832925272 0.13277703161612717
31.640543490412014 0.22273295529095255
31.731990147898756 0.3108275742327851
31.823436805385498 0.3963247112065434
31.914883462872233 0.47850989526427046
32.006330120358975 0.5566963323396554
32.097776777845716 0.6302306445560587
32.18922343533246 0.6984983302866913
32.2806700928192 0.7609288993389597
32.372116750305935 0.8170006403499919
32.46356340779267 0.8662449805538337
32.55501006527941 0.9082504014871573
32.64645672276615 0.942665877911271
32.737903380252895 0.9692038112125223
32.82935003773963 0.9876424327676144
32.92079669522637 0.9978276571897446
33.012243352713114 0.9996743699685833
33.103690010199855 0.9931671387437448
33.1951366676866 0.9783603422678556
33.28658332517333 0.9553777159815267
33.378029982660074 0.9244113179976969
33.469476640146816 0.8857199241362991
33.56092329763356 0.8396268654213667
33.65236995512029 0.7865173261119293
33.74381661260703 0.7268351248461128
33.83526327009377 0.6610790057973834
33.92670992758051 0.5897984708364893
34.01815658506725 0.5135891875282936
34.109603242553995 0.4330880113373784
34.20104990004073 0.34896766364016224
34.29249655752747 0.2619311100175687
34.38394321501421 0.1727056858070691
34.475389872500955 0.08203701800476451
34.5668365299877 -0.009317205689767264
34.65828318747443 -0.10059356861588445
34.74972984496117 -0.19102930476933921
34.841176502447915 -0.27986867298234697
34.93262315993466 -0.36636927239952033
35.02406981742139 -0.44980824647323714
35.115516474908134 -0.529488323633811
35.20696313239487 -0.604743644154498
35.29840978988161 -0.6749453245183417
35.38985644736835 -0.7395067127871235
35.481303104855094 -0.7978882910552137
35.572749762341836 -0.8496021840200645
35.66419641982857 -0.8942162359927615
35.75564307731531 -0.9313576222784373
35.847089734802054 -0.9607159647473988
35.938536392288796 -0.9820459255612516
36.02998304977554 -0.9951692573790687
36.12142970726227 -0.9999762929107392
36.212876364749015 -0.9964268613697943
36.30432302223575 -0.9845506241672186
36.39576967972249 -0.9644468270409676
36.48721633720923 -0.9362834706925698
36.57866299469597 -0.9002959068615126
36.67010965218271 -0.8567848715695441
36.76155630966945 -0.8061139719704468
36.85300296715619 -0.7487066478067842
36.944449624642935 -0.6850426328657485
37.03589628212967 -0.6156539460045294
37.12734293961641 -0.5411204452468297
37.218789597103154 -0.4620649821035395
37.310236254589896 -0.3791481966111786
37.40168291207664 -0.29306299658430834
37.49312956956337 -0.20452876721692884
37.58457622705011 -0.114285359421253
37.67602288453685 -0.023086907141359574
37.76746954202359 0.06830447469166731
37.85891619951033 0.15912505889907066
37.95036285699707 0.24861588826673228
38.04180951448381 0.3360291178965283
38.13325617197055 0.42063426469571136
38.22470282945729 0.5017243117795679
38.316149486944035 0.5786216167747965
38.40759614443077 0.6506835746499314
38.49904280191751 0.7173079877504585
38.59048945940425 0.7779380981629553
38.681936116890995 0.8320672403545859
38.77338277437773 0.8792430752073096
38.864829431864464 0.9190713700644523
38.956276089351206 0.9512192932010126
39.04772274683795 0.9754181951869474
39.13916940432469 0.9914658539005199
39.23061606181143 0.9992281644308605
39.32206271929817 0.9986402597478069
39.41350937678491 0.9897070527739558
39.50495603427165 0.9725031953290141
39.59640269175839 0.9471724542895368
39.687849349245134 0.9139265101772741
39.77929600673187 0.873043188215929
39.87074266421861 0.8248641366387696
39.96218932170535 0.7697919716487513
40.05363597919209 0.7082869128897042
40.14508263667883 0.640862937544841
40.236529294165564 0.5680834852015588
40.327975951652306 0.49055674937541405
40.41942260913905 0.4089305950405835
40.51086926662579 0.32388714463916807
40.60231592411253 0.23613707781233453
40.693762581599266 0.14641369248850772
40.78520923908601 0.05546677695807383
40.87665589657275 -0.03594365585627998
40.96810255405949 -0.12705371957312434
41.05954921154623 -0.21710203789500962
41.15099586903297 -0.30533610717525667
41.24244252651971 -0.39101858483900953
41.333889184006445 -0.47343345110821305
41.42533584149319 -0.5518919925392162
41.51678249897993 -0.6257385573703839
41.60822915646666 -0.6943560345843676
41.699675813953405 -0.7571710108982734
41.79112247144015 -0.813658562586448
41.88256912892689 -0.8633466420923227
41.97401578641363 -0.9058200227717901
42.065462443900365 -0.9407237688032419
42.15690910138711 -0.9677662012674026
42.24835575887385 -0.9867213356103829
42.33980241636059 -0.9974307701209453
42.43124907384733 -0.9998050096405661
42.52269573133407 -0.9938242134445121
42.6141423888208 -0.9795383610441329
42.705589046307544 -0.9570668345248162
42.797035703794286 -0.9265974209098766
42.88848236128103 -0.8883847428872721
42.97992901876776 -0.8427481310130568
43.071375676254505 -0.7900689551728262
43.162822333741246 -0.7307874376012928
43.25426899122799 -0.6653989740924503
43.34571564871473 -0.594449994142792
43.437162306201465 -0.518533394622968
43.52860896368821 -0.43828358513712423
43.62005562117495 -0.35437118647428534
43.71150227866169 -0.26749742645493213
43.80294893614843 -0.17838828000489304
43.89439559363517 -0.0877884024259636
43.9858422511219 0.0035450934391500783
44.077288908608644 0.09484896414535095
44.168735566095386 0.18536021381506176
44.26018222358213 0.2743224702393328
44.35162888106886 0.36099230562713336
44.443075538555604 0.44464544918251725
44.534522196042346 0.5245828395931273
44.62596885352909 0.6001364668515536
44.71741551101583 0.6706749545912984
44.808862168502564 0.7356088362876722
44.900308825989306 0.7943954812321973
44.99175548347605 0.8465436291157281
45.08320214096279 0.8916174953263933
45.174648798449525 0.9292404126556821
45.26609545593626 0.9590979789802012
45.357542113423 0.9809406846149443
45.44898877090974 0.9945859973821888
45.540435428396485 0.9999198879717963
45.63188208588323 0.9968977828459772
