0.0 0.0
0.12135502061408653 0.12105737314404215
0.24271004122817305 0.24033411628136359
0.3640650618422596 0.35607579064943207
0.4854200824563461 0.46657995472770786
0.6067751030704326 0.5702212054092588
0.7281301236845192 0.6654750860161921
0.8494851442986057 0.7509405094964738
0.9708401649126922 0.8253603669798745
1.0921951855267786 0.8876400185622789
1.2135502061408652 0.93686339433786
1.3349052267549517 0.9723064688494175
1.4562602473690385 0.9934479107615141
1.5776152679831248 0.9999767511106215
1.6989702885972113 0.9917969573401696
1.8203253092112979 0.9690288458411238
1.9416803298253844 0.932007312221068
2.063035350439471 0.8812769053327205
2.1843903710535573 0.8175838175178818
2.305745391667644 0.7418649088821218
2.4271004122817303 0.6552339270418918
2.548455432895817 0.5589651250374654
2.6698104535099034 0.45447451837544267
2.79116547412399 0.34329905689052187
2.912520494738077 0.22707401778713718
3.033875515352163 0.10750895238616213
3.1552305359662496 -0.013637459624591376
3.2765855565803363 -0.13458327856784047
3.3979405771944227 -0.25354951528493586
3.5192955978085094 -0.36878629824485604
3.6406506184225957 -0.47859861236270956
3.762005639036682 -0.5813712309360882
3.883360659650769 -0.6755924739760066
4.004715680264855 -0.7598764434717105
4.126070700878942 -0.8329834085313774
4.247425721493028 -0.893838040554157
4.3687807421071145 -0.9415452302128492
4.490135762721201 -0.9754032535955893
4.611490783335288 -0.9949140938460908
4.732845803949375 -0.999790766481673
4.854200824563461 -0.9899615406411557
4.9755558451775475 -0.9655709941723799
5.096910865791634 -0.9269778870401015
5.21826588640572 -0.8747498843342497
5.339620907019807 -0.8096552064976913
5.460975927633894 -0.7326513295901104
5.58233094824798 -0.6448709017955403
5.703685968862066 -0.5476050833273116
5.825040989476154 -0.4422845547833456
5.94639601009024 -0.3304584732994601
6.067751030704326 -0.21377168603409374
6.189106051318413 -0.09394053615079018
6.310461071932499 0.027272382832345798
6.431816092546586 0.14808415298856842
6.553171113160673 0.2667177568796308
6.674526133774759 0.38142821566279367
6.795881154388845 0.4905282559428978
6.917236175002932 0.5924131278363806
7.038591195617019 0.6855842091989421
7.159946216231105 0.7686710488228279
7.2813012368451915 0.8404515243708736
7.402656257459278 0.899869818544735
7.524011278073364 0.946051949076283
7.645366298687452 0.978318624111887
7.766721319301538 0.996195233900043
7.8880763399156235 0.9994188318148626
8.00943136052971 0.9879420020317026
8.130786381143796 0.9619335569653974
8.252141401757884 0.9217760542124843
8.37349642237197 0.8680601695206676
8.494851442986056 0.8015760085533661
8.616206463600143 0.7233014852444055
8.737561484214229 0.6343879376853544
8.858916504828317 0.5361431931210593
8.980271525442403 0.4300123311499845
9.101626546056488 0.31755642808294515
9.222981566670576 0.20042959510898523
9.344336587284662 0.08035464801345844
9.46569160789875 -0.040902233678172716
9.587046628512836 -0.16155748539272835
9.708401649126921 -0.27983639191797993
9.829756669741007 -0.39399919164626074
9.951111690355095 -0.5023666666863537
10.072466710969183 -0.6033448424392924
10.193821731583268 -0.6954484333326254
10.315176752197354 -0.7773226898503849
10.43653177281144 -0.847763325511317
10.557886793425528 -0.9057342306899385
10.679241814039614 -0.9503827127282386
10.800596834653701 -0.9810520381716
10.921951855267787 -0.9972910926454736
11.043306875881873 -0.9988610162859294
11.16466189649596 -0.9857387171236816
11.286016917110047 -0.9581172107433131
11.407371937724132 -0.9164027812216577
11.528726958338218 -0.8612090051050286
11.650081978952308 -0.7933477263264699
11.771436999566394 -0.7138171148127669
11.89279202018048 -0.6237869844268507
12.014147040794565 -0.5245815862036699
12.135502061408651 -0.4176601299733822
12.25685708202274 -0.30459532087885405
12.378212102636827 -0.1870502264933352
12.499567123250912 -0.06675381479927345
12.620922143864998 0.0545244771603813
12.742277164479084 0.17500076988933233
12.863632185093172 0.2929029804787908
12.98498720570726 0.4064968881325999
13.106342226321345 0.5141116427794586
13.227697246935431 0.6141643415666687
13.349052267549517 0.7051833117403374
13.470407288163605 0.7858297574447257
13.59176230877769 0.8549174520384704
13.713117329391777 0.911430186273893
13.834472350005864 0.9545367156945193
13.95582737061995 0.9836029873899096
14.077182391234038 0.9982014662647617
14.198537411848124 0.9981174236423996
14.31989243246221 0.9833520957037462
14.441247453076295 0.9541226653043664
14.562602473690383 0.9108590674370385
14.68395749430447 0.8541976653282273
14.805312514918556 0.7849718901866034
14.926667535532642 0.7041999822833227
15.048022556146728 0.6130700136802292
15.169377576760814 0.5129224129063072
15.290732597374904 0.40523024862649937
15.41208761798899 0.2915775623099519
15.533442638603075 0.17363606860190578
15.654797659217161 0.05314056611296794
15.776152679831247 -0.06813657969217078
15.897507700445335 -0.18841150617597477
16.01886272105942 -0.30591509232093456
16.140217741673506 -0.41891898068831873
16.261572762287592 -0.5257609997864027
16.382927782901678 -0.6248696129111948
16.504282803515768 -0.7147870338422376
16.625637824129853 -0.7941906693852537
16.74699284474394 -0.8619125733638295
16.868347865358025 -0.9169566259117835
16.98970288597211 -0.9585131853764609
17.1110579065862 -0.985970997318442
17.232412927200286 -0.9989261854384711
17.353767947814372 -0.9971881921842906
17.475122968428458 -0.9807825816571152
17.596477989042544 -0.9499506635898805
17.717833009656633 -0.9051459439281497
17.83918803027072 -0.847027454222011
17.960543050884805 -0.7764500579467584
18.08189807149889 -0.6944518763364815
18.203253092112977 -0.6022390186836567
18.324608112727066 -0.5011678417064025
18.445963133341152 -0.3927249989299598
18.567318153955238 -0.2785055735355218
18.688673174569324 -0.1601896163198767
18.81002819518341 -0.039517433868410064
18.9313832157975 0.08173600957284687
19.052738236411585 0.20178720000385322
19.17409325702567 0.31887030733535693
19.295448277639757 0.43126315894143696
19.416803298253843 0.5373125710554791
19.538158318867932 0.6354586654106691
19.659513339482015 0.7242578134521037
19.780868360096104 0.8024038706347134
19.90222338071019 0.868747388472105
20.023578401324276 0.9223125217468887
20.144933421938365 0.9623113821946342
20.266288442552447 0.9881556275335088
20.387643463166537 0.9994651153768416
20.508998483780623 0.9960734947383879
20.63035350439471 0.9780306528850156
20.751708525008794 0.9456019815460854
20.87306354562288 0.8992644732728526
20.99441856623697 0.8396997053664335
21.115773586851056 0.7677838145735896
21.23712860746514 0.6845746100122608
21.358483628079227 0.5912960138825512
21.479838648693313 0.4893200588243537
21.601193669307403 0.38014670672205664
21.72254868992149 0.26538178580106764
21.843903710535574 0.1467133705388274
21.96525873114966 0.025886951817700565
22.086613751763746 -0.09532023745867602
22.207968772377832 -0.21512536364167367
22.32932379299192 -0.33176621599517997
22.450678813606007 -0.4435271270111627
22.572033834220093 -0.5487642081220393
22.69338885483418 -0.6459295296182928
22.814743875448265 -0.7335938891095571
22.936098896062354 -0.8104678336284026
23.057453916676437 -0.8754206261631884
23.178808937290526 -0.9274968776417492
23.300163957904616 -0.9659305997263865
23.421518978518698 -0.990156471718025
23.542873999132787 -0.999818155844858
23.66422901974687 -0.9947735386261032
23.78558404036096 -0.9750968212157985
23.90693906097505 -0.9410774279798009
24.02829408158913 -0.8932157493597134
24.14964910220322 -0.832215781641833
24.271004122817303 -0.7589747718926317
24.392359143431392 -0.6745700203730839
24.51371416404548 -0.5802430345549165
24.635069184659564 -0.4773812678168865
24.756424205273653 -0.3674977114261895
24.877779225887735 -0.25220863998613446
24.999134246501825 -0.13320983769160272
25.12048926711591 -0.012251655079926519
25.241844287729997 0.10888673683334549
25.363199308344086 0.22842351633835684
25.48455432895817 0.3446004198038509
25.605909349572258 0.4557086039349152
25.727264370186344 0.5601137811080951
25.84861939080043 0.6562802580690034
25.96997441141452 0.7427935244076612
26.0913294320286 0.8183810585582852
26.21268445264269 0.8819310452885936
26.334039473256777 0.9325087293634402
26.455394493870863 0.9693701648372385
26.57674951448495 0.9919731577370751
26.698104535099034 0.9999852411808934
26.819459555713124 0.9932885656249114
26.94081457632721 0.9719816323097445
27.062169596941295 0.936377844408011
27.18352461755538 0.887000897184561
27.304879638169467 0.8245770749753494
27.426234658783553 0.7500245682885053
27.547589679397642 0.6644399681621026
27.66894470001173 0.5690821364328139
27.790299720625814 0.46535368916724335
27.9116547412399 0.3547803656157531
28.033009761853986 0.2389885861503131
28.154364782468075 0.11968152928613847
28.275719803082158 -0.001385920330344623
28.397074823696247 -0.12243298447783736
28.518429844310333 -0.24167918478439215
28.63978486492442 -0.3573705317412477
28.76113988553851 -0.46780532409255554
28.88249490615259 -0.5713591791184472
29.00384992676668 -0.666508925641651
29.125204947380766 -0.7518550083158719
29.246559967994852 -0.8261420736519458
29.36791498860894 -0.8882774349822788
29.489270009223024 -0.9373471447629063
29.610625029837113 -0.9726294378060785
29.731980050451195 -0.9936053477071279
29.853335071065285 -0.9999663403089211
29.974690091679374 -0.9916188519233874
30.096045112293456 -0.9686856655575774
30.217400132907546 -0.93150410490134
30.338755153521628 -0.8806210726412461
30.460110174135718 -0.8167850060820336
30.581465194749807 -0.7409348684002073
30.70282021536389 -0.6541863374571241
30.82417523597798 -0.5578153953199908
30.94553025659206 -0.4532395598721874
31.06688527720615 -0.34199703457657293
31.18824029782024 -0.22572408307757477
31.309595318434322 -0.10613096143835418
31.43095033904841 0.015023237974751708
31.552305359662494 0.13595646093973185
31.673660380276583 0.2548899035718946
31.79501540089067 0.3700741767076182
31.916370421504755 0.47981503762776395
32.03772544211884 0.5824983106332997
32.15908046273293 0.6766136299170633
32.28043548334701 0.7607766554982894
32.4017905039611 0.833749435446311
32.523145524575185 0.8944586148858683
32.644500545189274 0.9420112239483356
32.765855565803356 0.975707812444137
32.887210586417446 0.9950527380588808
33.008565607031535 0.9997614567442944
33.12992062764562 0.989764708069835
33.25127564825971 0.9652095339727008
33.37263066887379 0.9264571159214997
33.49398568948788 0.8740774623066525
33.61534071010197 0.8088410242006228
33.73669573071605 0.7317073628115127
33.85805075133014 0.6438110353201821
33.97940577194422 0.5464449067058391
34.10076079255831 0.4410411330259363
34.2221158131724 0.32915009586700783
34.34347083378648 0.21241759781897174
34.46482585440057 0.09256065440416913
34.586180875014655 -0.028657761462846768
34.707535895628745 -0.14945465100180813
34.828890916242834 -0.26805321565310525
34.950245936856916 -0.3827089919653328
35.071600957471006 -0.49173551086650064
35.19295597808509 -0.593529103897239
35.31431099869918 -0.6865924915318693
35.43566601931327 -0.7695568066270999
35.55702103992735 -0.8412017290561238
35.67837606054144 -0.9004734353681916
35.79973108115552 -0.9465000994525214
35.92108610176961 -0.9786047162077419
36.0424411223837 -0.9963150595937176
36.16379614299778 -0.9993706285930932
36.28515116361187 -0.9877264789145256
36.406506184225954 -0.9615538840771904
36.52786120484004 -0.9212378161526799
36.64921622545413 -0.8673712832200149
36.770571246068215 -0.8007466068239917
36.891926266682304 -0.7223437677365101
37.01328128729639 -0.6333159914428635
37.134636307910476 -0.5349727853756162
37.255991328524566 -0.42876067740112717
37.37734634913865 -0.31624193887574087
37.49870136975274 -0.19907160523374434
37.62005639036682 -0.0789731321107874
37.74141141098091 0.042286954923903115
37.862766431595 0.16292504414982936
37.98412145220908 0.2811666727973889
38.10547647282317 0.39527262757834036
38.22683149343725 0.5035645267324227
38.34818651405134 0.6044495073045841
38.46954153466543 0.6964436545280531
38.590896555279514 0.7781938286911788
38.7122515758936 0.848497568437104
38.833606596507686 0.9063207777390767
38.954961617121775 0.9508129363942123
39.076316637735864 0.9813196103047931
39.197671658349954 0.9973920775337771
39.31902667896403 0.9987939285450361
39.44038169957812 0.9855045435455684
39.56173672019221 0.95771939578154
39.6830917408063 0.9158471763269833
39.80444676142038 0.8605037826565654
39.92580178203446 0.7925032594243511
40.04715680264855 0.7128458247004559
40.16851182326264 0.6227031577873823
40.28986684387673 0.5234011650171659
40.41122186449081 0.41640047702685345
40.532576885104895 0.3032749643773725
40.653931905718984 0.18568858752909745
40.775286926333074 0.06537092168724333
40.89664194694716 -0.05590828347848823
41.017996967561245 -0.1763651350394671
41.13935198817533 -0.2942278360465847
41.26070700878942 -0.40776274684919445
41.38206202940351 -0.5152998851592634
41.50341705001759 -0.6152574897809276
41.62477207063168 -0.7061652866981132
41.74612709124576 -0.7866861152998401
41.86748211185985 -0.8556355966437165
41.98883713247394 -0.9119995544574446
42.11019215308802 -0.9549489326333762
42.23154717370211 -0.9838519897949787
42.352902194316194 -0.9982835915656197
42.47425721493028 -0.9980314638599608
42.59561223554437 -0.983099315218394
42.716967256158455 -0.9537067822582166
42.838322276772544 -0.9102861990438703
42.95967729738663 -0.8534762378955401
43.081032318000716 -0.7841125151732485
43.202387338614805 -0.7032153002158208
43.32374235922889 -0.6119745082235692
43.44509737984298 -0.5117321978240489
43.56645240045706 -0.40396283076383505
43.68780742107115 -0.29025158408590623
43.80916244168523 -0.17227103379847475
43.93051746229932 -0.05175655299442609
44.05187248291341 0.06951921370995891
44.17322750352749 0.1897724239622958
44.29458252414158 0.3072342761686219
44.415937544755664 0.4201770267536958
44.537292565369754 0.526939403499984
44.65864758598384 0.6259510411609361
44.780002606597925 0.7157555799258658
44.901357627212015 0.7950320869815933
45.0227126478261 0.8626144860815725
45.14406766844019 0.9175087093335532
45.265422689054276 0.9589073189204077
45.38677770966836 0.9862013836836901
45.50813273028244 0.9989894358774855
45.62948775089653 0.9970833763478765
45.75084277151062 0.9805112412789031
45.87219779212471 0.9495167898090041
45.99355281273879 0.9045559185836805
46.11490783335287 0.8462899559826309
46.23626285396696 0.775575934656431
46.35761787458105 0.6934539854537806
46.47897289519514 0.6011320381617126
46.60032791580923 0.4999680540952437
46.721682936423306 0.3914500518768781
46.843037957037396 0.2771742202062204
46.964392977651485 0.15882143955863925
47.085747998265575 0.038132558154500194
47.207103018879664 -0.0831172141356664
47.32845803949374 -0.20314441731068633
47.44981306010783 -0.32018357410930665
47.57116808072192 -0.43251315837292925
47.69252310133601 -0.5384809169327671
47.8138781219501 -0.6365281725621793
47.93523314256417 -0.7252127505227149
48.05658816317826 -0.803230191477895
48.17794318379235 -0.8694329387543361
48.29929820440644 -0.922847217725461
48.42065322502053 -0.9626873590391833
48.542008245634605 -0.9883673550096179
48.663363266248695 -0.9995094791901296
48.784718286862784 -0.9959498423425858
48.90607330747687 -0.9777408030802552
49.02742832809096 -0.9451501977262132
49.14878334870504 -0.8986574007152769
49.27013836931913 -0.8389462734868831
49.39149338993322 -0.7668951055835618
49.512848410547306 -0.6835636959110374
49.634203431161396 -0.5901777641814724
49.75555845177547 -0.4881109218315438
49.87691347238956 -0.37886446760462006
49.99826849300365 -0.2640453049835171
50.11962351361774 -0.14534230628554862
50.24097853423182 -0.024501471080015606
50.362333554845904 0.09669975567772762
50.48368857545999 0.21647862804160345
50.60504359607408 0.3330733214422865
50.72639861668817 0.4447688473226847
50.847753637302255 0.5499222788636015
50.96910865791634 0.6469869167550512
51.090463678530426 0.7345350395594079
51.211818699144516 0.811278904031882
51.333173719758605 0.8760896865051301
51.45452874037269 0.9280140867295762
51.57588376098677 0.9662883499439956
51.69723878160086 0.9903495009260239
51.81859380221495 0.9998436247812403
51.93994882282904 0.9946310726688922
52.06130384344312 0.9747885158933532
52.1826588640572 0.9406078181477385
52.30401388467129 0.8925917424978189
52.42536890528538 0.8314465562521186
52.546723925899464 0.7580716424929602
52.66807894651355 0.6735462710721983
52.789433967127636 0.5791137236568086
52.910788987741725 0.4761630063285395
53.032144008355814 0.366208418726709
53.1534990289699 0.2508672802510062
53.274854049583986 0.13183614094909454
53.39620907019807 0.010865827002578255
53.51756409081216 -0.11026431213349058
53.63891911142625 -0.22977257613914745
53.76027413204033 -0.3459011208169374
53.88162915265442 -0.45694181418019986
54.0029841732685 -0.5612613613255669
54.12433919388259 -0.6573253285286915
54.24569421449667 -0.7437207131931575
54.36704923511076 -0.819176727671925
54.48840425572485 -0.8825834912524065
54.609759276338934 -0.9330083553653452
54.731114296953024 -0.9697096218903238
54.852469317567106 -0.9921474527756625
54.973824338181196 -0.9999918105034292
55.095179358795285 -0.9931273126033872
55.21653437940937 -0.9716549288109985
55.33788940002346 -0.935890495905992
55.45924442063754 -0.886360072076734
55.58059944125163 -0.8237921991428978
55.70195446186572 -0.7491071864512792
55.8233094824798 -0.6634035740676156
55.94466450309389 -0.567941974377011
56.06601952370797 -0.46412652976654417
56.18737454432206 -0.35348425912843123
56.30872956493615 -0.23764259697569626
56.43008458555023 -0.11830545554681977
56.551439606164315 0.0027718379986466208
56.672794626778405 0.12380836064528117
56.794149647392494 0.24302378907582375
56.915504668006584 0.3586645864042979
57.036859688620666 0.4690297949081206
57.15821470923475 0.5724960553745885
57.27956972984884 0.667541485052703
57.40092475046293 0.7527680629901516
57.52227977107702 0.8269221934900827
57.6436347916911 0.888913145220223
57.76498981230518 0.9378290947539737
57.88634483291927 0.9729505385593755
58.00769985353336 0.9937608761593535
58.12905487414745 0.9999540087957889
58.25040989476153 0.9914388418288304
58.371764915375614 0.9683406246457715
58.493119935989704 0.930999108370806
58.61447495660379 0.8799635484738724
58.73582997721788 0.815984625785077
58.85718499783196 0.7400034047483259
58.97854001844605 0.6531374913268857
59.09989503906014 0.5566645941640486
59.221250059674226 0.4520037307972187
59.342605080288315 0.34069435536289483
59.46396010090239 0.22437371480260404
59.58531512151648 0.10475276663673544
59.70667014213057 -0.01640898746863139
59.82802516274466 -0.13732938216971158
59.94938018335875 -0.25622980227242625
60.07073520397282 -0.37136134434074697
60.19209022458691 -0.4810305412755676
60.313445245201 -0.5836242714816887
60.43480026581509 -0.6776334862348408
60.55615528642918 -0.7616754062432698
