0.0 0.0
0.07216429317036464 0.07210167465710642
0.1443285863407293 0.14382802941098516
0.21649287951109394 0.21480569805824182
0.2886571726814586 0.2846652116253095
0.3608214658518232 0.3530429216117031
0.4329857590221879 0.4195828929352339
0.5051500521925525 0.48393875672559894
0.5773143453629171 0.5457755133217669
0.6494786385332817 0.6047712760877898
0.7216429317036464 0.660618946969739
0.793807224874011 0.7130278150717779
0.8659715180443758 0.7617250699301011
0.9381358112147403 0.8064572216075083
1.010300104385105 0.8469914202164125
1.0824643975554695 0.8831166680016069
1.1546286907258343 0.9146449176733817
1.2267929838961988 0.9414120512737002
1.2989572770665634 0.9632787344800193
1.3711215702369282 0.98013114189974
1.4432858634072927 0.9918815495798196
1.5154501565776575 0.9984687916472826
1.587614449748022 0.999858578703623
1.6597787429183868 0.9960436763157158
1.7319430360887516 0.9870439426741211
1.8041073292591159 0.9729062252227509
1.8762716224294806 0.9537041167979843
1.9484359155998452 0.9295375725466333
2.02060020877021 0.9005323896168627
2.0927645019405747 0.866839552330494
2.164928795110939 0.8286344462453517
2.237093088281304 0.7861159451987887
2.3092573814516686 0.739505376084724
2.3814216746220334 0.6890453667529608
2.4535859677923977 0.6349985830279665
2.525750260962762 0.5776463614214642
2.5979145541331268 0.5172872446561518
2.6700788473034915 0.4542354276237711
2.7422431404738563 0.388819121866973
2.814407433644221 0.3213788470985507
2.8865717268145854 0.25226565865140943
2.9587360199849506 0.1818393200861461
3.030900313155315 0.11046643046860519
3.1030646063256793 0.03851851606571004
3.175228899496044 -0.033629903606876003
3.247393192666409 -0.10560326531822445
3.3195574858367736 -0.17702691708860058
3.391721779007138 -0.24752906841246977
3.463886072177503 -0.31674272558631594
3.5360503653478674 -0.3843076020670569
3.6082146585182318 -0.44987199391684546
3.680378951688597 -0.5130946105717493
3.7525432448589613 -0.573646351404388
3.824707538029326 -0.6312120188327697
3.8968718311996904 -0.6854919590578492
3.9690361243700547 -0.7362036218890889
4.04120041754042 -0.7830830315384533
4.113364710710784 -0.8258861607267322
4.1855290038811495 -0.8643902009493922
4.257693297051514 -0.8983947222896661
4.329857590221878 -0.9277227167415761
4.402021883392243 -0.952221519611939
4.474186176562608 -0.9717636042050675
4.546350469732973 -0.9862472456534987
4.618514762903337 -0.9955970504392226
4.6906790560737015 -0.9997643488490314
4.762843349244067 -0.9987274483210902
4.835007642414431 -0.9924917463639541
4.907171935584795 -0.9810897024602392
4.97933622875516 -0.9645806691012001
5.051500521925524 -0.943050582831753
5.123664815095889 -0.916611516914184
5.1958291082662535 -0.8854010979391214
5.267993401436619 -0.8495817894205553
5.340157694606983 -0.8093400461041053
5.412321987777347 -0.7648853433907108
5.484486280947713 -0.7164490869280177
5.556650574118077 -0.6642834080454968
5.628814867288442 -0.6086598513035624
5.7009791604588065 -0.5498679609885705
5.773143453629171 -0.4882137739115727
5.845307746799535 -0.4240182263564678
5.917472039969901 -0.35761548347005
5.989636333140266 -0.2893511997902055
6.06180062631063 -0.2195807199669214
6.133964919480994 -0.14866722904215343
6.2061292126513585 -0.07697986191710873
6.278293505821724 -0.0048917818479795195
6.350457798992088 0.06722176202762108
6.422622092162452 0.13898538802213242
6.494786385332818 0.21002553591949077
6.566950678503182 0.27997241151503943
6.639114971673547 0.34846191155175527
6.7112792648439115 0.4151375190326578
6.783443558014276 0.4796521590435188
6.85560785118464 0.5416700054255037
6.927772144355006 0.6008682288932586
6.9999364375253705 0.6569386774987318
7.072100730695735 0.7095894806932223
7.144265023866099 0.7585465686378005
7.2164293170364635 0.8035550988534664
7.28859361020683 0.8443807827847154
7.360757903377194 0.8808111053711788
7.432922196547558 0.9126564312789667
7.505086489717923 0.9397509920332854
7.577250782888287 0.961953748913902
7.649415076058652 0.9791491271217089
7.721579369229016 0.9912476173947417
7.793743662399381 0.9981862419419845
7.865907955569745 0.9999288822695744
7.938072248740109 0.9964664671929347
8.010236541910476 0.9878170200561506
8.08240083508084 0.9740255649127944
8.154565128251205 0.9551638921565611
8.226729421421568 0.9313301848217189
8.298893714591934 0.902648507498625
8.371058007762299 0.8692681605247337
8.443222300932662 0.8313629028127972
8.515386594103028 0.7891300473617685
8.587550887273391 0.7427894341586719
8.659715180443756 0.6925822858178984
8.731879473614121 0.6387699519148397
8.804043766784487 0.5816325485501133
8.87620805995485 0.5214675002260436
8.948372353125215 0.45858799162553665
9.020536646295579 0.39332133735252345
9.092700939465946 0.32600727812012736
9.16486523263631 0.25699621225567704
9.237029525806674 0.18664737172825918
9.309193818977038 0.11532695219344968
9.381358112147403 0.043406206789057225
9.453522405317768 -0.02874048639545306
9.525686698488133 -0.10073757311625833
9.597850991658497 -0.1722102778948505
9.670015284828862 -0.242786554883914
9.742179577999226 -0.31209902452429267
9.81434387116959 -0.37978688591196624
9.886508164339956 -0.4454977949203018
9.95867245751032 -0.5088896983011963
10.030836750680685 -0.5696326142178166
10.103001043851048 -0.6274103499404898
10.175165337021415 -0.6819221477644472
10.247329630191778 -0.7328842505816641
10.319493923362144 -0.7800313789573934
10.391658216532507 -0.8231181120225116
10.463822509702872 -0.8619201649936048
10.535986802873238 -0.896235556670715
10.608151096043603 -0.9258856608354536
10.680315389213966 -0.9507161360764907
10.752479682384331 -0.970597729202291
10.824643975554695 -0.9854269480589821
10.896808268725062 -0.9951266002510665
10.968972561895425 -0.9996461949606892
11.04113685506579 -0.9989622057738374
11.113301148236154 -0.9930781931453361
11.185465441406519 -0.9820247858651655
11.257629734576884 -0.9658595216225744
11.329794027747248 -0.9446665474979193
11.401958320917613 -0.9185561819412965
11.474122614087976 -0.8876643405180605
11.546286907258342 -0.8521518284104561
11.618451200428707 -0.8122035033582103
11.69061549359907 -0.7680273133953196
11.762779786769435 -0.7198532143920261
11.834944079939802 -0.6679319730366482
11.907108373110164 -0.612533861488245
11.979272666280531 -0.5539472504949805
12.051436959450893 -0.4924771083016788
12.12360125262126 -0.42844341316027995
12.195765545791625 -0.36217948770688796
12.267929838961988 -0.2940302638755659
12.340094132132354 -0.22435048738081786
12.412258425302717 -0.15350287111517444
12.484422718473082 -0.08185620707420219
12.556587011643447 -0.009783446637219981
12.628751304813811 0.06234024080336443
12.700915597984176 0.1341394207584202
12.77307989115454 0.20524034793838272
12.845244184324905 0.27527291175656676
12.917408477495272 0.34387256291227947
12.989572770665635 0.410682211025082
13.061737063836 0.47535408344221347
13.133901357006364 0.5375515355432429
13.206065650176729 0.5969508031186096
13.278229943347094 0.6532426877001184
13.350394236517458 0.7061341660705667
13.422558529687823 0.7553499155743046
13.494722822858186 0.8006337472888276
13.566887116028552 0.8417499395971615
13.639051409198917 0.8784844652191949
13.71121570236928 0.9106461053147663
13.783379995539647 0.938067444859113
13.855544288710012 0.9606057441093196
13.927708581880376 0.9781436816254377
13.999872875050741 0.9905899649785104
14.072037168221105 0.9978798059665177
14.14420146139147 0.9999752578645443
14.216365754561835 0.9968654129536318
14.288530047732198 0.9885664593000989
14.360694340902564 0.9751215964897652
14.432858634072927 0.9566008107557237
14.505022927243292 0.9331005106702077
14.57718722041366 0.9047430252969436
14.64935151358402 0.8716759674163128
14.721515806754388 0.8340714651379945
14.79368009992475 0.7921252659009149
14.865844393095117 0.7460557175244951
14.938008686265482 0.6961026316153436
15.010172979435845 0.6425260352457653
15.08233727260621 0.5856048174021832
15.154501565776574 0.525635277249276
15.226665858946939 0.46292958176671
15.298830152117304 0.39781414078716076
15.370994445287668 0.33062790789420893
15.443158738458033 0.2617206160246731
15.515323031628396 0.19145095695983855
15.587487324798762 0.12018471418206167
15.659651617969129 0.048292858816076444
15.73181591113949 -0.023850381433592183
15.803980204309857 -0.09586947029712745
15.876144497480219 -0.16738951776549532
15.948308790650586 -0.23803823155253787
16.020473083820953 -0.30744785503473426
16.092637376991313 -0.3752570815809587
16.16480167016168 -0.44111293530728973
16.236965963332043 -0.5046726084666701
16.30913025650241 -0.5656052459091694
16.381294549672774 -0.6235936673238238
16.453458842843137 -0.6783360182971684
16.525623136013504 -0.7295473415939198
16.597787429183867 -0.776961060480657
16.66995172235423 -0.8203303663711905
16.742116015524598 -0.8594295035702858
16.81428030869496 -0.8940549444281359
16.886444601865325 -0.924026448788411
16.958608895035688 -0.949188002214975
17.030773188206055 -0.969408628113429
17.102937481376422 -0.9845830695200255
17.175101774546782 -0.9946323370089657
17.24726606771715 -0.9995041198659803
17.319430360887512 -0.9991730583878555
17.39159465405788 -0.9936408758904854
17.463758947228243 -0.9829363697382791
17.535923240398606 -0.9671152614416207
17.608087533568973 -0.9462599066026931
17.680251826739337 -0.9204788662195217
17.7524161199097 -0.8899063415797696
17.824580413080067 -0.854701475685921
17.89674470625043 -0.8150475248482285
17.968908999420794 -0.7711509047576126
18.041073292591157 -0.7232401160041467
18.113237585761524 -0.6715645546342311
18.18540187893189 -0.6163932139380357
18.257566172102255 -0.5580132842249353
18.32973046527262 -0.4967286578757159
18.40189475844298 -0.4328583474534019
18.47405905161335 -0.36673482510708816
18.546223344783712 -0.298702291912916
18.618387637954076 -0.22911488616095926
18.690551931124443 -0.15833483991471234
18.762716224294806 -0.08673059343904327
18.83488051746517 -0.01467487731178528
18.907044810635536 0.0574572277975454
18.9792091038059 0.1292902435822589
19.051373396976267 0.20045024862290722
19.123537690146627 0.2705668248073827
19.195701983316994 0.33927498551488383
19.26786627648736 0.406217075526571
19.340030569657724 0.4710446327732238
19.412194862828088 0.5334202022286202
19.48435915599845 0.5930190925065602
19.556523449168818 0.6495310660177258
19.62868774233918 0.7026619538883608
19.700852035509545 0.7521351872344743
19.773016328679912 0.7976932368205808
19.845180621850275 0.83909895360897
19.91734491502064 0.8761368032213931
19.989509208191006 0.9086139878872256
20.06167350136137 0.9363614500379146
20.133837794531736 0.9592347523235852
20.206002087702096 0.9771148294709078
20.278166380872463 0.9899086080685324
20.35033067404283 0.997549491053795
20.422494967213193 0.99999770437878
20.494659260383557 0.9972405040511662
20.56682355355392 0.9892922424721295
20.638987846724287 0.9761942937259864
20.71115213989465 0.9580148382104788
20.783316433065014 0.9348485077287821
20.85548072623538 0.9068158928906954
20.927645019405745 0.8740629153871984
20.99980931257611 0.8367600684059355
21.071973605746475 0.7951015291416251
21.14413789891684 0.7493041480211056
21.216302192087205 0.6996063199045764
21.28846648525757 0.6462667431388986
21.360630778427932 0.5895630729225807
21.4327950715983 0.5297904759923071
21.504959364768663 0.46726009415445974
21.577123657939026 0.40229742465957496
21.64928795110939 0.3352406258506342
21.721452244279757 0.26643875690496127
21.793616537450124 0.19624996083265436
21.865780830620483 0.1250396001897888
21.93794512379085 0.0531783552107889
22.010109416961214 -0.01895970573990909
22.08227371013158 -0.09099907335294032
22.154438003301944 -0.16256475205975243
22.226602296472308 -0.23328421204416375
22.298766589642675 -0.302789328418595
22.370930882813038 -0.3707182974707742
22.4430951759834 -0.43671752000606384
22.51525946915377 -0.5004434419817508
22.587423762324132 -0.5615643428520476
22.659588055494496 -0.6197620623147324
22.73175234866486 -0.6747336564709195
22.803916641835226 -0.7261929747769925
22.876080935005593 -0.773872149579962
22.948245228175953 -0.8175229904826087
23.02040952134632 -0.8569182762801452
23.092573814516683 -0.8918529377432658
23.16473810768705 -0.9221451250907865
23.236902400857414 -0.9476371545951363
23.30906669402778 -0.9681963293932817
23.38123098719814 -0.9837156302303639
23.453395280368508 -0.994114272540479
23.52555957353887 -0.9993381269647151
23.597723866709238 -0.9993600011175101
23.669888159879605 -0.9941797811345886
23.742052453049965 -0.9838244322656766
23.81421674622033 -0.9683478585088956
23.886381039390695 -0.9478306220175141
23.958545332561062 -0.9223795237396532
24.030709625731426 -0.8921270474738962
24.102873918901786 -0.8572306702347301
24.175038212072153 -0.8178720425176572
24.24720250524252 -0.77425604273107
24.319366798412883 -0.726609710716929
24.39153109158325 -0.6751810659117513
24.46369538475361 -0.6202378162999043
24.535859677923977 -0.5620659648795792
24.60802397109434 -0.5009683208955
24.680188264264707 -0.4372629235878949
24.752352557435074 -0.37128138666291555
24.824516850605434 -0.30336717210215597
24.896681143775798 -0.23387380229683993
24.968845436946165 -0.16316301981334086
25.04100973011653 -0.09160290436915934
25.113174023286895 -0.019565956821334492
25.185338316457255 0.052572839859057766
25.257502609627622 0.12443797253286998
25.32966690279799 0.19565535259856318
25.401831195968352 0.2658542632826123
25.47399548913872 0.3346692893780971
25.54615978230908 0.40174221938634813
25.618324075479446 0.46672391016029346
25.69048836864981 0.5292761043430889
25.762652661820177 0.5890731911416625
25.834816954990544 0.6458039012694476
25.906981248160903 0.6991729272355043
25.97914554133127 0.7489024605457103
26.051309834501634 0.7947336378141754
26.123474127672 0.836427888257368
26.195638420842364 0.8737681755565591
26.267802714012728 0.9065601276242468
26.33996700718309 0.9346330483935891
26.412131300353458 0.9578408063640834
26.48429559352382 0.9760625952782163
26.55645988669419 0.9892035629694564
26.62862417986455 0.9971953051081435
26.700788473034915 0.9999962212751434
26.772952766205282 0.9975917315097298
26.845117059375646 0.9899943522044882
26.917281352546013 0.9772436309521638
26.989445645716373 0.9594059406836133
27.06160993888674 0.9365741341684426
27.133774232057103 0.9088670606768354
27.20593852522747 0.8764289473185063
27.278102818397834 0.8394286482792239
27.350267111568197 0.798058765862898
27.42243140473856 0.752534647914622
27.494595697908927 0.7030932668434826
27.566759991079294 0.6499919860803222
27.638924284249658 0.5935072203915421
27.711088577420025 0.5339329970225923
27.783252870590385 0.47157942516104284
27.85541716376075 0.40677108168624326
27.927581456931115 0.33984532160856834
27.999745750101482 0.27115052199297224
28.071910043271846 0.20104426850812454
28.14407433644221 0.12989149404079214
28.216238629612572 0.05806257906486082
28.28840292278294 -0.014068576346672924
28.360567215953306 -0.086126498830704
28.43273150912367 -0.15773609623268306
28.50489580229403 -0.2285246101209247
28.577060095464397 -0.2981235561528977
28.649224388634764 -0.36617064219302825
28.721388681805127 -0.43231165419747897
28.793552974975494 -0.49620230004900734
28.865717268145854 -0.557510001743942
28.93788156131622 -0.6159156266022753
29.010045854486584 -0.671115148489043
29.08221014765695 -0.7228212303997875
29.15437444082732 -0.7707647201719341
29.22653873399768 -0.8146960515363556
29.29870302716804 -0.8543865432160321
29.37086732033841 -0.8896295893094064
29.443031613508776 -0.9202417347620394
29.51519590667914 -0.9460636303282499
29.5873601998495 -0.9669608620517589
29.659524493019866 -0.9828246509475385
29.731688786190233 -0.9935724192427192
29.803853079360596 -0.9991482202290497
29.876017372530963 -0.999523029489323
29.948181665701323 -0.9946948959818201
30.02034595887169 -0.9846889521963113
30.092510252042054 -0.9695572833287535
30.16467454521242 -0.949378656155674
30.236838838382788 -0.9242581090195789
30.309003131553148 -0.8943264050596773
30.38116742472351 -0.8597393515340779
30.453331717893878 -0.8206769887767096
30.525496011064245 -0.777342653010757
30.59766030423461 -0.7299619178970767
30.66982459740497 -0.678781420327285
30.741988890575335 -0.6240675765737616
30.814153183745702 -0.5661051954795852
30.886317476916066 -0.505195995907276
30.958481770086433 -0.44165703616369656
31.030646063256793 -0.37581906357664785
31.10281035642716 -0.30802479281422424
31.174974649597523 -0.23862712190915042
31.24713894276789 -0.1679872952742878
31.319303235938257 -0.09647302327174583
31.391467529108617 -0.0244565681239424
31.46363182227898 0.047687193869720944
31.535796115449347 0.11958272372351728
31.607960408619714 0.19085577460565226
31.680124701790078 0.26113533995230764
31.752288994960438 0.33005558471471075
31.824453288130805 0.3972577496862697
31.89661758130117 0.4623920189969057
31.968781874471535 0.52511934105356
32.040946167641906 0.5851131934480451
32.113110460812266 0.6420612826451129
32.185274753982625 0.6956671696032645
32.25743904715299 0.7456518128660998
32.32960334032336 0.7917550210918518
32.401767633493726 0.8337368074600747
32.473931926664086 0.8713786389051743
32.54609621983445 0.9044845736740368
32.61826051300482 0.9328822812862249
32.69042480617518 0.9564239395874856
32.76258909934555 0.9749870042269821
32.83475339251591 0.9884748465527795
32.906917685686274 0.9968172566051181
32.97908197885664 0.9999708085891251
33.05124627202701 0.9979190869245649
33.123410565197375 0.9906727716959188
33.195574858367735 0.9782695830580019
33.267739151538095 0.9607740848864995
33.33990344470846 0.9382773486955156
33.41206773787883 0.9108964795715881
33.484232031049196 0.8787740065918677
33.556396324219556 0.8420771408996154
33.62856061738992 0.800996905299022
33.70072491056029 0.7557471399002343
33.77288920373065 0.7065633889905614
33.845053496901016 0.6537016749261952
33.917217790071376 0.5974371654269175
33.98938208324174 0.5380627412109648
34.06154637641211 0.47588747142627685
34.13371066958248 0.41123500481402003
34.205874962752844 0.3444418849791486
34.278039255923204 0.2758557985377143
34.350203549093564 0.20583376526003339
34.42236784226393 0.13474027963084637
34.4945321354343 0.06294541350040993
34.566696428604665 -0.009177110297007946
34.638860721775025 -0.08125186332952371
34.71102501494539 -0.15290366583243772
34.78318930811576 -0.22375953967854437
34.85535360128612 -0.2934506498880461
34.927517894456486 -0.36161422457162035
34.999682187626846 -0.4278954433124527
35.07184648079721 -0.4919492841575721
35.14401077396758 -0.553442319603912
35.21617506713795 -0.6120544522303978
35.28833936030831 -0.667480580941251
35.36050365347867 -0.7194321891470399
35.43266794664904 -0.7676388466163402
35.5048322398194 -0.8118496171801513
35.57699653298977 -0.8518343649614923
35.649160826160134 -0.8873849523305567
35.721325119330494 -0.9183163233496746
35.79348941250086 -0.9444674670682354
35.86565370567123 -0.965702255653194
35.93781799884159 -0.98191015299239
36.009982292011955 -0.9930067900820579
