0.0 0.0
0.11693700722093275 0.11667068479629762
0.2338740144418655 0.2317478010361722
0.35081102166279826 0.3436595462199309
0.467748028883731 0.4508773526655493
0.5846850361046637 0.5519367657386974
0.7016220433255965 0.6454574463826097
0.8185590505465293 0.7301620247394711
0.935496057767462 0.8048935473475765
1.0524330649883946 0.8686312796084291
1.1693700722093274 0.9205046476828002
1.2863070794302602 0.9598051293877313
1.403244086651193 0.9859959316804237
1.5201810938721256 0.9987193225472697
1.6371181010930587 0.9978015171540425
1.7540551083139913 0.9832550515188353
1.870992115534924 0.9552786112864938
1.9879291227558569 0.9142543179432574
2.1048661299767892 0.8607425095383575
2.2218031371977225 0.7954740872010729
2.338740144418655 0.7193405319897835
2.4556771516395877 0.6333817284297681
2.5726141588605205 0.5387717610542593
2.6895511660814533 0.43680287794937295
2.806488173302386 0.3288678403398607
2.9234251805233185 0.21644089929719973
3.0403621877442513 0.10105765940323609
3.157299194965184 -0.015705895594662025
3.2742362021861173 -0.1322549286549049
3.39117320940705 -0.24699753282425324
3.5081102166279825 -0.35836647459923004
3.6250472238489153 -0.4648406002805622
3.741984231069848 -0.5649656129379222
3.858921238290781 -0.6573739361988838
3.9758582455117137 -0.7408033935487761
4.092795252732646 -0.8141144480066996
4.2097322599535785 -0.8763057667063365
4.326669267174512 -0.9265278977897912
4.443606274395445 -0.964094872806026
4.560543281616377 -0.9884935761403487
4.67748028883731 -0.9993907535008271
4.794417296058243 -0.9966375637348979
4.911354303279175 -0.9802716118043261
5.028291310500108 -0.9505164351507408
5.145228317721041 -0.9077784504673219
5.262165324941973 -0.8526414025797328
5.379102332162907 -0.7858583912573025
5.496039339383839 -0.708341584857769
5.612976346604772 -0.621149761303694
5.7299133538257045 -0.5254738465644907
5.846850361046637 -0.42262064816941564
5.96378736826757 -0.3139950059304233
6.0807243754885025 -0.20108060367259573
6.197661382709436 -0.08541970405873753
6.314598389930368 0.031407916696121314
6.4315353971513005 0.14780654649616506
6.548472404372235 0.2621863326994578
6.665409411593166 0.37298499742014746
6.7823464188141 0.47868917619568524
6.899283426035033 0.5778550885607915
7.016220433255965 0.6691282581953027
7.133157440476898 0.7512620132944849
7.250094447697831 0.8231345144710432
7.367031454918764 0.8837640776100151
7.483968462139696 0.9323225823864302
7.600905469360629 0.9681467833029842
7.717842476581562 0.9907473687537732
7.834779483802494 0.9998156443791638
7.9517164910234275 0.995227749425936
8.068653498244359 0.9770463485227444
8.185590505465292 0.945519775763467
8.302527512686225 0.9010786427891402
8.419464519907157 0.8443299571976318
8.53640152712809 0.77604883161586
8.653338534349023 0.6971678966777697
8.770275541569955 0.608764562512891
8.88721254879089 0.5120463027368422
9.004149556011821 0.4083341619451944
9.121086563232755 0.2990447119766483
9.238023570453688 0.18567070339937702
9.35496057767462 0.06976067649580057
9.471897584895551 -0.047102189766973966
9.588834592116486 -0.16332170188571513
9.70577159933742 -0.2773104537311178
9.82270860655835 -0.3875115084338742
9.939645613779284 -0.4924196641005938
10.056582621000215 -0.590602012897787
10.17351962822115 -0.6807175126938196
10.290456635442082 -0.761535303935817
10.407393642663015 -0.8319515215770692
10.524330649883947 -0.8910043724259831
10.64126765710488 -0.937887271979827
10.758204664325813 -0.9719598613113051
10.875141671546746 -0.9927567535317625
10.992078678767678 -0.9999938903657919
11.109015685988611 -0.993572422014771
11.225952693209544 -0.9735800573154838
11.342889700430478 -0.9402898657524277
11.459826707651409 -0.8941565476867509
11.576763714872342 -0.8358102237455941
11.693700722093274 -0.7660478282006471
11.810637729314209 -0.6858222238910618
11.92757473653514 -0.5962291873666336
12.044511743756074 -0.49849244201707776
12.161448750977005 -0.3939469436152901
12.278385758197938 -0.2840206465720909
12.395322765418872 -0.17021499995155398
12.512259772639805 -0.0540844396457332
12.629196779860736 0.06278484318118595
12.74613378708167 0.17879656738412025
12.863070794302601 0.2923661649442104
12.980007801523536 0.40194242409002673
13.09694480874447 0.5060286768161425
13.2138818159654 0.6032032414054256
13.330818823186332 0.6921388407369454
13.447755830407266 0.771620731150899
13.5646928376282 0.8405632942540289
13.681629844849132 0.8980248650432324
13.798566852070065 0.9432205938146452
13.915503859290997 0.9755331661813615
14.03244086651193 0.9945212347784411
14.149377873732863 0.9999254474891427
14.266314880953797 0.9916719898547351
14.383251888174728 0.9698735932832068
14.500188895395661 0.9348279952860618
14.617125902616593 0.887013872774359
14.734062909837528 0.8270843039598219
14.85099991705846 0.7558578481629004
14.967936924279392 0.6743073653658703
15.084873931500324 0.583546728221264
15.201810938721257 0.48481560801211804
15.31874794594219 0.37946254236792015
15.435684953163124 0.2689265160090093
15.552621960384055 0.15471730610233417
15.669558967604988 0.03839486068521499
15.78649597482592 -0.0784520081791722
15.903432982046855 -0.19422732549108124
16.020369989267788 -0.3073497522397666
16.137306996488718 -0.41627418442067154
16.25424400370965 -0.5195128571299384
16.371181010930584 -0.6156556654819745
16.488118018151518 -0.7033894247930391
16.60505502537245 -0.7815158069619559
16.721992032593384 -0.8489677080605287
16.838929039814314 -0.9048238235738357
16.955866047035247 -0.9483212322117437
17.07280305425618 -0.9788658164132518
17.189740061477114 -0.9960403772132769
17.306677068698047 -0.9996103326334148
17.42361407591898 -0.9895269217641424
17.54055108313991 -0.965927870774899
17.657488090360847 -0.929135511755217
17.77442509758178 -0.8796523800810829
17.89136210480271 -0.8181543504407021
18.008299112023643 -0.7454814052725723
18.125236119244576 -0.6626261617069095
18.24217312646551 -0.5707203137173242
18.359110133686443 -0.471019174665209
18.476047140907376 -0.3648845313653957
18.592984148128306 -0.25376604386406887
18.70992115534924 -0.1391814449835546
18.826858162570172 -0.022695810082290397
18.943795169791102 0.09409981982219522
19.06073217701204 0.2096101695871606
19.177669184232972 0.322257519311077
19.2946061914539 0.43050325391854816
19.41154319867484 0.5328688786245521
19.528480205895768 0.6279562132343268
19.6454172131167 0.714466489451348
19.762354220337635 0.7912180903490679
19.879291227558568 0.857162689708614
19.9962282347795 0.9113995707801982
20.11316524200043 0.9531879288927485
20.230102249221364 0.9819569898742553
20.3470392564423 0.9973138060784599
20.46397626366323 0.9990486235344089
20.580913270884164 0.9871377469106343
20.697850278105093 0.9617438631623066
20.81478728532603 0.9232138194407656
20.931724292546964 0.8720738856162858
21.048661299767893 0.8090225661217733
21.165598306988826 0.7349210592982028
21.28253531420976 0.6507814945546372
21.399472321430693 0.557753108007763
21.516409328651626 0.4571065454236071
21.633346335872556 0.3502165068626568
21.750283343093493 0.23854297007975103
21.867220350314422 0.12361124914255014
21.984157357535356 0.006991160641568592
22.101094364756293 -0.10972441794581445
22.218031371977222 -0.22494130487285127
22.334968379198155 -0.33708578855556337
22.45190538641909 -0.4446261224092324
22.56884239364002 -0.5460934464980827
22.685779400860955 -0.6401018502358031
22.802716408081885 -0.7253673021066893
22.919653415302818 -0.8007251878523529
23.036590422523755 -0.865146217575228
23.153527429744685 -0.9177504844888017
23.270464436965618 -0.957819483290453
23.387401444186548 -0.9848059240016459
23.504338451407484 -0.9983412072313511
23.621275458628418 -0.9982404587603504
23.738212465849347 -0.9845050546806408
23.85514947307028 -0.9573226025998172
23.972086480291214 -0.9170643791671779
24.089023487512147 -0.8642802589215731
24.20596049473308 -0.7996912037262911
24.32289750195401 -0.7241794153754524
24.439834509174947 -0.6387762858743786
24.556771516395877 -0.5446483099773592
24.67370852361681 -0.44308115239897267
24.790645530837743 -0.33546208732009025
24.907582538058676 -0.2232610500417758
25.02451954527961 -0.10801055959669754
25.14145655250054 0.008715213451161863
25.258393559721473 0.12532194811211092
25.37533056694241 0.2402169493047134
25.49226757416334 0.35183090198199246
25.609204581384272 0.45863930591705776
25.726141588605202 0.5591832983769909
25.84307859582614 0.6520895802747066
25.960015603047072 0.736089173633553
26.076952610268002 0.8100347541624059
26.19388961748894 0.8729163222009201
26.31082662470987 0.923874997990392
26.4277636319308 0.9622147528449846
26.544700639151735 0.9874119159908089
26.661637646372665 0.9991223272219797
26.7785746535936 0.9971860376777071
26.89551166081453 0.9816294945339832
27.012448668035464 0.9526651797698387
27.1293856752564 0.9106887079421515
27.24632268247733 0.8562734226096013
27.363259689698264 0.7901625652115062
27.480196696919194 0.7132591233644398
27.59713370414013 0.6266134972355161
27.714070711361064 0.531409152453591
27.831007718581994 0.4289464555207068
27.947944725802927 0.32062491251092906
28.06488173302386 0.20792405365265532
28.181818740244793 0.0923832248858874
28.298755747465727 -0.02441943758466092
28.415692754686656 -0.14088856256060378
28.532629761907593 -0.2554333345283561
28.649566769128523 -0.3664892221128705
28.766503776349456 -0.47253934752459664
28.88344078357039 -0.5721352051208676
29.000377790791322 -0.6639164460934757
29.117314798012256 -0.7466294590494752
29.234251805233185 -0.8191444926988649
29.35118881245412 -0.8804710867757017
29.468125819675056 -0.9297716004264659
29.585062826895985 -0.96637265328567
29.70199983411692 -0.9897743229686139
29.818936841337848 -0.999656973355566
29.935873848558785 -0.9958856204020065
30.05281085577972 -0.9785117758436589
30.169747863000648 -0.9477727436137335
30.28668487022158 -0.9040883785823874
30.403621877442514 -0.8480553518897865
30.520558884663448 -0.7804390012007815
30.63749589188438 -0.7021628771960442
30.75443289910531 -0.6142961290808848
30.871369906326247 -0.5180389014091384
30.988306913547177 -0.41470594168241887
31.10524392076811 -0.3057086426233202
31.222180927989047 -0.19253576440170717
31.339117935209977 -0.0767331001231054
31.45605494243091 0.04011763767805211
31.57299194965184 0.15642042115740423
31.689928956872777 0.27058670680807484
31.80686596409371 0.38105713288177734
31.92380297131464 0.48632281822543527
32.040739978535576 0.5849459716190367
32.1576769857565 0.6755795301181975
32.274613992977436 0.756985558167542
32.391551000198376 0.8280521561769596
32.5084880074193 0.8878086476119045
32.625425014640236 0.9354388371619801
32.74236202186117 0.970292158898509
32.8592990290821 0.9918925621520087
32.976236036303035 0.9999450137400574
33.09317304352397 0.994339527733668
33.2101100507449 0.9751526677208479
33.327047057965835 0.9426465010483884
33.44398406518677 0.8972650193255747
33.5609210724077 0.8396280740810371
33.67785807962863 0.7705229104037273
33.79479508684957 0.6908934142073462
33.911732094070494 0.6018272199865926
34.02866910129143 0.504540855156185
34.14560610851236 0.40036312388174317
34.262543115733294 0.29071695735740816
34.37948012295423 0.17709997843171793
34.49641713017516 0.0610640460434271
34.613354137396094 -0.05580594113654232
34.73029114461703 -0.17191369234256457
34.84722815183796 -0.28567332795284817
34.96416515905889 -0.3955310405254019
35.08110216627982 -0.4999863177700772
35.19803917350076 -0.5976124375787621
35.31497618072169 -0.6870759551783635
35.43191318794262 -0.76715491623783
35.54885019516356 -0.8367555471618784
35.665787202384486 -0.8949271946039258
35.78272420960542 -0.9408753101442086
35.89966121682635 -0.9739723027792098
36.016598224047286 -0.9937661109917848
36.13353523126822 -0.9999863773186642
36.25047223848915 -0.9925481410788648
36.367409245710085 -0.9715529988251767
36.48434625293102 -0.9372877166684831
36.60128326015195 -0.8902203134287405
36.718220267372885 -0.8309936681116417
36.83515727459381 -0.7604167390244517
36.95209428181475 -0.6794535144663479
37.069031289035685 -0.5892098459124401
37.18596829625661 -0.49091834353275515
37.302905303477544 -0.3859215403537165
37.41984231069848 -0.27565355501758515
37.53677931791941 -0.16162050360243652
37.653716325140344 -0.045379928051608245
37.77065333236128 0.0714804778067394
37.887590339582204 0.1873645540752624
38.004527346803144 0.3006894762385168
38.12146435402408 0.4099073744701088
38.23840136124501 0.51352647550477
38.355338368465944 0.6101314783048668
38.47227537568687 0.6984028852165987
38.5892123829078 0.7771350245776272
38.706149390128736 0.8452525186108754
38.82308639734968 0.9018249716747739
38.94002340457061 0.9460796782476184
39.056960411791536 0.9774121770717152
39.17389741901247 0.9953945073014846
39.2908344262334 0.9997810538873904
39.407771433454336 0.9905119023554343
39.52470844067527 0.9677136571602989
39.641645447896195 0.931697712434523
39.758582455117136 0.8829559987529911
39.87551946233807 0.8221542640064056
39.992456469559 0.7501229801581135
40.109393476779935 0.6678460000861522
40.22633048400086 0.5764471194431292
40.343267491221795 0.4771747270812911
40.46020449844273 0.3713847536979295
40.57714150566367 0.26052215160014797
40.6940785128846 0.14610115855123965
40.81101552010553 0.029684615268526653
40.92795252732646 -0.08713738093138532
41.044889534547394 -0.20276919477671732
41.16182654176833 -0.31563144732589715
41.27876354898926 -0.42418258821275123
41.39570055621019 -0.5269399512029649
41.51263756343112 -0.6225000054705504
41.62957457065206 -0.709557525988356
41.746511577872994 -0.7869234211903142
41.86344858509393 -0.8535409744029271
41.98038559231485 -0.9085002772092587
42.09732259953579 -0.9510506576047072
42.21425960675672 -0.9806109331921617
42.33119661397765 -0.9967773493714192
42.44813362119859 -0.9993290940975487
42.56507062841952 -0.9882313138838618
42.68200763564045 -0.963635589854832
42.798944642861386 -0.9258778673467158
42.91588165008232 -0.8754738673348049
43.03281865730325 -0.8131120423612022
43.14975566452418 -0.7396441731759151
43.26669267174511 -0.656073734528787
43.38362967896605 -0.5635421890203578
43.500566686186986 -0.4633133962196205
43.61750369340792 -0.35675634999966105
43.734440700628845 -0.24532647987663186
43.85137770784978 -0.13054577175112844
43.96831471507071 -0.013981979576707354
44.085251722291645 0.1027727881032479
44.202188729512585 0.21812381427039382
44.31912573673351 0.3304955551746062
44.436062743954444 0.4383531601955626
44.55299975117538 0.5402234358893966
44.66993675839631 0.634714967879281
44.786873765617244 0.7205371257511557
44.90381077283818 0.7965176913726958
45.020747780059104 0.861618869855789
45.13768478728004 0.9149514644737943
45.25462179450098 0.9557870219227448
45.37155880172191 0.9835677820382183
45.488495808942844 0.9979142960677666
45.60543281616377 0.998630609443268
45.7223698233847 0.9857069382633619
45.839306830605636 0.9593198029287104
45.95624383782657 0.91982961710481
46.07318084504751 0.8677757649439497
46.190117852268436 0.8038692338050392
46.30705485948937 0.7289829030986139
46.4239918667103 0.6441396218987876
46.540928873931236 0.55049823816621
46.65786588115217 0.44933777040460127
46.774802888373095 0.34203993794525867
46.89173989559403 0.23007028847290323
47.00867690281497 0.1149581805662072
47.1256139100359 -0.0017241053348406622
47.242550917256835 -0.11838284221794661
47.35948792447776 -0.2334246247195068
47.476424931698695 -0.34527813295237225
47.59336193891963 -0.4524155946748908
47.71029894614056 -0.5533736526562888
47.8272359533615 -0.6467733522174456
47.94417296058243 -0.7313389759434701
48.06110996780336 -0.8059154683107105
48.178046975024294 -0.8694842122304535
48.29498398224523 -0.9211769420226039
48.41192098946616 -0.9602876027862564
48.52885799668709 -0.9862819941837436
48.64579500390802 -0.9988050669167237
48.76273201112895 -0.9976857722339857
48.879669018349894 -0.9829393982330904
48.99660602557083 -0.9547673610450078
49.11354303279175 -0.9135544537538958
49.23048004001269 -0.859863590628167
49.34741704723362 -0.7944281184497831
49.46435405445455 -0.7181417999588895
49.581291061675486 -0.6320466062268362
49.69822806889641 -0.5373184846977546
49.81516507611735 -0.43525129728853695
49.932102083338286 -0.32723914793183734
50.04903909055922 -0.21475734094447127
50.16597609778015 -0.09934223030514114
50.28291310500108 0.017429764926190697
50.39985011222201 0.13396369242542777
50.516787119442945 0.248667851561479
50.633724126663886 0.35997553393961335
50.75066113388482 0.4663664225835707
50.867598141105745 0.5663873574718016
50.98453514832668 0.6586721837977338
51.10147215554761 0.7419604118528734
51.218409162768545 0.8151144336632841
51.33534616998948 0.8771350612226857
51.452283177210404 0.9271751740903166
51.569220184431344 0.9645512899452834
51.68615719165228 0.988752900058743
51.80309419887321 0.9994494421737012
51.920031206094144 0.9964948155519426
52.03696821331507 0.9799293765185267
52.153905220536004 0.9499793872473051
52.27084222775694 0.9070539253163449
52.38777923497788 0.8517392962446555
52.50471624219881 0.7847910253276745
52.62165324941974 0.7071235381524866
52.73859025664067 0.6197976707434434
52.8555272638616 0.5240061799332393
52.972464271082536 0.4210574518686991
53.08940127830347 0.31235763117178866
53.206338285524396 0.1993914148480555
53.32327529274533 0.08370177327248533
53.44021229996627 -0.03313112476238818
53.5571493071872 -0.1495114950800097
53.674086314408136 -0.2638497344390336
53.79102332162906 -0.3745841324290152
53.907960328849995 -0.48020220238667843
54.02489733607093 -0.5792613399802728
54.14183434329186 -0.6704085272929914
54.2587713505128 -0.7523988132734108
54.37570835773373 -0.8241123181342458
54.49264536495466 -0.8845695294417169
54.609582372175595 -0.932944680970852
54.72651937939653 -0.9685770315892612
54.84345638661746 -0.9909798901145273
54.96039339383839 -0.9998472628775273
55.07733040105932 -0.9950580331946857
55.19426740828026 -0.9766776156630371
55.311204415501194 -0.9449570626826237
55.42814142272213 -0.9003296354099228
55.545078429943054 -0.8434048859786211
55.66201543716399 -0.7749603318167988
55.77895244438492 -0.6959308357784924
55.89588945160585 -0.6073958371430415
56.012826458826794 -0.5105646078900702
56.12976346604772 -0.4067597356300726
56.24670047326865 -0.29739905879198864
56.36363748048959 -0.18397630080962937
56.48057448771052 -0.0680406678183582
56.59751149493145 0.048824311469136995
56.71444850215238 0.16502241468846748
56.83138550937331 0.27896652812783856
56.948322516594246 0.3891003246200245
57.065259523815186 0.49391952093059366
57.18219653103612 0.591992424294194
57.299133538257045 0.6819794874602879
57.41607054547798 0.7626516051519551
57.53300755269891 0.832906902032142
57.649944559919845 0.8917857828758279
57.76688156714078 0.9384840393824128
57.883818574361705 0.9723638346064907
58.000755581582645 0.9929624149740957
58.11769258880358 0.999998430889666
58.23462959602451 0.9933757796025842
58.351566603245445 0.9731849178447161
