0.0 0.0
0.09699546264996188 0.09684344335666928
0.19399092529992376 0.19277648609789985
0.2909863879498857 0.2868972860532222
0.3879818505998475 0.37832103748633733
0.48497731324980936 0.46618828892912806
0.5819727758997714 0.5496730226666335
0.6789682385497332 0.6279904199198018
0.775963701199695 0.7004042387275093
0.8729591638496569 0.7662337351702534
0.9699546264996187 0.8248600628708477
1.0669500891495807 0.8757320906120454
1.1639455517995427 0.9183715833811403
1.2609410144495043 0.9523776981358624
1.3579364770994664 0.9774307520280158
1.454931939749428 0.9932952276607431
1.55192740239939 0.9998219871277595
1.648922865049352 0.996949674020932
1.7459183276993138 0.9847052902262898
1.8429137903492756 0.9632039420861513
1.9399092529992374 0.932647758313634
2.0369047156491993 0.8933239898319573
2.1339001782991613 0.8456023094014673
2.2308956409491234 0.7899313364199035
2.3278911035990855 0.7268344195653778
2.4248865662490466 0.6569047169283673
2.5218820288990087 0.5807996198831503
2.6188774915489708 0.49923457311845876
2.715872954198933 0.4129763489236606
2.8128684168488944 0.32283583895720713
2.909863879498856 0.22966043126009514
3.006859342148818 0.13432604417610702
3.10385480479878 0.03772889206592105
3.2008502674487422 -0.059222939776481104
3.297845730098704 -0.15561803180303357
3.3948411927486655 -0.2505501982352837
3.4918366553986275 -0.34312700588674805
3.5888321180485896 -0.43247816370064474
3.685827580698551 -0.5177637041350888
3.7828230433485133 -0.5981818794846262
3.879818505998475 -0.6729766989067887
3.9768139686484374 -0.7414450353000058
4.073809431298399 -0.8029432352229081
4.17080489394836 -0.8568931697168641
4.267800356598323 -0.9027876691494882
4.364795819248284 -0.9401952909875475
4.461791281898247 -0.9687643756786449
4.558786744548208 -0.9882263525133566
4.655782207198171 -0.9983982643902638
4.752777669848132 -0.9991844877491961
4.849773132498093 -0.9905776315040352
4.946768595148056 -0.9726586065244383
5.043764057798017 -0.9455958650133015
5.14075952044798 -0.9096438169303828
5.2377549830979415 -0.8651404383488837
5.334750445747903 -0.812504094228221
5.431745908397866 -0.752229605471296
5.528741371047827 -0.68488359723886
5.625736833697789 -0.6110991722502813
5.7227322963477505 -0.5315699591456734
5.819727758997712 -0.4470435918592111
5.916723221647675 -0.3583146813023932
6.013718684297636 -0.26621734542867553
6.110714146947599 -0.17161736790242804
6.20770960959756 -0.07540405908659771
6.304705072247522 0.021518104138159293
6.4017005348974845 0.11823798113091792
6.498695997547445 0.2138463328922415
6.595691460197408 0.3074443695891035
6.692686922847369 0.39815219984982797
6.789682385497331 0.4851171023994158
6.8866778481472934 0.5675215422756803
6.983673310797255 0.6445908562677926
7.080668773447218 0.7156005353283895
7.177664236097179 0.7798830354991165
7.274659698747141 0.8368340533218471
7.371655161397102 0.8859182067420138
7.468650624047064 0.926674068099332
7.5656460866970265 0.9587185018920433
7.662641549346988 0.9817502665364627
7.75963701199695 0.9955528462625995
7.856632474646911 0.9999964865239221
7.953627937296875 0.9950394137868954
8.050623399946836 0.9807282282333608
8.147618862596797 0.957197465684062
8.24461432524676 0.924668332861561
8.34160978789672 0.8834466278820229
8.438605250546685 0.8339198655247841
8.535600713196645 0.7765536343043405
8.632596175846606 0.7118872195909569
8.729591638496569 0.6405285339258708
8.82658710114653 0.5631484021898888
8.923582563796494 0.4804742553490424
9.020578026446454 0.3932832920608406
9.117573489096417 0.30239517242705694
9.214568951746378 0.20866431257730209
9.311564414396342 0.11297185251997131
9.408559877046303 0.016217372768831173
9.505555339696263 -0.0806895623849444
9.602550802346226 -0.17683795545565903
9.699546264996187 -0.27132393981908515
9.79654172764615 -0.3632592767330553
9.893537190296112 -0.4517797054442685
9.990532652946074 -0.5360530678841572
10.087528115596035 -0.6152871315755253
10.184523578245997 -0.6887370372088747
10.28151904089596 -0.7557123008755905
10.37851450354592 -0.8155833051318061
10.475509966195883 -0.8677872178720909
10.572505428845844 -0.9118332833711223
10.669500891495806 -0.9473074357536286
10.766496354145769 -0.9738761915225147
10.863491816795731 -0.9912897845525269
10.960487279445692 -0.9993845140781612
11.057482742095655 -0.998084283602985
11.154478204745615 -0.9874013162634727
11.251473667395578 -0.9674360399224045
11.34846913004554 -0.9383761430720345
11.445464592695501 -0.9004948104222434
11.542460055345463 -0.8541481547604595
11.639455517995424 -0.7997718692257912
11.736450980645388 -0.7378771314684739
11.83344644329535 -0.6690457981986161
11.930441905945312 -0.5939249352990285
12.027437368595272 -0.5132207349232104
12.124432831245233 -0.42769187676225773
12.221428293895197 -0.3381423958897728
12.318423756545158 -0.24541412423235187
12.41541921919512 -0.15037877672142383
12.512414681845081 -0.05392975652259145
12.609410144495044 0.04302624362064434
12.706405607145006 0.13957776497507884
12.803401069794969 0.23481715120987623
12.90039653244493 0.32784908104321264
12.99739199509489 0.4177989849302649
13.094387457744853 0.5038212666693813
13.191382920394815 0.5851072526372121
13.288378383044778 0.6608927939240671
13.385373845694739 0.7304654499037395
13.482369308344701 0.7931711857068983
13.579364770994662 0.8484205206367791
13.676360233644626 0.8956940697275125
13.773355696294587 0.9345474263502678
13.870351158944548 0.9646153399671147
13.96734662159451 0.9856151497585603
14.06434208424447 0.9973494418461257
14.161337546894435 0.9997079051300818
14.258333009544396 0.9926683682960805
14.355328472194358 0.9762970082420502
14.452323934844319 0.9507477279659868
14.549319397494282 0.9162607097629537
14.646314860144244 0.8731601573323288
14.743310322794205 0.8218512480211646
14.840305785444167 0.762816323854849
14.937301248094128 0.6966103571622329
15.03429671074409 0.623855733421706
15.131292173394053 0.545236400373391
15.228287636044016 0.46149143840013823
15.325283098693976 0.3734081126205545
15.422278561343939 0.28181447200956083
15.5192740239939 0.187571565120292
15.616269486643862 0.0915653455853176
15.713264949293823 -0.0053016565084361795
15.810260411943785 -0.1021188190758301
15.90725587459375 -0.19797598856045082
16.00425133724371 -0.2919720360570375
16.101246799893673 -0.38322332859548247
16.198242262543634 -0.4708720359499291
16.295237725193594 -0.5540941948828901
16.39223318784356 -0.6321074550143674
16.48922865049352 -0.7041784334990704
16.58622411314348 -0.7696296093723035
16.68321957579344 -0.8278456927524718
16.780215038443405 -0.8782794090249957
16.87721050109337 -0.9204566436319647
16.974205963743326 -0.953980899102688
17.07120142639329 -0.9785370224257245
17.16819688904325 -0.9938941677222873
17.265192351693212 -0.9999079663697351
17.362187814343176 -0.9965218841743215
17.459183276993137 -0.9837677528347945
17.5561787396431 -0.9617654707006793
17.65317420229306 -0.9307218756383503
17.750169664943023 -0.8909288006007688
17.847165127592987 -0.8427603301800244
17.944160590242948 -0.7866692839330847
18.04115605289291 -0.7231829595401406
18.13815151554287 -0.6528981758130386
18.235146978192834 -0.5764756621532026
18.332142440842794 -0.49463384720234826
18.429137903492755 -0.4081421050772676
18.52613336614272 -0.3178135226791637
18.623128828792684 -0.2244972560702015
18.72012429144264 -0.12907054777302693
18.817119754092605 -0.0324304800365821
18.914115216742566 0.06451445840623773
19.011110679392527 0.16085291281046946
19.10810614204249 0.2556792298335664
19.20510160469245 0.3481019713524506
19.302097067342416 0.4372522946469309
19.399092529992373 0.522292120169424
19.496087992642337 0.6024220101179698
19.5930834552923 0.6768886837479328
19.690078917942262 0.7449920987729916
19.787074380592223 0.8060920322848829
19.884069843242184 0.8596140993263557
19.981065305892148 0.9050551525382798
20.07806076854211 0.9419880121201781
20.17505623119207 0.9700654816390482
20.272051693842034 0.9890236119348447
20.369047156491995 0.9986841824394965
20.466042619141955 0.998956376583208
20.56303808179192 0.9898376355379636
20.66003354444188 0.971413682272422
20.75702900709184 0.9438577156920576
20.854024469741802 0.9074287824402388
20.951019932391766 0.8624693416665222
21.04801539504173 0.8094020456551676
21.145010857691688 0.7487257665783564
21.242006320341652 0.6810109067255834
21.339001782991613 0.6068940362966291
21.435997245641577 0.5270719091667546
21.532992708291538 0.44229491288050016
21.6299881709415 0.3533600144489367
21.726983633591463 0.2611032682652103
21.82397909624142 0.1663919565695413
21.920974558891384 0.07011643634911212
22.01797002154135 -0.02681823068179866
22.11496548419131 -0.12350078633715551
22.21196094684127 -0.21902234246594227
22.30895640949123 -0.31248492517882676
22.405951872141195 -0.4030099164726407
22.502947334791155 -0.48974631389506934
22.599942797441116 -0.571878730602595
22.69693826009108 -0.6486350606051162
22.79393372274104 -0.7192937371382596
22.890929185391002 -0.7831905159292902
22.987924648040966 -0.8397247195888112
23.084920110690927 -0.8883648844263399
23.18191557334089 -0.9286537566054994
23.27891103599085 -0.9602125906711894
23.375906498640813 -0.9827447100394341
23.472901961290777 -0.9960382959785855
23.569897423940734 -0.999968378863433
23.6668928865907 -0.9944980129829093
23.76388834924066 -0.9796786238573354
23.860883811890623 -0.9556495248001646
23.957879274540584 -0.9226366072689083
24.054874737190545 -0.8809502173169087
24.15187019984051 -0.8309822381089119
24.248865662490466 -0.773202405926973
24.34586112514043 -0.7081538942989458
24.442856587790395 -0.6364482077621259
24.539852050440356 -0.5587594332643866
24.636847513090316 -0.4758179032439779
24.733842975740277 -0.3884033299597658
24.83083843839024 -0.2973374756143069
24.927833901040202 -0.20347642717609998
25.024829363690163 -0.10770254852339792
25.121824826340127 -0.010916185565493683
25.218820288990088 0.08597279768049887
25.31581575164005 0.18205357249021092
25.412811214290013 0.2764229079015204
25.509806676939974 0.36819366175942103
25.606802139589938 0.4565031205141358
25.703797602239895 0.5405211093720633
25.80079306488986 0.619457796558209
25.897788527539824 0.6925711183240657
25.99478399018978 0.7591737549004706
26.091779452839745 0.8186395918162068
26.188774915489706 0.8704096058411015
26.28577037813967 0.9139971202214626
26.38276584078963 0.9489923798046208
26.47976130343959 0.9750664030430651
26.576756766089556 0.9919740746664124
26.673752228739517 0.9995564499478116
26.770747691389477 0.9977422489029566
26.86774315403944 0.9865485263751127
26.964738616689402 0.966080511706869
27.061734079339363 0.9365306195058114
27.158729541989324 0.8981766408036664
27.255725004639288 0.8513791316133608
27.352720467289252 0.7965780234335201
27.44971592993921 0.7342884875641815
27.546711392589174 0.6650960921122235
27.643706855239135 0.5896512972143416
27.740702317889095 0.5086633402264761
27.83769778053906 0.4228935683635645
27.93469324318902 0.33314828146774544
28.031688705838985 0.24027115218829823
28.12868416848894 0.14513529482936596
28.225679631138906 0.04863505742408843
28.32267509378887 -0.04832238580407294
28.41967055643883 -0.14482556255583678
28.51666601908879 -0.23996727097570236
28.613661481738752 -0.33285310802617823
28.710656944388717 -0.42260987754359086
28.807652407038677 -0.5083937989334385
28.904647869688638 -0.5893984393374833
29.001643332338602 -0.6648622947042284
29.098638794988563 -0.7340759484950988
29.195634257638524 -0.796388740729164
29.292629720288488 -0.85121488467236
29.38962518293845 -0.8980389736697976
29.48662064558841 -0.9364208263528382
29.58361610823837 -0.9659996246723381
29.680611570888335 -0.9864973058574933
29.7776070335383 -0.9977211764133251
29.874602496188256 -0.9995657235832915
29.97159795883822 -0.9920136072479117
30.06859342148818 -0.9751358229348259
30.165588884138142 -0.9490910344078711
30.262584346788106 -0.9141240821093314
30.359579809438067 -0.8705636814771286
30.45657527208803 -0.8188193327744654
30.55357073473799 -0.7593774714818675
30.650566197387953 -0.6927968954407486
30.747561660037917 -0.6197035117368497
30.844557122687878 -0.5407844527066752
30.94155258533784 -0.4567816163809062
31.0385480479878 -0.36848469208944296
31.135543510637763 -0.27672373679256845
31.232538973287724 -0.18236137192628932
31.32953443593769 -0.08628467411727464
31.426529898587646 0.01060316399918762
31.52352536123761 0.10739132446381112
31.62052082388757 0.20316992636157433
31.717516286537535 0.2970385793811604
31.8145117491875 0.3881148481555714
31.911507211837456 0.4755425478129073
32.00850267448742 0.558499792752918
32.10549813713738 0.6362067229847685
32.202493599787346 0.7079328353927586
32.29948906243731 0.77300385101059
32.39648452508727 0.8308080537466745
32.493479987737224 0.880802040971765
32.59047545038719 0.9225158319090515
32.68747091303715 0.9555572858040786
32.78446637568712 0.9796157883403949
32.881461838337074 0.9944651716458501
32.97845730098704 0.9999658404393249
33.075452763637 0.996066084330508
33.17244822628696 0.9828025639361496
33.269443688936924 0.9602999662429075
33.36643915158688 0.9287698324566614
33.463434614236846 0.8885085693573491
33.56043007688681 0.8398946628541213
33.657425539536774 0.7833851199354265
33.75442100218674 0.7195111724623818
33.85141646483669 0.6488732831929753
33.94841192748665 0.5721355009841371
34.04540739013662 0.49001921823714695
34.14240285278658 0.40329638927084377
34.239398315436546 0.31278227337513875
34.3363937780865 0.21932777076549126
34.43338924073647 0.1238114234860609
34.530384703386424 0.027131156459123857
34.62738016603639 -0.06980416367912878
34.72437562868635 -0.1660832726029617
34.82137109133631 -0.26080107486160703
34.918366553986274 -0.35306715245174836
35.01536201663624 -0.4420141354109866
35.1123574792862 -0.5268058557425966
35.20935294193617 -0.6066452080184939
35.30634840458612 -0.6807816427649104
35.40334386723608 -0.7485182221874216
35.500339329886046 -0.8092181719060839
35.59733479253601 -0.8623108671097012
35.694330255185974 -0.907297196854741
35.79132571783593 -0.9437542560805519
35.888321180485896 -0.9713393212324426
35.98531664313585 -0.98979307211876
36.08231210578582 -0.9989420297141673
36.17930756843578 -0.9987001869918906
36.27630303108574 -0.9890698174539415
36.3732984937357 -0.9701414537584975
36.47029395638567 -0.9420930366453786
36.56728941903563 -0.9051882421603428
36.66428488168559 -0.8597740029035499
36.761280344335546 -0.8062772466042893
36.85827580698551 -0.7452008826818286
36.955271269635475 -0.6771190745216985
37.05226673228544 -0.6026718419115151
37.1492621949354 -0.5225590443775081
37.24625765758537 -0.43753380198285874
37.34325312023532 -0.3483954154372715
37.44024858288528 -0.2559818520739494
37.537244045535246 -0.16116186833159377
37.63423950818521 -0.06482684279571187
37.731234970835175 0.03211760342506665
37.82823043348513 0.1287601202130224
37.925225896135096 0.22419219581237348
38.02222135878505 0.31751669751750544
38.11921682143502 0.4078563053897454
38.21621228408498 0.4943617597192423
38.31320774673494 0.5762198446998327
38.4102032093849 0.6526610332643165
38.50719867203487 0.7229667212129415
38.60419413468483 0.7864759826290038
38.70118959733479 0.8425917830755236
38.798185059984746 0.8907865921643703
38.89518052263471 0.9306073427354513
38.992175985284675 0.961679690026014
39.08917144793464 0.9837115307906966
39.1861669105846 0.9964957492899492
39.28316237323456 0.9999121643324983
39.380157835884525 0.9939286590682044
39.47715329853448 0.978601482910413
39.574148761184446 0.9540747227495024
39.67114422383441 0.9205789484286271
39.76813968648437 0.8784290452151802
39.86513514913433 0.8280212536443551
39.962130611784296 0.7698294445625263
40.05912607443426 0.7044006643877616
40.15612153708422 0.6323499924653879
40.253116999734175 0.5543547588632641
40.35011246238414 0.4711481769638444
40.4471079250341 0.3835124507113992
40.54410338768407 0.29227142131137607
40.64109885033403 0.19828282250846557
40.73809431298399 0.10243021724951525
40.835089775633946 0.005614691532645774
40.93208523828391 -0.09125361647335276
41.029080700933875 -0.18726407240678108
41.12607616358384 -0.2815141063554106
41.223071626233796 -0.3731176976869865
41.32006708888376 -0.46121370430419395
41.417062551533725 -0.5449739580227678
41.51405801418368 -0.6236110499702832
41.611053476833646 -0.6963857328170002
41.708048939483604 -0.7626138702522239
41.80504440213357 -0.8216728683760514
41.90203986478353 -0.8730075285464682
41.999035327433496 -0.9161352666607969
42.09603079008346 -0.9506506498062778
42.19302625273342 -0.9762292076319117
42.290021715383375 -0.9926304826118292
42.38701717803334 -0.9997002905254149
42.484012640683304 -0.9973721699040072
42.58100810333327 -0.9856680068182899
42.678003565983225 -0.9646978291328997
42.77499902863319 -0.9346587721624084
42.871994491283154 -0.895833225452307
42.96898995393311 -0.8485861781066054
43.065985416583075 -0.7933617876179496
43.16298087923303 -0.7306792044558632
43.259976341883 -0.6611276916650005
43.35697180453296 -0.5853610853529513
43.453967267182925 -0.5040916481430318
43.55096272983289 -0.41808337337426216
43.64795819248284 -0.3281448029940331
43.744953655132804 -0.23512142666055227
43.84194911778277 -0.13988773350937783
43.93894458043273 -0.0433389913030987
44.0359400430827 0.05361716975351522
44.132935505732654 0.15006928941454814
44.22993096838262 0.24511064579925268
44.326926431032575 0.33784777925411946
44.42392189368254 0.427408891540221
44.520917356332504 0.5129520413869952
44.61791281898246 0.593673059368322
44.714908281632425 0.6688131076950778
44.81190374428239 0.7376658138564316
44.908899206932354 0.7995839110484442
45.00589466958231 0.8539853229648948
45.10289013223227 0.9003586357488166
45.19988559488223 0.9382679056642695
45.2968810575322 0.9673567572926814
45.39387652018216 0.9873517337276576
45.490871982832125 0.9980648672739043
45.58786744548208 0.999395446483793
45.68486290813204 0.9913309629201031
45.781858370782004 0.9739472287446594
45.87885383343197 0.9474076640274576
45.97584929608193 0.9119617604760883
46.07284475873189 0.867942736027562
46.169840221381854 0.8157644023510975
46.26683568403182 0.7559172747097359
46.36383114668178 0.6889639607509178
46.46082660933174 0.6155338715748849
46.5578220719817 0.5363173048007637
46.65481753463166 0.4520589552539734
46.751812997281625 0.36355091427931746
46.84880845993159 0.2716252234914032
46.945803922581554 0.1771460529627437
47.04279938523151 0.0810015773803886
47.13979484788147 -0.01590437345875814
47.23679031053143 -0.11266081132229733
47.3337857731814 -0.20835815351132708
47.43078123583136 -0.3020967736164076
47.52777669848132 -0.3929954586769424
47.62477216113128 -0.48019969324044387
47.72176762378125 -0.5628896924452385
47.818763086431204 -0.64028810860977
47.91575854908117 -0.7116673388807454
48.012754011731126 -0.7763563652427277
48.10974947438109 -0.8337470625881218
48.206744937031054 -0.8832999155468291
48.30374039968102 -0.9245490903332395
48.40073586233098 -0.9571068139313361
