0.0 0.0
0.07732039347989217 0.07724337390896682
0.15464078695978434 0.15402518271289697
0.23196118043967653 0.2298866193730501
0.3092815739195687 0.3043743765025486
0.38660196739946084 0.3770433550889654
0.46392236087935307 0.44745932416805395
0.5412427543592452 0.5152015155558332
0.6185631478391374 0.5798651381342951
0.6958835413190295 0.6410637966667084
0.7732039347989217 0.6984318006889707
0.850524328278814 0.7516263496803087
0.9278447217587061 0.8003295814559153
1.0051651152385983 0.8442504715414243
1.0824855087184904 0.8831265721795754
1.1598059021983826 0.9167255805776967
1.2371262956782747 0.9448467270249948
1.314446689158167 0.9673219745850071
1.391767082638059 0.9840170231944947
1.4690874761179513 0.9948321121688178
1.5464078695978434 0.9997026163184517
1.6237282630777357 0.9985994321145674
1.701048656557628 0.9915291515961601
1.77836905003752 0.9785340229795488
1.8556894435174123 0.9596916982056233
1.933009836997304 0.9351147689333609
2.0103302304771966 0.9049500937522681
2.0876506239570887 0.8693779206339678
2.1649710174369807 0.8286108098666869
2.2422914109168732 0.7828923639086183
2.3196118043967653 0.7324957717498706
2.3969321978766573 0.6777221764811202
2.4742525913565494 0.6188988758235059
2.551572984836442 0.5563773663724326
2.628893378316334 0.49053124324184383
2.706213771796226 0.42175396765955714
2.783534165276118 0.3504565158533288
2.8608545587560106 0.2770649232766404
2.9381749522359026 0.20201773884860644
3.0154953457157947 0.12576340442009715
3.0928157391956868 0.048757575124994595
3.1701361326755793 -0.028539603371276413
3.2474565261554713 -0.10566624445623074
3.324776919635363 -0.18216148055777792
3.402097313115256 -0.2575682170424353
3.4794177065951475 -0.33143586356847043
3.55673810007504 -0.40332302657288827
3.634058493554932 -0.4728001468033686
3.7113788870348245 -0.5394520661347039
3.7886992805147166 -0.602880508331791
3.866019673994608 -0.6627064589354801
3.943340067474501 -0.7185724300503468
4.020660460954393 -0.7701445965012229
4.097980854434286 -0.8171147905939726
4.175301247914177 -0.8592023435608694
4.252621641394069 -0.8961557626870981
4.3299420348739615 -0.9277542340967584
4.407262428353854 -0.9538089422185315
4.4845828218337465 -0.9741641980465862
4.561903215313638 -0.9886983694548399
4.639223608793531 -0.9973246080055155
4.716544002273423 -0.9999913679089709
4.793864395753315 -0.9966827140337815
4.871184789233207 -0.9874184171265646
4.948505182713099 -0.9722538356725688
5.025825576192991 -0.951279585102962
5.103145969672884 -0.9246209963254624
5.180466363152775 -0.892437366813841
5.257786756632668 -0.8549210087313838
5.3351071501125595 -0.8122960997762243
5.412427543592452 -0.7648173436152711
5.4897479370723445 -0.712768447911272
5.567068330552236 -0.6564604290375023
5.644388724032129 -0.5962297536101977
5.721709117512021 -0.5324363279439482
5.799029510991913 -0.46546134744398127
5.876349904471805 -0.39570501878621966
5.953670297951697 -0.32358416849615873
6.030990691431589 -0.24952975221639606
6.108311084911482 -0.17398427954612317
6.1856314783913735 -0.09739916984034214
6.262951871871265 -0.020232054769145247
6.3402722653511585 0.057055956244476035
6.41759265883105 0.1340030313680089
6.494913052310943 0.21014937601954775
6.572233445790834 0.28503998035438016
6.649553839270726 0.3582273381605593
6.726874232750619 0.42927412091676953
6.804194626230512 0.4977557910337513
6.881515019710403 0.5632631386639665
6.958835413190295 0.625404726920865
7.0361558066701875 0.68380923089644
7.11347620015008 0.7381276565003513
7.1907965936299725 0.7880354258620254
7.268116987109864 0.8332343168344757
7.345437380589756 0.8734542450104135
7.422757774069649 0.9084548776022664
7.500078167549542 0.9380270695424233
7.577398561029433 0.9619941132223442
7.654718954509325 0.9802127944027527
7.732039347989216 0.9925742479853613
7.80935974146911 0.9990046085324952
7.886680134949002 0.9994654516474563
7.964000528428894 0.9939540235781752
8.041320921908786 0.9825032576721605
8.118641315388677 0.9651815775844229
8.195961708868571 0.9420924884142919
8.273282102348462 0.913373958214286
8.350602495828355 0.8791975935667867
8.427922889308247 0.839767614154856
8.505243282788138 0.7953196324545931
8.582563676268032 0.7461192458409404
8.659884069747923 0.6924604495197813
8.737204463227815 0.634663879769757
8.814524856707708 0.5730748979913023
8.891845250187599 0.5080615270115572
8.969165643667493 0.4400122519767045
9.046486037147385 0.36933369897245244
9.123806430627276 0.29644820524393095
9.201126824107169 0.2217912955341146
9.278447217587061 0.14580907962081646
9.355767611066954 0.06895558660315726
9.433088004546846 -0.00830994813358662
9.510408398026737 -0.08552582706311802
9.58772879150663 -0.162230649375701
9.665049184986522 -0.23796606806270557
9.742369578466414 -0.3122795287532874
9.819689971946307 -0.3847269739373524
9.897010365426198 -0.4548754964158241
9.97433075890609 -0.5223059261226222
10.051651152385983 -0.586615334860862
10.128971545865875 -0.6474194439863445
10.206291939345768 -0.7043549206512809
10.283612332825658 -0.7570815488871373
10.36093272630555 -0.8052842625533745
10.438253119785443 -0.8486750280042493
10.515573513265336 -0.886994565223892
10.592893906745228 -0.9200138971450579
10.670214300225119 -0.947535717893661
10.747534693705012 -0.9693955717831915
10.824855087184904 -0.98546283601397
10.902175480664797 -0.9956415012051653
10.979495874144689 -0.9998707450955221
11.05681626762458 -0.9981252959846775
11.134136661104472 -0.9904155837433297
11.211457054584365 -0.9767876774899079
11.288777448064257 -0.9573230103061506
11.36609784154415 -0.9321378926365468
11.443418235024042 -0.9013828172793037
11.520738628503933 -0.8652415601218454
11.598059021983826 -0.8239300819943599
11.675379415463718 -0.7776952382033446
11.75269980894361 -0.7268133034562704
11.830020202423503 -0.6715883209916379
11.907340595903394 -0.6123502857791396
11.984660989383286 -0.5494531726461446
12.061981382863179 -0.4832728211133869
12.139301776343071 -0.41420468957892376
12.216622169822964 -0.3426614922701783
12.293942563302855 -0.26907073308437174
12.371262956782747 -0.19387215105378797
12.44858335026264 -0.11751509270042876
12.52590374374253 -0.04045582698143255
12.603224137222425 0.03684518113028088
12.680544530702317 0.1139260221384875
12.757864924182208 0.19032610214786894
12.8351853176621 0.2655888951268768
12.912505711141991 0.3392646708632095
12.989826104621885 0.4109131823111321
13.067146498101778 0.4801062962724297
13.144466891581668 0.5464305516915172
13.221787285061563 0.609489630277654
13.299107678541452 0.6689067246911455
13.376428072021346 0.7243267901425754
13.453748465501238 0.7754186659506175
13.53106885898113 0.8218770543812337
13.608389252461023 0.8634243449437066
13.685709645940914 0.8998122732424987
13.763030039420807 0.930823404472563
13.8403504329007 0.9562724326934772
13.91767082638059 0.9760072881186763
13.994991219860484 0.9899100458031954
14.072311613340375 0.9978976303000892
14.149632006820267 0.9999223120748918
14.22695240030016 0.9959719927117938
14.30427279378005 0.9860702772073084
14.381593187259945 0.9702763329194305
14.458913580739836 0.9486845360151419
14.536233974219728 0.9214239075288904
14.61355436769962 0.8886573424018716
14.690874761179511 0.8505806361089496
14.768195154659406 0.8074213146895753
14.845515548139298 0.7594372751738286
14.922835941619189 0.7069152445276402
15.000156335099083 0.6501690663257386
15.077476728578972 0.5895378253902542
15.154797122058866 0.5253838216010869
15.232117515538759 0.45809040498555126
15.30943790901865 0.38805968502355
15.386758302498544 0.31571012785630526
15.464078695978433 0.24147405575644662
15.541399089458327 0.165795063801215
15.61871948293822 0.08912536918548047
15.69603987641811 0.011923109013535622
15.773360269898005 -0.06535039728329958
15.850680663377895 -0.1422334045449415
15.928001056857788 -0.2182665010247765
16.005321450337682 -0.29299535358862094
16.082641843817573 -0.3659734225666263
16.159962237297464 -0.43676463003562166
16.237282630777354 -0.5049459655876256
16.31460302425725 -0.5701100140138919
16.391923417737143 -0.6318673898003678
16.469243811217034 -0.6898490638873506
16.546564204696924 -0.743708568789856
16.623884598176815 -0.7931240689020647
16.70120499165671 -0.8378002836148402
16.778525385136604 -0.8774702517547744
16.855845778616494 -0.9118969268014373
16.933166172096385 -0.9408745933506497
17.010486565576276 -0.9642300963597504
17.08780695905617 -0.9818238758295579
17.165127352536064 -0.993550800740308
17.242447746015955 -0.999340797258424
17.319768139495846 -0.9991592674602814
17.397088532975737 -0.9930072960709009
17.47440892645563 -0.9809216439822109
17.551729319935525 -0.9629745285896136
17.629049713415416 -0.9392731922594398
17.706370106895307 -0.9099592615059015
17.783690500375197 -0.8752079007067642
17.86101089385509 -0.8352267654146737
17.938331287334986 -0.790254761518599
18.015651680814877 -0.7405606176699664
18.09297207429477 -0.6864412795039044
18.170292467774658 -0.6282201352509059
18.247612861254552 -0.566245083341629
18.324933254734447 -0.5008864535519102
18.402253648214337 -0.4325347941099993
18.47957404169423 -0.3615985379891432
18.556894435174122 -0.28850156233052443
18.634214828654013 -0.21368065558006524
18.711535222133907 -0.13758290747420876
18.788855615613798 -0.060663037470697324
18.866176009093692 0.01661932241182015
18.943496402573583 0.09380237410896546
19.020816796053474 0.17042491296899262
19.098137189533368 0.2460290836651973
19.17545758301326 0.3201631160945508
19.252777976493153 0.3923840249143252
19.330098369973044 0.4622602565856366
19.407418763452934 0.5293742681066905
19.48473915693283 0.5933250220265152
19.56205955041272 0.6537303828303487
19.639379943892614 0.7102294003771911
19.716700337372504 0.7624844667448454
19.794020730852395 0.8101833335943811
19.87134112433229 0.8530409779992577
19.94866151781218 0.8908013055899441
20.025981911292074 0.9232386808369659
20.103302304771965 0.9501592753281816
20.180622698251856 0.9714022259837557
20.25794309173175 0.9868405962879149
20.33526348521164 0.9963821347936997
20.412583878691535 0.9999698263682942
20.489904272171426 0.9975822328849738
20.567224665651317 0.9892336213258909
20.64454505913121 0.9749738785302148
20.7218654526111 0.9548882130970567
20.799185846090996 0.9290966462244311
20.876506239570887 0.8977532945267526
20.953826633050777 0.8610454491163371
21.03114702653067 0.8191924564518511
21.108467420010562 0.7724444076411525
21.185787813490457 0.7210806440305253
21.263108206970347 0.6654080880101578
21.340428600450238 0.6057594090100175
21.417748993930132 0.5424910356452007
21.495069387410023 0.47598102588910096
21.572389780889917 0.40662680800106316
21.649710174369808 0.3348428057076125
21.7270305678497 0.2610579618278098
21.804350961329593 0.18571317514030455
21.881671354809484 0.1092586658079666
21.958991748289378 0.03215128510287472
22.03631214176927 -0.045148214492606246
22.11363253524916 -0.12217793249634762
22.190952928729054 -0.19847758049677675
22.268273322208945 -0.27359123259032525
22.34559371568884 -0.3470700497508965
22.42291410916873 -0.41847496185189065
22.500234502648624 -0.48737929131456337
22.577554896128515 -0.553371302705091
22.654875289608405 -0.6160566630454153
22.7321956830883 -0.6750607981362833
22.80951607656819 -0.7300311308123925
22.886836470048085 -0.7806391877550466
22.964156863527975 -0.8265825622730736
23.041477257007866 -0.8675867213235491
23.11879765048776 -0.903406645974477
23.19611804396765 -0.9338282955069258
23.273438437447545 -0.9586698864079413
23.350758830927436 -0.9777829786116194
23.428079224407327 -0.9910533624975875
23.50539961788722 -0.998401741346629
23.582720011367112 -0.9997842051754829
23.660040404847006 -0.9951924931194296
23.737360798326897 -0.9846540427948007
23.814681191806788 -0.9682318263464529
23.892001585286682 -0.9460239741598966
23.969321978766573 -0.9181631884865815
24.046642372246467 -0.8848159504861818
24.123962765726358 -0.8461815254242038
24.20128315920625 -0.8024907719692844
24.278603552686143 -0.7540047627052177
24.355923946166033 -0.7010132241007812
24.433244339645928 -0.6438328052592425
24.51056473312582 -0.5828051857926307
24.58788512660571 -0.5182950341270333
24.665205520085603 -0.4506878284390546
24.742525913565494 -0.3803875532443356
24.81984630704539 -0.3078142854020527
24.89716670052528 -0.23340168396022287
24.974487094005173 -0.1575943988410583
25.05180748748506 -0.08084541385078967
25.129127880964955 -0.0036133398905817543
25.20644827444485 0.07364032545697409
25.28376866792474 0.15045395559070288
25.361089061404634 0.22636855332461733
25.43840945488452 0.3009304936096749
25.515729848364415 0.37369423415458575
25.59305024184431 0.44422497774829606
25.6703706353242 0.5121012703756854
25.747691028804095 0.5769175196014402
25.825011422283982 0.6382864181735766
25.902331815763876 0.695841258364543
25.97965220924377 0.7492381232205068
26.056972602723665 0.7981579416252197
26.134292996203556 0.8423083948984144
26.211613389683443 0.8814256635359554
26.288933783163337 0.9152760036541495
26.36625417664323 0.9436571437182126
26.443574570123126 0.9663994932088315
26.520894963603016 0.9833671560044325
26.598215357082903 0.9944587424237515
26.675535750562798 0.9996079750763601
26.752856144042692 0.9987840849009137
26.830176537522586 0.9919919950246159
26.907496931002477 0.9792722913452409
26.984817324482364 0.9607009800115077
27.06213771796226 0.9363890332509667
27.139458111442153 0.9064817262593068
27.216778504922047 0.8711577691134497
27.294098898401938 0.8306282388956796
27.37141929188183 0.7851353184098443
27.44873968536172 0.7349508490264052
27.526060078841613 0.6803747063037403
27.603380472321508 0.6217330080921414
27.6807008658014 0.5593761658278914
27.75802125928129 0.4936767906618597
27.83534165276118 0.4250274669344856
27.912662046241074 0.3538384063016452
27.98998243972097 0.2805349965291219
28.06730283320086 0.20555525960274112
28.14462322668075 0.12934723434316056
28.22194362016064 0.052366299165427524
28.299264013640535 -0.024927549018972348
28.37658440712043 -0.10207244349771445
28.45390480060032 -0.17860740762618252
28.53122519408021 -0.2540751093774471
28.6085455875601 -0.3280245941139396
28.685865981039996 -0.40001397925127435
28.76318637451989 -0.46961309471231494
28.84050676799978 -0.5364060533935756
28.91782716147967 -0.5999937362842074
28.995147554959562 -0.6599961773878127
29.072467948439456 -0.7160548341960994
29.14978834191935 -0.767834730147212
29.22710873539924 -0.815026456266579
29.304429128879132 -0.8573480200295258
29.381749522359023 -0.8945465303978313
29.459069915838917 -0.9263997089613695
29.53639030931881 -0.952717218155045
29.613710702798706 -0.9733417986143252
29.691031096278596 -0.9881502088731229
29.768351489758484 -0.9970539617889096
29.845671883238378 -0.9999998532945691
29.922992276718272 -0.9969702803174557
30.000312670198166 -0.987983345965948
30.077633063678057 -0.9730927513549512
30.154953457157944 -0.9523874747167455
30.23227385063784 -0.9259912397146357
30.309594244117733 -0.8940617761364977
30.386914637597627 -0.856789877385887
30.464235031077518 -0.814398260402669
30.541555424557405 -0.7671402348256571
30.6188758180373 -0.7152981893496335
30.696196211517194 -0.6591819043215054
30.773516604997088 -0.5991267006585566
30.85083699847698 -0.5354914361499303
30.928157391956866 -0.468656361114335
31.00547778543676 -0.3990208462274296
31.082798178916654 -0.32700099609621125
31.16011857239655 -0.2530271628403287
31.23743896587644 -0.17754137453790847
31.31475935935633 -0.10099469390207569
31.39207975283622 -0.02384452297134729
31.469400146316115 0.0534481300804115
31.54672053979601 0.13042140568234975
31.6240409332759 0.2066153526925046
31.70136132675579 0.28157467681992404
31.77868172023568 0.3548514612199202
31.856002113715576 0.4260078430056654
31.93332250719547 0.494618629682695
32.010642900675364 0.5602738398719387
32.08796329415525 0.6225811531392406
32.165283687635146 0.6811682542925457
32.24260408111504 0.7356850581383985
32.31992447459493 0.7858058014039082
32.39724486807482 0.8312309893239134
32.47456526155471 0.871689185261545
32.5518856550346 0.9069386326684814
32.6292060485145 0.9367686996928
32.70652644199439 0.9610011378023284
32.783846835474286 0.979491146902569
32.86116722895417 0.9921282405846475
32.93848762243407 0.9988369063330252
33.01580801591396 0.9995770567479136
33.09312840939385 0.9943442690861485
33.17044880287374 0.9831698116891348
33.24776919635363 0.9661204571399606
33.325089589833524 0.9432980832661317
33.40240998331342 0.9148390643721519
33.47973037679331 0.8809134563395846
33.55705077027321 0.8417239804640255
33.634371163753094 0.7975048121010264
33.71169155723299 0.748520181359354
33.78901195071288 0.6950627942031525
33.86633234419277 0.6374520833975834
33.943652737672664 0.5760322997493857
34.02097313115255 0.5111704550481426
34.098293524632446 0.44325412900000166
34.17561391811234 0.3726891532586074
34.252934311592234 0.29989718639208995
34.33025470507213 0.22531319427690322
34.407575098552016 0.1493828509743047
34.48489549203191 0.072559875620413
34.562215885511804 -0.004696678756731314
34.63953627899169 -0.08192516829265344
34.716856672471586 -0.1586641168233864
34.79417706595147 -0.23445497342025354
34.87149745943137 -0.3088448524451145
34.94881785291126 -0.38138923975275874
35.026138246391156 -0.4516546488698101
35.10345863987105 -0.5192212112781253
35.18077903335094 -0.5836851853245733
35.25809942683083 -0.6446613687653218
35.335419820310726 -0.7017854005284657
35.41274021379061 -0.7547159379410103
35.49006060727051 -0.8031366964102016
35.567381000750395 -0.8467583393711221
35.64470139423029 -0.8853202072073465
35.72202178771018 -0.918591874813421
35.79934218119008 -0.946374528492116
35.87666257466997 -0.9685021539587821
35.95398296814986 -0.984842528353956
36.03130336162975 -0.9952980103364826
36.10862375510965 -0.9998061235359578
36.18594414858954 -0.9983399298781216
36.26326454206943 -0.9909081905523877
36.340584935549316 -0.9775553136596573
36.41790532902921 -0.9583610888532492
36.495225722509105 -0.9334402105585958
36.572546115989 -0.9029415926206728
36.64986650946889 -0.8670474784744778
36.72718690294878 -0.8259723521557023
36.804507296428675 -0.7799616566587895
36.88182768990857 -0.7292903273008472
36.95914808338846 -0.6742611488551685
37.03646847686835 -0.6152029462713181
37.113788870348245 -0.5524686197930136
37.19110926382813 -0.48643303621498324
37.268429657308026 -0.4174907888793735
37.34575005078792 -0.346053839796944
37.423070444267815 -0.2725490579823183
37.5003908377477 -0.1974156687129875
37.577711231227596 -0.12110262895385138
37.65503162470749 -0.0440659446304685
37.732352018187385 0.03323405421858325
37.80967241166727 0.11033546412789216
37.886992805147166 0.18677756829339795
37.96431319862705 0.2621035895696456
38.04163359210695 0.3358634199258508
38.11895398558684 0.40761631005079735
38.196274379066736 0.4769335030351064
38.27359477254662 0.543400796393283
38.35091516602652 0.6066210171163441
38.42823555950641 0.6662163949653388
38.505555952986306 0.7218308198243496
38.58287634646619 0.7731319696241438
