0.0 0.0
0.09721547685441023 0.09706242106660776
0.19443095370882046 0.19320824208259652
0.29164643056323075 0.28752951882566447
0.38886190741764093 0.37913553698962477
0.48607738427205116 0.46716122356307516
0.5832928611264615 0.5507753160668569
0.6805083379808717 0.62918821250486
0.7777238148352819 0.7016594278978884
0.8749392916896921 0.7675045869854888
0.9721547685441023 0.8261018870608104
1.0693702453985126 0.8768979699073063
1.166585722252923 0.9194131473861814
1.263801199107333 0.9532459313272358
1.3610166759617435 0.9780768249454919
1.4582321528161535 0.9936713399797118
1.5554476296705637 0.9998822110607377
1.6526631065249742 0.996650786398467
1.7498785833793842 0.9840075816546404
1.8470940602337946 0.9620719917709957
1.9443095370882046 0.9310511634741112
2.041525013942615 0.8912380391043354
2.138740490797025 0.8430085902417264
2.2359559676514356 0.7868182672529962
2.333171444505846 0.723197698287843
2.430386921360256 0.6527476783407978
2.527602398214666 0.5761334956989234
2.6248178750690765 0.4940786493530334
2.722033351923487 0.40735801670148375
2.819248828777897 0.31679053606669283
2.916464305632307 0.22323147312637626
3.0136797824867174 0.12756434429074248
3.1108952593411274 0.030692573296494212
3.208110736195538 -0.06646904019218279
3.3053262130499483 -0.1630029594101498
3.402541689904358 -0.25799757516541066
3.4997571667587684 -0.35055581453671725
3.596972643613179 -0.43980361229923026
3.6941881204675893 -0.5248981650791228
3.7914035973219993 -0.6050358902897626
3.8886190741764093 -0.6794600146899987
3.98583455103082 -0.7474677209026959
4.08305002788523 -0.8084167844060237
4.18026550473964 -0.8617316383216953
4.27748098159405 -0.9069088087278697
4.374696458448461 -0.9435216691688485
4.471911935302871 -0.9712244694627924
4.569127412157281 -0.9897556007617799
4.666342889011692 -0.9989400660309135
4.763558365866102 -0.99869113261673
4.860773842720512 -0.9890111512990428
4.9579893195749225 -0.9699915340915671
5.055204796429332 -0.9418118910009727
5.152420273283743 -0.9047383338962953
5.249635750138153 -0.8591209635059682
5.3468512269925625 -0.8053905632737726
5.444066703846974 -0.7440545312949888
5.5412821807013835 -0.6756920887491313
5.638497657555794 -0.6009488100779792
5.735713134410204 -0.5205305265626877
5.832928611264614 -0.43519666087096776
5.930144088119024 -0.34575305551893293
6.027359564973435 -0.25304436297138244
6.124575041827845 -0.15794606924389384
6.221790518682255 -0.06135622633111764
6.319005995536665 0.03581302846468159
6.416221472391076 0.13264408621838333
6.513436949245485 0.2282225317375445
6.610652426099897 0.32164577875821254
6.707867902954306 0.412031593435327
6.805083379808716 0.49852642563694494
6.902298856663127 0.5803134693664413
6.999514333517537 0.6566203761948473
7.096729810371948 0.7267265488622484
7.193945287226358 0.789969946171756
7.291160764080767 0.8457533349146977
7.3883762409351785 0.8935499297875183
7.485591717789588 0.9329083680403648
7.5828071946439985 0.9634569718797276
7.680022671498409 0.9849072583735117
7.777238148352819 0.9970566637130881
7.874453625207228 0.9997904561059994
7.97166910206164 0.9930828192350941
8.06888457891605 0.9769970960525456
8.16610005577046 0.9516851906065044
8.263315532624869 0.9173861335491863
8.36053100947928 0.874423824872878
8.457746486333692 0.8232039751901382
8.5549619631881 0.7642102744429268
8.65217744004251 0.6979998242210927
8.749392916896921 0.6251978768247336
8.84660839375133 0.5464919307515742
8.943823870605742 0.4626252383680965
9.041039347460153 0.3743897870741576
9.138254824314561 0.28261882024277146
9.235470301168972 0.1881789685629145
9.332685778023384 0.0919620660922885
9.429901254877793 -0.005123271695616781
9.527116731732203 -0.10216022833823678
9.624332208586614 -0.19823244425589776
9.721547685441024 -0.29243267030927755
9.818763162295435 -0.38387133532324963
9.915978639149845 -0.4716849466704992
10.013194116004255 -0.5550442445847703
10.110409592858664 -0.6331620331992355
10.207625069713075 -0.7053006143583039
10.304840546567487 -0.7707787540023325
10.402056023421896 -0.8289781153388432
10.499271500276306 -0.8793490980491904
10.596486977130716 -0.9214160283886355
10.693702453985125 -0.9547816511676329
10.790917930839537 -0.9791308811946953
10.888133407693948 -0.9942337787544286
10.985348884548356 -0.9999477210221026
11.082564361402767 -0.996218748909182
11.179779838257177 -0.9830820766210194
11.276995315111588 -0.9606617591147442
11.374210791965998 -0.9291695205976789
11.471426268820409 -0.8889027551292509
11.568641745674817 -0.8402417182075319
11.665857222529228 -0.7836459358613939
11.76307269938364 -0.7196498651587031
11.860288176238049 -0.6488578471101336
11.95750365309246 -0.571938399630377
12.05471912994687 -0.48961790445068304
12.151934606801278 -0.4026737475997505
12.24915008365569 -0.3119269782302212
12.346365560510101 -0.21823455511650094
12.44358103736451 -0.12248125404333687
12.54079651421892 -0.025571312507030774
12.63801199107333 0.07158010936822395
12.735227467927741 0.1680555710608535
12.832442944782152 0.2629440154171292
12.929658421636562 0.35534937213564743
13.02687389849097 0.4443990197248457
13.124089375345381 0.5292520260238465
13.221304852199793 0.6091070894680051
13.318520329054202 0.6832101061065735
13.415735805908612 0.7508612909140483
13.512951282763023 0.8114217861457153
13.610166759617432 0.8643196943320394
13.707382236471844 0.9090554789398478
13.804597713326254 0.9452066816996513
13.901813190180665 0.9724319120514847
13.999028667035073 0.9904740710352726
14.096244143889484 0.9991627791812262
14.193459620743896 0.9984159854727014
14.290675097598305 0.988240742187434
14.387890574452715 0.9687331383000015
14.485106051307126 0.9400773920744263
14.582321528161534 0.9025441114159338
14.679537005015947 0.8564877384100729
14.776752481870357 0.8023432021814708
14.873967958724766 0.740621811680621
14.971183435579176 0.6719064271848117
15.068398912433587 0.596845956110684
15.165614389287997 0.5161492251166911
15.262829866142408 0.43057828636371137
15.360045342996818 0.3409412211455203
15.457260819851227 0.24808450884737987
15.554476296705637 0.15288503329577172
15.65169177356005 0.0562418019866001
15.748907250414456 -0.04093254360944809
15.846122727268869 -0.1377203464927597
15.94333820412328 -0.23320759994427925
16.040553680977688 -0.32649257886395433
16.1377691578321 -0.4166943551288392
16.23498463468651 -0.5029611165568083
16.33220011154092 -0.5844782109166267
16.429415588395333 -0.6604758390213815
16.526631065249738 -0.7302363242563468
16.62384654210415 -0.7931008898921359
16.72106201895856 -0.848475880182154
16.81827749581297 -0.8958383664960959
16.915492972667383 -0.9347410855483774
17.012708449521792 -0.9648166630878642
17.1099239263762 -0.9857810831628417
17.20713940323061 -0.9974363701995427
17.30435488008502 -0.9996724585662794
17.401570356939434 -0.9924682319681184
17.498785833793843 -0.9758917228566724
17.596001310648255 -0.9500994699718939
17.69321678750266 -0.9153350400828817
17.790432264357072 -0.8719267278874739
17.887647741211484 -0.8202844557914649
17.984863218065893 -0.7608959028440409
18.082078694920305 -0.6943218993855045
18.179294171774714 -0.6211911308975275
18.276509648629123 -0.5421942010695815
18.373725125483535 -0.4580771101464888
18.470940602337944 -0.36963421014369846
18.568156079192356 -0.2777007034570294
18.665371556046768 -0.18314475570564623
18.762587032901177 -0.08685929728983334
18.859802509755585 0.010246408915162066
18.957017986609994 0.10725535409949578
19.054233463464406 0.20325144320713065
19.15144894031882 0.29732814599527324
19.248664417173227 0.3885970577693938
19.34587989402764 0.4761962889512996
19.443095370882048 0.5592986042541124
19.540310847736457 0.6371192346026767
19.63752632459087 0.7089232880281687
19.734741801445278 0.7740326895528398
19.83195727829969 0.8318325845287529
19.9291727551541 0.8817771449611093
20.02638823200851 0.9233947239847573
20.12360370886292 0.9562923098179917
20.22081918571733 0.980159237133197
20.31803466257174 0.9947701207963038
20.41525013942615 0.999986984270583
20.51246561628056 0.9957605625853898
20.609681093134974 0.982130767565383
20.70689656998938 0.9592263109268804
20.80411204684379 0.9272634888005908
20.9013275236982 0.8865441391589987
20.998543000552612 0.8374527914372057
21.095758477407024 0.7804530352645704
21.192973954261433 0.7160831425986559
21.29018943111584 0.6449509846034757
21.38740490797025 0.5677282912740426
21.484620384824662 0.48514430801590686
21.581835861679075 0.39797890908321515
21.679051338533483 0.30705523290787845
21.776266815387896 0.21323190886744908
21.8734822922423 0.11739494889755238
21.970697769096713 0.02044938051958034
22.067913245951125 -0.07668929970346418
22.165128722805534 -0.17310377157462517
22.262344199659946 -0.2678835538919534
22.359559676514355 -0.3601336024940141
22.456775153368763 -0.44898276252717045
22.553990630223176 -0.5335919951163499
22.651206107077584 -0.6131623007515212
22.748421583931997 -0.686942264566138
22.845637060786405 -0.7542351522543331
22.942852537640817 -0.814405489617307
23.040068014495226 -0.8668850636054878
23.137283491349635 -0.9111782881862461
23.234498968204047 -0.9468668843650283
23.331714445058456 -0.9736138301645875
23.428929921912868 -0.9911665432610521
23.52614539876728 -0.9993592662218749
23.62336087562169 -0.9981146318209134
23.720576352476098 -0.9874443936487174
23.817791829330506 -0.9674493151185758
23.91500730618492 -0.9383182179164853
24.01222278303933 -0.9003261988809202
24.10943825989374 -0.8538320321511265
24.20665373674815 -0.7992747811165126
24.303869213602557 -0.7371696521619084
24.40108469045697 -0.6681031293634071
24.49830016731138 -0.5927274360799353
24.59551564416579 -0.5117543757419055
24.692731121020202 -0.42594861000094825
24.78994659787461 -0.3361204377179192
24.88716207472902 -0.2431181429800743
24.98437755158343 -0.1478199844082813
25.08159302843784 -0.05112590140248095
25.178808505292253 0.04605098435333159
25.27602398214666 0.14279299187176023
25.373239459001073 0.23818654689808033
25.470454935855482 0.3313308091647025
25.56767041270989 0.4213461793934516
25.664885889564303 0.50738260571048
25.76210136641871 0.5886276110329861
25.859316843273124 0.6643139656218777
25.956532320127536 0.7337269323452628
26.05374779698194 0.796211016232858
26.150963273836354 0.851176154582497
26.248178750690762 0.8981032891629863
26.345394227545174 0.9365492678928214
26.442609704399587 0.966151029706115
26.539825181253995 0.9866290330864039
26.637040658108404 0.9977898958912632
26.734256134962813 0.9995282215387873
26.831471611817225 0.9918275943105237
26.928687088671637 0.9747607343718013
27.025902565526046 0.948488811045536
27.123118042380458 0.9132599208245401
27.220333519234863 0.8694067444951097
27.317548996089275 0.8173434054965846
27.414764472943688 0.757561559184738
27.511979949798096 0.6906257499296118
27.60919542665251 0.6171680798926481
27.706410903506917 0.5378822398280527
27.80362638036133 0.45351695827790656
27.900841857215738 0.3648689310230294
27.998057334070147 0.272775297559592
28.09527281092456 0.17810573564924842
28.192488287778968 0.08175424859715229
28.28970376463338 -0.015369277186095875
28.386919241487792 -0.11234766461309918
28.484134718342197 -0.20826510719718225
28.58135019519661 -0.30221581738678455
28.67856567205102 -0.39331258028689137
28.77578114890543 -0.4806951319913766
28.872996625759843 -0.5635382834060909
28.97021210261425 -0.6410597128462259
29.06742757946866 -0.712527353819232
29.16464305632307 -0.7772663082274356
29.26185853317748 -0.8346652197061866
29.359074010031893 -0.8841820469114821
29.456289486886302 -0.9253491822375747
29.553504963740714 -0.9577778676264147
29.65072044059512 -0.9811618657686235
29.74793591744953 -0.9952803520273855
29.845151394303944 -0.9999999997755936
29.942366871158352 -0.9952762394536043
30.039582348012765 -0.9811536794577737
30.136797824867173 -0.957765684885169
30.234013301721582 -0.9253331181125323
30.331228778575994 -0.8841622531027284
30.428444255430403 -0.8346418831347383
30.525659732284815 -0.7772396492700582
30.622875209139224 -0.7124976242273389
30.720090685993636 -0.6410271933684822
30.817306162848045 -0.5635032811371979
30.914521639702453 -0.48065797747204597
31.011737116556866 -0.39327362438240804
31.108952593411274 -0.30217542797365127
31.206168070265687 -0.2082236656891091
31.3033835471201 -0.11230556235915094
31.400599023974507 -0.015326911775047854
31.497814500828913 0.08179647709143187
31.595029977683325 0.17814742844586637
31.692245454537737 0.27281606093645266
31.78946093139215 0.364908380034934
31.88667640824656 0.45355472039173733
31.983891885100967 0.5379179584407499
32.081107361955375 0.6172014176987823
32.17832283880979 0.6906563921066783
32.2755383156642 0.7575892163661516
32.37275379251861 0.817367816504293
32.46996926937302 0.8694276788060064
32.567184746227426 0.9132771807473878
32.66440022308184 0.9485022335878396
32.76161569993625 0.974770192779015
32.858831176790666 0.9918329992630487
32.95604665364507 0.9995295219954503
33.053262130499476 0.9977870795713226
33.15047760735389 0.9866221265855171
33.2476930842083 0.9661400982451885
33.34490856106272 0.9365344147021005
33.44212403791712 0.8980846545072176
33.53933951477153 0.8511539144363355
33.63655499162594 0.7961853806190774
33.73377046848035 0.7336981433514247
33.83098594533477 0.6642822951141983
33.92820142218917 0.5885933580890044
34.025416899043584 0.5073460937947096
34.12263237589799 0.42130775330282155
34.2198478527524 0.33129083177246416
34.31706332960682 0.23814539572705543
34.41427880646122 0.1427510555292666
34.511494283315635 0.04600865886134704
34.60870976017004 -0.051168216347053166
34.70592523702445 -0.1478618892081556
34.80314071387887 -0.24315924191112867
34.90035619073327 -0.3361603426661662
34.997571667587685 -0.4259869441276908
35.094787144442094 -0.5117907770423319
35.19200262129651 -0.5927615608017202
35.28921809815092 -0.6681346552528686
35.38643357500532 -0.7371982815072031
35.483649051859736 -0.7993002435590644
35.580864528714145 -0.8538540872386909
35.67808000556856 -0.9003446383383104
35.77529548242297 -0.9383328676123756
35.87251095927738 -0.9674600367099104
35.969726436131786 -0.9874510858871355
36.066941912986195 -0.9981172315088765
36.16415738984061 -0.9993577488094685
36.26137286669502 -0.991160923077821
36.35858834354943 -0.9736041602842158
36.45580382040384 -0.9468532561041422
36.553019297258246 -0.9111608302420757
36.65023477411266 -0.8668639408405193
36.74745025096707 -0.8143809015024326
36.84466572782148 -0.7542073309851577
36.94188120467589 -0.6869114728702574
37.0390966815303 -0.6131288294074819
37.13631215838471 -0.5335561602077151
37.23352763523912 -0.4489449024576088
37.330743112093536 -0.36009407479160244
37.42795858894794 -0.267842731832929
37.525174065802354 -0.17306204065833963
37.62238954265676 -0.07664705401199262
37.71960501951117 0.02049174204293051
37.81682049636559 0.11743702621563666
37.91403597321999 0.21327330462697522
38.011251450074404 0.3070955561918036
38.10846692692881 0.398017779102311
38.20568240378323 0.4851813577047245
38.30289788063764 0.5677631707572453
38.40011335749204 0.6449833644998677
38.497328834346455 0.7161127171316733
38.59454431120086 0.7804795251498239
38.69175978805528 0.837475946519901
38.78897526490969 0.886563740776237
38.886190741764096 0.9272793518463037
38.983406218618505 0.9592382855998529
39.080621695472914 0.9821387407838937
39.17783717232733 0.995764459055082
39.27505264918174 0.9999867671955026
39.37226812603615 0.9947657922263797
39.469483602890556 0.9801508379448823
39.566699079744964 0.9562799193282486
39.66391455659938 0.9233784592020339
39.76113003345379 0.8817571594803898
39.8583455103082 0.831809067081086
39.955560987162606 0.7740058622230829
40.05277646401702 0.7088934041577372
40.14999194087143 0.6370865763971609
40.24720741772584 0.5592634801182715
40.34442289458025 0.47615903057668163
40.44163837143466 0.38855801700203757
40.53885384828907 0.2972876915130665
40.63606932514348 0.2032099570382672
40.73328480199789 0.10721322801479771
40.8305002788523 0.010204040728434212
40.92771575570671 -0.08690150747851444
41.02493123256112 -0.183186409288251
41.12214670941553 -0.2777414070817692
41.21936218626995 -0.3696735794296416
41.31657766312435 -0.4581147733133929
41.41379313997876 -0.5422298024487958
41.51100861683317 -0.6212243342907089
41.60822409368758 -0.6943523912394558
41.705439570542 -0.7609233952117446
41.8026550473964 -0.8203086890512673
41.89987052425081 -0.8719474731948168
41.997086001105224 -0.9153521015313655
42.09430147795963 -0.9501126864432977
42.19151695481405 -0.9759009695424627
42.28873243166845 -0.9924734215480663
42.385947908522866 -0.9996735420330652
42.483163385377274 -0.9974333373215473
42.58037886223168 -0.9857739625807697
42.6775943390861 -0.9648055220442757
42.7748098159405 -0.9347260292526974
42.872025292794916 -0.895819537131065
42.969240769649325 -0.848453455561153
43.06645624650373 -0.7930750817800103
43.16367172335815 -0.7302073763696285
43.26088720021255 -0.6604440247267825
43.35810267706697 -0.5844438306495081
43.455318153921375 -0.5029244949840679
43.55253363077579 -0.41665583808292317
43.6497491076302 -0.32645253007705466
43.7469645844846 -0.23316639761343533
43.84418006133902 -0.13767837970838662
43.941395538193426 -0.04089020868102321
44.03861101504784 0.056284105273084355
44.13582649190225 0.1529269054531059
44.23304196875666 0.2481255544596972
44.33025744561107 0.3409810526023559
44.427472922465476 0.43061652752036256
44.52468839931989 0.5161855148463168
44.6219038761743 0.5968799517145521
44.71911935302871 0.6719378076285626
44.81633482988312 0.740650280625919
44.91355030673753 0.8023684907844494
45.01076578359194 0.8565096078601373
45.10798126044635 0.9025623551909381
45.20519673730076 0.9400918378909602
45.30241221415517 0.968743649740324
45.399627691009584 0.9882472199877261
45.49684316786399 0.9984183684604504
45.5940586447184 0.9991610448529064
45.69127412157281 0.9904682357688545
45.78848959842722 0.9724220309517702
45.885705075281635 0.9451928480778954
45.982920552136044 0.909037823432588
46.08013602899045 0.8642983836674365
46.17735150584486 0.81139702156907
46.27456698269927 0.7508333062873649
46.371782459553685 0.6831791657000965
46.468997936408094 0.6090734854646224
46.56621341326251 0.5292160757598717
46.66342889011691 0.4443610626933028
46.76064436697132 0.3553097667802669
46.857859843825736 0.26290313574743857
46.955075320680145 0.16801380312026226
47.05229079753456 0.07153784758843244
47.14950627438896 -0.025613669030776
47.24672175124338 -0.12252330532111172
47.343937228097786 -0.21827590404092406
47.441152704952195 -0.31196723432652423
47.53836818180661 -0.4027125307131937
47.63558365866101 -0.48965484833649026
47.73279913551543 -0.5719731554123696
47.83001461236984 -0.6488900865752734
47.927230089224246 -0.7196792838565662
48.02444556607866 -0.7836722559792136
48.12166104293306 -0.8402646911936879
48.21887651978748 -0.888922164040469
48.31609199664189 -0.9291851821476858
48.4133074734963 -0.9606735254051343
48.51052295035071 -0.9830898365379089
