0.0 0.0
0.10669228035239925 0.10648997817612903
0.2133845607047985 0.2117689045491696
0.32007684105719775 0.3146394999404143
0.426769121409597 0.4139318737914549
0.5334614017619962 0.5085168286844239
0.6401536821143955 0.5973187020815878
0.7468459624667947 0.6793275992422654
0.853538242819194 0.7536108781988583
0.9602305231715932 0.8193237561796869
1.0669228035239924 0.8757189168576395
1.1736150838763917 0.9221550091666886
1.280307364228791 0.9581039410339233
1.38699964458119 0.9831568850795042
1.4936919249335894 0.9970289279850257
1.6003842052859887 0.9995623106555857
1.707076485638388 0.990728222326982
1.8137687659907873 0.9706271282146485
1.9204610463431864 0.939487626978156
2.0271533266955855 0.8976638509947068
2.1338456070479848 0.8456314390068775
2.240537887400384 0.7839821269454681
2.3472301677527834 0.7134170184430443
2.4539224481051827 0.634738611568914
2.560614728457582 0.5488416724610837
2.667307008809981 0.4567030596443464
2.77399928916238 0.3593706147569182
2.8806915695147794 0.2579512460252712
2.9873838498671788 0.15359834000722203
3.0940761302195785 0.04749864476258927
3.2007684105719774 -0.059141226378114746
3.3074606909243767 -0.16510851696176793
3.414152971276776 -0.26919811942306004
3.5208452516291753 -0.3702262801083372
3.6275375319815746 -0.4670440614531814
3.7342298123339734 -0.5585504082158044
3.8409220926863727 -0.643704669171191
3.947614373038772 -0.7215384318636624
4.054306653391171 -0.7911665358277521
4.160998933743571 -0.8517971390301018
4.2676912140959695 -0.9027407230522815
4.374383494448369 -0.9434179346035646
4.481075774800768 -0.9733661741864434
4.587768055153167 -0.9922448569856395
4.694460335505567 -0.9998392861514072
4.801152615857966 -0.9960630944284219
4.907844896210365 -0.9809592263629522
5.014537176562764 -0.954699449918215
5.121229456915164 -0.917582403052042
5.227921737267563 -0.8700301974720559
5.334614017619962 -0.8125836181919717
5.441306297972361 -0.7458959734818245
5.54799857832476 -0.6707256651532523
5.65469085867716 -0.5879275636738716
5.761383139029559 -0.49844328619683087
5.868075419381958 -0.40329048806813217
5.9747676997343575 -0.30355128959351896
6.081459980086756 -0.20035996968092457
6.188152260439157 -0.09489006631188796
6.294844540791556 0.011658969458809428
6.401536821143955 0.11807541419862227
6.5082291014963545 0.2231490523596878
6.614921381848753 0.32568493939293547
6.721613662201153 0.4245169911935556
6.828305942553552 0.5185212453325365
6.934998222905951 0.6066286432616211
7.0416905032583506 0.6878371881266931
7.148382783610749 0.7612233399254952
7.255075063963149 0.8259525184188375
7.361767344315548 0.8812885943514654
7.468459624667947 0.9266022610441796
7.575151905020347 0.9613781911516976
7.6818441853727455 0.9852208971963976
7.788536465725145 0.9978592292293319
7.895228746077544 0.9991494584690822
8.001921026429942 0.989076911849939
8.108613306782342 0.9677561388905863
8.215305587134742 0.9354296089855901
8.321997867487141 0.8924649539346702
8.428690147839541 0.8393507870689556
8.535382428191939 0.7766911465209925
8.642074708544337 0.7051986258321269
8.748766988896739 0.6256862700190842
8.855459269249138 0.5390583292613162
8.962151549601536 0.4462999753623056
9.068843829953936 0.34846609793386873
9.175536110306334 0.24666930771827886
9.282228390658736 0.14206728347977382
9.388920671011133 0.035849606362336583
9.495612951363533 -0.07077576856074297
9.602305231715931 -0.17659624969382776
9.708997512068331 -0.28040839905454185
9.81568979242073 -0.3810316183103545
9.92238207277313 -0.4773215750724397
10.029074353125528 -0.5681832167569448
10.135766633477928 -0.6525832240142191
10.242458913830328 -0.7295617620999946
10.349151194182728 -0.7982433965466853
10.455843474535126 -0.857847048996868
10.562535754887525 -0.9076948799767582
10.669228035239923 -0.947219997590777
10.775920315592325 -0.9759729044705017
10.882612595944723 -0.9936266096603764
10.989304876297123 -0.9999803473055534
11.09599715664952 -0.9949618598512526
11.20268943700192 -0.9786282197880914
11.30938171735432 -0.9511651805981185
11.41607399770672 -0.9128850642828866
11.522766278059118 -0.8642232094975454
11.629458558411518 -0.8057330206843586
11.736150838763916 -0.7380796745091365
11.842843119116317 -0.6620325551737855
11.949535399468715 -0.578456504634034
12.056227679821115 -0.4883019872287265
12.162919960173513 -0.3925942805730016
12.269612240525912 -0.2924218156413013
12.376304520878314 -0.18892379864206973
12.482996801230712 -0.08327725545370689
12.589689081583112 0.023316354041748748
12.69638136193551 0.12964479949935293
12.80307364228791 0.23449886613855914
12.90976592264031 0.3366861064761429
13.016458202992709 0.4350444013739184
13.123150483345107 0.5284551761788999
13.229842763697507 0.615856121656053
13.336535044049905 0.6962532750454549
13.443227324402306 0.7687323238527037
13.549919604754704 0.8324690038207492
13.656611885107104 0.8867384728328038
13.763304165459502 0.9309235541420459
13.869996445811902 0.9645217551824564
13.976688726164301 0.9871509821396924
14.083381006516701 0.9985538852933539
14.190073286869099 0.9986007857134493
14.296765567221499 0.987291150027362
14.403457847573897 0.9647535964856028
14.510150127926298 0.9312444322573651
14.616842408278696 0.8871447385904234
14.723534688631096 0.832956036984223
14.830226968983494 0.7692945856624146
14.936919249335894 0.6968843712078739
15.043611529688294 0.6165488750625098
15.150303810040693 0.5292017085268892
15.256996090393091 0.4358362227626853
15.363688370745491 0.33751421195764436
15.470380651097889 0.23535383812577415
15.57707293145029 0.1305169148673001
15.683765211802688 0.024195694703235657
15.790457492155088 -0.08240068975515377
15.897149772507486 -0.18805997660480064
16.003842052859884 -0.2915805610370301
16.110534333212286 -0.391785160526479
16.217226613564684 -0.48753420341608994
16.323918893917085 -0.5777387886372292
16.430611174269483 -0.6613730691810931
16.53730345462188 -0.7374859184911075
16.643995734974283 -0.805211747100793
16.75068801532668 -0.863780346505475
16.857380295679082 -0.9125256483189274
16.96407257603148 -0.9508932991018438
17.070764856383878 -0.9784469647178431
17.17745713673628 -0.9948732925210009
17.284149417088674 -0.9999854749427087
17.390841697441076 -0.9937253739511491
17.497533977793477 -0.9761641822230707
17.604226258145875 -0.9475016135087347
17.710918538498277 -0.9080636313975508
17.81761081885067 -0.8582987423139207
17.924303099203073 -0.798772894900963
18.030995379555474 -0.7301630437986809
18.137687659907872 -0.6532494510121046
18.24437994026027 -0.5689068124217415
18.351072220612668 -0.4780943103496419
18.45776450096507 -0.3818447053077402
18.56445678131747 -0.28125259098202676
18.671149061669865 -0.17746194602211607
18.777841342022267 -0.07165312420283042
18.884533622374665 0.03497056908838718
18.991225902727066 0.1411965613801821
19.097918183079464 0.24581680303535924
19.204610463431862 0.34764150573331143
19.311302743784264 0.44551267327652794
19.417995024136662 0.5383172708428188
19.52468730448906 0.6249998829166384
19.63137958484146 0.7045747159477759
19.73807186519386 0.7761368092378261
19.84476414554626 0.8388723265592352
19.951456425898655 0.8920678114659442
20.058148706251057 0.9351183010401741
20.16484098660346 0.9675342058020876
20.271533266955856 0.9889468775409979
20.378225547308254 0.9991128017481937
20.484917827660656 0.99791636697317
20.591610108013054 0.9853711796089075
20.698302388365455 0.9616199091538671
20.80499466871785 0.9269326657104561
20.91168694907025 0.8817039281717619
21.018379229422653 0.826448058030631
21.12507150977505 0.7617934498300244
21.231763790127452 0.6884753847783701
21.338456070479847 0.6073276688018349
21.44514835083225 0.5192731501292556
21.55184063118465 0.42531322424812784
21.658532911537048 0.32651644558587906
21.765225191889446 0.22400637542956328
21.871917472241844 0.11894880428288586
21.978609752594245 0.012538493973616812
22.085302032946647 -0.09401440971387276
22.19199431329904 -0.19949813935934388
22.298686593651443 -0.30271308666941454
22.40537887400384 -0.4024854449611694
22.512071154356242 -0.49768055821836754
22.61876343470864 -0.5872158249086343
22.725455715061038 -0.6700730098137639
22.83214799541344 -0.7453098238573894
22.938840275765838 -0.8120706402390618
23.045532556118236 -0.8695962250060739
23.152224836470637 -0.9172323714025518
23.258917116823035 -0.9544373398021567
23.365609397175437 -0.9807880186141492
23.47230167752783 -0.9959847360981957
23.578993957880233 -0.9998546683658417
23.685686238232634 -0.9923538048112912
23.792378518585032 -0.9735674486197654
23.89907079893743 -0.9437092466614098
24.005763079289828 -0.9031187598032465
24.11245535964223 -0.8522576012706659
24.21914763999463 -0.7917041869747526
24.325839920347025 -0.7221471575070704
24.432532200699427 -0.6443775466099114
24.539224481051825 -0.5592797851857548
24.645916761404226 -0.46782164315225866
24.752609041756628 -0.37104322352863733
24.859301322109022 -0.27004513391753426
24.965993602461424 -0.1659759699016088
25.072685882813822 -0.06001925269935548
25.179378163166223 0.046620030369159265
25.28607044351862 0.15272912953862575
25.39276272387102 0.2571013245328847
25.49945500422342 0.35854964792923005
25.60614728457582 0.4559203838844023
25.712839564928217 0.5481061887087337
25.81953184528062 0.6340586840753294
25.926224125633016 0.7128003796486939
26.032916405985418 0.783435789543347
26.139608686337812 0.8451616161910049
26.246300966690214 0.8972758858009107
26.352993247042615 0.9391859315206604
26.459685527395013 0.9704151335095351
26.56637780774741 0.9906083392731381
26.67307008809981 0.9995359026168792
26.77976236845221 0.9970962952855195
26.886454648804612 0.9833172615880355
26.993146929157007 0.9583555028768941
27.09983920950941 0.9224948954699685
27.206531489861806 0.8761432622817164
27.313223770214208 0.8198277348780355
27.419916050566606 0.7541887586996386
27.526608330919004 0.6799728096291865
27.633300611271405 0.5980239047326862
27.739992891623803 0.5092740037188013
27.8466851719762 0.41473241027495245
27.953377452328603 0.31547429381301884
28.060069732681 0.2126284621604778
28.166762013033402 0.10736452425138511
28.273454293385797 0.000879588808922947
28.380146573738198 -0.10561534971206378
28.4868388540906 -0.21090918309721257
28.593531134442998 -0.31380446263858364
28.700223414795396 -0.41313101705854377
28.806915695147794 -0.5077592602224625
28.913607975500195 -0.5966130372989725
29.020300255852597 -0.6786818632754644
29.12699253620499 -0.7530324146469574
29.233684816557393 -0.8188191435897011
29.34037709690979 -0.8752938939103085
29.447069377262192 -0.9218144094136359
29.553761657614594 -0.9578516379283328
29.660453937966988 -0.9829957479254738
29.76714621831939 -0.9969607893065586
29.873838498671788 -0.9995879453562998
29.98053077902419 -0.9908473388775609
30.087223059376587 -0.9708383719682439
30.193915339728985 -0.9397885955760384
30.300607620081387 -0.8980511216869658
30.407299900433785 -0.8461006075774731
30.513992180786182 -0.7845278577989473
30.620684461138584 -0.7140331052833249
30.727376741490982 -0.635418047980075
30.834069021843383 -0.5495767315874601
30.940761302195778 -0.45748538206381223
31.04745358254818 -0.3601913035479647
31.15414586290058 -0.25880096794680635
31.26083814325298 -0.15446743164037344
31.367530423605377 -0.04837722240743177
31.474222703957775 0.05826315430068797
31.580914984310176 0.1642409362813265
31.687607264662578 0.2683508966562974
31.794299545014972 0.36940905025261334
31.900991825367374 0.46626611841303056
32.00768410571977 0.5578205991084576
32.11437638607217 0.643031293713217
32.22106866642457 0.7209291479828388
32.32776094677697 0.7906282725736961
32.43445322712937 0.8513360177740024
32.541145507481765 0.9023619878719222
32.64783778783417 0.9431258926453188
32.75453006818657 0.9731641466824674
32.861222348538966 0.992135141483338
32.967914628891364 0.9998231303846907
33.07460690924376 0.9961406821279174
33.18129918959617 0.9811296751665343
33.287991469948565 0.9549608214056269
33.39468375030096 0.9179317247894784
33.50137603065336 0.8704634968160134
33.60806831100576 0.8130959674679333
33.714760591358164 0.746481546023981
33.82145287171056 0.6713778015679707
33.92814515206296 0.5886388475732971
34.03483743241536 0.4992056285413777
34.141529712767756 0.40409521915867225
34.248221993120154 0.30438925766709035
34.35491427347256 0.20122164498867542
34.46160655382496 0.09576564949568069
34.56829883417735 -0.010779435923721051
34.67499111452975 -0.11720193276217104
34.78168339488215 -0.22229155664460376
34.888375675234556 -0.32485318122516965
34.995067955586954 -0.42372042970010987
35.101760235939345 -0.5177689393680457
35.20845251629175 -0.605929148387009
35.31514479664415 -0.6871984593114597
35.42183707699655 -0.7606526410802658
35.52852935734895 -0.8254563397868894
35.63522163770134 -0.8808725786987833
35.74191391805375 -0.926271139487397
35.848606198406145 -0.9611357293536953
35.95529847875854 -0.9850698525415112
36.06199075911095 -0.9978013194651358
36.16868303946334 -0.9991853421713924
36.275375319815744 -0.989206180933195
36.38206760016814 -0.9679773232487843
36.48875988052054 -0.9357401932109857
36.595452160872945 -0.8928614059241218
36.702144441225336 -0.839828598192598
36.808836721577734 -0.7772448828963782
36.91552900193014 -0.7058219901207844
37.02222128228254 -0.6263721730426898
37.12891356263494 -0.5397989706229833
37.23560584298733 -0.4470869321562289
37.34229812333973 -0.3492904205343557
37.448990403692136 -0.2475216215589182
37.555682684044534 -0.142937895665233
37.66237496439694 -0.03672861590027652
37.76906724474933 0.06989835816109441
37.87575952510173 0.17573041673714943
37.98245180545413 0.2795639901816338
38.08914408580653 0.3802182365177133
38.19583636615893 0.47654847050269344
38.30252864651133 0.5674591815020761
38.409220926863725 0.6519164921279461
38.51591320721613 0.7289599159564284
38.62260548756853 0.7977132806101527
38.729297767920926 0.8573946919836098
38.835990048273324 0.9073254262936553
38.94268232862572 0.946937648830851
39.04937460897812 0.9757808716305109
39.156066889330525 0.9935270766239249
39.26275916968292 0.9999744460069805
39.36945145003532 0.9950496574027733
39.47614373038772 0.9788087177165642
39.58283601074012 0.95143632620013
39.68952829109252 0.9132437739690127
39.79622057144492 0.8646654038603203
39.90291285179731 0.8062536708911263
40.009605132149716 0.7386728594921733
40.116297412502114 0.6626915289673694
40.22298969285452 0.5791737730925611
40.32968197320692 0.48906939325352766
40.43637425355931 0.39340309687851055
40.54306653391171 0.29326284400564645
40.64975881426411 0.1897874745134159
40.75645109461651 0.08415375672259781
40.863143374968914 -0.02243699534094557
40.96983565532131 -0.1287725838282569
41.07652793567371 -0.23364371272505513
41.18322021602611 -0.33585774050847006
41.289912496378506 -0.4342522434014652
41.39660477673091 -0.5277082349774979
41.50329705708331 -0.6151628917761135
41.6099893374357 -0.695621640208151
41.716681617788105 -0.7681694672927638
41.8233738981405 -0.8319813265954671
41.93006617849291 -0.8863315210263594
42.036758458845306 -0.9306019557929369
42.1434507391977 -0.9642891676513753
42.2501430195501 -0.9870100505163852
42.3568352999025 -0.998506212315461
42.463527580254905 -0.9986469135394614
42.5702198606073 -0.9874305540709487
42.67691214095969 -0.9649846913814456
42.7836044213121 -0.9315645898906373
42.8902967016645 -0.887550317984898
42.996988982016894 -0.8334424257090847
43.1036812623693 -0.7698562522868854
43.21037354272169 -0.6975149282071478
43.317065823074095 -0.617241151459514
43.42375810342649 -0.529947831443888
43.53045038377889 -0.4366277069551555
43.6371426641313 -0.33834205631228526
43.74383494448369 -0.2362086280252266
43.850527224836085 -0.13138892925736667
43.95721950518849 -0.025075016645077438
44.06391178554089 0.08152406030511333
44.17060406589329 0.187196009069931
44.277296346245684 0.2907390808436987
44.38398862659808 0.390975737364935
44.49068090695049 0.48676604240964233
44.597373187302885 0.5770206256574298
44.70406546765528 0.6607130714995183
44.81075774800768 0.7368915918974664
44.91745002836008 0.8046898505437206
45.024142308712484 0.8633368152267462
45.13083458906488 0.912165526355206
45.23752686941728 0.9506206819216532
45.34421914976968 0.9782649526460521
45.450911430122076 0.99478395548054
45.557603710474474 0.9999898289144793
45.66429599082688 0.9938233694198302
45.77098827117928 0.9763547047402326
45.877680551531675 0.9477824963668436
45.98437283188407 0.9084316802707423
46.09106511223647 0.8587497715852994
46.197757392588876 0.7993017752633231
46.304449672941274 0.730763760587291
46.411141953293665 0.6539151726061668
46.51783423364607 0.5696299679366356
46.62452651399847 0.47886667573645136
46.73121879435087 0.3826574968808007
46.83791107470327 0.2820965653109588
46.94460335505566 0.17832750505224537
47.05129563540807 0.07253042440857076
47.157987915760465 -0.03409150475852777
47.26468019611287 -0.14032573004011345
47.37137247646527 -0.24496410816973088
47.47806475681766 -0.3468166445706465
47.584757037170064 -0.44472502650800994
47.69144931752246 -0.5375757959408334
47.79814159787486 -0.6243130122663957
47.904833878227265 -0.7039502609504421
48.011526158579656 -0.7755818714757536
48.11821843893206 -0.8383932170336054
48.22491071928446 -0.89166997882521
48.33160299963686 -0.93480626961559
48.43829527998926 -0.9673115241549933
48.54498756034165 -0.9888160781069765
48.65167984069405 -0.9990753720370873
48.758372121046456 -0.9979727326524439
48.865064401398854 -0.9855206996627713
48.97175668175126 -0.9618608831731927
49.07844896210365 -0.927262353230597
49.18514124245605 -0.8821185798383425
49.29183352280845 -0.8269429582388834
49.39852580316085 -0.7623629703527703
49.505218083513256 -0.6891130487727362
49.61191036386565 -0.608026224466827
49.718602644218045 -0.5200246531764807
49.82529492457045 -0.4261091282478036
49.93198720492285 -0.32734769916068274
50.038679485275246 -0.2248635251909428
50.145371765627644 -0.11982210233923855
50.25206404598004 -0.013418008787688967
50.35875632633245 0.09313868037910306
50.465448606684845 0.19863615469072263
50.57214088703724 0.3018746495432716
50.67883316738964 0.40168009046062864
50.78552544774204 0.49691744519608694
50.89221772809444 0.5865036318282382
50.99891000844684 0.6694198360544567
51.10560228879924 0.7447230976041666
51.21229456915164 0.8115570340060825
51.318986849504036 0.8691615797538224
51.425679129856434 0.9168816301118168
51.53237141020884 0.9541744912602425
51.63906369056124 0.9806160520525842
51.74575597091363 0.9959056071978629
51.85244825126603 0.9998692770160934
51.95914053161843 0.9924619848760035
52.065832811970836 0.9737679698267112
52.172525092323234 0.9439998285934711
52.279217372675625 0.9034960978323402
52.38590965302803 0.8527174041394474
52.49260193338043 0.7922412255987352
52.599294213732826 0.7227553244421027
52.70598649408523 0.6450499255087849
52.81267877443762 0.5600087294540116
52.91937105479003 0.4685988629086679
53.026063335142425 0.37185987988147573
53.13275561549482 0.2708919394843997
53.23944789584723 0.16684329442971876
