0.0 0.0
0.08325579900097163 0.0831596506785049
0.16651159800194326 0.16574321078529008
0.2497673970029149 0.24717858063056133
0.3330231960038865 0.3269016146414406
0.4162789950048581 0.4043600294946113
0.4995347940058298 0.4790172300729323
0.5827905930068014 0.5503560267416077
0.666046392007773 0.6178822181923908
0.7493021910087446 0.6811280150355772
0.8325579900097162 0.7396552804227676
0.9158137890106879 0.7930585652509056
0.9990695880116596 0.8409679169211364
1.082325387012631 0.883051442194741
1.1655811860136027 0.9190176063918954
1.2488369850145742 0.9486172530054973
1.332092784015546 0.9716453297391361
1.4153485830165178 0.9879423090120335
1.4986043820174892 0.9973952930903727
1.581860181018461 0.9999387961891878
1.6651159800194324 0.9955551981267874
1.748371779020404 0.9842748663890056
1.8316275780213758 0.9661759457576805
1.9148833770223475 0.9413838169607126
1.9981391760233191 0.9100702280939182
2.0813949750242906 0.8724521048317764
2.164650774025262 0.8287900476693625
2.247906573026234 0.7793865266058635
2.3311623720272054 0.7245837857760524
2.4144181710281774 0.6647614725454342
2.4976739700291484 0.600334007493575
2.5809297690301203 0.5317477135051096
2.664185568031092 0.45947772385673713
2.7474413670320637 0.38402469071949275
2.8306971660330356 0.30591131687824036
2.9139529650340066 0.22567873469498614
2.9972087640349785 0.14388275740082518
3.08046456303595 0.06109002868580911
3.163720362036922 -0.022125902739474183
3.2469761610378933 -0.1051885564170152
3.330231960038865 -0.18752251372425854
3.4134877590398367 -0.2685574041010823
3.496743558040808 -0.3477318563061981
3.5799993570417796 -0.42449738733054737
3.6632551560427515 -0.49832220202714084
3.746510955043723 -0.568694877135314
3.829766754044695 -0.6351279041782312
3.9130225530456664 -0.6971610666901182
3.9962783520466383 -0.754364628377407
4.07953415104761 -0.8063423101277154
4.162789950048581 -0.8527340352433679
4.246045749049553 -0.8932184238817737
4.329301548050524 -0.927515019422371
4.4125573470514965 -0.955386231336919
4.495813146052468 -0.9766389811038583
4.579068945053439 -0.9911260397646262
4.662324744054411 -0.9987470478559695
4.745580543055382 -0.9994492106526506
4.828836342056355 -0.9932276639042346
4.912092141057326 -0.9801255075323064
4.995347940058297 -0.9602335070546805
5.078603739059269 -0.9336894648049913
5.161859538060241 -0.9006772653035642
5.245115337061213 -0.8614256013927726
5.328371136062184 -0.8162063899616233
5.411626935063155 -0.7653328882346663
5.494882734064127 -0.7091575236746916
5.578138533065099 -0.6480694525326215
5.661394332066071 -0.5824918639577881
5.744650131067042 -0.5128790483444632
5.827905930068013 -0.4397132502237183
5.9111617290689855 -0.3635013275023123
5.994417528069957 -0.2847712401917933
6.077673327070928 -0.20406839295223542
6.1609291260719 -0.12195185678774122
6.244184925072871 -0.03899049606799803
6.327440724073844 0.04424097229395208
6.410696523074815 0.1271659602075792
6.493952322075787 0.20921000273337043
6.577208121076758 0.28980473770314397
6.66046392007773 0.36839184306326545
6.743719719078701 0.4444269046647177
6.826975518079673 0.5173831877058117
6.910231317080645 0.5867552857007712
6.993487116081616 0.652062621695879
7.076742915082588 0.7128527774784089
7.159998714083559 0.768704627715174
7.243254513084532 0.8192312573088654
7.326510312085503 0.8640826417621179
7.4097661110864745 0.9029480719810233
7.493021910087446 0.935558306720191
7.5762777090884175 0.9616874377582476
7.65953350808939 0.9811544548827231
7.742789307090361 0.9938244998428502
7.826045106091333 0.9996098005834886
7.909300905092304 0.9984702792882448
7.992556704093277 0.9904138300195531
8.075812503094248 0.9754962640323593
8.15906830209522 0.9538209231402489
8.242324101096191 0.9255379638124333
8.325579900097162 0.8908433169610331
8.408835699098136 0.849977330624756
8.492091498099105 0.8032231049518167
8.575347297100077 0.7509045310165313
8.658603096101048 0.6933840470557621
8.74185889510202 0.6310601276689115
8.825114694102993 0.5643645233751113
8.908370493103964 0.4937592696506479
8.991626292104936 0.41973348616657025
9.074882091105907 0.3427999883998722
9.158137890106879 0.2634917350913758
9.24139368910785 0.1823581361606491
9.324649488108822 0.09996124665496954
9.407905287109793 0.01687187309884695
9.491161086110765 -0.06633438078253186
9.574416885111736 -0.14908110157258708
9.65767268411271 -0.23079505928178906
9.74092848311368 -0.31091017841282176
9.824184282114652 -0.3888714594628388
9.907440081115624 -0.464138823696472
9.990695880116593 -0.5361908545548552
10.073951679117567 -0.6045284097819573
10.157207478118538 -0.6686780792451016
10.24046327711951 -0.7281954644955813
10.323719076120481 -0.7826682573500829
10.406974875121453 -0.8317190961659991
10.490230674122426 -0.8750081800236992
10.573486473123397 -0.9122356227059432
10.656742272124369 -0.9431435301672005
10.739998071125338 -0.9675177871011326
10.82325387012631 -0.9851895402297653
10.906509669127283 -0.9960363680388171
10.989765468128255 -0.9999831288558193
11.073021267129226 -0.9970024813959427
11.156277066130198 -0.9871150741694354
11.239532865131169 -0.9703894024385487
11.322788664132142 -0.9469413337148843
11.406044463133112 -0.9169333050842965
11.489300262134083 -0.8805731979198888
11.572556061135055 -0.8381128977785779
11.655811860136026 -0.7898465494575609
11.739067659137 -0.7361085192988331
11.822323458137971 -0.6772710788579488
11.905579257138942 -0.6137418259834492
11.988835056139914 -0.5459608611725202
12.072090855140885 -0.4743977387637266
12.155346654141857 -0.39954821408752217
12.238602453142828 -0.32193080910872807
12.3218582521438 -0.24208322035257987
12.405114051144771 -0.16055859399852462
12.488369850145743 -0.07792169394615006
12.571625649146716 0.0052550106009367
12.654881448147687 0.08839531092990886
12.738137247148659 0.17092325051908158
12.82139304614963 0.25226711499119536
12.904648845150602 0.3318633926791463
12.987904644151573 0.4091606783672331
13.071160443152545 0.4836234931646583
13.154416242153516 0.5547359940490126
13.237672041154488 0.6220055473817871
13.32092784015546 0.6849661416402947
13.404183639156432 0.7431816157242161
13.487439438157402 0.796248680472587
13.570695237158375 0.8437997124596165
13.653951036159347 0.8855053007152003
13.737206835160316 0.9210765287277128
13.82046263416129 0.9502669759204064
13.90371843316226 0.9728744247361486
13.986974232163233 0.9887422615046443
14.070230031164206 0.9977605613875683
14.153485830165176 0.999866849885652
14.236741629166149 0.9950465356323475
14.319997428167119 0.983333011475886
14.40325322716809 0.9648074231494816
14.486509026169063 0.9395981071322234
14.569764825170033 0.9078797015948911
14.653020624171006 0.8698719365896284
14.736276423171976 0.8258381118644895
14.819532222172949 0.7760832728477998
14.902788021173922 0.7209520974382904
14.986043820174892 0.6608265082402812
15.069299619175865 0.5961230267852246
15.152555418176835 0.5272898880683377
15.235811217177806 0.45480393538937924
15.31906701617878 0.3791673170087105
15.40232281517975 0.3009040075025923
15.485578614180723 0.22055617791611246
15.568834413181692 0.13868043985965917
15.652090212182665 0.05584398956796276
15.735346011183639 -0.027379321366062376
15.818601810184608 -0.11041296136267165
15.90185760918558 -0.19268171279231894
15.985113408186553 -0.27361565681023897
16.068369207187523 -0.35265412148357944
16.151625006188496 -0.4292495658603348
16.234880805189466 -0.5028713730730382
16.31813660419044 -0.5730095262004827
16.401392403191412 -0.6391781414227492
16.484648202192382 -0.7009188339935996
16.567904001193355 -0.7578038937123431
16.651159800194325 -0.8094392478969916
16.734415599195298 -0.8554671913326948
16.81767139819627 -0.8955688642835977
16.90092719719724 -0.929466461401688
16.98418299619821 -0.9569251562303346
17.06743879519918 -0.9777547279704665
17.150694594200154 -0.9918108792399458
17.233950393201127 -0.9989962356973099
17.317206192202097 -0.9992610206049731
17.40046199120307 -0.9926033996588278
17.48371779020404 -0.9790694936954325
17.566973589205013 -0.9587530591887543
17.650229388205986 -0.9317948387498408
17.733485187206956 -0.8983815861288414
17.81674098620793 -0.8587447724737006
17.8999967852089 -0.8131589828079689
17.983252584209872 -0.7619400138361329
18.066508383210845 -0.7054426862540137
18.149764182211815 -0.6440583867194692
18.233019981212788 -0.5782123565114669
18.316275780213758 -0.5083607456604478
18.39953157921473 -0.4349874529574949
18.4827873782157 -0.3586007737333106
18.56604317721667 -0.27972987862950693
18.649298976217644 -0.19892114775568487
18.732554775218613 -0.11673438562749333
18.815810574219586 -0.03373894310674253
18.89906637322056 0.04949022679098734
18.98232217222153 0.1323765518978333
19.065577971222503 0.21434583511185504
19.148833770223472 0.2948302321618764
19.232089569224446 0.3732721853629843
19.31534536822542 0.44912828611139033
19.39860116722639 0.5218730393612125
19.48185696622736 0.5910025040046318
19.56511276522833 0.6560377839365699
19.648368564229305 0.7165283456195264
19.731624363230278 0.7720551391659719
19.814880162231248 0.8222335013169928
19.898135961232217 0.8667158202066966
19.981391760233187 0.9051939434521487
20.06464755923416 0.9374013128867595
20.147903358235133 0.9631148111486848
20.231159157236103 0.982156307331964
20.314414956237076 0.9943938909928547
20.397670755238046 0.9997427859627435
20.48092655423902 0.9981659376371904
20.564182353239993 0.9896742696726317
20.647438152240962 0.9743266083124764
20.730693951241935 0.9522292748668223
20.813949750242905 0.9235353491689117
20.89720554924388 0.8884436091107284
20.98046134824485 0.8471971536041595
21.06371714724582 0.800081718507166
21.146972946246795 0.7474236971814332
21.230228745247764 0.6895878793941621
21.313484544248738 0.6269749242277647
21.396740343249707 0.560018584504012
21.479996142250677 0.4891827019504341
21.56325194125165 0.41495799392509264
21.64650774025262 0.33785865395975084
21.729763539253593 0.25841878967122645
21.813019338254566 0.1771887227174653
21.896275137255536 0.0947311764304043
21.97953093625651 0.011617377535924962
22.06278673525748 -0.07157690103363303
22.146042534258452 -0.15427532882097078
22.229298333259425 -0.23590501038754436
22.312554132260395 -0.3159004540611355
22.39580993126137 -0.3937074893936445
22.479065730262338 -0.4687871061907843
22.56232152926331 -0.5406191885187849
22.645577328264284 -0.608706117820584
22.728833127265254 -0.6725762201809081
22.812088926266224 -0.7317870338591883
22.895344725267197 -0.7859283744543909
22.978600524268167 -0.8346251764677667
23.06185632326914 -0.8775400915785427
23.14511212227011 -0.9143758256328829
23.228367921271083 -0.9448771981566307
23.311623720272053 -0.9688329101244502
23.394879519273026 -0.9860770077391485
23.478135318274 -0.9964900320807725
23.56139111727497 -0.9999998466612855
23.644646916275942 -0.9965821371519019
23.72790271527691 -0.9862605798212111
23.811158514277885 -0.9691066775172299
23.89441431327886 -0.9452392643296271
23.977670112279828 -0.914823682363578
24.0609259112808 -0.8780706363281674
24.14418171028177 -0.8352347338742269
24.227437509282744 -0.7866127217934177
24.310693308283714 -0.7325414302973823
24.393949107284683 -0.6733954396179668
24.477204906285657 -0.6095844850932491
24.560460705286626 -0.5415506187156878
24.6437165042876 -0.4697651468058057
24.726972303288573 -0.3947253650258209
24.810228102289543 -0.31695111335142956
24.893483901290516 -0.23698117486728953
24.976739700291485 -0.15536954333367273
25.05999549929246 -0.07268158538072965
25.143251298293432 0.010509876083036912
25.2265070972944 0.09362853011588866
25.309762896295375 0.1760985701514069
25.393018695296345 0.25734868291293933
25.476274494297318 0.336816006200722
25.55953029329829 0.4139500281339009
25.64278609229926 0.488216400835444
25.726041891300234 0.5591006421405083
25.809297690301204 0.6261116996845557
25.892553489302173 0.6887853526809804
25.975809288303147 0.7466874278222746
26.059065087304116 0.7994168070265303
26.14232088630509 0.8466082061930568
26.22557668530606 0.8879347057171587
26.308832484307032 0.9231100152339359
26.392088283308006 0.9518904569019742
26.475344082308975 0.9740766534877271
26.55859988130995 0.9895149095563184
26.64185568031092 0.9980982762005259
26.72511147931189 0.9997672919320326
26.808367278312865 0.9945103946023787
26.891623077313838 0.9823640015000374
26.974878876314804 0.9634122570687353
27.058134675315777 0.9377864499946941
27.14139047431675 0.9056641037009648
27.22464627331772 0.8672677465494453
27.307902072318694 0.8228633702700504
27.391157871319663 0.7727585872963253
27.474413670320633 0.7173004997725618
27.557669469321606 0.6568732949949686
27.64092526832258 0.591895583944519
27.724181067323553 0.5228175013488445
27.80743686632452 0.45011758736259555
27.890692665325492 0.374299472468459
27.973948464326465 0.29588838856435895
28.05720426332744 0.21542753040624882
28.140460062328412 0.13347429261278282
28.223715861329378 0.05059640830008283
28.30697166033035 -0.03263198390373172
28.390227459331324 -0.11563431721828846
28.473483258332298 -0.19783559089186328
28.55673905733327 -0.27866635353354335
28.639994856334237 -0.3575666480020539
28.72325065533521 -0.43398989052296544
28.80650645433618 -0.5074066571614952
28.889762253337153 -0.5773083514201712
28.973018052338126 -0.6432107275538351
29.056273851339093 -0.704657245194229
29.139529650340066 -0.7612222320448973
29.22278544934104 -0.8125138327366953
29.306041248342012 -0.8581767234157361
29.389297047342986 -0.8978945732583209
29.47255284634395 -0.9313922358606729
29.555808645344925 -0.9584376553225816
29.639064444345898 -0.978843473820471
29.72232024334687 -0.9924683295334467
29.805576042347845 -0.9992178359308623
29.88883184134881 -0.9990452356373858
29.972087640349784 -0.9919517243458913
30.055343439350757 -0.9779864425342675
30.13859923835173 -0.9572461350435212
30.2218550373527 -0.9298744808754593
30.30511083635367 -0.8960610978527866
30.38836663535464 -0.8560402290368719
30.471622434355613 -0.8100891200030464
30.554878233356586 -0.758526098214913
30.63813403235756 -0.7017083678028301
30.721389831358525 -0.6400295350233212
30.8046456303595 -0.5739168815418112
30.887901429360472 -0.5038284044281741
30.971157228361445 -0.430249643370491
31.05441302736242 -0.3536903170866532
31.137668826363385 -0.27468079223513087
31.220924625364358 -0.1937684092865793
31.30418042436533 -0.1115136908090019
31.387436223366304 -0.028486458433535568
31.470692022367277 0.05473811459922489
31.553947821368244 0.13758348796631065
31.637203620369217 0.21947574825999575
31.72045941937019 0.2998475847873217
31.80371521837116 0.37814221962921746
31.886971017372133 0.45381726473354356
31.970226816373106 0.526348479321946
32.05348261537407 0.5952334015810415
32.136738414375046 0.659994829479288
32.21999421337602 0.7201841265960246
32.30325001237699 0.7753843300615847
32.386505811377965 0.8252130390780565
32.46976161037893 0.8693250640104258
32.553017409379905 0.9074148176964681
32.63627320838088 0.9392184324094806
32.71952900738185 0.9645155878086089
32.802784806382824 0.983131037213548
32.88604060538379 0.9949358216303256
32.969296404384764 0.9998481631179806
33.05255220338574 0.9978340313073003
33.13580800238671 0.9889073791470628
33.219063801387684 0.9731300462446326
33.30231960038865 0.9506113304705276
33.38557539938962 0.9215072307946631
33.468831198390596 0.8860193665995761
33.55208699739157 0.8443935809570746
33.63534279639254 0.7969182375441748
33.71859859539351 0.7439222229964819
33.80185439439448 0.6857726685377297
33.88511019339545 0.6228724066690277
33.96836599239642 0.5556571805365377
34.051621791397395 0.48459262530990554
34.13487759039836 0.4101710424828968
34.218133389399334 0.3329079894423961
34.30138918840031 0.25333870793167995
34.38464498740128 0.17201441614975274
34.467900786402254 0.08949849017341491
34.55115658540322 0.006362561155327983
34.63441238440419 -0.07681744466520167
34.717668183405166 -0.1594652957056889
34.80092398240614 -0.24100844689927917
34.88417978140711 -0.320882006015093
34.96743558040808 -0.39853264696335683
35.05069137940905 -0.473422442975834
35.133947178410025 -0.5450325931070016
35.217202977411 -0.6128670162406764
35.30045877641197 -0.6764557877044178
35.38371457541294 -0.7353583946845116
35.46697037441391 -0.7891667878895855
35.550226173414885 -0.8375082083223092
35.63348197241586 -0.8800477695767441
35.71673777141683 -0.9164907777723386
35.7999935704178 -0.9465847730531951
35.88324936941877 -0.9701212785100818
35.966505168419744 -0.9869372444094494
36.04976096742072 -0.9969161777245724
36.13301676642169 -0.9999889491439186
36.216272565422656 -0.9961342719661942
36.29952836442363 -0.9853788495645006
36.3827841634246 -0.9677971903980477
36.466039962425576 -0.9435110918529278
36.54929576142655 -0.9126887964876598
36.632551560427515 -0.8755438265286372
36.71580735942849 -0.8323335046895207
36.79906315842946 -0.7833571715616867
36.88231895743043 -0.7289541119247431
36.9655747564314 -0.6695012043426699
37.04883055543237 -0.6054103103281208
37.13208635443334 -0.5371254211613945
37.215342153434314 -0.46511958212971094
37.29859795243529 -0.3898916154940642
37.38185375143626 -0.3119626648854681
37.46510955043723 -0.2318725850693516
37.5483653494382 -0.15017620208806534
37.63162114843917 -0.06743946968955893
37.714876947440146 0.015764451331469875
37.79813274644112 0.09885916371939
37.881388545442086 0.18126902676411608
37.96464434444306 0.26242314406663425
38.04790014344403 0.34175931843812324
38.131155942445005 0.41872794653514894
38.21441174144598 0.49279582625064233
38.297667540446945 0.5634498504849017
38.38092333944792 0.6302005617079552
38.46417913844889 0.692585542688875
38.547434937449864 0.7501726199027988
38.63069073645084 0.8025628574238883
38.713946535451804 0.849393320563985
38.79720233445278 0.8903395901118066
38.88045813345375 0.9251180097551698
38.96371393245472 0.9534876511172427
39.0469697314557 0.9752519827939319
39.13022553045666 0.9902602318301266
39.213481329457636 0.998408428203141
39.29673712845861 0.9996401250776551
39.37999292745958 0.9939467898425907
39.463248726460556 0.9813678632209883
39.54650452546152 0.9619904860434082
39.629760324462495 0.9359488955776275
39.71301612346347 0.9034234955966015
39.796271922464435 0.8646396066267861
39.87952772146541 0.8198659050345114
39.962783520466374 0.7694125617637206
40.04603931946735 0.7136290936189239
40.12929511846832 0.6529019419787728
40.212550917469294 0.5876517957136731
40.29580671647027 0.518330676853058
40.37906251547123 0.4454188091914164
40.462318314472206 0.36942129152585246
40.54557411347318 0.29086459857150165
40.62882991247415 0.21029293379467542
40.712085711475126 0.12826445942966616
40.79534151047609 0.04534742979583749
40.878597309477065 -0.037883745298494476
40.96185310847804 -0.1208524797944133
41.04510890747901 -0.20298400569685604
41.128364706479985 -0.2837093547943487
41.21162050548095 -0.36246930020059537
41.294876304481924 -0.4387182304128253
41.3781321034829 -0.5119279290491616
41.46138790248387 -0.5815912340809194
41.544643701484844 -0.6472255512103089
