0.0 0.0
0.08345590365744877 0.08335906055369674
0.16691180731489755 0.16613787149735176
0.25036771097234634 0.24776022224928715
0.3338236146297951 0.3276579521694967
0.41727951828724386 0.40527490543854733
0.5007354219446927 0.4800708023727689
0.5841913256021415 0.551525000228103
0.6676472292595902 0.619140117314233
0.751103132917039 0.6824454951920937
0.8345590365744877 0.7410004748549355
0.9180149402319365 0.7943974640879508
1.0014708438893853 0.842264774655043
1.084926747546834 0.8842692095635181
1.168382651204283 0.9201183823971453
1.2518385548617315 0.9495627525730668
1.3352944585191804 0.9723973623554469
1.4187503621766293 0.9884632635347727
1.502206265834078 0.9976486238419138
1.5856621694915267 0.9998895053953625
1.6691180731489754 0.9951703097629996
1.7525739768064243 0.9835238865403846
1.836029880463873 0.9650313046897683
1.919485784121322 0.9398212882315058
2.0029416877787707 0.9080693202159323
2.0863975914362194 0.8699964212128183
2.169853495093668 0.8258676108211488
2.253309398751117 0.7759900629084228
2.336765302408566 0.7207109674205674
2.4202212060660147 0.660415113646081
2.503677109723463 0.5955222117569277
2.587133013380912 0.526483971270531
2.6705889170383608 0.4537809567692434
2.7540448206958095 0.37791924276413763
2.8375007243532586 0.2994268909881092
2.920956628010707 0.21885027463930692
3.004412531668156 0.13675027516126156
3.0878684353256047 0.05369837803335884
3.1713243389830534 -0.029727305251762606
3.2547802426405026 -0.11294606133346652
3.338236146297951 -0.19537861723957767
3.4216920499554 -0.2764511726165243
3.5051479536128487 -0.3555993938654128
3.588603857270297 -0.4322723423814878
3.672059760927746 -0.505936309553093
3.755515664585195 -0.5760785318252933
3.838971568242644 -0.6422107599681852
3.922427471900092 -0.7038726577047483
4.005883375557541 -0.7606350060409308
4.0893392792149905 -0.812102690993101
4.172795182872439 -0.8579174539157687
4.256251086529888 -0.8977603852849619
4.339706990187336 -0.9313541445784097
4.423162893844785 -0.9584648908003006
4.506618797502234 -0.9789039102125147
4.590074701159683 -0.9925289299419562
4.673530604817132 -0.9992451083201572
4.75698650847458 -0.9990056950615576
4.840442412132029 -0.9918123566850575
4.923898315789478 -0.9777151649136367
5.007354219446926 -0.9568122481327846
5.090810123104376 -0.9292491083338887
5.174266026761824 -0.8952176082972361
5.257721930419273 -0.85495463606468
5.3411778340767215 -0.8087404559983903
5.42463373773417 -0.7568967579036946
5.508089641391619 -0.699784417795782
5.591545545049068 -0.637800985897221
5.675001448706517 -0.5713779193519537
5.7584573523639655 -0.5009775789184233
5.841913256021414 -0.42709001054738754
5.925369159678863 -0.3502295342473659
6.008825063336312 -0.270931163982102
6.092280966993761 -0.18974688352057933
6.1757368706512095 -0.1072418041628353
6.259192774308658 -0.02399023108704403
6.342648677966107 0.059428334300568875
6.426104581623555 0.14243322818595563
6.509560485281005 0.2244466662588276
6.593016388938453 0.3048977655804357
6.676472292595902 0.3832265184119862
6.75992819625335 0.4588876903424425
6.8433840999108 0.5313546155814729
6.926840003568248 0.600122862999074
7.010295907225697 0.6647137473931565
7.093751810883146 0.7246776615436641
7.177207714540594 0.779597205859344
7.260663618198044 0.8290900938321539
7.344119521855492 0.8728118130748923
7.427575425512941 0.9104580234189881
7.51103132917039 0.941766675379638
7.594487232827838 0.9665198342420026
7.677943136485288 0.9845451970712629
7.761399040142736 0.9957172920868692
7.844854943800184 0.9999583520523263
7.928310847457634 0.9972388556009731
8.011766751115083 0.98757773272968
8.095222654772531 0.9710422330300499
8.178678558429981 0.9477474575743452
8.26213446208743 0.9178555577146142
8.345590365744878 0.8815746063720461
8.429046269402328 0.8391571496733431
8.512502173059776 0.7908984490159471
8.595958076717224 0.737134425798822
8.679413980374672 0.6782393231252225
8.76286988403212 0.6146231007539645
8.84632578768957 0.5467285814325448
8.929781691347019 0.4750283684760531
9.013237595004467 0.40002155604811684
9.096693498661917 0.32223025504313113
9.180149402319365 0.24219595875256594
9.263605305976816 0.16047577361336773
9.347061209634264 0.07763854127568089
9.430517113291712 -0.005739121016472671
9.51397301694916 -0.0890768341692085
9.597428920606609 -0.17179449716846235
9.680884824264059 -0.25331632507400187
9.764340727921507 -0.3330748569699031
9.847796631578955 -0.41051490597279006
9.931252535236403 -0.48509742380240306
10.014708438893852 -0.5563032530138393
10.098164342551302 -0.6236367407727448
10.181620246208752 -0.6866291890185192
10.2650761498662 -0.7448421169994904
10.348532053523648 -0.7978703134700434
10.431987957181097 -0.8453446573038262
10.515443860838547 -0.8869346868891855
10.598899764495995 -0.9223509004216579
10.682355668153443 -0.9513467710815455
10.765811571810891 -0.9737204630692189
10.84926747546834 -0.9893162365531012
10.93272337912579 -0.9980255317507021
11.016179282783238 -0.9997877245965796
11.099635186440688 -0.9945905487371444
11.183091090098136 -0.9824701809148615
11.266546993755584 -0.9635109891475051
11.350002897413034 -0.9378449454553522
11.433458801070483 -0.9056507072242329
11.516914704727931 -0.8671523735989202
11.60037060838538 -0.8226179255634241
11.683826512042828 -0.7723573605665447
11.767282415700278 -0.7167205346772697
11.850738319357726 -0.6560947272904479
11.934194223015174 -0.5909019453344314
12.017650126672624 -0.5215959857457033
12.101106030330072 -0.44865927665814676
12.184561933987522 -0.37259951929493307
12.26801783764497 -0.2939461539383422
12.351473741302419 -0.21324667457731014
12.434929644959867 -0.13106281788591614
12.518385548617315 -0.04796665306071968
12.601841452274765 0.03546340026500406
12.685297355932214 0.11864659831143379
12.768753259589662 0.20100391562041642
12.85220916324711 0.2819620755626906
12.93566506690456 0.3609575408284062
13.01912097056201 0.4374404361237298
13.102576874219459 0.5108783757682649
13.186032777876907 0.5807601695499597
13.269488681534355 0.6465993810416101
13.352944585191803 0.7079377136100758
13.436400488849253 0.7643482005487152
13.5198563925067 0.8154381771270085
13.60331229616415 0.8608520138694156
13.6867681998216 0.9002735920374879
13.770224103479046 0.9334285040838347
13.853680007136496 0.9600859637608922
13.937135910793945 0.9800604125885175
14.020591814451395 0.9932128114980602
14.104047718108845 0.9994516086619479
14.187503621766291 0.9987333767718903
14.270959525423741 0.9910631153296974
14.354415429081188 0.9764942158465166
14.437871332738638 0.9551280901927267
14.521327236396088 0.9271134646854957
14.604783140053534 0.8926453448277433
14.688239043710984 0.8519636579047967
14.771694947368433 0.8053515828874395
14.855150851025883 0.7531335792666045
14.938606754683331 0.6956731285407284
15.02206265834078 0.6333702040768928
15.10551856199823 0.5666584869576861
15.188974465655676 0.4960023471938411
15.272430369313126 0.4218936113159377
15.355886272970576 0.34484813884552584
15.439342176628022 0.2654022314762639
15.522798080285472 0.18410889996023655
15.606253983942919 0.10153401468511863
15.689709887600369 0.01825236673734138
15.773165791257819 -0.06515633313030315
15.856621694915267 -0.14811148977613559
15.940077598572717 -0.23003566510314913
16.023533502230165 -0.3103585975168509
16.106989405887614 -0.3885211714285967
16.190445309545062 -0.46397930917327257
16.27390121320251 -0.5362077582503105
16.357357116859962 -0.6047037475256283
16.44081302051741 -0.6689904869442164
16.52426892417486 -0.7286204863924575
16.607724827832307 -0.7831786706080245
16.691180731489755 -0.8322852684549982
16.774636635147203 -0.8755984564523805
16.858092538804655 -0.9128167381548171
16.9415484424621 -0.9436810428230125
17.02500434611955 -0.9679765287753481
17.108460249776996 -0.9855340788677928
17.19191615343445 -0.9962314776923693
17.275372057091896 -0.9999942622998151
17.358827960749345 -0.9967962405247366
17.442283864406797 -0.9866596733052431
17.52573976806424 -0.9696551197279815
17.609195671721693 -0.9459009458771708
17.69265157537914 -0.9155625009064895
17.77610747903659 -0.8788509660690195
17.859563382694038 -0.8360218847170008
17.943019286351486 -0.7873733835038275
18.026475190008934 -0.733244097170229
18.109931093666386 -0.6740108113598783
18.193386997323834 -0.61008583987244
18.276842900981283 -0.5419141546105595
18.36029880463873 -0.4699702881988409
18.44375470829618 -0.3947550308351706
18.52721061195363 -0.3167919443671062
18.610666515611076 -0.23662371785833333
18.694122419268528 -0.15480839001345498
18.777578322925972 -0.07191546475637874
18.861034226583424 0.011478052999032642
18.944490130240872 0.09479167379144103
19.02794603389832 0.17744546431000352
19.11140193755577 0.25886408422100826
19.194857841213217 0.33848079102352396
19.27831374487067 0.4157413850568557
19.361769648528117 0.4901080671992021
19.445225552185565 0.5610631824047132
19.528681455843014 0.6281128230207
19.612137359500462 0.6907902668029042
19.69559326315791 0.7486592256973165
19.779049166815362 0.8013168827742737
19.862505070472807 0.8483966961751924
19.94596097413026 0.8895709505541388
20.029416877787703 0.9245530382539605
20.112872781445155 0.9530994543381702
20.196328685102603 0.9750114915913642
20.27978458876005 0.9901366236896275
20.363240492417503 0.9983695669128276
20.446696396074948 0.9996530130084115
20.5301522997324 0.9939780281053456
20.61360820338985 0.981384114901419
20.697064107047296 0.9619589376910338
20.780520010704745 0.9358377121475245
20.863975914362193 0.9032022641076363
20.94743181801964 0.8642797639098166
21.030887721677093 0.8193411450964001
21.11434362533454 0.7686992184868631
21.19779952899199 0.7127064947497717
21.281255432649438 0.651752730630197
21.364711336306886 0.5862622159129093
21.448167239964338 0.5166908200063863
21.531623143621783 0.44352281870593374
21.615079047279234 0.3672675232242629
21.69853495093668 0.2884557349544562
21.78199085459413 0.20763605064299043
21.86544675825158 0.1253710436921422
21.948902661909028 0.042233348172952614
22.032358565566476 -0.04119832719252286
22.115814469223924 -0.12434322733369704
22.199270372881376 -0.20662259337825145
22.282726276538824 -0.28746369130369004
22.366182180196272 -0.3663037986508738
22.44963808385372 -0.442594121548567
22.53309398751117 -0.5158036147832402
22.616549891168617 -0.585422678323192
22.70000579482607 -0.6509667045660574
22.783461698483514 -0.7119794516178419
22.866917602140965 -0.7680362191226588
22.950373505798414 -0.8187468045366044
23.033829409455862 -0.8637582192677274
23.11728531311331 -0.902757145775359
23.20074121677076 -0.9354721185253653
23.28419712042821 -0.9616754136200135
23.367653024085655 -0.9811846339490227
23.451108927743107 -0.9938639788278284
23.534564831400555 -0.9996251892852664
23.618020735058003 -0.9984281624207159
23.70147663871545 -0.9902812305542239
23.7849325423729 -0.975241103226507
23.868388446030348 -0.9534124724525534
23.9518443496878 -0.9249472839765941
24.035300253345248 -0.8900436796011328
24.118756157002696 -0.8489446179523021
24.202212060660145 -0.8019361832822087
24.285667964317593 -0.749345594080418
24.369123867975045 -0.6915389253563329
24.45257977163249 -0.628918560447323
24.53603567528994 -0.5619203900901226
24.619491578947386 -0.4910107782524396
24.702947482604838 -0.4166833158450008
24.786403386262286 -0.339455384911121
24.869859289919734 -0.2598645572097763
24.953315193577183 -0.1784648522612186
25.03677109723463 -0.09582288090223255
25.120227000892083 -0.012513901195172887
25.20368290454953 0.0708821858549887
25.28713880820698 0.15378487290246232
25.370594711864427 0.2356170870830484
25.454050615521876 0.3158092069296654
25.537506519179324 0.39380302741984385
25.620962422836776 0.46905564555510665
25.70441832649422 0.5410432394252938
25.787874230151672 0.6092647144524128
25.87133013380912 0.6732451914329464
25.95478603746657 0.7325393120990421
26.03824194112402 0.7867343391889609
26.121697844781465 0.8354530294477186
26.205153748438917 0.8783562595594346
26.288609652096362 0.915145386732586
26.372065555753814 0.9455643275066147
26.455521459411262 0.9694013403095171
26.53897736306871 0.9864904993584036
26.62243326672616 0.9967128496433666
26.705889170383607 0.999997234955025
26.789345074041055 0.9963207931919629
26.872800977698507 0.9857091155003034
26.956256881355955 0.968236068137675
27.0397127850134 0.9440232783015433
27.12316868867085 0.9132392875009752
27.2066245923283 0.8760983783651078
27.29008049598575 0.832859083054684
27.3735363996432 0.7838223836594249
27.456992303300645 0.7293296171079487
27.540448206958093 0.6697600991738639
27.623904110615545 0.6055284841169711
27.707360014272993 0.5370818783386861
27.790815917930445 0.4648967281430729
27.87427182158789 0.3894755032673667
27.957727725245338 0.3113431992673177
28.04118362890279 0.2310436831038361
28.124639532560238 0.14913590736865553
28.20809543621769 0.06619001950121993
28.29155133987513 -0.017216606919988244
28.375007243532583 -0.10050339118625462
28.45846314719003 -0.18309058679165283
28.541919050847483 -0.2644033169594344
28.62537495450493 -0.34387557627089066
28.708830858162376 -0.42095417054211065
28.792286761819827 -0.4951025675236838
28.875742665477276 -0.5658046316192058
28.959198569134728 -0.6325682166258815
29.042654472792176 -0.6949285914885831
29.12611037644962 -0.7524516752213237
29.20956628010707 -0.8047370584782901
29.29302218376452 -0.8514207907417549
29.37647808742197 -0.8921779137257012
29.45993399107942 -0.9267247233605236
29.543389894736865 -0.9548207446134426
29.626845798394314 -0.9762704053982673
29.710301702051765 -0.9909243979226194
29.793757605709214 -0.9986807179965353
29.877213509366662 -0.9994853750679589
29.960669413024107 -0.9933327680426746
30.04412531668156 -0.9802657242726622
30.127581220339007 -0.9603752014414862
30.21103712399646 -0.9337996544218324
30.294493027653907 -0.9007240715124238
30.37794893131135 -0.8613786867628969
30.4614048349688 -0.8160373773499606
30.54486073862625 -0.7650157571604659
30.6283166422837 -0.7086689798516439
30.71177254594115 -0.6473892666810637
30.795228449598596 -0.5816031763147563
30.878684353256045 -0.5117686356178639
30.962140256913496 -0.4383717520961285
31.045596160570945 -0.36192343017624834
31.129052064228397 -0.2829558148786588
31.212507967885838 -0.2020185876378569
31.29596387154329 -0.1196751400543558
31.379419775200738 -0.03649865221240307
31.46287567885819 0.04693189713855562
31.546331582515638 0.13003576076593998
31.629787486173083 0.21223446544629423
31.713243389830534 0.2929558386285
31.796699293487983 0.3716379912389429
31.880155197145434 0.44773322890504214
31.963611100802883 0.5207118643715786
32.04706700446033 0.5900659045723002
32.130522908117776 0.655312586691573
32.21397881177523 0.7159977386021672
32.29743471543268 0.7716989402876138
32.380890619090124 0.8220284642430382
32.464346522747576 0.8666359743867473
32.54780242640502 0.9052109646958262
32.63125833006247 0.9374849205908761
32.714714233719924 0.963233188024712
32.79817013737737 0.982276537264674
32.88162604103482 0.9944824104832539
32.965081944692265 0.9997658444727522
33.04853784834972 0.9980900620611176
33.13199375200716 0.9894667281121865
33.215449655664614 0.9739558683283572
33.298905559322066 0.9516654514209041
33.38236146297951 0.9227506375563709
33.465817366636955 0.8874126983104897
33.54927327029441 0.8458976156476755
33.63272917395186 0.7984943696783825
33.71618507760931 0.7455329271129564
33.799640981266755 0.6873819444140796
33.8830968849242 0.6244462016357749
33.96655278858165 0.5571637848116627
34.0500086922391 0.48600303650541854
34.133464595896555 0.4114592957501445
34.21692049955399 0.33405145006950165
34.300376403211445 0.25431832358134615
34.3838323068689 0.1728149263259297
34.46728821052635 0.09010859092624972
34.55074411418379 0.006775023472867595
34.63420001784124 -0.07660570387773558
34.71765592149869 -0.15945319069628158
34.80111182515614 -0.24119074835887422
34.88456772881359 -0.321249414287907
34.96802363247104 -0.3990719124131152
35.05147953612848 -0.4741165322846796
35.134935439785934 -0.5458608998364044
35.218391343443386 -0.6138056135513025
35.30184724710083 -0.6774777207188225
35.38530315075828 -0.7364340095859985
35.46875905441573 -0.790264094486314
35.55221495807318 -0.838593272471299
35.63567086173063 -0.8810851315601376
35.719126765388076 -0.9174438924517829
35.80258266904553 -0.9474164673992245
35.88603857270297 -0.97079422191438
35.969494476360424 -0.9874144270407256
36.05295038001787 -0.9971613920845372
36.13640628367532 -0.9999672699200433
36.21986218733277 -0.9958125292628316
36.30331809099022 -0.9847260906241253
36.38677399464767 -0.9667851249995424
36.470229898305114 -0.9421145166936628
36.553685801962565 -0.910885994019564
36.63714170562002 -0.8733169339244387
36.72059760927746 -0.8296688488620662
36.80405351293491 -0.7802455664448025
36.88750941659236 -0.7253911145462668
36.97096532024981 -0.6654873265761942
37.05442122390726 -0.6009511835967363
37.1378771275647 -0.5322319117813851
37.22133303122215 -0.4598078554205683
37.3047889348796 -0.38418314724062436
37.388244838537055 -0.3058841992133228
37.4717007421945 -0.22545603828304533
37.555156645851945 -0.14345851251796377
37.638612549509396 -0.06046239409368743
37.72206845316685 0.022954593764121626
37.8055243568243 0.10621179822235988
37.888980260481745 0.188729678675606
37.97243616413919 0.2699338408392336
38.05589206779664 0.3492590350197401
38.13934797145409 0.42615309073098295
38.22280387511154 0.5000807602680921
38.30625977876899 0.5705274444845057
38.389715682426434 0.6370027748375025
38.473171586083886 0.6990440267683173
38.55662748974134 0.7562193406566439
38.64008339339878 0.8081307279291019
38.723539297056234 0.8544168413965465
38.80699520071368 0.8947554905362909
38.89045110437113 0.9288658842108521
38.973907008028576 0.9565105852118806
39.05736291168603 0.9774971630241015
39.14081881534348 0.9916795333045413
39.224274719000924 0.9989589747531991
39.307730622658376 0.9992848162968436
39.39118652631582 0.9926547898025644
39.47464242997327 0.979115045865896
39.558098333630724 0.9587598325636183
39.64155423728817 0.9317308394073778
39.725010140945614 0.898216211064766
39.808466044603065 0.8584492377132035
39.89192194826052 0.8127067311428751
39.97537785191797 0.7613070979123896
40.05883375557541 0.7046081229696701
40.14228965923286 0.6430044791658759
40.22574556289031 0.5769249799983954
40.30920146654776 0.5068295947059535
40.39265737020521 0.4332062464934427
40.47611327386265 0.3565674161734589
40.5595691775201 0.27744657486613317
40.643025081177555 0.19639447058866163
40.72648098483501 0.11397529458297623
40.80993688849245 0.030762754067226887
40.893392792149896 -0.05266392125201892
40.97684869580735 -0.1357240111087345
41.0603045994648 -0.21783934698194743
41.143760503122245 -0.2984383366379766
41.2272164067797 -0.37695994289614976
41.31067231043714 -0.45285758892235173
41.39412821409459 -0.5256029628664226
41.477584117752045 -0.5946896953597111
41.56104002140949 -0.6596368842744526
41.64449592506694 -0.7199924422095914
