0.0 0.0
0.16026887538551754 0.15958364196858568
0.3205377507710351 0.31507696718695194
0.4808066261565527 0.46249449854201713
0.6410755015420702 0.5980577510315632
0.8013443769275876 0.7182920787863013
0.9616132523131053 0.8201157343370055
1.1218821276986228 0.9009188574327757
1.2821510030841403 0.9586303688339634
1.4424198784696578 0.9917710545130353
1.6026887538551753 0.9994914796527717
1.762957629240693 0.9815937606613562
1.9232265046262107 0.9385366371619621
2.083495380011728 0.8714237139557667
2.2437642553972457 0.7819751743307316
2.404033130782763 0.6724836897373747
2.5643020061682806 0.5457556559184794
2.7245708815537983 0.40503926167997534
2.8848397569393156 0.25394123398512874
3.0451086323248333 0.09633439329336287
3.2053775077103506 -0.06374161139070975
3.3656463830958683 -0.22218384348041673
3.525915258481386 -0.37493124190543653
3.6861841338669037 -0.5180687108913958
3.8464530092524214 -0.6479274684769671
4.006721884637939 -0.7611790817177542
4.166990760023456 -0.8549207783439068
4.327259635408973 -0.9267498482331716
4.487528510794491 -0.9748252277019757
4.647797386180009 -0.9979146881366041
4.808066261565526 -0.9954264194642689
4.968335136951043 -0.967424198942488
5.128604012336561 -0.9146257564728391
5.2888728877220785 -0.8383843783380208
5.449141763107597 -0.7406542208801096
5.609410638493113 -0.6239402231713108
5.769679513878631 -0.4912339024744461
5.9299483892641485 -0.3459366781311894
6.090217264649667 -0.1917726891770964
6.250486140035184 -0.032693340270697084
6.410755015420701 0.12722397746308478
6.571023890806219 0.28388039477106297
6.7312927661917366 0.4332606231196508
6.891561641577254 0.5715358712704206
7.051830516962772 0.6951619817102666
7.212099392348289 0.8009702715838599
7.372368267733807 0.8862487497682818
7.532637143119324 0.9488116284005141
7.692906018504843 0.9870553471954651
7.853174893890359 0.999999674585236
8.013443769275877 0.9873128322090281
8.173712644661395 0.9493199987833982
8.333981520046912 0.8869949753886583
8.49425039543243 0.801935225799945
8.654519270817946 0.6963209316086847
8.814788146203464 0.5728591115999081
8.975057021588983 0.4347142376716424
9.1353258969745 0.2854271256920795
9.295594772360017 0.1288241802174073
9.455863647745534 -0.031080680764872384
9.616132523131052 -0.1901889072827888
9.77640139851657 -0.344422368044215
9.936670273902086 -0.48982787774635056
10.096939149287605 -0.6226785218723248
10.257208024673123 -0.7395691819009447
10.41747690005864 -0.8375038125060036
10.577745775444157 -0.9139722337276452
10.738014650829674 -0.9670144698419963
10.898283526215193 -0.9952709858480301
11.05855240160071 -0.9980175339513193
11.218821276986226 -0.9751837168882507
11.379090152371745 -0.9273547922908233
11.539359027757262 -0.855756671844049
11.699627903142781 -0.7622244997252056
11.859896778528297 -0.6491556156965849
12.020165653913814 -0.5194481084630517
12.180434529299333 -0.3764265342442899
12.34070340468485 -0.22375670448221038
12.500972280070368 -0.0653517267749696
12.661241155455885 0.0947282926808236
12.821510030841402 0.25238031439516695
12.98177890622692 0.4035635313206121
13.142047781612439 0.5444029394973943
13.302316656997956 0.6712886589700828
13.462585532383473 0.7809684592636728
13.62285440776899 0.8706311178821273
13.783123283154508 0.9379784752528726
13.943392158540027 0.9812843392641211
14.103661033925544 0.999438729602333
14.263929909311061 0.9919763278553312
14.424198784696578 0.9590884041713968
14.584467660082094 0.9016179147800347
14.744736535467615 0.8210378960307132
14.905005410853132 0.7194137087358448
15.065274286238648 0.5993501005399371
15.225543161624165 0.4639244431687951
15.385812037009686 0.31660785576671896
15.546080912395203 0.16117623602349532
15.706349787780718 0.001613479468180891
15.866618663166236 -0.15799063246675582
16.026887538551755 -0.3135452583617419
16.187156413937274 -0.46106334989513337
16.34742528932279 -0.5967638445888682
16.507694164708308 -0.7171685788942842
16.667963040093824 -0.8191914376214988
16.82823191547934 -0.9002174547075189
16.98850079086486 -0.9581698378771346
17.148769666250377 -0.9915631992756102
17.309038541635893 -0.9995416277093618
17.46930741702141 -0.9819006266581913
17.629576292406927 -0.9390923557620233
17.789845167792446 -0.8722140414366373
17.950114043177965 -0.7829798536679865
18.11038291856348 -0.6736769698159825
18.270651793949 -0.5471069515642119
18.430920669334515 -0.4065139375934649
18.591189544720034 -0.25550149248538334
18.751458420105553 -0.09794024311687029
18.91172729549107 0.062131330066785444
19.071996170876588 0.22061040406349408
19.232265046262103 0.37343497350144744
19.392533921647622 0.5166879646223018
19.55280279703314 0.6466976344963113
19.713071672418657 0.7601316821193341
19.873340547804172 0.854082659213379
20.03360942318969 0.9261424915512472
20.19387829857521 0.9744642007359424
20.35414717396073 0.9978092444329298
20.514416049346245 0.9955792616693022
20.67468492473176 0.9678314095304501
20.83495380011728 0.9152768981566225
20.9952226755028 0.8392627615891551
21.155491550888314 0.7417373317010414
21.315760426273833 0.6252003001556758
21.47602930165935 0.4926386483646341
21.636298177044868 0.34745008763509044
21.796567052430387 0.1933559718261683
21.956835927815902 0.03430591466537076
22.11710480320142 -0.12562344350433313
22.277373678586937 -0.28233292481919164
22.437642553972452 -0.43180588065261205
22.597911429357975 -0.5702111430514927
22.75818030474349 -0.6940012220843651
22.91844918012901 -0.8000032321876988
23.078718055514525 -0.8855002169608577
23.23898693090004 -0.9483007879595341
23.399255806285563 -0.9867952925632572
23.55952468167108 -0.9999970712683945
23.719793557056594 -0.9875677469336314
23.880062432442113 -0.9498258977847374
24.04033130782763 -0.8877388918793271
24.200600183213147 -0.802898092323874
24.360869058598666 -0.6974780687625033
24.521137933984182 -0.5741808605951366
24.6814068093697 -0.43616672052437044
24.841675684755216 -0.28697311355561345
25.001944560140736 -0.1304240476014627
25.162213435526255 0.029467940346163454
25.32248231091177 0.18860463026633473
25.48275118629729 0.3429071613163967
25.643020061682805 0.48842057784067733
25.803288937068324 0.6214151995433285
25.96355781245384 0.7384822175882448
26.123826687839358 0.8366210663854972
26.284095563224877 0.9133163316223694
26.444364438610393 0.9666022232956305
26.60463331399591 0.9951129612252289
26.764902189381427 0.9981177816093351
26.925171064766946 0.9755396673615053
27.085439940152465 0.92795732214934
27.24570881553798 0.8565903375377104
27.4059776909235 0.7632679334201352
27.566246566309015 0.6503820729579055
27.726515441694534 0.5208261537462565
27.886784317080053 0.37792084662528735
28.04705319246557 0.22532898297421777
28.207322067851088 0.06696167202792142
28.3675909432366 -0.09312194546044085
28.527859818622122 -0.25081873777907066
28.68812869400764 -0.40208675035717306
28.848397569393157 -0.5430488058225063
29.008666444778676 -0.6700918806251518
29.168935320164188 -0.7799597110876073
29.32920419554971 -0.8698362552790994
29.48947307093523 -0.9374178714878282
29.64974194632074 -0.9809723632720071
29.810010821706264 -0.9993833776953711
29.970279697091776 -0.9921790187681067
30.130548572477295 -0.9595439426970235
30.290817447862818 -0.9023146249294249
30.45108632324833 -0.8219579203019463
30.61135519863385 -0.7205334658229571
30.77162407401937 -0.600640889749588
30.931892949404883 -0.46535318005286325
31.092161824790406 -0.3181379201156553
31.252430700175918 -0.16276841048546428
31.412699575561437 -0.0032269547359621426
31.57296845094696 0.15639721166512335
31.73323732633247 0.3120127332786118
31.89350620171799 0.4596310009538714
32.05377507710351 0.5954683845803017
32.21404395248903 0.7160432119846196
32.37431282787455 0.8182650082904355
32.53458170326006 0.8995137084302404
32.69485057864558 0.9577068124998168
32.85511945403109 0.9913527626841684
33.015388329416616 0.999589173641552
33.175657204802135 0.9822049364557559
33.33592608018765 0.9396456296063423
33.496194955573166 0.8730020982672647
33.65646383095868 0.7839824946599426
33.8167327063442 0.6748684960994193
33.97700158172972 0.548456822916736
34.137270457115235 0.4079875552220271
34.297539332500754 0.2570610858340818
34.457808207886266 0.09954583797081745
34.618077083271785 -0.0605208869952688
34.77834595865731 -0.2190363903276082
34.93861483404282 -0.37193773292758886
35.09888370942834 -0.5153058732502912
35.259152584813855 -0.645466116956259
35.41942146019937 -0.7590823036566593
35.57969033558489 -0.8532423166343588
35.73995921097041 -0.9255327238261929
35.90022808635593 -0.9741006369300189
36.06049696174144 -0.997701203114799
36.22076583712696 -0.9957295120652336
36.38103471251248 -0.9682361005457837
36.541303587898 -0.9159256570838664
36.70157246328352 -0.8401389599726968
36.86184133866903 -0.7428185115440578
37.02211021405455 -0.6264587495450434
37.18237908944007 -0.4940421117599125
37.34264796482559 -0.3489625926160317
37.50291684021111 -0.19493875110821857
37.66318571559662 -0.03591839975085173
37.82345459098214 0.12402258250784536
37.98372346636766 0.2807847198650256
38.143992341753176 0.4303500140576934
38.304261217138695 0.5688849303918091
38.46453009252421 0.692838655752805
38.624798967909726 0.7990341101289702
38.785067843295245 0.8847493789150567
38.945336718680764 0.9477874787903411
39.10560559406628 0.9865326689894092
39.265874469451795 0.999991864641489
39.426143344837314 0.9878200907056499
39.58641222022283 0.9503293240875151
39.746681095608345 0.8884804973036358
39.90694997099387 0.8038588686489927
40.06721884637938 0.6986333901593307
40.2274877217649 0.5755011148151729
40.38775659715042 0.43761806789655816
40.54802547253593 0.2885183543369647
40.70829434792146 0.1320235754502827
40.86856322330697 -0.027855123213040622
41.02883209869249 -0.18701986225211228
41.18910097407801 -0.3413910618923015
41.34936984946352 -0.48701200642107273
41.50963872484904 -0.6201502594731498
41.66990760023456 -0.7373933307717278
41.83017647562008 -0.8357361422745708
41.9904453510056 -0.9126580518645321
42.15071422639111 -0.9661874603765984
42.31098310177663 -0.9949523460072534
42.47125197716215 -0.9982154308496743
42.631520852547666 -0.9758930781950881
42.791789727933185 -0.9285574362401458
42.9520586033187 -0.8574217732545951
43.112327478704216 -0.7643093800861539
43.272596354089735 -0.6516068370680699
43.432865229475254 -0.5222028431535227
43.59313410486077 -0.37941417515826
43.753402980246285 -0.22690067486329976
43.913671855631804 -0.0685714429583715
44.07394073101732 0.09151535581405913
44.23420960640284 0.24925650820211764
44.39447848178836 0.40060892263418285
44.55474735717387 0.5416932584190548
44.71501623255939 0.6688933578181725
44.875285107944904 0.7789489324286306
45.03555398333043 0.8690391282159621
45.19582285871595 0.9368548273262568
45.35609173410146 0.9806578334971889
45.51636060948698 0.9993254240759841
45.67662948487249 0.9923791267236921
45.83689836025802 0.9599969832249292
45.99716723564354 0.903008986067193
46.15743611102905 0.822875804755583
46.31770498641457 0.7216513471325501
46.47797386180008 0.6019301153001974
46.6382427371856 0.4667807054747679
46.798511612571126 0.3196671562505168
46.95878048795664 0.16436016120954583
47.11904936334216 0.004840421602953273
47.27931823872767 -0.1548033837118493
47.43958711411319 -0.310479395927214
47.599855989498714 -0.45819745544710067
47.760124864884226 -0.5941713743783537
47.920393740269745 -0.7149159809869932
48.08066261565526 -0.8173364487555939
48.240931491040776 -0.898807620433012
48.401200366426295 -0.9572412939074136
48.561469241811814 -0.9911397452865451
48.72173811719733 -0.9996341173255653
48.882006992582845 -0.9825066892618382
49.042275867968364 -0.9401964572545741
49.20254474335388 -0.8737878823960893
49.3628136187394 -0.7849830946963963
49.52308249412492 -0.6760582654857576
49.68335136951043 -0.5498052664619236
49.84362024489595 -0.40946011072937344
50.00388912028147 -0.25862000997111195
50.16415799566699 -0.1011511736753132
50.32442687105251 0.058910286368663606
50.48469574643802 0.21746180637039902
50.64496462182354 0.37043952408164776
50.80523349720906 0.5139224403733826
50.96550237259458 0.6442329190628552
51.1257712479801 0.7580309490616007
51.28604012336561 0.8523997527945212
51.44630899875113 0.9249205466454261
51.60657787413665 0.9737345372306759
51.766846749522166 0.9975905644634792
51.92711562490768 0.9958771702609132
52.0873845002932 0.9686382709349509
52.247653375678716 0.9165720315656473
52.407922251064235 0.8410129712076251
52.568191126449754 0.743897757594499
52.728460001835266 0.6277155680632671
52.888728877220785 0.49544428900662546
53.048997752606304 0.35047418913648626
53.20926662799182 0.1965210229027734
53.36953550337734 0.0375307913293202
53.529804378762854 -0.12242139864117477
53.69007325414837 -0.27923578393902826
53.85034212953389 -0.4288930271249645
54.01061100491941 -0.5675572367439206
54.17087988030493 -0.6916742857421222
54.33114875569044 -0.798062907930609
54.49141763107596 -0.883996237585546
54.65168650646148 -0.9472717022292372
54.811955381847 -0.986267477157613
54.97222425723252 -0.999984054718074
55.13249313261803 -0.9880698628681538
55.29276200800355 -0.9508302763811548
55.45303088338907 -0.8892197897309466
55.61329975877459 -0.8048175522741039
55.77356863416011 -0.6997868927914905
55.93383750954562 -0.57681987082298
56.09410638493114 -0.43906827600989207
56.25437526031666 -0.2900628440133739
56.414644135702176 -0.1336227595998005
56.574913011087695 0.026242233564189917
56.7351818864732 0.18543460736576386
56.895450761858726 0.3398740737188128
57.055719637244245 0.48560216715450355
57.215988512629764 0.6188837049548368
57.37625738801528 0.7363025242861114
57.53652626340079 0.8348490424769566
57.696795138786314 0.9119973961678433
57.85706401417183 0.9657701821646621
58.01733288955735 0.9947891406122369
58.17760176494287 0.9983104814181254
58.337870640328376 0.9762439484689606
58.498139515713895 0.9291551330009569
58.65840839109942 0.8582509768302073
58.81867726648494 0.7653488370120392
58.97894614187046 0.6528299048386268
59.139215017255964 0.5235781731008994
59.29948389264148 0.380906515955609
59.459752768027 0.22847177605784133
59.62002164341253 0.07018103537556414
59.78029051879805 -0.08990852792413286
59.94055939418355 -0.24769362973127754
60.10082826956907 -0.39913005199888835
60.26109714495459 -0.540336300815962
60.421366020340116 -0.6676930936692882
60.581634895725635 -0.7779361259181287
60.74190377111114 -0.8682397387678848
60.90217264649666 -0.9362893442339381
61.06244152188218 -0.9803407507584856
61.2227103972677 -0.9992648688950441
61.38297927265322 -0.9925766512011415
61.54324814803874 -0.9604475245757076
61.70351702342425 -0.9037009963856992
61.863785898809766 -0.8237915470020839
62.024054774195285 -0.7227673497544287
62.18432364958081 -0.6032177738354733
62.34459252496633 -0.4682070157181928
62.504861400351835 -0.321195560190226
62.665130275737354 -0.1659514840519159
62.82539915112287 -0.006453875868792778
62.98566802650839 0.15320915275620217
63.14593690189392 0.30894525029932646
63.30620577727942 0.45676271710677674
63.46647465266494 0.5928728173595568
63.62674352805046 0.7137868888359474
63.78701240343598 0.8164057614343259
63.9472812788215 0.8980991925540099
64.10755015420702 0.9567732833118199
64.26781902959253 0.9909241476372903
64.42808790497806 0.9996764586443986
64.58835678036357 0.9828058842908745
64.7486256557491 0.9407448372727332
64.90889453113459 0.874571391777467
65.06916340652012 0.7859816511724788
65.22943228190564 0.6772462748776549
65.38970115729116 0.5511522786893239
65.54997003267668 0.4109316002819578
65.71023890806218 0.26017826083810236
65.8705077834477 0.10275624605117638
66.03077665883323 -0.05729953237986787
66.19104553421874 -0.21588665629103662
66.35131440960427 -0.36894035086395427
66.51158328498977 -0.5125376695930883
66.6718521603753 -0.6429980440264923
66.83212103576082 -0.7569776210711642
66.99238991114633 -0.8515549698873333
67.15265878653186 -0.9243059616026451
67.31292766191736 -0.9733659025909865
67.47319653730288 -0.9974773287669962
67.6334654126884 -0.9960222358719397
67.79373428807392 -0.9690379196509719
67.95400316345945 -0.9172160199192397
68.11427203884494 -0.841884793018613
68.27454091423047 -0.7449750670427542
68.43480978961598 -0.6289707524384491
68.59507866500151 -0.49684517645445103
68.75534754038704 -0.35198487326127154
68.91561641577253 -0.19810278309068008
69.07588529115806 -0.03914308520322283
69.23615416654357 0.12081989607271162
69.3964230419291 0.27768612107358215
69.55669191731462 0.4274349236474444
69.71696079270012 0.5662280655642324
69.87722966808565 0.6905081150835315
70.03749854347116 0.797089628120963
70.19776741885669 0.8832407949329968
70.3580362942422 0.9467534596189551
70.51830516962771 0.9859997177582468
70.67857404501324 0.9999736415184808
70.83884292039875 0.988317062770906
70.99911179578427 0.9513287533615148
71.15938067116979 0.8899567672366531
71.3196495465553 0.8057741407034493
71.47991842194082 0.7009385736560593
71.64018729732634 0.5781371251854144
71.80045617271186 0.4405173410890102
71.96072504809737 0.29160657856405725
72.12099392348289 0.13522159588683164
72.28126279886841 -0.024629275598461283
72.44153167425392 -0.18384886973423595
72.60180054963945 -0.33835620074514283
72.76206942502496 -0.4841910637112168
72.92233830041047 -0.6176155392856162
73.082607175796 -0.7352098009711049
73.24287605118151 -0.8339597693020705
73.40314492656704 -0.9113343662522041
73.56341380195255 -0.9653503897461259
73.72368267733806 -0.9946233454650528
73.88395155272359 -0.9984029330672419
74.0442204281091 -0.9765922772696906
74.20448930349463 -0.9297504108757669
74.36475817888014 -0.8590779461058741
74.52502705426565 -0.7663863014917683
74.68529592965118 -0.6540512730855501
74.84556480503669 -0.5249521400079445
75.00583368042221 -0.3823978651322676
75.16610255580773 -0.23004228246776004
75.32637143119324 -0.07179044508924015
75.48664030657876 0.0883014659737384
75.64690918196428 0.24613010643524358
75.8071780573498 0.397650142301289
75.96744693273531 0.5389779365458254
76.12771580812083 0.6664910913031521
76.28798468350635 0.7769212941927407
76.44825355889186 0.8674380890159448
76.60852243427739 0.9357214236830154
76.7687913096629 0.9800211158813664
76.92906018504841 0.9992017123101953
77.08932906043394 0.9927715916862393
77.24959793581945 0.9608955655764603
77.40986681120498 0.9043906540834074
77.57013568659049 0.8247051446574747
77.730404561976 0.7238814707832809
77.89067343736153 0.6045038620032599
78.05094231274704 0.46963210707003056
78.21121118813257 0.32272312795583175
78.37148006351808 0.16754237486984508
78.53174893890359 0.008067313333143073
78.6920178142891 -0.1516145229484436
78.85228668967463 -0.3074103003887837
79.01255556506015 -0.4553267896680108
79.17282444044567 -0.5915727169044731
79.33309331583118 -0.7126559384708682
79.49336219121669 -0.81547294874949
79.65363106660222 -0.8973884266374906
79.81389994198774 -0.9563027819314138
79.97416881737325 -0.9907059702976749
