0.0 0.0
0.061572922897166996 0.06153402413919675
0.12314584579433399 0.1228348326529766
0.184718768691501 0.18367009380948718
0.24629169158866798 0.2438092403140246
0.30786461448583496 0.3030243431653526
0.369437537383002 0.3610909755128177
0.431010460280169 0.4177890632402181
0.49258338317733597 0.4729037190526911
0.554156306074503 0.5262260569054061
0.6157292289716699 0.5775539836873572
0.677302151868837 0.6266929651597511
0.738875074766004 0.6734567632460642
0.800447997663171 0.717668141879419
0.862020920560338 0.7591595387320993
0.9235938434575048 0.7977737002813297
0.9851667663546719 0.8333642778044057
1.046739689251839 0.8657963820443332
1.108312612149006 0.8949470944437818
1.169885535046173 0.9207059330097622
1.2314584579433399 0.9429752710433832
1.293031380840507 0.9616707071476976
1.354604303737674 0.9767213851112924
1.416177226634841 0.988070262455257
1.477750149532008 0.995674326625731
1.5393230724291749 0.9995047580126523
1.600895995326342 0.9995470391768642
1.6624689182235088 0.9958010098716041
1.724041841120676 0.9882808676498434
1.785614764017843 0.9770151140551752
1.8471876869150097 0.9620464466001893
1.9087606098121768 0.9434315969417375
1.9703335327093439 0.9212411158664107
2.031906455606511 0.8955591059011391
2.093479378503678 0.8664829025623269
2.1550523014008447 0.8341227054515974
2.216625224298012 0.7986011605963045
2.278198147195179 0.7600528956177537
2.339771070092346 0.7186240094888543
2.401343992989513 0.6744715188150378
2.4629169158866797 0.6277627627370522
2.5244898387838473 0.5786747687110652
2.586062761681014 0.5273935815697927
2.6476356845781805 0.47411355840751757
2.709208607475348 0.4190366319614174
2.7707815303725147 0.36237154528099924
2.832354453269682 0.30433306058625886
2.893927376166849 0.24514114531302886
2.955500299064016 0.185020138430411
3.0170732219611827 0.12419790018998145
3.0786461448583498 0.06290494852923698
3.140219067755517 0.0013735854023436578
3.201791990652684 -0.06016298365059062
3.263364913549851 -0.12147153335885665
3.3249378364470177 -0.18231970265126393
3.3865107593441848 -0.2424768753109233
3.448083682241352 -0.3017150540169798
3.5096566051385185 -0.3598097244606622
3.571229528035686 -0.41654070626062273
3.6328024509328527 -0.47169298745256716
3.6943753738300193 -0.5250575393904541
3.755948296727187 -0.5764321089707469
3.8175212196243535 -0.6256219851771765
3.879094142521521 -0.6724407370407941
3.9406670654186877 -0.7167109202184101
4.002239988315854 -0.7582647495114864
4.063812911213022 -0.7969447347766008
4.1253858341101886 -0.8326042778173737
4.186958757007356 -0.8651082279956238
4.248531679904523 -0.8943333944559596
4.310104602801689 -0.9201690130224756
4.371677525698857 -0.9425171659979902
4.433250448596024 -0.961293153274782
4.494823371493191 -0.9764258133503034
4.556396294390358 -0.9878577930312094
4.617969217287524 -0.9955457648035215
4.679542140184692 -0.9994605910450847
4.741115063081859 -0.9995874344579468
4.802687985979026 -0.9959258143021229
4.864260908876193 -0.9884896082176116
4.925833831773359 -0.9773069996277626
4.987406754670526 -0.9624203709233355
5.0489796775676945 -0.9438861428320853
5.110552600464861 -0.921774560582671
5.172125523362028 -0.896169427673326
5.2336984462591944 -0.8671677882543211
5.295271369156361 -0.8348795593279947
5.356844292053529 -0.7994271141603244
5.418417214950696 -0.7609448184829197
5.479990137847863 -0.7195785212432447
5.5415630607450295 -0.6754850018331376
5.603135983642196 -0.6288313758906526
5.664708906539364 -0.579794461927244
5.726281829436531 -0.5285601111808006
5.787854752333698 -0.4753225032343961
5.8494276752308645 -0.42028341007038617
5.911000598128032 -0.36365143134910716
5.972573521025199 -0.30564120381049187
6.034146443922365 -0.24647258779498132
6.095719366819533 -0.18636983396685577
6.1572922897166995 -0.12556073339811966
6.218865212613867 -0.06427575423413577
6.280438135511034 -0.002747168213091888
6.3420110584082 0.058791829650211694
6.403583981305368 0.12010800487980927
6.4651569042025345 0.18096896750357577
6.526729827099702 0.24114405281754897
6.588302749996869 0.3004051956114255
6.649875672894035 0.3585277945419179
6.711448595791202 0.4152915633779525
6.7730215186883695 0.47048136589147865
6.834594441585537 0.5238880312296239
6.896167364482704 0.5753091466779177
6.95774028737987 0.624549824809987
7.019313210277037 0.6714234421162016
7.080886133174205 0.715752346311854
7.142459056071372 0.7573685296441488
7.204031978968539 0.796114265646158
7.265604901865705 0.8318427069244221
7.327177824762872 0.8644184417145646
7.388750747660039 0.8937180070955629
7.450323670557207 0.9196303569175784
7.511896593454374 0.9420572826698824
7.57346951635154 0.9609137856937878
7.635042439248707 0.9761283993298747
7.696615362145874 0.9876434597785743
7.758188285043042 0.9954153246475385
7.819761207940209 0.9994145383574928
7.881334130837375 0.9996259437796851
7.942907053734542 0.9960487396818143
8.004479976631709 0.9886964837647231
8.066052899528877 0.9775970412783427
8.127625822426044 0.9627924794116387
8.18919874532321 0.9443389078568187
8.250771668220377 0.9223062661520739
8.312344591117544 0.8967780586088261
8.373917514014712 0.867851037828115
8.435490436911879 0.8356348380056122
8.497063359809045 0.8002515594150316
8.558636282706212 0.7618353056447738
8.620209205603379 0.7205316753416775
8.681782128500547 0.6764972103881858
8.743355051397714 0.6298988026043583
8.80492797429488 0.5809130612233255
8.866500897192047 0.5297256435374961
8.928073820089214 0.4765305512523668
8.989646742986382 0.42152939521477933
9.051219665883549 0.36493063130233305
9.112792588780716 0.3069487703699285
9.174365511677882 0.24780356524779823
9.235938434575049 0.1877191778723007
9.297511357472217 0.1269233297060817
9.359084280369384 0.06564643866754324
9.42065720326655 0.004120745840654151
9.482230126163717 -0.05742056472506897
9.543803049060884 -0.11874424978845445
9.605375971958052 -0.17961789091490635
9.666948894855219 -0.23981077534858716
9.728521817752386 -0.2990947704200491
9.790094740649552 -0.3572451881752502
9.851667663546719 -0.4140416369490142
9.913240586443887 -0.46926885665543844
9.974813509341052 -0.5227175346294676
10.03638643223822 -0.5741850989276049
10.097959355135389 -0.6234764860810693
10.159532278032554 -0.6704048803916571
10.221105200929722 -0.7147924219683289
10.282678123826887 -0.7564708808210159
10.344251046724056 -0.7952822944568789
10.405823969621222 -0.8310795665624354
10.467396892518389 -0.8637270245026022
10.528969815415557 -0.8931009335236677
10.590542738312722 -0.9190899657113721
10.65211566120989 -0.9415956219267392
10.713688584107057 -0.9605326051204821
10.775261507004224 -0.9758291436111487
10.836834429901392 -0.987427263101743
10.898407352798557 -0.9952830064038877
10.959980275695726 -0.999366600036766
11.021553198592892 -0.9996625670694218
11.083126121490059 -0.9961697857787501
11.144699044387227 -0.9889014939008576
11.206271967284392 -0.9778852384596838
11.26784489018156 -0.9631627713630281
11.329417813078727 -0.944789891161688
11.390990735975894 -0.9228362315714292
11.452563658873062 -0.8973849975593106
11.514136581770227 -0.8685326499945981
11.575709504667396 -0.8363885400594383
11.637282427564562 -0.8010744948049142
11.698855350461729 -0.7627243554231988
11.760428273358896 -0.7214834699857995
11.822001196256064 -0.6775081425704117
11.88357411915323 -0.6309650408642167
11.945147042050397 -0.5820305644888063
12.006719964947564 -0.5308901764408234
12.06829288784473 -0.4777377001821578
12.129865810741899 -0.42277458504375165
12.191438733639066 -0.36620914272716165
12.253011656536232 -0.3082557577975335
12.314584579433399 -0.24913407516027464
12.376157502330566 -0.1890681676008859
12.437730425227734 -0.12828568654300743
12.4993033481249 -0.0670169992433369
12.560876271022067 -0.00549431569344969
12.622449193919234 0.05604919146237929
12.6840221168164 0.11738027065784212
12.745595039713569 0.17826647543438115
12.807167962610736 0.23847704541958328
12.868740885507902 0.2977837809152793
12.930313808405069 0.35596190778060083
12.991886731302236 0.41279092933209044
13.053459654199404 0.4680554620321319
13.11503257709657 0.5215460517984103
13.176605499993737 0.573059967840592
13.238178422890904 0.6224019710155277
13.29975134578807 0.6693850537889187
13.36132426868524 0.7138311489989592
13.422897191582404 0.7555718047357185
13.484470114479572 0.794448822778475
13.546043037376739 0.8303148581712594
13.607615960273906 0.8630339776642592
13.669188883171074 0.8924821749045282
13.730761806068239 0.9185478404234348
13.792334728965407 0.9411321846395931
13.853907651862574 0.9601496122740526
13.91548057475974 0.9755280467587424
13.97705349765691 0.9872092034086213
14.038626420554074 0.9951488103222195
14.100199343451242 0.9993167761733515
14.16177226634841 0.9996973042580585
14.223345189245576 0.9962889523645483
14.284918112142744 0.9891046382392151
14.346491035039909 0.9781715906280323
14.408063957937078 0.9635312460788599
14.469636880834244 0.9452390918958061
14.53120980373141 0.9233644558408318
14.59278272662858 0.8979902433796471
14.654355649525744 0.8692126234677447
14.715928572422913 0.8371406640674341
14.777501495320077 0.80189591877731
14.839074418217246 0.7636119661407915
14.900647341114414 0.7224339033798234
14.96222026401158 0.678517796472452
15.023793186908748 0.6320300886585151
15.085366109805912 0.5831469696152524
15.14693903270308 0.532053707693615
15.20851195560025 0.4789439477461949
15.270084878497414 0.42401897720795734
15.331657801394583 0.3674869632113772
15.393230724291747 0.30956216362736605
15.454803647188916 0.2504641150220872
15.516376570086084 0.19041680060742075
15.57794949298325 0.12964780133848766
15.639522415880418 0.06838743337562836
15.701095338777582 0.006867875179914188
15.76266826167475 -0.054677712449564375
15.82424118457192 -0.11601607006144411
15.885814107469084 -0.1769147236117659
15.947387030366253 -0.2371428655469359
16.008959953263417 -0.29647222957060776
16.070532876160588 -0.35467795577918504
16.132105799057754 -0.4115394428869401
16.19367872195492 -0.46684118431091715
16.255251644852088 -0.5203735849467287
16.316824567749254 -0.5719337555397062
16.37839749064642 -0.6213262816406949
16.439970413543588 -0.6683639642321316
16.501543336440754 -0.712868529217414
16.56311625933792 -0.7546713030845762
16.624689182235088 -0.7936138521834876
16.686262105132254 -0.8295485831936971
16.747835028029424 -0.862339302507134
16.80940795092659 -0.8918617324055802
16.870980873823758 -0.9180039820766149
16.932553796720924 -0.940666971682829
16.99412671961809 -0.9597648078771064
17.055699642515258 -0.9752251093407465
17.117272565412424 -0.9869892811106306
17.17884548830959 -0.9950127366557264
17.240418411206758 -0.9992650668612535
17.301991334103924 -0.9997301552800553
17.363564257001094 -0.9964062392143724
17.42513717989826 -0.9893059163965157
17.486710102795428 -0.9784560972431169
17.548283025692594 -0.9638979028639187
17.60985594858976 -0.9456865092116492
17.671428871486928 -0.9238909379636608
17.733001794384094 -0.8985937949278952
17.79457471728126 -0.8698909569646239
17.856147640178428 -0.8378912086105402
17.917720563075594 -0.8027158297824052
17.979293485972764 -0.7644981361228621
18.04086640886993 -0.7233829737305328
18.102439331767098 -0.6795261701893509
18.164012254664264 -0.6330939439777877
18.22558517756143 -0.5842622744962956
18.287158100458598 -0.5332162351005927
18.348731023355764 -0.48014929166861
18.41030394625293 -0.4252625693595515
18.471876869150098 -0.3687640903440692
18.533449792047264 -0.31086798539457766
18.595022714944434 -0.2517936823237979
18.656595637841598 -0.19176507434739534
18.718168560738768 -0.13100967152256368
18.779741483635934 -0.06975773847876782
18.8413144065331 -0.008241421708495789
18.902887329430268 0.053306130274245425
18.964460252327434 0.11465165057314386
19.0260331752246 0.17556263799746527
19.087606098121768 0.2358082382478908
19.149179021018934 0.2951601188605913
19.210751943916105 0.3533933345934802
19.272324866813268 0.4102871799747835
19.333897789710438 0.4656260257828179
19.395470712607604 0.5192001362865615
19.45704363550477 0.5708064641498147
19.518616558401938 0.6202494199861128
19.580189481299104 0.6673416136478242
19.64176240419627 0.7119045644399069
19.703335327093438 0.7537693775665993
19.764908249990604 0.7927773842472895
19.826481172887775 0.8287807430755125
19.88805409578494 0.8616430003418947
19.949627018682104 0.8912396071974347
20.01119994157927 0.9174583916970276
20.07277286447644 0.9401999839341816
20.134345787373608 0.9593781926556685
20.195918710270778 0.9749203319287253
20.25749163316794 0.9867674966227071
20.319064556065108 0.994874785661144
20.380637478962274 0.9992114721980342
20.442210401859445 0.9997611200734307
20.50378332475661 0.9965216461069333
20.565356247653774 0.9895053279930003
20.62692917055094 0.9787387577681498
20.68850209344811 0.9642627410264195
20.750075016345278 0.946132142265058
20.811647939242444 0.9244156769465827
20.87322086213961 0.8991956510653101
20.934793785036778 0.8705676492053985
20.996366707933944 0.8386401722726737
21.057939630831115 0.8035342262732418
21.11951255372828 0.7653828636974425
21.181085476625444 0.7243306792472822
21.24265839952261 0.6805332618185779
21.30423132241978 0.6341566048148186
21.365804245316948 0.5853764770276526
21.427377168214115 0.534377756468372
21.48895009111128 0.48135372967523055
21.550523014008448 0.4265053591522034
21.612095936905614 0.3700405217156304
21.673668859802785 0.31217322063542335
21.73524178269995 0.2531227745568653
21.796814705597114 0.19311298627696202
21.85838762849428 0.13237129452575247
21.91996055139145 0.07112791196734891
21.981533474288618 0.009614952687677734
22.043106397185785 -0.05193444752423832
22.10467932008295 -0.11328701476724844
22.166252242980118 -0.1742102211425085
22.227825165877285 -0.23447316604054316
22.289398088774455 -0.29384745126084044
22.35097101167162 -0.35210804664723133
22.412543934568784 -0.40903414295832036
22.47411685746595 -0.46440998874051653
22.53568978036312 -0.5180257080318986
22.597262703260288 -0.5696780957978208
22.658835626157455 -0.6191713880835373
22.72040854905462 -0.6663180039649038
22.781981471951788 -0.7109392564851856
22.843554394848955 -0.7528660298834849
22.905127317746125 -0.7919394205480773
22.96670024064329 -0.8280113392654136
23.028273163540455 -0.86094507248228
23.08984608643762 -0.8906158004538818
23.15141900933479 -0.9169110703140637
23.212991932231958 -0.9397312222747343
23.274564855129125 -0.9589897673391804
23.336137778026288 -0.9746137150977108
23.397710700923458 -0.9865438503632998
23.459283623820625 -0.9947349575987493
23.52085654671779 -0.9991559922848126
23.58242946961496 -0.9997901985797624
23.644002392512128 -0.9966351728244884
23.70557531540929 -0.9897028726524308
23.76714823830646 -0.9790195716698219
23.828721161203628 -0.9646257598780084
23.890294084100795 -0.9465759902152401
23.951867006997965 -0.924938671799551
24.013439929895128 -0.8997958106563476
24.075012852792295 -0.8712426989133276
24.13658577568946 -0.8393875536407377
24.19815869858663 -0.8043511067057243
24.259731621483798 -0.7662661471952827
24.32130454438096 -0.7252770181419952
24.38287746727813 -0.6815390694600062
24.444450390175298 -0.6352180691646453
24.506023313072465 -0.586489575107114
24.567596235969635 -0.5355382696054638
24.629169158866798 -0.4825572594935994
24.690742081763965 -0.42774734424109473
24.75231500466113 -0.37131625491777115
24.8138879275583 -0.31347786688727325
24.875460850455468 -0.2544513892136392
24.93703377335263 -0.19446053385296797
24.9986066962498 -0.13373266777901613
25.060179619146968 -0.0724979512562136
25.121752542044135 -0.010988465525965503
25.183325464941305 0.050562666787552224
25.244898387838468 0.11192216521846596
25.306471310735635 0.1728574755985515
25.3680442336328 0.23313765144382237
25.42961715652997 0.2925342292480079
25.491190079427138 0.35082209436543965
25.5527630023243 0.4077803342016997
25.61433592522147 0.46319307547836536
25.675908848118638 0.5168503023985783
25.737481771015805 0.5685486526126596
25.799054693912975 0.6180921879669345
25.860627616810138 0.6652931371146535
25.922200539707305 0.7099726071745329
25.98377346260447 0.7519612617396132
26.04534638550164 0.7910999626668644
26.10691930839881 0.8272403732150656
26.16849223129597 0.8602455202451005
26.23006515419314 0.8899903133518813
26.291638077090308 0.916362018960371
26.353210999987475 0.9392606875889175
26.414783922884645 0.9585995326604998
26.476356845781808 0.974305259426213
26.537929768678975 0.9863183427543705
26.59950269157614 0.9945932527323615
26.66107561447331 0.9990986272262649
26.72264853737048 0.9998173907441869
26.78422146026764 0.9967468191528427
26.845794383164808 0.9898985500020928
26.90736730606198 0.9792985384183135
26.968940228959145 0.9649869587337638
27.030513151856315 0.9470180522247693
27.092086074753478 0.925459921535816
27.153658997650645 0.9003942725686642
27.21523192054781 0.8719161048147694
27.27680484344498 0.8401333513046175
27.33837776634215 0.8051664695386116
27.39995068923931 0.7671479849498607
27.461523612136478 0.7262219886291804
27.52309653503365 0.6825435912159484
27.584669457930815 0.6362783350245631
27.64624238082798 0.5876015666345554
27.70781530372515 0.5366977723222931
27.769388226622315 0.48375987885297145
27.83096114951948 0.4289885222829253
27.89253407241665 0.3725912875435142
27.95410699531382 0.31478192168859875
28.01567991821098 0.2557795237873756
28.077252841108148 0.1958077145329443
28.13882576400532 0.13509378871381095
28.200398686902485 0.07386785376045703
28.26197160979965 0.012361957631900579
28.32354453269682 -0.049190790652366985
28.385117455593985 -0.11055710450190957
28.44669037849115 -0.17150440391787034
28.50826330138832 -0.23180169697749772
28.56983622428549 -0.2912204552998026
28.63140914718265 -0.34953548017435654
28.692982070079818 -0.40652575607052976
28.75455499297699 -0.4619752882923511
28.816127915874155 -0.5156739216042826
28.87770083877132 -0.5674181367252944
28.93927376166849 -0.6170118216724637
29.000846684565655 -0.6642670150307284
29.06241960746282 -0.7090046183317625
29.123992530359992 -0.7510550748420467
29.18556545325716 -0.7902590121874902
29.24713837615432 -0.8264678463790772
29.308711299051488 -0.8595443449502257
29.37028422194866 -0.8893631470715601
29.431857144845825 -0.9158112386718668
29.49343006774299 -0.9387883807645065
29.555002990640155 -0.9582074893558932
29.616575913537325 -0.9739949654962041
29.67814883643449 -0.9860909742213928
29.739721759331662 -0.9944496713293407
29.80129468222883 -0.9990393771306235
29.86286760512599 -0.9998426965153998
29.92444052802316 -0.9968565848813483
29.98601345092033 -0.9900923596727937
30.047586373817495 -0.9795756574872865
30.10915929671466 -0.9653463369121985
30.170732219611825 -0.9474583274595952
30.232305142508995 -0.9259794251719118
30.29387806540616 -0.9009910356731192
30.35545098830333 -0.8725878656391838
30.4170239112005 -0.8408775638571924
30.47859683409766 -0.80598031323353
30.54016975699483 -0.7680283752973753
30.601742679892 -0.7271655889259244
30.663315602789165 -0.6835468251911329
30.72488852568633 -0.6373374003941282
