0.0 0.0
0.10500436946902492 0.10481151423233041
0.21000873893804983 0.20846844678971413
0.3150131084070748 0.3098289346269646
0.42001747787609967 0.40777641185265556
0.5250218473451246 0.5012319095849774
0.6300262168141496 0.5891659416468144
0.7350305862831745 0.6706098451697172
0.8400349557521993 0.7446664511810556
0.9450393252212242 0.8105199676293958
1.0500436946902492 0.8674449659787711
1.1550480641592742 0.9148143723774013
1.2600524336282992 0.952106375371826
1.365056803097324 0.9789101740725169
1.470061172566349 0.9949305034503844
1.5750655420353739 0.9999908869144567
1.6800699115043987 0.9940355803410216
1.7850742809734237 0.9771301861392109
1.8900786504424485 0.9494609305886096
1.9950830199114735 0.9113326124095883
2.1000873893804983 0.8631652451644785
2.205091758849523 0.8054894304761928
2.3100961283185484 0.7389405130319484
2.415100497787573 0.6642515817593453
2.5201048672565984 0.5822453942723751
2.625109236725623 0.4938253135459772
2.730113606194648 0.3999653566588244
2.835117975663673 0.3016994652253188
2.940122345132698 0.20011011571145126
3.045126714601723 0.09631639510091468
3.1501310840707477 -0.008538326732578578
3.2551354535397725 -0.1132989921482026
3.3601398230087973 -0.2168115796109189
3.4651441924778226 -0.31793581615085315
3.5701485619468474 -0.41555773837135723
3.675152931415872 -0.5086019636363309
3.780157300884897 -0.5960435362599665
3.8851616703539222 -0.6769192182037794
3.990166039822947 -0.7503380999049689
4.095170409291972 -0.8154914143494518
4.200174778760997 -0.8716614462797903
4.305179148230022 -0.9182294383960554
4.410183517699046 -0.9546824074565645
4.5151878871680715 -0.9806187951937658
4.620192256637097 -0.9957528917959555
4.725196626106121 -0.9999179832266869
4.830200995575146 -0.9930681877116566
4.935205365044172 -0.9752789611627147
5.040209734513197 -0.9467462659713535
5.145214103982221 -0.9077844123280714
5.250218473451246 -0.858822595847186
5.355222842920272 -0.8004001696378937
5.460227212389296 -0.7331607029034587
5.565231581858321 -0.657844891517738
5.670235951327346 -0.5752823986746727
5.77524032079637 -0.486382715492416
5.880244690265396 -0.3921251422497817
5.985249059734421 -0.2935480006196157
6.090253429203446 -0.19173719573484335
6.19525779867247 -0.08781425408511291
6.300262168141495 0.01707603098397824
6.405266537610521 0.12177821007445315
6.510270907079545 0.22513890592437302
6.61527527654857 0.32601951877003876
6.720279646017595 0.4233087689223602
6.82528401548662 0.5159349383910218
6.930288384955645 0.602877676705253
7.0352927544246695 0.683179240880778
7.140297123893695 0.7559550457158127
7.24530149336272 0.8204034081962578
7.350305862831744 0.8758143786677715
7.45531023230077 0.9215775614923751
7.560314601769794 0.9571888390388753
7.665318971238819 0.9822559249370416
7.7703233407078445 0.9965026854220453
7.875327710176869 0.9997721811661434
7.980332079645894 0.9920283960894224
8.08533644911492 0.9733566341053863
8.190340818583945 0.9439625794309232
8.295345188052968 0.9041700308120791
8.400349557521993 0.8544173346249283
8.505353926991019 0.7952525561437649
8.610358296460044 0.7273274421688996
8.715362665929069 0.6513902415204973
8.820367035398093 0.56827746248639
8.925371404867118 0.4789046580220828
9.030375774336143 0.3842563402112815
9.135380143805168 0.2853751350871015
9.240384513274194 0.18335029728219665
9.345388882743219 0.0793057110280059
9.450393252212242 -0.02561249031840078
9.555397621681267 -0.13024854983919049
9.660401991150293 -0.2334498186317462
9.765406360619318 -0.3340794531474191
9.870410730088343 -0.43102893842180523
9.975415099557367 -0.523230299243275
10.080419469026394 -0.609667864744092
10.185423838495417 -0.6893894568178158
10.290428207964442 -0.7615168791137916
10.395432577433468 -0.8252555910640849
10.500436946902491 -0.8799034603758688
10.605441316371518 -0.9248584975736154
10.710445685840543 -0.9596254873889881
10.815450055309567 -0.9838214439484612
10.920454424778592 -0.9971798296654353
11.025458794247616 -0.999553491362431
11.130463163716643 -0.9909162812796533
11.235467533185668 -0.9713633451132339
11.340471902654691 -0.9411100739101829
11.445476272123717 -0.9004897313657532
11.55048064159274 -0.8499497826604215
11.655485011061767 -0.7900469652772308
11.760489380530792 -0.7214411560983651
11.865493749999816 -0.6448881023397004
11.970498119468841 -0.56123109639786
12.075502488937865 -0.4713916863179141
12.180506858406892 -0.3763595242132357
12.285511227875917 -0.2771814644652422
12.39051559734494 -0.17495003179491037
12.495519966813966 -0.07079138623941611
12.60052433628299 0.0341470823908114
12.705528705752016 0.13870939391778464
12.810533075221041 0.24174371183133253
12.915537444690065 0.3421150316786991
13.02054181415909 0.43871768403573363
13.125546183628115 0.5304875143295366
13.23055055309714 0.6164136053422216
13.335554922566166 0.6955494132631235
13.44055929203519 0.7670231946170442
13.545563661504215 0.8300476092076838
13.65056803097324 0.8839283932922307
13.755572400442265 0.9280720074452559
13.86057676991129 0.9619921748646322
13.965581139380314 0.9853152380948748
14.070585508849339 0.9977842751593631
14.175589878318364 0.9992619297589881
14.28059424778739 0.9897319243603595
14.385598617256415 0.9692992395057008
14.49060298672544 0.9381889573691985
14.595607356194463 0.896743782298942
14.700611725663489 0.8454202656576462
14.805616095132514 0.7847837765485237
14.91062046460154 0.7155022738277297
15.015624834070564 0.6383389480095895
15.120629203539588 0.5541438141198402
15.225633573008613 0.4638443481082423
15.330637942477638 0.36843526996790205
15.435642311946664 0.26896758610828886
15.540646681415689 0.1665370116888951
15.645651050884712 0.06227190045067449
15.750655420353738 -0.042679184992300605
15.855659789822765 -0.14716012547787763
15.960664159291788 -0.25001998086221894
16.065668528760813 -0.35012566853523436
16.17067289822984 -0.4463744452211308
16.27567726769886 -0.5377060545672373
16.38068163716789 -0.6231144067057965
16.485686006636914 -0.7016586611290666
16.590690376105936 -0.7724735907912066
16.69569474557496 -0.8347791132680771
16.800699115043987 -0.8878888839817288
16.905703484513012 -0.9312178568284418
17.010707853982037 -0.9642887289239911
17.115712223451062 -0.9867371984721885
17.220716592920088 -0.9983159778371216
17.325720962389113 -0.9988975176119246
17.430725331858138 -0.9884754116763144
17.53572970132716 -0.9671644677650694
17.640734070796185 -0.9351994427700808
17.745738440265214 -0.8929324567076332
17.850742809734236 -0.8408291138381065
17.95574717920326 -0.7794633736670067
18.060751548672286 -0.7095112283273566
18.16575591814131 -0.6317432559920211
18.270760287610337 -0.5470161323460506
18.375764657079362 -0.4562631936268717
18.480769026548387 -0.3604841551878992
18.58577339601741 -0.26073409884372173
18.690777765486438 -0.15811185030993305
18.795782134955463 -0.053747874769369604
18.900786504424484 0.05120817609545752
19.00579087389351 0.15560012842435633
19.110795243362535 0.2582780223483752
19.21579961283156 0.35811077970673105
19.320803982300585 0.45399866376677966
19.42580835176961 0.5448853936933854
19.530812721238636 0.6297697803172317
19.635817090707658 0.7077167550248835
19.740821460176686 0.7778676702786789
19.84582582964571 0.8394497582980283
19.950830199114733 0.891784643707356
20.055834568583762 0.9342958163770633
20.160838938052787 0.9665149821382798
20.26584330752181 0.9880872214133017
20.370847676990834 0.9987748989352713
20.47585204645986 0.998460281488472
20.580856415928885 0.9871468348327618
20.68586078539791 0.9649591855254883
20.790865154866935 0.9321417480614518
20.89586952433596 0.889056032454053
21.000873893804982 0.8361766619167509
21.10587826327401 0.774086144513203
21.210882632743036 0.7034684563705341
21.315887002212058 0.6251015071416473
21.420891371681087 0.5398485707155134
21.52589574115011 0.4486487755729598
21.630900110619134 0.35250675954410254
21.73590448008816 0.25248160292858896
21.840908849557184 0.14967516188895816
21.94591321902621 0.04521993063407859
22.05091758849523 -0.05973343389971123
22.15592195796426 -0.1640287874442825
22.260926327433285 -0.2665172342426401
22.365930696902307 -0.3660697830438341
22.470935066371336 -0.46158978383397126
22.575939435840358 -0.5520250083029055
22.680943805309383 -0.6363792409708271
22.785948174778408 -0.7137232532891722
22.890952544247433 -0.7832050398275863
22.99595691371646 -0.8440592037871835
23.10096128318548 -0.8956153884512734
23.20596565265451 -0.9373056616944708
23.310970022123534 -0.9686707722039484
23.415974391592556 -0.9893652084956668
23.520978761061585 -0.9991610049964673
23.625983130530607 -0.9979502532650466
23.73098749999963 -0.9857462906887353
23.83599186946866 -0.962683553561632
23.940996238937682 -0.9290160961625666
24.046000608406707 -0.8851147921463985
24.15100497787573 -0.8314632490775724
24.256009347344758 -0.7686524811105249
24.361013716813783 -0.6973743985016422
24.466018086282805 -0.6184141856708653
24.571022455751834 -0.5326416517746703
24.676026825220855 -0.44100164907072037
24.78103119468988 -0.3445036646233716
24.88603556415891 -0.24421070000576403
24.99103993362793 -0.1412275614972723
25.096044303096956 -0.036688689769040266
25.20104867256598 0.06825433687666814
25.306053042035007 0.17244548805172205
25.411057411504032 0.2747370158706014
25.516061780973054 0.3740020983005614
25.621066150442083 0.46914725199700863
25.726070519911104 0.5591243778868227
25.83107488938013 0.6429423068081357
25.93607925884916 0.719677718022063
26.04108362831818 0.7884853103204618
26.146087997787205 0.8486071136869074
26.25109236725623 0.8993808389355188
26.356096736725256 0.9402471733498429
26.46110110619428 0.9707559419545194
26.566105475663303 0.9905710665484633
26.67110984513233 0.999474267871897
26.776114214601353 0.9973674701249255
26.88111858407038 0.9842738813499987
26.986122953539407 0.9603377377769756
27.09112732300843 0.9258227149470506
27.196131692477454 0.8811090231182412
27.30113606194648 0.8266892189488785
27.406140431415505 0.7631627795966803
27.51114480088453 0.6912294990040191
27.616149170353555 0.6116817791145115
27.72115353982258 0.5253959009392746
27.826157909291602 0.4333223716289568
27.931162278760628 0.33647545388615685
28.036166648229656 0.2359219930600697
28.141171017698678 0.13276966500170928
28.246175387167703 0.028154774138842976
28.35117975663673 -0.07677026381540984
28.456184126105754 -0.18084961663257343
28.56118849557478 -0.2829367679744081
28.666192865043804 -0.3819071471766114
28.77119723451283 -0.4766705172835747
28.87620160398185 -0.566182984870197
28.98120597345088 -0.6494584993530972
29.086210342919905 -0.7255797151171598
29.191214712388927 -0.7937080968026059
29.296219081857952 -0.8530931564347753
29.401223451326977 -0.9030807206423608
29.506227820796003 -0.9431201368941777
29.611232190265028 -0.9727703393720432
29.716236559734053 -0.9917047076593917
29.82124092920308 -0.9997146647233334
29.9262452986721 -0.9967119745555362
30.03124966814113 -0.9827297141616
30.136254037610154 -0.957921909191698
30.241258407079176 -0.9225618372262924
30.346262776548205 -0.8770390174075754
30.451267146017226 -0.821854919578247
30.55627151548625 -0.7576174401948017
30.661275884955277 -0.6850342058675819
30.766280254424302 -0.6049047782943303
30.871284623893327 -0.5181118464560968
30.97628899336235 -0.4256115031004161
31.081293362831378 -0.3284227126239576
31.186297732300403 -0.22761608637431255
31.291302101769425 -0.1243020890197337
31.396306471238454 -0.01961880590307352
31.501310840707475 0.08528059386780344
31.6063152101765 0.189240560489287
31.71131957964553 0.2911158927564486
31.81632394911455 0.3897843533595104
31.921328318583576 0.48415903121488746
32.0263326880526 0.573200314649859
32.13133705752163 0.65592734354691
32.236341426990656 0.7314288142931926
32.34134579645968 0.7988730185101559
32.4463501659287 0.8575170049787468
32.55135453539772 0.9067147638343206
32.65635890486675 0.9459243428759296
32.76136327433578 0.9747138175981819
32.8663676438048 0.9927660491810801
32.97137201327383 0.9998821780248
33.07637638274285 0.9959838143453581
33.18138075221187 0.9811139017000499
33.2863851216809 0.9554362439302172
33.39138949114992 0.9192337007324698
33.49639386061895 0.8729050717355339
33.60139823008797 0.8169607034071394
33.706402599557 0.7520168671842631
33.811406969026024 0.678788970756163
33.91641133849505 0.5980836772831701
34.021415707964074 0.5107900193644102
34.126420077433096 0.41786960564097286
34.231424446902125 0.32034602791666544
34.33642881637115 0.21929358548523514
34.441433185840175 0.11582545087448329
34.5464375553092 0.011081407370976777
34.651441924778226 -0.09378470659375338
34.75644629424725 -0.19761770788553698
34.861450663716276 -0.2992737939229228
34.966455033185305 -0.3976331425666548
35.07145940265432 -0.4916122478456873
35.17646377212335 -0.5801758556319302
35.28146814159237 -0.6623483677826791
35.3864725110614 -0.7372245891253683
35.49147688053043 -0.8039796988978385
35.59648124999944 -0.861878336801008
35.70148561946847 -0.9102827035738381
35.8064899889375 -0.948659586856279
35.91149435840652 -0.9765862349449119
36.01649872787555 -0.9937550137371136
36.12150309734457 -0.9999767955638478
36.226507466813594 -0.9951830425804404
36.33151183628262 -0.9794265617651062
36.43651620575165 -0.9528809232083478
36.54152057522067 -0.9158385481012163
36.646524944689695 -0.8687074874847478
36.751529314158724 -0.8120069272452132
36.856533683627745 -0.7463614688712188
36.961538053096774 -0.6724942489745795
37.0665424225658 -0.5912189733689841
37.17154679203482 -0.5034309534572784
37.276551161503846 -0.41009724366864253
37.381555530972875 -0.3122459885897397
37.4865599004419 -0.21095509713938346
37.591564269910926 -0.10734036854977398
37.69656863937994 -0.002543200956054707
37.80157300884897 0.10228198200642014
37.906577378318 0.20598044809082297
38.01158174778702 0.30740987672733117
38.11658611725605 0.40545294258713577
38.22159048672507 0.4990296238040534
38.32659485619409 0.5871090992691058
38.43159922566312 0.6687211039398007
38.53660359513215 0.7429666170764869
38.64160796460117 0.8090277656664242
38.74661233407019 0.8661768339414934
38.85161670353922 0.9137842797425751
38.95662107300824 0.9513256694240324
39.06162544247727 0.978387454904863
39.1666298119463 0.9946715292276713
39.271634181415315 0.9999985104424467
39.376638550884344 0.9943097176405287
39.48164292035337 0.9776678173711951
39.586647289822395 0.9502561333200947
39.69165165929142 0.9123766268539365
39.796656028760445 0.8644465706773723
39.90166039822947 0.8069939522443162
40.006664767698496 0.7406516575588095
40.111669137167524 0.6661504994354477
40.216673506636546 0.5843111670185696
40.321677876105575 0.49603518524261864
40.42668224557459 0.4022949838224491
40.53168661504362 0.3041231851713101
40.63669098451265 0.20260122924883445
40.74169535398167 0.09884746064504271
40.8466997234507 -0.00599519086929967
40.95170409291972 -0.11077180061745882
41.05670846238874 -0.2143281714249777
41.16171283185777 -0.3155235480138379
41.2667172013268 -0.41324318332351523
41.37172157079582 -0.5064106183309907
41.47672594026484 -0.5939995400977616
41.58173030973387 -0.675045087418068
41.68673467920289 -0.7486544795277114
41.79173904867192 -0.8140168507898842
41.89674341814095 -0.8704121830210533
42.001747787609965 -0.9172192370603867
42.10675215707899 -0.9539223962101717
42.21175652654802 -0.9801173461612591
42.316760896017044 -0.9955155288347846
42.42176526548607 -0.9999473210774873
42.526769634955095 -0.9933639031948126
42.631774004424116 -0.975837796738439
42.736778373893145 -0.9475620656240599
42.841782743362174 -0.9088481893797558
42.946787112831196 -0.8601226319527904
43.05179148230022 -0.801922143872135
43.15679585176924 -0.7348878495171391
43.26180022123827 -0.6597581846257231
43.3668045907073 -0.5773607618410617
43.47180896017632 -0.4886032539041457
43.57681332964534 -0.394463394921079
43.68181769911437 -0.29597820984908396
43.78682206858339 -0.1942325908469285
43.89182643805242 -0.09034734633022404
43.99683080752145 0.01453314561914058
44.10183517699046 0.11925354348212956
44.20683954645949 0.22266026930265342
44.31184391592852 0.32361421626048753
44.41684828539754 0.42100329683332627
44.52185265486657 0.513754693319875
44.62685702433559 0.600846675774767
44.731861393804614 0.6813198571715576
44.83686576327364 0.7542877618091237
44.94187013274267 0.8189465905421952
45.04687450221169 0.8745840752642966
45.151878871680715 0.9205873251039405
45.256883241149744 0.9564495779020106
45.361887610618766 0.9817757825974976
45.466891980087794 0.9962869510272101
45.571896349556816 0.9998232312008974
45.67690071902584 0.9923456681972822
45.78190508849487 0.9739366332833032
45.88690945796389 0.9447989165295079
45.99191382743292 0.9052534929171255
46.096918196901946 0.8557359865449533
46.20192256637096 0.7967918718855815
46.30692693583999 0.7290704649528896
46.41193130530902 0.6533177705729653
46.51693567477804 0.5703682645512589
46.62194004424707 0.48113570126198074
46.72694441371609 0.38660304792145395
46.83194878318511 0.28781165642722406
46.93695315265414 0.18584979204381286
47.04195752212317 0.08184064530065238
47.14696189159219 -0.02307004083940827
47.25196626106121 -0.1277265922444778
47.35697063053024 -0.2309761342776453
47.46197499999926 -0.3316812916223464
47.56697936946829 -0.42873271737053364
47.67198373893732 -0.521061313355677
47.776988108406336 -0.6076500071141259
47.881992477875365 -0.6875449557422562
47.986996847344386 -0.7598660532299195
48.092001216813415 -0.8238166255238705
48.197005586282444 -0.8786922065221325
48.30200995575146 -0.9238882983249543
48.40701432522049 -0.9589070302570031
48.512018694689516 -0.9833626433063474
48.61702306415854 -0.9969857395649115
48.72202743362757 -0.9996262498593688
48.82703180309659 -0.9912550868816989
48.93203617256561 -0.971964465608881
49.03704054203464 -0.9419668874820287
49.14204491150367 -0.9015927995350566
49.24704928097269 -0.8512869542594066
49.35205365044171 -0.7916035103038029
49.45705801991074 -0.7231999279787186
49.56206238937976 -0.6468297268113988
49.66706675884879 -0.5633341849326343
49.77207112831782 -0.4736330717332173
49.877075497786834 -0.37871451587708627
49.98207986725586 -0.2796241202830033
50.08708423672489 -0.17745344398201038
50.19208860619391 -0.07332797773186234
50.29709297566294 0.03160525415330152
50.40209734513196 0.13619032918236568
50.507101714600985 0.23927516008719787
50.612106084070014 0.3397241859745248
50.717110453539036 0.4364308814267278
50.822114823008064 0.5283299457539905
50.927119192477086 0.6144090381233858
51.03212356194611 0.6937199292933748
51.13712793141514 0.7653889471083859
51.242132300884165 0.8286266006881728
51.34713667035319 0.8827362772939065
51.45214103982221 0.9271219160681193
51.55714540929124 0.9612945741161815
51.66214977876026 0.9848778125987537
51.76715414822929 0.9976118435031643
51.87215851769832 0.9993563914136985
51.97716288716733 0.9900922387561886
52.08216725663636 0.9699214374947759
52.18717162610539 0.9390661849488677
52.29217599557441 0.8978663761140344
52.39718036504344 0.8467758594499593
