0.0 0.0
0.15619158337556957 0.1555572875275877
0.31238316675113914 0.30732733770748233
0.46857475012670874 0.4516151182371914
0.6247663335022783 0.5849077620571054
0.7809579168778478 0.7039600925067737
0.9371495002534175 0.8058736312225332
1.093341083628987 0.8881671652300865
1.2495326670045566 0.9488371551876221
1.405724250380126 0.986406514064996
1.5619158337556955 0.9999605686808313
1.7181074171312651 0.9891693285687879
1.874299000506835 0.9542955200095169
2.030490583882404 0.8961881896297059
2.186682167257974 0.8162620332966257
2.3428737506335433 0.7164629535721768
2.499065334009113 0.5992206842734313
2.6552569173846825 0.4673896355541908
2.811448500760252 0.3241793997082683
2.9676400841358217 0.17307660961791546
3.123831667511391 0.01776005230151253
3.280023250886961 -0.13798889577229168
3.4362148342625303 -0.29037833103932276
3.5924064176381 -0.43569814148997993
3.74859800101367 -0.570410334001306
3.904789584389239 -0.6912351712188031
4.060981167764808 -0.7952310208775234
4.217172751140378 -0.8798659735305198
4.373364334515948 -0.943079485061202
4.529555917891518 -0.9833325432152878
4.685747501267087 -0.999645136785183
4.841939084642656 -0.9916201152124821
4.998130668018226 -0.9594528577166302
5.154322251393796 -0.9039265165426777
5.310513834769365 -0.8263929501372275
5.466705418144935 -0.7287398104583297
5.622897001520504 -0.6133445857200676
5.779088584896074 -0.4830167174588683
5.935280168271643 -0.34092920115420516
6.091471751647213 -0.19054133567238513
6.247663335022782 -0.03551450229515439
6.403854918398353 0.12037697620166524
6.560046501773922 0.2733377261719108
6.716238085149491 0.4196437262326855
6.8724296685250605 0.5557329732375704
7.0286212519006295 0.6782922037125857
7.1848128352762 0.7843375594127302
7.341004418651769 0.8712872330948932
7.49719600202734 0.9370243258546754
7.653387585402909 0.9799483856863506
7.809579168778478 0.9990143724950908
7.965770752154048 0.9937581009093179
8.121962335529616 0.9643075414560042
8.278153918905188 0.9113797049576227
8.434345502280756 0.8362631860040225
8.590537085656326 0.7407867905002885
8.746728669031896 0.6272750110923266
8.902920252407466 0.49849143447677874
9.059111835783035 0.35757145841533067
9.215303419158603 0.20794595654211886
9.371495002534173 0.05325774944027119
9.527686585909743 -0.10272708439594601
9.683878169285313 -0.25621089846749967
9.840069752660883 -0.403456936739639
9.996261336036453 -0.540880309656192
10.15245291941202 -0.6651352727738878
10.308644502787592 -0.7731966831088498
10.46483608616316 -0.8624336500382703
10.62102766953873 -0.9306735876337049
10.7772192529143 -0.9762551089915024
10.93341083628987 -0.9980684747815762
11.08960241966544 -0.9955826112438211
11.245794003041008 -0.9688580398451588
11.401985586416579 -0.9185454038084853
11.558177169792147 -0.8458696273870311
11.714368753167717 -0.7526000935464564
11.870560336543287 -0.6410075661164559
12.026751919918857 -0.5138089051961195
12.182943503294426 -0.37410092178588744
12.339135086669994 -0.22528498203807518
12.495326670045564 -0.07098419673008363
12.651518253421134 0.0850447879135031
12.807709836796706 0.2390032504868508
12.963901420172274 0.38714287904187034
13.120093003547844 0.5258570284457411
13.276284586923412 0.6517685286820271
13.432476170298981 0.7618119062921869
13.588667753674553 0.8533080171732631
13.744859337050121 0.9240292737026803
13.901050920425691 0.9722538781539506
14.057242503801259 0.9968077420227132
14.213434087176829 0.9970930706845444
14.3696256705524 0.9731029174551602
14.52581725392797 0.925421352716163
14.682008837303538 0.8552092439887485
14.838200420679108 0.7641759931573213
14.99439200405468 0.6545379189357793
15.150583587430248 0.5289642978075398
15.306775170805818 0.3905123771403098
15.462966754181386 0.2425529426629045
15.619158337556955 0.08868825245723158
15.775349920932527 -0.06733566453457548
15.931541504308097 -0.22172021028501832
16.087733087683667 -0.3707066993164478
16.243924671059233 -0.5106678686151532
16.400116254434803 -0.6381961879006914
16.556307837810376 -0.7501868202260875
16.712499421185942 -0.8439132131290507
16.868691004561512 -0.9170934799727841
17.024882587937082 -0.9679459553392923
17.181074171312652 -0.9952325719095076
17.33726575468822 -0.998289002765615
17.49345733806379 -0.9770408352634185
17.64964892143936 -0.9320053827015319
17.80584050481493 -0.864279089680035
17.962032088190497 -0.7755108377809407
18.11822367156607 -0.667861801477165
18.27441525494164 -0.5439528316283088
18.430606838317207 -0.4068006475779945
18.586798421692777 -0.2597443913362675
18.742990005068346 -0.10636433197764648
18.89918158844392 0.049605300501791995
19.055373171819486 0.20436722969910878
19.211564755195056 0.354153582263134
19.367756338570626 0.49531762149884034
19.523947921946196 0.6244225317478818
19.680139505321765 0.738325091978077
19.836331088697335 0.8342522014433418
19.992522672072905 0.9098683943008513
20.14871425544847 0.96333269945737
20.30490583882404 0.9933434613204464
20.461097422199614 0.9991700302370344
20.617289005575184 0.9806705510760722
20.77348058895075 0.9382954168696387
20.92967217232632 0.8730763034294592
21.08586375570189 0.7866010519047976
21.24205533907746 0.680975010797358
21.39824692245303 0.5587697786103616
21.5544385058286 0.422960595056316
21.71063008920417 0.27685390511308444
21.86682167257974 0.12400685947219392
22.02301325595531 -0.031859288758023595
22.17920483933088 -0.18694978262853182
22.33539642270645 -0.33748874946892055
22.491588006082015 -0.47981112924527514
22.647779589457585 -0.6104519050453858
22.803971172833158 -0.726230463263129
22.960162756208724 -0.8243280296275298
23.116354339584294 -0.902356295799218
23.272545922959864 -0.9584155657336149
23.428737506335434 -0.991141006164762
23.584929089711004 -0.9997358751836787
23.741120673086574 -0.9839909199198352
23.897312256462143 -0.9442894710648422
24.053503839837713 -0.881598110205785
24.20969542321328 -0.7974431371836878
24.365887006588853 -0.6938734104087734
24.522078589964423 -0.573410464831719
24.67827017333999 -0.4389871220114103
24.83446175671556 -0.29387608689418165
24.99065334009113 -0.14161026970554297
25.146844923466702 0.014103227182133657
25.30303650684227 0.16947336330827223
25.459228090217838 0.32071745776088345
25.61541967359341 0.4641532832895891
25.771611256968978 0.5962887147482456
25.927802840344548 0.7139067492633391
26.083994423720114 0.814143828205386
26.240186007095687 0.8945595541167959
26.396377590471257 0.9531961052499986
26.552569173846823 0.9886259011944531
26.708760757222397 0.9999863591129652
26.864952340597963 0.9870008944031683
27.021143923973533 0.9499856544967111
27.177335507349106 0.8898418218533513
27.333527090724672 0.8080336735432365
27.489718674100242 0.7065529315843407
27.64591025747581 0.587870271970875
27.802101840851382 0.45487517296614893
27.958293424226955 0.31080556712875307
28.114485007602518 0.1591690097816723
28.27067659097809 0.003657283176866036
28.426868174353658 -0.15194348457578727
28.58305975772923 -0.3038449975479732
28.7392513411048 -0.44834902281055966
28.895442924480367 -0.5819374285545866
29.05163450785594 -0.7013578374244676
29.207826091231507 -0.8037028097255479
29.364017674607076 -0.8864806286915697
29.52020925798265 -0.9476759644557577
29.676400841358216 -0.9857989397851333
29.832592424733786 -0.9999214030111578
29.98878400810936 -0.9896995250466738
30.144975591484926 -0.955382170336454
30.301167174860495 -0.8978048379400284
30.45735875823606 -0.8183693202587592
30.613550341611635 -0.719009574640942
30.769741924987205 -0.602144638763582
30.92593350836277 -0.47061973612488556
31.082125091738344 -0.32763700550819413
31.23831667511391 -0.17667754089550866
31.394508258489484 -0.021416639866606073
31.550699841865054 0.13436567613200645
31.70689142524062 0.28687669115215825
31.863083008616194 0.4324033331726179
32.01927459199176 0.5674025734963305
32.17546617536733 0.6885876862296498
32.3316577587429 0.7930082677481342
32.487849342118466 0.8781220679747914
32.64404092549404 0.9418568846480275
32.800232508869605 0.9826610136857606
32.95642409224518 0.9995410273682909
33.11261567562075 0.9920859605826075
33.26880725899632 0.9604773162837268
33.424998842371885 0.9054846465775087
33.58119042574745 0.8284468170090586
33.737382009123024 0.7312394102011085
33.8935735924986 0.6162290624417247
34.049765175874164 0.4862158449543737
34.20595675924974 0.3443650926506243
34.362148342625304 0.19413034008011837
34.51833992600088 0.039169240798646136
34.67453150937644 -0.11674548279699408
34.83072309275201 -0.2698178911295528
34.98691467612758 -0.41632124435320605
35.14310625950315 -0.5526887345111453
35.29929784287872 -0.6756003239507224
35.455489426254296 -0.7820635758058192
35.61168100962986 -0.8694865086270834
35.76787259300543 -0.9357407014225637
35.924064176380995 -0.9792131127373441
36.08025575975657 -0.9988453521717054
36.23644734313214 -0.9941594482234006
36.39263892650771 -0.9652694851036102
36.54883050988328 -0.912878825213668
36.70502209325885 -0.8382629849048797
36.861213676634414 -0.7432385804325045
37.01740526000999 -0.6301191001536557
37.17359684338555 -0.5016585797504564
37.32978842676113 -0.3609845517757419
37.48598001013669 -0.21152190194888915
37.642171593512266 -0.05690948601561139
37.79836317688784 0.09908846276091633
37.954554760263406 0.2526739785819763
38.11074634363897 0.40010782935612477
38.26693792701454 0.537800552996174
38.42312951039011 0.6623998473775331
38.579321093765685 0.7708721863396573
38.73551267714125 0.8605766746867062
38.891704260516825 0.9293293440947133
39.04789584389239 0.975456324560704
39.20408742726796 0.9978345968682009
39.36027901064353 0.9959193338991248
39.5164705940191 0.9697571651336013
39.67266217739467 0.9199850413967566
39.82885376077024 0.8478147274916856
39.98504534414581 0.7550033002648625
40.141236927521376 0.6438103703656761
40.29742851089694 0.5169430691899369
40.453620094272516 0.3774901403693279
40.60981167764808 0.22884674043216593
40.766003261023656 0.0746317794576602
40.92219484439923 -0.08140018583068541
41.078386427774795 -0.2354503614594913
41.23457801115037 -0.3837682026112768
41.390769594525935 -0.5227427253439254
41.5469611779015 -0.6489904205256231
41.703152761277074 -0.7594376296100496
41.85934434465264 -0.8513953767102967
42.015535928028214 -0.9226248350908137
42.17172751140378 -0.9713918342133815
42.327919094779354 -0.9965090802948112
42.48411067815492 -0.9973650624638152
42.640302261530486 -0.9739389407604617
42.79649384490606 -0.9268010535111401
42.952685428281626 -0.8570990317263935
43.1088770116572 -0.7665298585839794
43.26506859503277 -0.6572985542441668
43.42126017840834 -0.532064491867217
43.57745176178391 -0.39387665183697396
43.73364334515948 -0.24609939050780422
43.889834928535045 -0.09233053072774017
44.04602651191062 0.06368623167304485
44.202218095286185 0.21815247285453757
44.35840967866176 0.3673075183613261
44.514601262037324 0.5075200014608034
44.6707928454129 0.6353762733227212
44.826984428788464 0.747763512583129
44.98317601216403 0.8419455108862809
45.1393675955396 0.9156292893102452
45.29555917891517 0.9670209238158292
45.45175076229074 0.9948692205782281
45.607942345666316 0.998496177870587
45.76413392904188 0.9778134928667622
45.92032551241745 0.9333247114844163
46.076517095793015 0.8661129689278366
46.23270867916859 0.7778146194023376
46.38890026254416 0.6705793970179574
46.54509184591973 0.5470180778152028
46.7012834292953 0.4101389171464961
46.85747501267087 0.2632744099251044
47.01366659604644 0.11000015685503663
47.16985817942201 -0.04595218805446701
47.326049762797574 -0.20078576928806624
47.48224134617315 -0.35073096903585993
47.63843292954871 -0.4921371832688114
47.79462451292429 -0.6215617002744142
47.95081609629986 -0.735853517792971
48.10700767967543 -0.832230058121294
48.26319926305099 -0.9083449134582878
48.41939084642656 -0.9623449721469662
48.57558242980213 -0.9929155350029084
48.731774013177706 -0.9993123233154949
48.88796559655327 -0.981379599246997
49.044157179928845 -0.939553957465638
49.20034876330441 -0.8748536957005942
49.35654034667998 -0.7888540230060763
49.51273193005555 -0.6836487093204386
49.66892351343112 -0.5617991100099274
49.82511509680669 -0.4262718064584374
49.98130668018226 -0.28036638092149746
50.13749826355783 -0.12763508405611731
50.293689846933404 0.028203649078538014
50.44988143030897 0.1833557289883252
50.60607301368454 0.334043783613441
50.7622645970601 0.4765991231907895
50.918456180435676 0.6075510591095028
51.07464776381125 0.7237114021799412
51.23083934718682 0.82225208309986
51.38703093056238 0.9007740053500309
51.543222513937955 0.957365454209255
51.69941409731352 0.9906486398478972
51.855605680689095 0.9998132413500822
52.01179726406467 0.984636134993111
52.16798884744023 0.9454868264744622
52.3241804308158 0.8833184548319376
52.480372014191374 0.7996445870778731
52.63656359756694 0.6965023685110946
52.792755180942514 0.5764029258585279
52.94894676431807 0.44227023074427907
53.10513834769365 0.2973699119315751
53.26132993106922 0.14522974949310852
53.41752151444479 -0.010446213421300992
53.57371309782037 -0.1658678501627621
53.729904681195926 -0.31725122597216177
53.8860962645715 -0.46091072261975763
54.042287847947065 -0.5933487694053586
54.19847943132264 -0.7113409959056176
54.35467101469821 -0.8120147333176599
54.51086259807377 -0.8929189531855408
54.667054181449345 -0.9520839407634113
54.82324576482492 -0.988069250192428
54.979437348200484 -0.9999987739625928
55.13562893157606 -0.9875820728493572
55.29182051495162 -0.9511214470209685
55.44801209832719 -0.8915045761615561
55.604203681702764 -0.8101829077954391
55.76039526507834 -0.7091363199759572
55.91658684845391 -0.5908249186700456
56.07277843182947 -0.4581291433917076
56.228970015205036 -0.31427963928782154
56.38516159858061 -0.16277860302848884
56.54135318195618 -0.007314517434771893
56.697544765331756 0.14832764926365968
56.853736348707315 0.3003585932291842
57.00992793208289 0.4450769303727733
57.16611951545846 0.5789593111938051
57.32231109883403 0.698746201144569
57.4785026822096 0.8015212380886824
57.63469426558516 0.8847822347965163
57.790885848960734 0.9465020978329284
57.94707743233631 0.9851781796903509
58.10326901571188 0.9998688626278157
58.25946059908745 0.990216483536329
58.41565218246301 0.9564560416960312
58.57184376583858 0.8994094774238586
58.72803534921415 0.8204656609052096
58.884226932589726 0.7215465784066304
59.0404185159653 0.6050605391085682
59.19661009934086 0.47384354179660354
59.35280168271643 0.3310902289125455
59.508993266092006 0.1802761089758348
59.66518484946757 0.025072940967763784
59.821376432843145 -0.13074065924801637
59.97756801621872 -0.2833712140698074
60.13375959959428 -0.4291027411298935
60.28995118296985 -0.5643872235478932
60.446142766345424 -0.6859309908534466
60.60233434972099 -0.7907749075265414
60.758525933096564 -0.8763664168646776
60.91471751647212 -0.9406216861785324
61.0709090998477 -0.9819763403134761
61.22710068322327 -0.9994235483255451
61.38329226659884 -0.9925385360441009
61.53948384997441 -0.961488927731988
61.695675433349976 -0.9070306650625278
61.85186701672554 -0.8304896027709776
62.008058600101116 -0.7337292290574032
62.16425018347669 -0.6191052966282812
62.32044176685226 -0.4894084689410085
62.47663335022782 -0.3477963780005116
62.632824933603395 -0.19771674784604956
62.78901651697897 -0.04282345538358271
62.945208100354535 0.11311242783218536
63.10139968373011 0.26629444706651034
63.25759126710567 0.41299319385860556
63.41378285048124 0.5496371031501116
63.569974433856814 0.6728994075177155
63.72616601723239 0.7797791315003291
63.88235760060795 0.8676741541120944
64.03854918398352 0.9344445607427639
64.1947407673591 0.978464742063895
64.35093235073467 0.9986629715276549
64.50712393411023 0.9945474978943685
64.6633155174858 0.966218517533457
64.81950710086136 0.9143657350171135
64.97569868423693 0.840251571397077
65.1318902676125 0.7456804289801543
65.28808185098808 0.6329547608900019
65.44427343436365 0.50481901495687
65.60046501773921 0.36439281669163975
65.75665660111478 0.21509501808841255
65.91284818449036 0.06056046138304422
66.06903976786593 -0.09544851574189286
66.2252313512415 -0.2491336789887082
66.38142293461706 -0.3967533702243266
66.53761451799264 -0.5347136028423722
66.69380610136821 -0.6596555618765132
66.84999768474377 -0.7685373785652776
67.00618926811934 -0.8587081884638083
67.1623808514949 -0.9279726700648347
67.31857243487048 -0.9746444926553745
67.47476401824605 -0.9975873721537856
67.63095560162162 -0.9962427353714957
67.7871471849972 -0.9706433191781292
67.94333876837275 -0.9214123734813471
68.09953035174833 -0.8497484874258118
68.2557219351239 -0.7573964082365786
68.41191351849947 -0.6466045631586944
68.56810510187505 -0.5200703186747444
68.72429668525061 -0.38087430973337305
68.88048826862618 -0.2324054378260336
69.03667985200175 -0.07827836392808883
69.19287143537731 0.07775449495810345
69.34906301875289 0.2318943231034381
69.50525460212845 0.3803883929873883
69.66144618550402 0.5196214301582731
69.81763776887959 0.646203631625892
69.97382935225517 0.7570531948686732
70.13002093563074 0.8494713481828859
70.2862125190063 0.9212080556660001
70.44240410238187 0.9705167971639509
70.59859568575745 0.996197089495667
70.75478726913302 0.9976237137224271
70.91097885250859 0.9747619368873984
71.06717043588415 0.9281683576330568
71.22336201925972 0.858977355108834
71.37955360263528 0.768873471087416
71.53574518601086 0.6600503976815886
71.69193676938643 0.5351575691573055
71.84812835276199 0.3972356581321348
72.00431993613756 0.24964254658510743
72.16051151951314 0.09597157400676902
72.31670310288871 -0.060035946959447944
72.47289468626428 -0.2145818174678641
72.62908626963984 -0.3639034243871627
72.78527785301542 -0.5043653458381997
72.94146943639099 -0.6325478601010527
73.09766101976656 -0.7453302030311849
73.25385260314214 -0.8399665469782549
73.4100441865177 -0.9141528514055388
73.56623576989327 -0.966082957647777
73.72242735326883 -0.9944925621100841
73.8786189366444 -0.9986899973253673
74.03481052001997 -0.9785730714666472
74.19100210339553 -0.9346315563353265
74.3471936867711 -0.8679352632521304
74.50338527014668 -0.7801079971582002
74.65957685352225 -0.673288023046346
74.81576843689783 -0.5500760072168484
74.97196002027339 -0.41347170079324924
75.12815160364896 -0.2668009070173133
75.28434318702453 -0.11363451039618624
75.4405347704001 0.04229846096148571
75.59672635377568 0.19720162321378307
75.75291793715124 0.34730366451357864
75.90910952052681 0.48895016232749844
76.06530110390237 0.6186925549377279
76.22149268727794 0.7333721010041562
76.37768427065352 0.8301967830855933
76.53387585402908 0.9068092828076545
76.69006743740465 0.961344372736402
76.84625902078022 0.9924743276805456
77.0024506041558 0.9994412498271936
77.15864218753137 0.9820755207150602
77.31483377090693 0.9407999308087353
77.4710253542825 0.8766193861343181
77.62721693765808 0.7910964425813461
77.78340852103365 0.6863132635190605
77.93960010440922 0.5648209269166263
