0.0 0.0
0.03322628160412037 0.03322016838445549
0.06645256320824074 0.06640366554899355
0.09967884481236111 0.099513860754478
0.13290512641648147 0.13251420417864912
0.16613140802060183 0.165368267262896
0.19935768962472222 0.19803978292516775
0.23258397122884258 0.23049268559463332
0.26581025283296295 0.2626911510238964
0.29903653443708333 0.2945996358348172
0.33226281604120367 0.32618291675428657
0.36548909764532406 0.357406129496642
0.39871537924944445 0.38823480724980275
0.4319416608535648 0.4186349187226394
0.46516794245768517 0.4485729057115804
0.4983942240618055 0.47801572014498284
0.5316205056659259 0.5069308605643779
0.5648467872700463 0.535286408002318
0.5980730688741667 0.5630510612172217
0.631299350478287 0.5901941712463208
0.6645256320824073 0.6166857752385663
0.6977519136865278 0.6424966295301479
0.7309781952906481 0.6675982419261122
0.7642044768947686 0.6919629031524485
0.7974307584988889 0.7155637174439184
0.8306570401030091 0.7383746322338672
0.8638833217071296 0.7603704669132417
0.89710960331125 0.7815269406270666
0.9303358849153703 0.8018206990776976
0.9635621665194908 0.8212293403052627
0.996788448123611 0.8397314394168318
1.0300147297277313 0.8573065722370186
1.0632410113318518 0.8739353378539049
1.0964672929359722 0.889599380035402
1.1296935745400927 0.9042814074924055
1.162919856144213 0.9179652129663763
1.1961461377483333 0.9306356911202788
1.2293724193524536 0.9422788552131226
1.262598700956574 0.9528818525397064
1.2958249825606944 0.9624329786185163
1.3290512641648147 0.970921690112118
1.3622775457689351 0.9783386164657815
1.3955038273730556 0.9846755702514876
1.4287301089771758 0.9899255562059012
1.4619563905812962 0.9940827789523323
1.4951826721854165 0.9971426493981606
1.5284089537895371 0.9991017898006623
1.5616352353936573 0.9999580374956476
1.5948615169977778 0.9997104472847911
1.628087798601898 0.9983592924790214
1.6613140802060182 0.9959060645968176
1.694540361810139 0.9923534717177456
1.7277666434142591 0.9877054354930517
1.7609929250183798 0.9819670868166134
1.7942192066225 0.9751447601610272
1.8274454882266202 0.9672459865850837
1.8606717698307407 0.9582794854203505
1.893898051434861 0.9482551546460402
1.9271243330389816 0.9371840599627864
1.9603506146431018 0.9250784225773925
1.993576896247222 0.9119516057120328
2.0268031778513427 0.8978180998528035
2.0600294594554627 0.8826935067539033
2.0932557410595836 0.8665945222151024
2.1264820226637036 0.8495389176515139
2.159708304267824 0.831545520476007
2.1929345858719445 0.8126341933159248
2.2261608674760645 0.7928258120870422
2.2593871490801853 0.7721422429489712
2.2926134306843053 0.7506063181674544
2.325839712288426 0.728241810910184
2.3590659938925462 0.7050734090039793
2.3922922754966667 0.681126687682283
2.425518557100787 0.6564280813530646
2.458744838704907 0.6310048544182947
2.4919711203090276 0.6048850711772003
2.525197401913148 0.5780975648465295
2.5584236835172685 0.5506719057320174
2.591649965121389 0.5226383685861915
2.624876246725509 0.49402789918855117
2.6581025283296293 0.4648720801850074
2.69132880993375 0.4352030962243012
2.7245550915378702 0.40505369842987526
2.7577813731419907 0.37445716824642616
2.791007654746111 0.34344728070104236
2.824233936350231 0.31205826711948487
2.8574602179543516 0.2803247773387652
2.8906864995584725 0.24828184145773857
2.9239127811625925 0.21596483116793094
2.957139062766713 0.18340942070728278
2.990365344370833 0.15065154747992512
3.0235916259749533 0.11772737238544213
3.0568179075790742 0.08467323990142696
3.0900441891831942 0.051525637963386675
3.1232704707873147 0.018321157686281727
3.1564967523914347 -0.01490354702782383
3.1897230339955556 -0.04811179995143113
3.222949315599676 -0.08126694301791071
3.256175597203796 -0.11433237678776804
3.2894018788079165 -0.1472716008501871
3.3226281604120365 -0.18004825411525543
3.3558544420161573 -0.212626154952402
3.389080723620278 -0.24496934113072336
3.4223070052243982 -0.27704210951712777
3.4555332868285182 -0.3088090554884579
3.4887595684326387 -0.34023511201409823
3.5219858500367596 -0.3712855883659148
3.5552121316408796 -0.40192620841280247
3.588438413245 -0.43212314845756916
3.62166469484912 -0.4618430745743773
3.6548909764532405 -0.4910531794055421
3.6881172580573613 -0.5197212183770543
3.7213435396614813 -0.5478155452928563
3.754569821265602 -0.575305147268582
3.787796102869722 -0.602159678966187
3.8210223844738422 -0.6283494960916919
3.854248666077963 -0.6538456881190482
3.887474947682083 -0.6786201102040124
3.9207012292862036 -0.7026454142527984
3.9539275108903236 -0.725895079111203
3.987153792494444 -0.7483434398408929
4.020380074098565 -0.7699657160505233
4.053606355702685 -0.7907380392504213
4.086832637306806 -0.8106374792006366
4.120058918910925 -0.8296420692232694
4.153285200515046 -0.8477308304511435
4.186511482119167 -0.8648837949860423
4.219737763723287 -0.8810820279409582
4.252964045327407 -0.8963076483420188
4.286190326931528 -0.9105438488670077
4.319416608535648 -0.9237749143987045
4.3526428901397685 -0.9359862393725545
4.385869171743889 -0.9471643438995214
4.419095453348009 -0.9572968886463232
4.452321734952129 -0.9663726884566286
4.485548016556249 -0.9743817246981745
4.518774298160371 -0.9813151563221758
4.55200057976449 -0.9871653296228191
4.585226861368611 -0.9919257866860697
4.618453142972731 -0.9955912725184591
4.651679424576852 -0.9981577408479906
4.684905706180972 -0.9996223585907545
4.7181319877850925 -0.9999835089783253
4.751358269389213 -0.9992407933424862
4.784584550993333 -0.9973950315553133
4.817810832597453 -0.9944482611241313
4.851037114201574 -0.9904037349423414
4.884263395805695 -0.9852659176986039
4.917489677409814 -0.9790404809483385
4.950715959013935 -0.9717342968529834
4.983942240618055 -0.9633554305939255
5.017168522222176 -0.953913131469473
5.050394803826296 -0.9434178226847019
5.0836210854304165 -0.9318810898454432
5.116847367034537 -0.9193156681691159
5.1500736486386565 -0.9057354284265222
5.183299930242778 -0.8911553616301195
5.216526211846898 -0.8755915624856828
5.249752493451018 -0.8590612116256089
5.282978775055138 -0.8415825566434879
5.316205056659259 -0.8231748919508746
5.349431338263379 -0.8038585374784898
5.3826576198675 -0.78365481624537
5.41588390147162 -0.7625860308207232
5.4491101830757405 -0.7406754387044739
5.482336464679861 -0.7179472266536767
5.515562746283981 -0.6944264839831354
5.548789027888101 -0.6701391748697061
5.582015309492222 -0.6451121096908475
5.615241591096343 -0.6193729154290756
5.648467872700462 -0.5929500051749667
5.681694154304584 -0.5658725467623951
5.714920435908703 -0.5381704305706285
5.748146717512824 -0.5098742365287998
5.781372999116945 -0.4810152003592124
5.8145992807210645 -0.4516251790967197
5.847825562325185 -0.42173661592223943
5.8810518439293045 -0.39138250434924693
5.914278125533426 -0.3605963518027475
5.947504407137546 -0.32941214263096785
5.980730688741666 -0.29786430059056257
6.013956970345787 -0.265987650846772
6.047183251949907 -0.23381738153048007
6.080409533554027 -0.2013890048945797
6.1136358151581485 -0.16873831811256557
6.146862096762268 -0.13590136376259893
6.1800883783663885 -0.10291439004066609
6.213314659970508 -0.06981381074677635
6.246540941574629 -0.036636165088333617
6.27976722317875 -0.0034180773450914327
6.312993504782869 0.029803783559819788
6.346219786386991 0.06299274453813863
6.379446067991111 0.09611216881930842
6.412672349595231 0.1291254963932384
6.445898631199352 0.16199628436832206
6.479124912803472 0.19468824720016184
6.512351194407592 0.22716529674662136
6.545577476011713 0.25939158210494767
6.578803757615833 0.2913315291870174
6.612030039219953 0.32294987998901914
6.645256320824073 0.3542117315121986
6.678482602428194 0.38508257429173653
6.711708884032315 0.4155283304911938
6.744935165636435 0.4455153915205056
6.778161447240556 0.47501065513597
6.811387728844675 0.5039815619812925
6.8446140104487965 0.5323961315293501
6.877840292052917 0.5602229973849823
6.9110665736570365 0.5874314419098682
6.944292855261158 0.6139914301312417
6.977519136865277 0.6398736428970172
7.010745418469398 0.6650495092407499
7.043971700073519 0.6894912379206668
7.077197981677639 0.7131718480979813
7.110424263281759 0.7360651991206208
7.143650544885879 0.7581460193794738
7.17687682649 0.7793899342053259
7.2101031080941205 0.7997734927756668
7.24332938969824 0.8192741940016887
7.276555671302361 0.8378705113668828
7.309781952906481 0.8555419166898165
7.343008234510601 0.872268902784876
7.376234516114723 0.8880330049959356
7.409460797718842 0.9028168215792013
7.442687079322963 0.9166040329127245
7.475913360927082 0.929379419511371
7.509139642531204 0.9411288788273742
7.542365924135324 0.9518394408179113
7.575592205739444 0.9614992822625326
7.608818487343565 0.970097739814627
7.6420447689476845 0.9776253217725204
7.675271050551805 0.984073718557218
7.708497332155926 0.989435811885216
7.741723613760046 0.9937056826262625
7.774949895364166 0.9968786173373928
7.808176176968286 0.998951113466024
7.841402458572407 0.9999208832163682
7.874628740176528 0.9997868560748933
7.907855021780647 0.9985491799920471
7.9410813033847685 0.996209221218936
7.974307584988888 0.9927695627991432
8.00753386659301 0.9882340017173462
8.04076014819713 0.9826075447078868
8.07398642980125 0.9758964027279149
8.10721271140537 0.9681079841012112
8.14043899300949 0.9592508863402562
8.173665274613612 0.9493348866555688
8.206891556217732 0.9383709311628032
8.24011783782185 0.9263711227995001
8.273344119425973 0.9133487079648438
8.306570401030092 0.8993180618971781
8.339796682634212 0.884294672805398
8.373022964238334 0.8682951247717664
8.406249245842453 0.851337079445009
8.439475527446573 0.8334392565438902
8.472701809050694 0.8146214131928193
8.505928090654814 0.794904322112269
8.539154372258935 0.774309748688097
8.572380653863055 0.7528604269450802
8.605606935467176 0.730580034451183
8.638833217071296 0.7074931661802641
8.672059498675416 0.6836253073620722
8.705285780279537 0.6590028053495027
8.738512061883657 0.6336528405341715
8.771738343487778 0.6076033963424078
8.804964625091896 0.580883228344794
8.838190906696019 0.5535218325133368
8.87141718830014 0.5255494126613436
8.904643469904258 0.4969968471018966
8.93786975150838 0.46789565456176957
8.971096033112499 0.4382779593884177
9.00432231471662 0.40817645608839564
9.037548596320741 0.377624373236423
9.07077487792486 0.3466554367948849
9.10400115952898 0.31530383288425956
9.137227441133101 0.283604170045615
9.170453722737221 0.2515914410367787
9.203680004341342 0.2193009842043857
9.236906285945462 0.1867684444744348
9.270132567549583 0.15402973400441733
9.303358849153703 0.12112099254045271
9.336585130757824 0.08807854752319282
9.369811412361944 0.05493887398653315
9.403037693966064 0.02173855429339829
9.436263975570185 -0.011485762246951636
9.469490257174305 -0.04469739983551532
9.502716538778426 -0.07785969666938636
9.535942820382546 -0.11093604541213924
9.569169101986667 -0.1438899336040906
9.602395383590787 -0.17668498396782764
9.635621665194906 -0.20928499456450914
9.668847946799028 -0.24165397875662337
9.702074228403148 -0.2737562049330524
9.735300510007267 -0.30555623595264964
9.76852679161139 -0.3370189682627408
9.801753073215508 -0.36810967064936523
9.834979354819628 -0.3987940225765387
9.86820563642375 -0.4290381520721349
9.90143191802787 -0.4588086731186217
9.93465819963199 -0.48807272250737366
9.96788448123611 -0.5167979961158335
10.00111076284023 -0.5449527845675317
10.034337044444351 -0.5725060082355654
10.067563326048472 -0.5994272515509081
10.100789607652592 -0.625686796577677
10.134015889256712 -0.6512556558182934
10.167242170860833 -0.6761056042123241
10.200468452464953 -0.7002092102936807
10.233694734069074 -0.7235398664717817
10.266921015673194 -0.7460718184032531
10.300147297277313 -0.7677801934217396
10.333373578881435 -0.7886410279944553
10.366599860485556 -0.8086312941751376
10.399826142089674 -0.8277289250242443
10.433052423693796 -0.8459128389682999
10.466278705297915 -0.863162963071502
10.499504986902036 -0.8794602551939317
10.532731268506158 -0.8947867250118626
10.565957550110276 -0.9091254538769957
10.599183831714397 -0.9224606134926955
10.632410113318517 -0.9347774833865891
10.665636394922638 -0.9460624671602672
10.698862676526758 -0.9563031074981336
10.73208895813088 -0.9654880999188393
10.765315239735 -0.9736073052541193
10.79854152133912 -0.9806517608412648
10.83176780294324 -0.9866136904168605
10.86499408454736 -0.9914865127008823
10.898220366151481 -0.9952648486616666
10.9314466477556 -0.99794452745374
10.964672929359722 -0.9995225910219491
10.997899210963842 -0.9999972973668104
11.031125492567963 -0.9993681224674774
11.064351774172083 -0.9976357608601978
11.097578055776202 -0.9948021248716263
11.130804337380322 -0.9908703425078375
11.164030618984444 -0.9858447540013686
11.197256900588565 -0.979730907020107
11.230483182192685 -0.9725355505433049
11.263709463796804 -0.9642666274114892
11.296935745400924 -0.9549332655584837
11.330162027005045 -0.9445457679352284
11.363388308609167 -0.9331156011365133
11.396614590213288 -0.9206553827431874
11.429840871817406 -0.9071788673938075
11.463067153421527 -0.8927009316011092
11.496293435025647 -0.8772375573300628
11.529519716629768 -0.8608058143556315
11.56274599823389 -0.8434238414197156
11.595972279838007 -0.8251108262080871
11.629198561442129 -0.805886984169392
11.66242484304625 -0.7857735361996544
11.69565112465037 -0.7647926852168495
11.72887740625449 -0.7429675916514588
11.762103687858609 -0.7203223478800356
11.79532996946273 -0.6968819516300069
11.828556251066852 -0.6726722783850815
11.861782532670972 -0.647720052821712
11.895008814275092 -0.6220528193081397
11.928235095879211 -0.5956989114986075
11.961461377483332 -0.5686874210562791
11.994687659087452 -0.5410481655394186
12.027913940691574 -0.5128116554862518
12.061140222295695 -0.4840090607348718
12.094366503899813 -0.45467217601533816
12.127592785503934 -0.4248333858519762
12.160819067108054 -0.3945256288146193
12.194045348712175 -0.36378236115823437
12.227271630316297 -0.3326375198910903
12.260497911920416 -0.30112548531223765
12.293724193524536 -0.2692810430596222
12.326950475128656 -0.2371393457107846
12.360176756732777 -0.2047358739784762
12.393403038336897 -0.17210639754406143
12.426629319941016 -0.13928693557193242
12.459855601545138 -0.1063137169485129
12.493081883149259 -0.07322314028977936
12.52630816475338 -0.040051733761385426
12.5595344463575 -0.006836114755804727
12.592760727961618 0.026387050529031116
12.625987009565739 0.05958108756497715
12.659213291169861 0.09270935397809942
12.692439572773981 0.12573527999761355
12.725665854378102 0.1586224088246869
12.758892135982222 0.19133443687651655
12.792118417586341 0.22383525386128195
12.825344699190461 0.25608898263973334
12.858570980794584 0.28806001882939125
12.891797262398704 0.3197130701076628
12.925023544002824 0.35101319517048857
12.958249825606943 0.3819258423034886
12.991476107211064 0.41241688752306294
13.024702388815184 0.4424526722453094
13.057928670419306 0.4720000404412114
13.091154952023427 0.5010263752370476
13.124381233627545 0.5294996349196522
13.157607515231666 0.5573883883067567
13.190833796835786 0.5846618494433684
13.224060078439907 0.6112899115859068
13.257286360044029 0.6372431804365629
13.290512641648146 0.6624930065911926
13.323738923252268 0.6870115171649626
13.356965204856388 0.7107716465607611
13.390191486460509 0.733747166346504
13.42341776806463 0.7559127142082793
13.456644049668748 0.7772438219474054
13.48987033127287 0.7977169424904952
13.52309661287699 0.8173094758826884
13.556322894481111 0.8359997942353962
13.589549176085232 0.85376726560098
13.62277545768935 0.8705922767480349
13.65600173929347 0.886456254812128
13.689228020897593 0.9013416877980875
13.722454302501713 0.9152321439112179
13.755680584105834 0.9281122896961026
13.788906865709952 0.9399679069629601
13.822133147314073 0.9507859084828822
13.855359428918193 0.9605543524346168
13.888585710522316 0.9692624555869578
13.921811992126436 0.9769006052021819
13.955038273730555 0.9834603696474015
13.988264555334675 0.9889345077021091
14.021490836938796 0.9933169765516463
14.054717118542916 0.9966029384577723
14.087943400147038 0.9987887660989663
14.121169681751155 0.9998720465745708
14.154395963355277 0.9998515840683553
14.187622244959398 0.9987274011685571
14.220848526563518 0.9965007388429484
14.254074808167639 0.9931740550689507
14.287301089771757 0.9887510221203124
14.320527371375878 0.9832365225133433
14.35375365298 0.9766366436171823
14.38697993458412 0.9689586709340475
14.420206216188241 0.9602110800568835
14.45343249779236 0.9504035273132895
14.48665877939648 0.9395468391060493
14.5198850610006 0.9276529999620392
14.553111342604723 0.9147351393026951
14.586337624208843 0.9008075169506544
14.619563905812962 0.8858855073885595
14.652790187417082 0.8699855827874083
14.686016469021203 0.8531252948231887
14.719242750625323 0.8353232553018569
14.752469032229445 0.8165991156140584
14.785695313833564 0.7969735450422728
14.818921595437685 0.7764682079443087
14.852147877041805 0.7551057398383709
14.885374158645925 0.732909722416064
14.918600440250046 0.7099046575109357
14.951826721854165 0.6861159400512906
14.985053003458287 0.6615698300271233
15.018279285062407 0.6362934235021418
15.051505566666528 0.6103146227028381
15.084731848270648 0.5836621052176659
15.117958129874767 0.5563652923403044
15.151184411478887 0.5284543165919493
15.18441069308301 0.49995998845850564
15.21763697468713 0.4709137623793788
15.25086325629125 0.441347702025407
15.284089537895369 0.4112944449042885
15.31731581949949 0.3807871663325438
15.35054210110361 0.3498595428138164
15.383768382707732 0.3185457148639039
15.416994664311853 0.2868802493235888
15.450220945915971 0.25489810120084044
15.483447227520092 0.2226345750845325
15.516673509124212 0.19012528617227287
15.549899790728333 0.1574061209553419
15.583126072332455 0.12451319760416069
15.616352353936572 0.0914828260980229
15.649578635540694 0.05835146814305498
15.682804917144814 0.02515569692274908
15.716031198748935 -0.008067843274623841
15.749257480353055 -0.04128247750705525
15.782483761957174 -0.07445154066368907
15.815710043561294 -0.10753841793886634
15.848936325165417 -0.14050658525062285
15.882162606769537 -0.17331964955904708
15.915388888373657 -0.20594138903999193
15.948615169977776 -0.2383357930697661
15.981841451581897 -0.2704671019767025
16.01506773318602 -0.3022998465156869
16.048294014790137 -0.3337988870220968
16.08152029639426 -0.3649294522019398
16.11474657799838 -0.3956571775153112
16.1479728596025 -0.4259481431108945
16.18119914120662 -0.45576891126952385
16.21442542281074 -0.4850865633155807
16.24765170441486 -0.5138687359553752
16.28087798601898 -0.5420836570024978
16.3141042676231 -0.5697001804506249
16.347330549227223 -0.596687820855098
16.380556830831342 -0.6230167869853321
16.413783112435464 -0.648658014710893
16.447009394039583 -0.6735831990849129
16.4802356756437 -0.6977648255894945
16.513461957247824 -0.7211762005085443
16.546688238851946 -0.7437914803945403
16.579914520456065 -0.7655857005967117
