0.0 0.0
0.09542398236170652 0.09527923067586802
0.19084796472341303 0.18969153192739047
0.2862719470851196 0.28237786237278323
0.38169592944682607 0.37249488494343486
0.4771199118085326 0.4592226402636585
0.5725438941702392 0.5417720073208139
0.6679678765319457 0.6193918835424375
0.7633918588936521 0.6913760189500897
0.8588158412553587 0.7570694422071185
0.9542398236170652 0.8158744200908316
1.0496638059787717 0.8672558961648602
1.1450877883404784 0.9107463591661632
1.2405117707021847 0.9459500968100504
1.3359357530638913 0.9725467963085834
1.4313597354255978 0.9902944588418495
1.5267837177873043 0.9990316014638351
1.622207700149011 0.9986787264081333
1.7176316825107174 0.9892390444245236
1.8130556648724239 0.9707984455649096
1.9084796472341303 0.9435247176844254
2.003903629595837 0.9076660197684393
2.0993276119575435 0.8635486239763881
2.19475159431925 0.8115739469472005
2.290175576680957 0.7522148973779539
2.385599559042663 0.6860115731085215
2.4810235414043693 0.6135663468636983
2.576447523766076 0.5355383853668038
2.6718715061277827 0.45263765169440323
2.767295488489489 0.36561844544369765
2.8627194708511956 0.2752725394894971
2.958143453212902 0.1824219757782496
3.0535674355746085 0.0879115857089637
3.1489914179363154 -0.007398696843200163
3.244415400298022 -0.10264165991818389
3.339839382659728 -0.19695070408433948
3.435263365021435 -0.2894677274784439
3.5306873473831413 -0.3793509335277876
3.6261113297448477 -0.46578249031322194
3.7215353121065546 -0.5479759718819162
3.8169592944682607 -0.6251835138025985
3.9123832768299676 -0.6967026178561135
4.007807259191674 -0.7618825439465651
4.10323124155338 -0.8201302310741566
4.198655223915087 -0.8709156934957969
4.294079206276793 -0.9137768429747307
4.3895031886385 -0.9483236932423778
4.484927171000207 -0.9742419084166881
4.580351153361914 -0.9912956630905743
4.67577513572362 -0.9993297880669562
4.771199118085326 -0.9982711822167477
4.866623100447033 -0.9881294776135268
4.962047082808739 -0.968996951892946
5.057471065170446 -0.9410476886343069
5.152895047532152 -0.904535993403848
5.2483190298938585 -0.8597940798718882
5.343743012255565 -0.80722904705746
5.439166994617271 -0.7473191752039635
5.534590976978978 -0.6806095739890277
5.630014959340685 -0.6077072226647874
5.725438941702391 -0.5292754472574788
5.820862924064098 -0.4460278850773717
5.916286906425804 -0.3587219914549425
6.011710888787511 -0.2681521477843631
6.107134871149217 -0.1751424335830644
6.202558853510924 -0.08053912833314288
6.297982835872631 0.014796988670902442
6.393406818234337 0.10999847040575422
6.488830800596044 0.20419909487138557
6.58425478295775 0.29654174669688244
6.679678765319456 0.3861862158866176
6.775102747681164 0.472316842747298
6.87052673004287 0.5541499394360067
6.9659507124045765 0.6309409206018618
7.0613746947662825 0.7019910782407691
7.156798677127989 0.766653939120057
7.2522226594896955 0.824341146927852
7.347646641851402 0.874527815626534
7.443070624213109 0.9167573053010224
7.538494606574815 0.9506453770472637
7.633918588936521 0.9758836890963046
7.729342571298227 0.9922426023633109
7.824766553659935 0.9995732698943253
7.920190536021641 0.9978089911992444
8.015614518383348 0.9869658191481708
8.111038500745053 0.967142413909094
8.20646248310676 0.938519145255893
8.301886465468469 0.9013564514146151
8.397310447830174 0.8559924693806017
8.49273443019188 0.8028399582677918
8.588158412553586 0.7423825436841467
8.683582394915293 0.6751703173049504
8.779006377277 0.6018148316827437
8.874430359638707 0.52298353583524
8.969854342000414 0.4393937022408661
9.065278324362119 0.3518059004991582
9.160702306723827 0.2610170770380476
9.256126289085532 0.16785330383463234
9.35155027144724 0.07316226212751697
9.446974253808946 -0.022194470489780092
9.542398236170651 -0.11734925941600156
9.63782221853236 -0.2114363075010039
9.733246200894065 -0.30359953278593027
9.828670183255772 -0.39300035784656306
9.924094165617477 -0.47882533986586473
10.019518147979184 -0.560293572011062
10.114942130340893 -0.6366637887713494
10.210366112702598 -0.7072411106059928
10.305790095064305 -0.7713833665344381
10.40121407742601 -0.8285069371402178
10.496638059787717 -0.878092064824217
10.592062042149424 -0.9196875829901651
10.68748602451113 -0.9529150211323373
10.782910006872838 -0.9774720484739553
10.878333989234543 -0.9931352248232176
10.97375797159625 -0.9997620336173905
11.069181953957957 -0.9972921786566361
11.164605936319663 -0.985748132728824
11.26002991868137 -0.9652349331334772
11.355453901043076 -0.9359392259653488
11.450877883404782 -0.8981275678535258
11.54630186576649 -0.8521440006082532
11.641725848128196 -0.7984069208433421
11.737149830489901 -0.7374052730569401
11.832573812851608 -0.6696941008091629
11.927997795213315 -0.5958894964756752
12.023421777575022 -0.5166629955285315
12.118845759936729 -0.43273546634976834
12.214269742298434 -0.34487055117328863
12.309693724660141 -0.2538677178347736
12.405117707021848 -0.16055498555058859
12.500541689383555 -0.06578139091254283
12.595965671745262 0.02959073735084744
12.691389654106967 0.12469362455597424
12.786813636468674 0.2186619457975758
12.882237618830379 0.3106406993920411
12.977661601192088 0.3997929863915137
13.073085583553794 0.48530762538426553
13.1685095659155 0.5664065332956411
13.263933548277206 0.6423518050328761
13.359357530638912 0.7124524275573244
13.45478151300062 0.7760705672939253
13.550205495362327 0.8326273736698003
13.645629477724032 0.8816082459766269
13.74105346008574 0.9225675156344688
13.836477442447444 0.9551325012539578
13.931901424809153 0.9790068996005218
14.027325407170858 0.993973481606834
14.122749389532565 0.9998960689029494
14.218173371894272 0.9967207728799983
14.313597354255977 0.984476485013424
14.409021336617686 0.9632746139843874
14.504445318979391 0.9333080719912343
14.599869301341098 0.8948495194743917
14.695293283702805 0.8482488842256579
14.79071726606451 0.7939301774550713
14.886141248426219 0.7323876357854248
14.981565230787924 0.6641812242777749
15.07698921314963 0.5899315414051072
15.172413195511336 0.510314172332985
15.267837177873043 0.42605354188566125
15.363261160234751 0.3379163231285093
15.458685142596455 0.2467044615409288
15.554109124958163 0.15324787825156166
15.64953310731987 0.058396918727917316
15.744957089681575 -0.03698538437162561
15.840381072043282 -0.13203116378437046
15.935805054404987 -0.22587561421908425
16.031229036766696 -0.3176648610714508
16.126653019128405 -0.4065637296830403
16.222077001490106 -0.49176334445269254
16.317500983851815 -0.5724884886572922
16.41292496621352 -0.6480046580161059
16.50834894857523 -0.7176247438196479
16.603772930936938 -0.7807152848142884
16.69919691329864 -0.8367022309578668
16.794620895660348 -0.8850761666028589
16.890044878022053 -0.9253969455822031
16.98546886038376 -0.9572976960240182
17.080892842745467 -0.9804881584560059
17.176316825107172 -0.9947573268267561
17.27174080746888 -0.9999753684137141
17.367164789830586 -0.9960948051489198
17.462588772192294 -0.9831509456138278
17.558012754554 -0.9612615637725649
17.653436736915705 -0.9306258273667711
17.748860719277413 -0.8915224857223817
17.84428470163912 -0.8443073334571906
17.939708684000827 -0.789409973166464
18.035132666362532 -0.7273299065424148
18.130556648724237 -0.6586319894937206
18.225980631085946 -0.5839412926182235
18.321404613447655 -0.5039374137924718
18.41682859580936 -0.41934829462686846
18.512252578171065 -0.33094359704945026
18.60767656053277 -0.23952770028364898
18.70310054289448 -0.14593238193930375
18.798524525256187 -0.051009249810457916
18.893948507617893 0.04437800675831525
18.989372489979598 0.13936147543354976
19.084796472341303 0.23307691787875978
19.18022045470301 0.3246716333112597
19.27564443706472 0.4133122170807383
19.37106841942642 0.49819214367563963
19.46649240178813 0.5785391051608739
19.561916384149836 0.6536220382755912
19.657340366511544 0.7227577762527942
19.752764348873253 0.7853172648368875
19.848188331234955 0.8407312859407678
19.943612313596663 0.8884956368638606
20.03903629595837 0.9281757179462313
20.134460278320077 0.959410486916585
20.229884260681786 0.9819157439541306
20.325308243043487 0.9954867175741493
20.420732225405196 0.9999999278087134
20.5161562077669 0.9954143097297905
20.61158019012861 0.9817715870920035
20.70700417249032 0.9591958926953237
20.80242815485202 0.9278926389219557
20.89785213721373 0.8881466487241941
20.993276119575434 0.8403195640691092
21.088700101937143 0.7848465554201242
21.184124084298848 0.7222323621954105
21.279548066660553 0.6530467002302343
21.37497204902226 0.5779190780300133
21.470396031383967 0.49753306898010163
21.565820013745675 0.41262009162844704
21.66124399610738 0.32395275463334106
21.756667978469086 0.23233782692935487
21.852091960830794 0.13860889707479382
21.9475159431925 0.043618788571984805
22.042939925554208 -0.05176819982793778
22.138363907915913 -0.1466841582315199
22.23378789027762 -0.24026546256669468
22.329211872639327 -0.3316606325504981
22.424635855001032 -0.42003807916252545
22.52005983736274 -0.5045936711312246
22.615483819724446 -0.5845580515867801
22.71090780208615 -0.6592036383077107
22.80633178444786 -0.7278512438670539
22.901755766809565 -0.7898762554425969
22.997179749171273 -0.8447143180621347
23.09260373153298 -0.8918664695728231
23.188027713894684 -0.930903680612485
23.283451696256392 -0.961470758274392
23.378875678618098 -0.9832895779467732
23.474299660979803 -0.996161613921096
23.56972364334151 -0.99996974574353
23.665147625703217 -0.9946793238739261
23.760571608064925 -0.9803384849560562
23.85599559042663 -0.9570777138305265
23.951419572788335 -0.9251086562755262
24.046843555150044 -0.8847221932780893
24.14226753751175 -0.8362857943577499
24.237691519873458 -0.7802401740242197
24.333115502235163 -0.7170952817914544
24.428539484596868 -0.647425662234229
24.523963466958577 -0.5718652273053204
24.619387449320282 -0.49110148847907703
24.71481143168199 -0.40586930120207854
24.810235414043696 -0.3169441785691329
24.9056593964054 -0.22513523506224078
25.00108337876711 -0.13127782455631595
25.096507361128815 -0.036225939577157945
25.191931343490523 0.05915555903050613
25.28735532585223 0.15399881132390306
25.382779308213934 0.2474408547714277
25.478203290575642 0.338631476201115
25.573627272937347 0.42674094774487015
25.669051255299056 0.5109675763904558
25.764475237660758 0.5905449984490679
25.859899220022466 0.6647491525675063
25.955323202384175 0.7329048678385521
26.05074718474588 0.7943920070656005
26.14617116710759 0.8486511092849536
26.24159514946929 0.8951884802054272
26.337019131831 0.9335806842482937
26.432443114192708 0.9634783973151685
26.527867096554413 0.9846095852282514
26.62329107891612 0.9967819789227823
26.718715061277823 0.9998848238703745
26.814139043639532 0.9938898878155284
26.90956302600124 0.978851717656095
27.004987008362946 0.9549071431303828
27.100410990724654 0.9222740318267671
27.195834973086356 0.8812493068437738
27.291258955448065 0.8322062451375725
27.386682937809773 0.7755910811388125
27.48210692017148 0.7119189465418492
27.577530902533184 0.6417691832095548
27.67295488489489 0.5657800718408
27.768378867256597 0.48464302436353446
27.863802849618306 0.399096292895915
27.95922683198001 0.30991825251654087
28.054650814341716 0.21792031896273115
28.15007479670342 0.12393956569751698
28.24549877906513 0.028831107521358982
28.34092276142684 -0.06653967997116145
28.436346743788544 -0.16130503429587936
28.53177072615025 -0.2546027017014838
28.627194708511954 -0.3455837826689192
28.722618690873663 -0.43342045590292916
28.81804267323537 -0.51731351053643
28.913466655597077 -0.596499618013509
29.008890637958782 -0.6702582774854082
29.104314620320487 -0.7379183715245111
29.199738602682196 -0.7988642725070406
29.295162585043904 -0.8525414441035106
29.39058656740561 -0.8984614869099515
29.486010549767315 -0.9362065823105589
29.58143453212902 -0.9654332941378131
29.67685851449073 -0.9858756935394332
29.772282496852437 -0.9973477786195192
29.86770647921414 -0.9997451668379942
29.963130461575847 -0.9930460447694833
30.058554443937552 -0.9773113665799394
30.15397842629926 -0.9526842994151116
30.24940240866097 -0.9193889207471739
30.34482639102267 -0.8777281795321324
30.44025037338438 -0.8280811397290743
30.535674355746085 -0.7708995312620563
30.631098338107794 -0.706703639806765
30.726522320469503 -0.6360775728001525
30.821946302831208 -0.5596639447467632
30.91737028519291 -0.47815803017925873
31.012794267554618 -0.3923014374743509
31.108218249916327 -0.30287536108504404
31.203642232278032 -0.2106934735858968
31.29906621463974 -0.11659452220542049
31.394490197001442 -0.02143469720852523
31.48991417936315 0.07392015843230855
31.58533816172486 0.16860242719410606
31.680762144086565 0.26175061130687616
31.776186126448273 0.3525171713744856
31.871610108809975 0.440076237990643
31.967034091171683 0.5236311261834179
32.06245807353339 0.6024215843155015
32.1578820558951 0.6757307114838549
32.25330603825681 0.7428914804784083
32.34873002061851 0.8032928069485589
32.44415400298021 0.8563851095551785
32.53957798534192 0.9016853105172108
32.63500196770363 0.938781231053776
32.73042595006534 0.9673353417284141
32.82584993242704 0.9870878335716955
32.92127391478875 0.9978589820386028
33.01669789715046 0.9995507822914198
33.112121879512166 0.992147840928994
33.207545861873875 0.9757175160486596
33.30296984423557 0.9504093043664344
33.39839382659728 0.9164534809719528
33.49381780895899 0.8741590040948314
33.589241791320696 0.8239107039465652
33.684665773682404 0.7661657812162538
33.780089756044106 0.7014496470797311
33.875513738405814 0.6303511425731175
33.97093772076752 0.5535171808289705
34.06636170312923 0.4716468609243139
34.16178568549093 0.38548510689771415
34.257209667852635 0.29581588981283796
34.352633650214344 0.20345509453983826
34.44805763257605 0.10924309615847547
34.54348161493776 0.0140371135289759
34.63890559729947 -0.0812965903957611
34.73432957966117 -0.175890590548608
34.82975356202288 -0.2688841923005675
34.92517754438459 -0.35943126277395515
35.0206015267463 -0.44670792966076794
35.116025509108 -0.5299200774958951
35.2114494914697 -0.6083105731779367
35.30687347383141 -0.6811661549937865
35.40229745619312 -0.7478239224649613
35.49772143855483 -0.807677367965696
35.593145420916535 -0.8601818952320937
35.68856940327824 -0.9048597745503854
35.783993385639945 -0.9413044895379031
35.879417368001654 -0.9691844359660989
35.97484135036336 -0.9882459389707203
36.070265332725064 -0.9983155611960101
36.165689315086766 -0.9993016808715461
36.261113297448475 -0.9911953254630557
36.35653727981018 -0.9740702533119727
36.45196126217189 -0.9480822825209049
36.5473852445336 -0.9134678731913664
36.64280922689531 -0.8705419759137561
36.73823320925701 -0.8196951660858058
36.83365719161872 -0.7613900901338199
36.92908117398042 -0.6961572559719968
37.02450515634213 -0.6245902060016164
37.11992913870384 -0.5473401165702756
37.21535312106554 -0.46510987302966017
37.31077710342725 -0.3786476743019237
37.40620108578896 -0.2887402251456957
37.501625068150666 -0.1962055780640085
37.597049050512375 -0.10188568998448953
37.69247303287408 -0.0066387614372833215
37.787897015235785 0.0886685720648227
37.88332099759749 0.18316912539465935
37.978744979959195 0.27600305417988963
38.074168962320904 0.36632567837984464
38.169592944682606 0.45331516788477
38.265016927044314 0.5361800202074559
38.36044090940602 0.6141662622289588
38.45586489176773 0.6865643104710852
38.55128887412944 0.7527154274750933
38.64671285649114 0.8120177155411624
38.74213683885284 0.8639315932926345
38.83756082121455 0.9079847052346645
38.93298480357626 0.9437762196360766
39.02840878593797 0.9709804756287426
39.12383276829967 0.9893499463401186
39.21925675066138 0.9987174910979292
39.31468073302309 0.998997876214549
39.4101047153848 0.9901885505137562
39.505528697746506 0.9723696685434463
39.60095268010821 0.9457033612631123
39.69637666246991 0.9104322608419674
39.79180064483162 0.8668772929903359
39.887224627193326 0.815434756911511
39.982648609555035 0.7565727194430745
40.07807259191674 0.6908267561968029
40.173496574278445 0.6187950784477547
40.268920556640154 0.54113309011222
40.36434453900186 0.45854742433956075
40.45976852136357 0.3717895139780443
40.55519250372527 0.2816487544158812
40.650616486086975 0.18894532100757813
40.74604046844868 0.09452270643867362
40.84146445081039 -0.0007599540699303733
40.9368884331721 -0.09603569988642675
41.0323124155338 -0.1904376332946023
41.12773639789551 -0.28310680724792037
41.22316038025722 -0.37320004078174956
41.31858436261893 -0.4598975909727804
41.41400834498064 -0.5424106116396769
41.50943232734233 -0.6199883309195533
41.60485630970404 -0.6919248824127958
41.70028029206575 -0.7575657277406393
41.79570427442746 -0.8163136120779768
41.891128256789166 -0.8676339984728535
41.98655223915087 -0.9110599315067673
42.081976221512576 -0.9461962860421718
42.177400203874285 -0.9727233623985041
42.272824186235994 -0.9903997952449151
42.368248168597695 -0.9990647497421288
42.4636721509594 -0.9986393849511412
42.559096133321106 -0.9891275711934344
42.654520115682814 -0.9706158548355872
42.74994409804452 -0.9432726708186872
42.84536808040623 -0.9073468100976086
42.94079206276793 -0.8631651559346688
43.03621604512964 -0.8111297096447165
43.13164002749135 -0.7517139328539425
43.22706400985306 -0.6854584395535062
43.32248799221476 -0.6129660771452994
43.41791197457646 -0.534896441236526
43.51333595693817 -0.4519598740920905
43.60875993929988 -0.36491100135183296
43.70418392166159 -0.2745418658208783
43.7996079040233 -0.18167472080762045
43.895031886385 -0.08715454858150623
43.99045586874671 0.008158627976145605
44.085879851108416 0.10339757057320983
44.181303833470125 0.1976957163596794
44.276727815831826 0.29019506263481587
44.37215179819353 0.38005397366700044
44.46757578055524 0.4664548385932963
44.562999762916945 0.5486115107208425
44.658423745278654 0.625776460541178
44.75384772764036 0.6972475773733824
44.849271710002064 0.7623745577490753
44.94469569236377 0.8205648224124732
45.04011967472548 0.8712889080976596
45.13554365708718 0.9140852850243052
45.23096763944889 0.9485645562782103
45.32639162181059 0.9744130008672086
45.4218156041723 0.9913954282148392
45.51723958653401 0.9993573181191623
45.61266356889572 0.998226226705658
45.70808755125743 0.9880124455816475
45.80351153361913 0.9688089081947204
45.89893551598084 0.9407903442471833
45.99435949834255 0.9042116898603904
46.08978348070425 0.859405767954576
46.18520746306596 0.8067802599500131
46.28063144542766 0.7468139963435205
46.37605542778937 0.6800525999116352
46.471479410151076 0.6071035211823165
46.566903392512785 0.5286305113464664
46.662327374874494 0.4453475828993697
46.757751357236195 0.35801251296312225
46.853175339597904 0.26741994840217415
46.948599321959605 0.17439417546746352
47.044023304321314 0.07978161975674351
47.13944728668302 -0.015556855267120095
47.234871269044724 -0.11075378112558472
47.33029525140643 -0.20494297727177588
47.42571923376814 -0.29726743231909813
47.52114321612985 -0.38688710184129577
47.61656719849156 -0.4729865517930075
