0.0 0.0
0.09707270522583615 0.09692032257464384
0.1941454104516723 0.19292807122356034
0.2912181156775085 0.28711926455505216
0.3882908209033446 0.3786070253406488
0.4853635261291807 0.46652993109641433
0.582436231355017 0.5500601249896905
0.6795089365808531 0.6284111107013045
0.7765816418066892 0.7008451578490615
0.8736543470325253 0.7666802482451762
0.9707270522583614 0.8252964975836802
1.0677997574841978 0.8761419920930418
1.164872462710034 0.9187379851977506
1.26194516793587 0.9526834052585964
1.3590178731617062 0.9776586319480514
1.4560905783875422 0.9934285057034926
1.5531632836133784 0.9998445419221154
1.6502359888392146 0.9968463290493135
1.7473086940650506 0.9844620973965307
1.8443813992908868 0.9628084533327542
1.9414541045167228 0.9320892813524292
2.0385268097425593 0.8925938243576059
2.1355995149683955 0.8446939602298343
2.2326722201942317 0.7888407003348187
2.329744925420068 0.7255599429289107
2.4268176306459037 0.6554475214521452
2.52389033587174 0.5791635943316671
2.620963041097576 0.497426429119554
2.7180357463234124 0.41100563949180235
2.8151084515492486 0.320714938786957
2.9121811567750844 0.22740447831498165
3.0092538620009206 0.13195284257665185
3.106326567226757 0.03525877676419271
3.203399272452593 -0.061767275565369324
3.3004719776784293 -0.15821174496529594
3.397544682904265 -0.2531665380067065
3.4946173881301013 -0.3457375876255382
3.5916900933559375 -0.435053271401278
3.6887627985817737 -0.5202726185033814
3.78583550380761 -0.6005932280311189
3.8829082090334457 -0.6752588241900397
3.9799809142592824 -0.7435663771676816
4.077053619485119 -0.8048727226603999
4.174126324710954 -0.8586006177237628
4.271199029936791 -0.9042441759263545
4.368271735162627 -0.9413736306311404
4.4653444403884635 -0.9696393815547136
4.562417145614299 -0.988775286503169
4.659489850840136 -0.9986011672905779
4.756562556065972 -0.9990245062450454
4.8536352612918074 -0.9900413173285422
4.950707966517644 -0.971736183668294
5.04778067174348 -0.9442814611463444
5.1448533769693165 -0.9079356555460629
5.241926082195152 -0.8630409885359225
5.338998787420988 -0.8100201754085395
5.436071492646825 -0.7493724449148669
5.5331441978726605 -0.6816688386696342
5.630216903098497 -0.607546834387481
5.727289608324333 -0.5277043435758578
5.824362313550169 -0.4428931402006802
5.921435018776005 -0.35391178219854663
6.018507724001841 -0.2615980924845239
6.115580429227678 -0.16682127025216265
6.212653134453514 -0.07047370684349642
6.309725839679349 0.02653741675158164
6.406798544905186 0.1232986716510111
6.503871250131022 0.21889898166461483
6.6009439553568585 0.3124382017258872
6.698016660582694 0.4030355933994479
6.79508936580853 0.4898381176612424
6.892162071034367 0.5720284668690315
6.9892347762602025 0.6488327602964501
7.086307481486039 0.7195278307717046
7.183380186711875 0.7834480338119918
7.280452891937711 0.8399915151408079
7.377525597163547 0.8886258775749847
7.474598302389383 0.9288931939236824
7.57167100761522 0.9604143186993231
7.668743712841056 0.9828924580426238
7.765816418066891 0.9961159642483497
7.862889123292727 0.999960328579329
7.959961828518565 0.9943893536049687
8.057034533744401 0.9794554940258664
8.154107238970237 0.9552993627754127
8.251179944196073 0.9221484070487883
8.348252649421909 0.8803147667254879
8.445325354647746 0.8301923353498487
8.542398059873582 0.7722530513425502
8.639470765099418 0.7070424543639621
8.736543470325254 0.6351745486693627
8.83361617555109 0.5573260218211877
8.930688880776927 0.4742298731932585
9.027761586002763 0.3866685122591723
9.124834291228598 0.29546639164936656
9.221906996454434 0.2014822443419062
9.318979701680272 0.10560099807935305
9.416052406906108 0.008725443143264351
9.513125112131943 -0.08823226805986346
9.61019781735778 -0.18435920956371377
9.707270522583615 -0.27875027769089455
9.804343227809452 -0.3705167132492569
9.901415933035288 -0.45879446983322536
9.998488638261124 -0.5427523494366437
10.09556134348696 -0.6215998287745073
10.192634048712796 -0.6945945026232092
10.289706753938633 -0.7610490740949386
10.386779459164469 -0.820337826027807
10.483852164390305 -0.8719025125589712
10.58092486961614 -0.9152576154073668
10.677997574841976 -0.9499949153744229
10.775070280067814 -0.9757873360188114
10.87214298529365 -0.9923920233142942
10.969215690519485 -0.9996526322934989
11.066288395745321 -0.9975007991472333
11.163361100971157 -0.9859567849184826
11.260433806196994 -0.9651292847302455
11.35750651142283 -0.9352144043434711
11.454579216648666 -0.8964938136815254
11.551651921874502 -0.849332094707078
11.648724627100338 -0.7941733086230354
11.745797332326175 -0.731536814719769
11.84287003755201 -0.6620123802371815
11.939942742777847 -0.5862546272857263
12.037015448003682 -0.5049768691126015
12.134088153229518 -0.4189443937490477
12.231160858455356 -0.3289672582780046
12.328233563681191 -0.2358926615692407
12.425306268907027 -0.14059696729806706
12.522378974132863 -0.04397745235663366
12.619451679358699 0.05305614164762652
12.716524384584536 0.1495901742577337
12.813597089810372 0.24471570874333606
12.910669795036208 0.3375370703879632
13.007742500262044 0.4271802799049474
13.10481520548788 0.5128012825754168
13.201887910713717 0.593593895625151
13.298960615939553 0.6687973990100738
13.396033321165389 0.7377036981377493
13.493106026391224 0.7996639910827207
13.59017873161706 0.8540948775191334
13.687251436842898 0.9004838518506737
13.784324142068733 0.93839412881609
13.88139684729457 0.9674687561337902
13.978469552520405 0.9874339754620197
14.07554225774624 0.9981018000287953
14.172614962972078 0.9993717846613682
14.269687668197914 0.9912319715491267
14.36676037342375 0.9737590028349075
14.463833078649586 0.9471173989745868
14.560905783875421 0.9115580096597115
14.657978489101259 0.867415651888837
14.755051194327095 0.8151059574268178
14.85212389955293 0.7551214593354584
14.949196604778766 0.6880269544236407
15.046269310004602 0.6144541852827599
15.14334201523044 0.5350958919798915
15.240414720456275 0.45069928941625437
15.337487425682111 0.36205903176626175
15.434560130907947 0.2700097302420134
15.531632836133783 0.17541809463378844
15.62870554135962 0.07917477261954219
15.725778246585454 -0.01781403631786197
15.822850951811292 -0.11463511340477855
15.91992365703713 -0.21037681918248977
16.016996362262965 -0.30413767724257496
16.114069067488803 -0.3950348622699075
16.211141772714637 -0.48221251247229685
16.308214477940474 -0.5648497881293738
16.405287183166312 -0.6421686003836644
16.502359888392146 -0.7134409375018463
16.599432593617983 -0.7779957196241813
16.696505298843817 -0.835225117459749
16.793578004069655 -0.8845902754325252
16.890650709295493 -0.9256263853907326
16.987723414521327 -0.9579470631069312
17.084796119747164 -0.981247986360952
17.181868824972998 -0.9953097603505254
17.278941530198836 -0.9999999834497452
17.376014235424673 -0.9952744938647525
17.473086940650507 -0.9811777854485091
17.570159645876345 -0.957842588759451
17.66723235110218 -0.9254886213086702
17.764305056328016 -0.8844205187629168
17.861377761553854 -0.8350249665826485
17.958450466779688 -0.777767059102772
18.055523172005525 -0.7131859203379358
18.15259587723136 -0.6418896277456371
18.249668582457197 -0.5645494867434798
18.346741287683034 -0.4818937098901512
18.44381399290887 -0.39470056024507627
18.540886698134706 -0.3037910234669258
18.637959403360544 -0.21002107764842748
18.735032108586378 -0.1142736336724383
18.832104813812215 -0.017450221976597485
18.92917751903805 0.07953749599836646
19.026250224263887 0.17577631175099712
19.123322929489724 0.2703600682280982
19.22039563471556 0.36239819193934525
19.317468339941396 0.45102407834154346
19.41454104516723 0.5354032515381287
19.511613750393067 0.6147412214646079
19.608686455618905 0.6882909645788379
19.70575916084474 0.7553599576201938
19.802831866070576 0.8153166982097321
19.89990457129641 0.8675966508952322
19.996977276522248 0.9117075626549204
20.094049981748086 0.9472340978105526
20.19112268697392 0.9738417487089008
20.288195392199757 0.9912799853497601
20.38526809742559 0.9993846143044821
20.48234080265143 0.9980793247141546
20.579413507877266 0.9873764068107328
20.6764862131031 0.9673766361957467
20.773558918328938 0.9382683249661723
20.87063162355477 0.9003255486218082
20.96770432878061 0.8539055654490642
21.064777034006447 0.7994454526795355
21.16184973923228 0.7374579910962991
21.25892244445812 0.6685268368373015
21.355995149683952 0.5933010258567832
21.45306785490979 0.5124888627890909
21.550140560135628 0.42685125175565525
21.64721326536146 0.33719453191027804
21.7442859705873 0.2443628851811971
21.841358675813133 0.1492303876964887
21.93843138103897 0.052692779734218126
22.035504086264808 -0.04434096831077356
22.132576791490642 -0.14095721453109797
22.22964949671648 -0.2362462480966685
22.326722201942314 -0.32931085483061945
22.42379490716815 -0.4192747651203791
22.52086761239399 -0.5052909046206879
22.617940317619823 -0.586549370062399
22.71501302284566 -0.6622850550690965
22.812085728071494 -0.7317848541790076
22.909158433297332 -0.7943943772412778
23.00623113852317 -0.8495241109656979
23.103303843749003 -0.896654969610569
23.20037654897484 -0.9353431825449897
23.297449254200675 -0.9652244726656722
23.394521959426513 -0.9860174863255524
23.49159466465235 -0.9975264424789283
23.588667369878184 -0.9996429760995712
23.68574007510402 -0.9923471585146929
23.782812780329856 -0.9757076850476067
23.879885485555693 -0.9498812282022868
23.97695819078153 -0.9151109624800652
24.074030896007365 -0.8717242747183559
24.171103601233202 -0.8201296815102008
24.268176306459036 -0.7608129827293506
24.365249011684874 -0.6943326873781407
24.46232171691071 -0.6213147548271217
24.559394422136545 -0.5424467009613706
24.656467127362383 -0.4584711247283348
24.753539832588217 -0.3701787160394079
24.850612537814055 -0.2784008108607543
24.947685243039892 -0.18400156359260017
25.044757948265726 -0.08786981043954244
25.141830653491564 0.009089299615926699
25.238903358717398 0.10596282743629161
25.335976063943235 0.20183863970180072
25.433048769169073 0.2958139972958524
25.530121474394907 0.3870040552372973
25.627194179620744 0.4745501941266983
25.72426688484658 0.5576281046600119
25.821339590072416 0.6354555490883114
25.918412295298253 0.7072997265437824
26.015485000524087 0.7724841728822727
26.112557705749925 0.8303951300754263
26.20963041097576 0.8804873251800165
26.306703116201597 0.9222891044714144
26.403775821427434 0.9554068743996074
26.500848526653268 0.9795288075530482
26.597921231879106 0.994427778736019
26.69499393710494 0.9999635035142477
26.792066642330777 0.9960838590928616
26.889139347556615 0.9828253750896533
26.98621205278245 0.9603128895826926
27.083284758008286 0.9287583736708268
27.18035746323412 0.8884589356146911
27.277430168459958 0.8397940233506342
27.374502873685795 0.783221851717922
27.47157557891163 0.719275088039388
27.568648284137467 0.6485558366788751
27.6657209893633 0.5717299697994617
27.76279369458914 0.4895208577023663
27.859866399814976 0.4027025577799331
27.95693910504081 0.31209252621349576
28.054011810266648 0.2185439210407048
28.15108451549248 0.12293756906446063
28.24815722071832 0.02617367224064885
28.345229925944157 -0.07083666836495033
28.44230263116999 -0.16718003124267614
28.53937533639583 -0.26194927495363474
28.636448041621662 -0.35425207951296867
28.7335207468475 -0.44321934821862313
28.830593452073337 -0.5280133908162992
28.92766615729917 -0.6078358109503479
29.02473886252501 -0.6819350236345952
29.121811567750843 -0.7496133319607278
29.21888427297668 -0.8102334964120514
29.315956978202518 -0.8632247349277739
29.413029683428352 -0.9080880972229909
29.51010238865419 -0.9444011627612954
29.607175093880024 -0.9718220181452343
29.70424779910586 -0.9900924764746859
29.8013205043317 -0.9990405083605631
29.898393209557533 -0.998581861704145
29.99546591478337 -0.9887208549906434
30.092538620009204 -0.9695503366275873
30.18961132523504 -0.9412508107108765
30.28668403046088 -0.9040887374500526
30.383756735686713 -0.8584140242554821
30.48082944091255 -0.8046567311106533
30.577902146138385 -0.7433230212508797
30.674974851364222 -0.6749903952756112
30.77204755659006 -0.6003022535686392
30.869120261815894 -0.5199618382248362
30.96619296704173 -0.4347256115245234
31.063265672267566 -0.3453961333018861
31.160338377493403 -0.2528145042720133
31.25741108271924 -0.15785244646811686
31.354483787945078 -0.061404095357178085
31.45155649317091 0.035622419082839495
31.548629198396746 0.13231352305411243
31.645701903622584 0.22775880088745318
31.74277460884842 0.3210595672548447
31.83984731407426 0.4113373289324156
31.93692001930009 0.49774205644036157
32.03399272452593 0.5794601876764611
32.131065429751764 0.6557222881831549
32.228138134977605 0.7258102959215043
32.32521084020344 0.7890642823371039
32.42228354542927 0.8448886660578819
32.51935625065511 0.892757820717251
32.61642895588095 0.9322210241010452
32.71350166110678 0.9629067020184491
32.810574366332624 0.9845259269378944
32.90764707155845 0.9968751384457119
33.00471977678429 0.9998380599125464
33.101792482010126 0.9933867933206968
33.19886518723597 0.9775820819438459
33.2959378924618 0.95257273840584
33.393010597687635 0.9185942435037503
33.49008330291347 0.8759665289883116
33.58715600813931 0.8250909651784247
33.684228713365144 0.7664465817735064
33.781301418590985 0.7005855574473703
33.87837412381681 0.6281280206924376
33.97544682904265 0.5497562108678686
34.07251953426849 0.4662080544297425
34.16959223949433 0.3782702168273837
34.26666494472016 0.2867706954874433
34.363737649945996 0.1925710236278534
34.46081035517183 0.09655815830847027
34.55788306039767 -0.0003638709019160507
34.654955765623505 -0.097282474008372
34.752028470849346 -0.19328509327520305
34.84910117607517 -0.28746779560747976
34.946173881301014 -0.37894378372556947
35.04324658652685 -0.4668517459935726
35.14031929175269 -0.550363966282433
35.23739199697852 -0.628694117507264
35.33446470220436 -0.7011046654574216
35.43153740743019 -0.7669138132068168
35.52861011265603 -0.8255019207179976
35.62568281788187 -0.876317339194788
35.72275552310771 -0.9188816052489718
35.819828228333535 -0.9527939459741267
35.916900933559376 -0.9777350525082611
36.01397363878521 -0.99347008655433
36.11104634401105 -0.9998508915502297
36.208119049236885 -0.9968173876684295
36.30519175446272 -0.9843981375103804
36.40226445968855 -0.9627100771692593
36.499337164914394 -0.9319574151932931
36.59640987014023 -0.892429709816719
36.69348257536607 -0.844499142562583
36.790555280591896 -0.7886170138884216
36.88762798581774 -0.7253094938707052
36.98470069104357 -0.6551726679385488
37.08177339626941 -0.5788669243044317
37.178846101495246 -0.49711073593846977
37.27591880672109 -0.4106738956332017
37.372991511946914 -0.3203702678557621
37.470064217172755 -0.22705012563369126
37.56713692239859 -0.13159214462836433
37.66420962762443 -0.03489512977720404
37.761282332850264 0.06213044759544741
37.8583550380761 0.15857102251491673
37.95542774330193 0.2535185382216334
38.05250044852777 0.3460789961728341
38.14957315375361 0.4353808736760938
38.24664585897945 0.5205833298967779
38.343718564205275 0.6008841229738279
38.44079126943112 0.6755271636988258
38.53786397465695 0.7438096346347806
38.63493667988279 0.8050886076433601
38.732009385108626 0.8587870975115742
38.82908209033446 0.9043994946788843
38.926154795560294 0.9414963259116169
39.023227500786135 0.9697282980996109
39.12030020601197 0.9888295870998318
39.21737291123781 0.9986203406601817
39.31444561646364 0.9990083718566475
39.41151832168948 0.9899900270989105
39.50859102691531 0.9716502205315029
39.60566373214115 0.9441616345066027
39.70273643736699 0.9077830936566034
39.79980914259282 0.8628571278756866
39.896881847818655 0.809806747156707
39.993954553044496 0.749131458650565
40.09102725827033 0.68140256345033
40.18809996349617 0.6072577773841711
40.285172668722 0.5273952264662907
40.38224537394784 0.4425668735427815
40.47931807917367 0.35357143802548346
40.576390784399514 0.26124687537928915
40.67346348962535 0.16646248717417128
40.77053619485118 0.07011073599118191
40.867608900077016 -0.026901157748904603
40.96468160530286 -0.12365975791256975
41.06175431052869 -0.21925401330585365
41.15882701575453 -0.3127838358708292
41.25589972098036 -0.403368575656224
41.3529724262062 -0.4901553127645552
41.450045131432034 -0.5723268882008667
41.547117836657876 -0.6491095980072484
41.64419054188371 -0.7197804782370715
41.74126324710954 -0.7836741121759445
41.83833595233538 -0.8401888957143924
41.93540865756122 -0.8887927018794031
42.03248136278705 -0.9290278911891864
42.129554068012894 -0.9605156206551425
42.22662677323872 -0.9829594108586291
42.32369947846456 -0.9961479375160546
42.420772183690396 -0.9999570212476253
42.51784488891624 -0.9943507968147417
42.61491759414207 -0.9793820508167814
42.711990299367905 -0.9551917246676369
42.80906300459374 -0.9220075875318353
42.90613570981958 -0.8801420917154889
43.003208415045414 -0.8299894307051161
43.100281120271255 -0.772021827554948
43.19735382549708 -0.7067850885702852
43.29442653072292 -0.6348934641520095
43.39149923594876 -0.5570238651912627
43.4885719411746 -0.4739094894708171
43.58564464640043 -0.3863329180853484
43.682717351626266 -0.29511874688253176
43.7797900568521 -0.20112582230535547
43.87686276207794 -0.10523915474062717
43.973935467303775 -0.008361585515339104
44.071008172529616 0.08859471399805594
44.16808087775544 0.18471683112528536
44.265153582981284 0.27909970761393005
44.36222628820712 0.37085466140193474
44.45929899343296 0.4591177541927933
44.55637169865879 0.5430579260503999
44.65344440388463 0.6218848204208062
44.75051710911046 0.6948562259025476
44.8475898143363 0.7612850646960784
44.94466251956214 0.8205458619310113
45.04173522478798 0.8720806349579189
45.138807930013805 0.9154041471526925
45.235880635239646 0.9501084767652964
45.33295334046548 0.9758668577937837
45.43002604569132 0.9924367567191694
45.527098750917155 0.9996621561313811
45.62417145614299 0.9974750237444003
45.72124416136882 0.9858959529687261
45.818316866594664 0.9650339690097348
45.9153895718205 0.935085502317661
46.01246227704634 0.8963325390548724
46.109534982272166 0.849139965995162
46.20660768749801 0.7939521348546286
46.30368039272384 0.7312886784035678
46.40075309794968 0.6617396177534783
46.497825803175516 0.5859598068877464
46.59489850840135 0.5046627667445517
46.691971213627184 0.4186139669086281
46.789043918853025 0.3286236181694544
46.88611662407886 0.2355390438091473
46.9831893293047 0.14023670144970765
47.08026203453053 0.04361393057979655
47.17733473975637 -0.053419496536293666
47.2744074449822 -0.1499499410129313
47.37148015020804 -0.24506849990461652
47.46855285543388 -0.33787956417505244
47.56562556065971 -0.4275092514946968
47.662698265885545 -0.5131136344658049
47.75977097111139 -0.5938866868004773
47.85684367633722 -0.6690678726327052
47.95391638156306 -0.737949307505729
48.05098908678889 -0.7998824236087598
48.14806179201473 -0.8542840765053006
48.245134497240564 -0.9006420358536408
48.342207202466405 -0.9385198084207129
48.43927990769224 -0.9675607479769992
