0.0 0.0
0.05579172468279031 0.055762785216444115
0.11158344936558062 0.11135204170800753
0.16737517404837096 0.16659478075544668
0.22316689873116125 0.22131909197034366
0.27895862341395156 0.2753546782646274
0.3347503480967419 0.32853338579965036
0.39054207277953223 0.3806897272656674
0.4463337974623225 0.4316613968633195
0.5021255221451129 0.4812897753845456
0.5579172468279031 0.5294204238211565
0.6137089715106935 0.5759035639650074
0.6695006961934838 0.6205945445041829
0.7252924208762741 0.663354291164747
0.7810841455590645 0.7040497394972567
0.8368758702418546 0.7425542489612478
0.892667594924645 0.7787479970190998
0.9484593196074353 0.8125183520128931
1.0042510442902257 0.8437602236639034
1.060042768973016 0.8723763901040075
1.1158344936558062 0.8982778004213106
1.1716262183385966 0.9213838517784987
1.227417943021387 0.9416226402415506
1.2832096677041773 0.9589311845382525
1.3390013923869677 0.9732556220501988
1.3947931170697578 0.9845513764283702
1.4505848417525482 0.9927832963106856
1.5063765664353386 0.9979257647098485
1.562168291118129 0.9999627787310863
1.6179600158009193 0.9988879993717058
1.6737517404837092 0.9947047712474941
1.7295434651664996 0.9874261121845775
1.78533518984929 0.9770746727091294
1.8411269145320803 0.9636826655609881
1.8969186392148707 0.9472917654505362
1.9527103638976608 0.9279529793707847
2.0085020885804514 0.905726487868242
2.064293813263242 0.8806814577665171
2.120085537946032 0.8528958269254441
2.1758772626288225 0.8224560617055379
2.2316689873116125 0.7894568878925319
2.2874607119944033 0.7540009959193305
2.343252436677193 0.716198721302709
2.399044161359983 0.6761677012891987
2.454835886042774 0.6340325087786578
2.510627610725564 0.5899242646647189
2.5664193354083547 0.5439802297984684
2.6222110600911446 0.49634337784514443
2.6780027847739354 0.4471619503630664
2.7337945094567253 0.39658899548936966
2.7895862341395157 0.34478189166809287
2.845377958822306 0.29190185790275225
2.9011696835050964 0.23811345205743817
2.9569614081878868 0.1835840587676827
3.012753132870677 0.12848336855467046
3.068544857553467 0.0729828497637437
3.124336582236258 0.017255214970476773
3.180128306919048 -0.03852611648517345
3.2359200316018386 -0.09418755816411545
3.2917117562846285 -0.14955589671335445
3.3475034809674185 -0.20445883089022712
3.4032952056502093 -0.2587255077482227
3.459086930332999 -0.3121870543158384
3.51487865501579 -0.3646771031139404
3.57067037969858 -0.416032309876248
3.6264621043813703 -0.4660928618618662
3.6822538290641607 -0.5147029751780214
3.738045553746951 -0.5617113795653943
3.7938372784297414 -0.6069717891374327
3.8496290031125318 -0.6503433576087485
3.9054207277953217 -0.6916911165959709
3.9612124524781125 -0.730886395627103
4.017004177160903 -0.7678072225523449
4.072795901843693 -0.8023387031103537
4.128587626526484 -0.8343733784687521
4.184379351209273 -0.8638115596262581
4.240171075892064 -0.8905616376358082
4.295962800574854 -0.9145403686832793
4.351754525257645 -0.9356731331346863
4.4075462499404345 -0.9538941677457022
4.463337974623225 -0.9691467703109097
4.519129699306015 -0.9813834761159117
4.5749214239888065 -0.9905662056432158
4.630713148671596 -0.9966663830722344
4.686504873354386 -0.9996650252046448
4.742296598037177 -0.9995528005383781
4.798088322719966 -0.996330058306407
4.8538800474027575 -0.9900068273899636
4.909671772085548 -0.980602785109573
4.965463496768338 -0.9681471959910172
5.021255221451128 -0.9526788206967881
5.077046946133918 -0.9342457954064246
5.132838670816709 -0.9129054820210926
5.1886303954995 -0.8887242896585571
5.244422120182289 -0.8617774679940359
5.3002138448650795 -0.8321488730900415
5.356005569547871 -0.7999307064439297
5.411797294230661 -0.7652232280652116
5.467589018913451 -0.7281344444755038
5.523380743596241 -0.6887797726020392
5.579172468279031 -0.6472816806106712
5.634964192961823 -0.6037693067960572
5.690755917644612 -0.5583780577150147
5.7465476423274024 -0.5112491868136023
5.802339367010193 -0.46252935485922775
5.858131091692982 -0.41237017354565175
5.9139228163757736 -0.36092773369115916
5.969714541058564 -0.3083621194981116
6.025506265741354 -0.2548369103854358
6.081297990424144 -0.20051867194432837
6.137089715106934 -0.14557643760125408
6.192881439789725 -0.09018118260127363
6.248673164472516 -0.03450529194860399
6.304464889155305 0.021277976039867422
6.360256613838096 0.07699502889873476
6.416048338520886 0.13247248021806116
6.471840063203677 0.18753768920614913
6.527631787886467 0.24201929793200488
6.583423512569257 0.29574776457567087
6.639215237252047 0.3485558910269678
6.695006961934837 0.40027934319083736
6.750798686617628 0.45075716238012914
6.8065904113004185 0.4998322662044135
6.862382135983209 0.5473519373961273
6.918173860665998 0.5931682990528402
6.973965585348789 0.6371387748167534
7.02975731003158 0.6791265325593766
7.08554903471437 0.7190009101906891
7.14134075939716 0.756637822267704
7.19713248407995 0.7919201461371007
7.252924208762741 0.824738086410285
7.308715933445532 0.8549895166366739
7.364507658128321 0.882580297111934
7.420299382811112 0.9074245678321993
7.476091107493902 0.9294450156826034
7.531882832176692 0.9485731150286764
7.587674556859483 0.9647493409618966
7.643466281542273 0.977923354535802
7.6992580062250635 0.9880541594162218
7.755049730907854 0.9951102294581455
7.810841455590643 0.9990696068122245
7.866633180273435 0.9999199702556055
7.922424904956225 0.9976586735344574
7.978216629639015 0.9922927535988726
8.034008354321806 0.9838389087045182
8.089800079004595 0.9723234464491793
8.145591803687386 0.9577822019059034
8.201383528370176 0.9402604261075077
8.257175253052967 0.9198126452294709
8.312966977735757 0.8965024909094291
8.368758702418546 0.8704025022312927
8.424550427101337 0.8415938999902047
8.480342151784129 0.8101663339408022
8.536133876466918 0.7762176038153178
8.591925601149708 0.7398533549796902
8.647717325832499 0.701186749674778
8.70350905051529 0.6603381148657436
8.75930077519808 0.6174345677954595
8.815092499880869 0.5726096204071865
8.87088422456366 0.5260027638675311
8.92667594924645 0.47775903448260293
8.982467673929241 0.4280285623581883
9.03825939861203 0.37696610420850346
9.094051123294822 0.3247305617673376
9.149842847977613 0.2714844873002954
9.2056345726604 0.2173935777569014
9.261426297343192 0.16262615913672487
9.317218022025981 0.1073526626741736
9.373009746708773 0.05174509447194525
9.428801471391564 -0.004023499766333756
9.484593196074353 -0.059779573238632394
9.540384920757145 -0.11534961810641194
9.596176645439932 -0.17056070543525248
9.651968370122724 -0.22524102333401785
9.707760094805515 -0.279220411617839
9.763551819488304 -0.33233089133117305
9.819343544171096 -0.3844071874830649
9.875135268853885 -0.43528724336790264
9.930926993536676 -0.48481272487118476
9.986718718219468 -0.5328295131908984
10.042510442902255 -0.5791881844412424
10.098302167585047 -0.6237444746462032
10.154093892267836 -0.6663597286759317
10.209885616950627 -0.7069013317289367
10.265677341633419 -0.7452431220172946
10.321469066316208 -0.781265783370685
10.377260790999 -0.8148572165374818
10.433052515681787 -0.845912888027439
10.488844240364578 -0.8743361554104335
10.54463596504737 -0.9000385680589208
10.600427689730159 -0.9229401423982645
10.65621941441295 -0.9429696108083598
10.712011139095742 -0.9600646434019928
10.767802863778531 -0.9741720419897926
10.823594588461322 -0.9852479056281679
10.87938631314411 -0.9932577672350548
10.935178037826901 -0.9981767008483504
10.990969762509692 -0.9999893991932405
11.046761487192482 -0.9986902213170508
11.102553211875273 -0.9942832101433795
11.158344936558063 -0.986782079890886
11.214136661240854 -0.9762101733958867
11.269928385923645 -0.962600389471569
11.325720110606433 -0.945995080529872
11.381511835289224 -0.9264459207846212
11.437303559972014 -0.9040137454460738
11.493095284654805 -0.8787683614072612
11.548887009337596 -0.85078833001128
11.604678734020386 -0.8201607225755235
11.660470458703177 -0.7869808494336441
11.716262183385965 -0.7513519633384564
11.772053908068756 -0.7133849381487312
11.827845632751547 -0.6731979237998285
11.883637357434337 -0.6309159786318173
11.939429082117128 -0.5866706802192729
11.995220806799917 -0.5405997159138196
12.051012531482709 -0.4928464543735823
12.1068042561655 -0.44355949941294887
12.162595980848288 -0.3928922275609888
12.218387705531079 -0.34100231076760873
12.274179430213868 -0.28805122574278
12.32997115489666 -0.23420375145565847
12.38576287957945 -0.1796274563574058
12.44155460426224 -0.12449217692337829
12.497346328945032 -0.06896948913742966
12.55313805362782 -0.013232174563040685
12.60892977831061 0.04254631733724061
12.664721502993402 0.09819240896075589
12.720513227676191 0.15353293472248924
12.776304952358982 0.20839567993064953
12.832096677041772 0.26260991670314354
12.887888401724563 0.3160069352572587
12.943680126407354 0.36842056891917724
12.999471851090142 0.4196877112195829
13.055263575772933 0.4696488234661961
13.111055300455723 0.5181484312136784
13.166847025138514 0.5650356080860106
13.222638749821305 0.6101644454456592
13.278430474504095 0.6533945064480144
13.334222199186886 0.6945912630681047
13.390013923869674 0.7336265147395847
13.445805648552465 0.7703787873032754
13.501597373235256 0.8047337110237008
13.557389097918046 0.8365843764973316
13.613180822600837 0.8658316673449433
13.668972547283627 0.8923845686527827
13.724764271966418 0.9161604502027242
13.780555996649209 0.9370853236099996
13.836347721331997 0.9550940725683374
13.892139446014788 0.970130655485999
13.947931170697577 0.982148279882117
14.003722895380369 0.9911095480006535
14.05951462006316 0.9969865731888186
14.11530634474595 0.9997610666778023
14.17109806942874 0.9994243944957643
14.22688979411153 0.9959776043359683
14.28268151879432 0.989431422296457
14.338473243477111 0.979806219501408
14.3942649681599 0.9671319487080464
14.450056692842692 0.9514480510963811
14.505848417525481 0.9328033335318366
14.561640142208272 0.9112558166827158
14.617431866891064 0.8868725544651507
14.673223591573853 0.8597294253774028
14.729015316256643 0.829910896372863
14.784807040939432 0.7975097600065642
14.840598765622223 0.7626268456731722
14.896390490305015 0.7253707058350679
14.952182214987804 0.6858572782169373
15.007973939670595 0.6442095250180947
15.063765664353385 0.6005570502652908
15.119557389036174 0.5550356964967395
15.175349113718966 0.5077871220324751
15.231140838401755 0.4589583601465275
15.286932563084546 0.4087013615127109
15.342724287767336 0.3571725213479353
15.398516012450127 0.30453219272447796
15.454307737132918 0.25094418756579223
15.510099461815708 0.1965752668786695
15.565891186498497 0.14159462180812266
15.621682911181287 0.08617334712990904
15.677474635864078 0.030483908819118413
15.73326636054687 -0.025300392648277988
15.789058085229659 -0.08100596159077818
15.84484980991245 -0.13645944733535484
15.90064153459524 -0.19148828366899884
15.95643325927803 -0.24592122584912088
16.01222498396082 -0.29958888350162916
16.06801670864361 -0.3523242477484084
16.123808433326403 -0.4039632109237737
16.17960015800919 -0.4543450772626304
16.23539188269198 -0.5033130629711169
16.291183607374773 -0.5507147841235167
16.34697533205756 -0.5964027308672114
16.402767056740352 -0.6402347264599568
16.458558781423143 -0.6820743697109799
16.514350506105934 -0.7217914594491117
16.570142230788726 -0.7592623996970087
16.625933955471513 -0.7943705842906104
16.681725680154305 -0.8270067597469439
16.737517404837092 -0.8570693652510293
16.793309129519884 -0.8844648487039306
16.849100854202675 -0.9091079578483809
16.904892578885466 -0.9309220055660752
16.960684303568257 -0.9498391085210167
17.016476028251045 -0.9658003984062962
17.072267752933836 -0.9787562051369206
17.128059477616628 -0.9886662114186032
17.183851202299415 -0.9954995782115262
17.239642926982206 -0.9992350406986336
17.295434651664998 -0.999860974459808
17.35122637634779 -0.9973754316460135
17.40701810103058 -0.9917861470408236
17.462809825713368 -0.9831105139904781
17.51860155039616 -0.9713755302773667
17.574393275078947 -0.9566177141053847
17.630184999761738 -0.9388829904585926
17.68597672444453 -0.9182265481868417
17.74176844912732 -0.8947126682630797
17.797560173810112 -0.8684145237468001
17.8533518984929 -0.8394139520761263
17.90914362317569 -0.8078012003971271
17.964935347858482 -0.7736746447229019
18.020727072541273 -0.7371404837963532
18.07651879722406 -0.6983124086093442
18.132310521906852 -0.6573112486066442
18.188102246589644 -0.6142645956756817
18.243893971272435 -0.5693064070921648
18.299685695955226 -0.5225765886572038
18.35547742063801 -0.4742205593231662
18.4112691453208 -0.424388798663075
18.467060870003593 -0.37323637859187636
18.522852594686384 -0.3209224807966949
18.578644319369175 -0.2676099013778813
18.634436044051963 -0.21346454424233224
18.690227768734754 -0.1586549048255803
18.746019493417545 -0.10335154574931726
18.801811218100337 -0.04772656604598698
18.857602942783128 0.008046934397775271
18.913394667465916 0.06379539351227066
18.969186392148707 0.11934532715415418
19.024978116831498 0.17452386897331673
19.08076984151429 0.22915930835728643
19.13656156619708 0.2830816247790613
19.192353290879865 0.33612301688554647
19.248145015562656 0.3881184246801571
19.303936740245447 0.4389060431745017
19.35972846492824 0.48832782591084245
19.41552018961103 0.536229976788316
19.471311914293818 0.5824634286624333
19.52710363897661 0.6268843072285109
19.5828953636594 0.6693543787454276
19.63868708834219 0.7097414802064876
19.694478813024983 0.7479199306186963
19.75027053770777 0.7837709221105965
19.80606226239056 0.8171828896515878
19.861853987073353 0.8480518582321585
19.917645711756144 0.8762817664246848
19.973437436438935 0.9017847653178699
20.02922916112172 0.9244814918945771
20.08502088580451 0.9443013160023451
20.140812610487302 0.9611825601479929
20.196604335170093 0.9750726914323901
20.252396059852884 0.985928485028067
20.308187784535672 0.9937161586909531
20.363979509218463 0.9984114778876545
20.419771233901255 0.9999998312111195
20.475562958584046 0.9984762758500121
20.531354683266837 0.9938455529702924
20.587146407949625 0.9861220729611385
20.642938132632416 0.9753298705911219
20.698729857315207 0.9615025302141923
20.754521581998 0.9446830812582164
20.81031330668079 0.9249238643213045
20.866105031363574 0.9022863682926245
20.921896756046365 0.8768410390045498
20.977688480729157 0.8486670600116417
21.033480205411948 0.8178521061786058
21.08927193009474 0.7844920708440755
21.145063654777527 0.7486907674092509
21.200855379460318 0.7105596062800101
21.25664710414311 0.6702172481678548
21.3124388288259 0.6277892348285404
21.368230553508692 0.5834075983875323
21.424022278191483 0.5372104504680184
21.47981400287427 0.4893415524000804
21.535605727557062 0.4399498678484741
21.591397452239853 0.3891890992512475
21.647189176922645 0.3372172095116963
21.702980901605436 0.28419593043215324
21.75877262628822 0.2302902594193096
21.81456435097101 0.17566794602723856
21.870356075653802 0.12049896993605379
21.926147800336594 0.06495501199055023
21.981939525019385 0.009208919945008798
22.037731249702173 -0.04656582942331853
22.093522974384964 -0.1021956701582037
22.149314699067755 -0.15750748724591904
22.205106423750546 -0.21232915533345692
22.260898148433338 -0.2664900743669976
22.316689873116125 -0.3198217004837846
22.372481597798917 -0.37215807050533667
22.428273322481708 -0.42333631839977137
22.4840650471645 -0.4731971821061232
22.53985677184729 -0.5215854991434143
22.595648496530075 -0.5683506894622026
22.651440221212866 -0.6133472240360474
22.707231945895657 -0.656435077734592
22.76302367057845 -0.6974801650690802
22.81881539526124 -0.7363547574542176
22.874607119944027 -0.7729378806879303
22.93039884462682 -0.8071156914121079
22.98619056930961 -0.8387818313827835
23.0419822939924 -0.8678377584473426
23.097774018675192 -0.894193053198753
23.15356574335798 -0.9177657003525487
23.20935746804077 -0.9384823439709545
23.265149192723563 -0.9562785157398964
23.320940917406354 -0.9710988355885466
23.376732642089145 -0.9828971840270757
23.43252436677193 -0.991636845666316
23.48831609145472 -0.997290623472724
23.54410781613751 -0.9998409234030721
23.599899540820303 -0.9992798091555193
23.655691265503094 -0.9956090268666604
23.711482990185882 -0.9888399996777077
23.767274714868673 -0.9789937921867116
23.823066439551464 -0.9661010448974451
23.878858164234256 -0.9502018788689378
23.934649888917047 -0.9313457708623826
23.990441613599835 -0.9095913993739478
24.046233338282626 -0.8850064620326198
24.102025062965417 -0.8576674649313352
24.15781678764821 -0.8276594845469609
24.213608512331 -0.7950759029900235
24.269400237013784 -0.7600181174080638
24.325191961696575 -0.7225952244469016
24.380983686379366 -0.6829236807518053
24.436775411062158 -0.641126940564968
24.49256713574495 -0.5973350715471177
24.548358860427737 -0.5516843500187697
24.604150585110528 -0.5043168368806775
24.65994230979332 -0.455379935533225
24.71573403447611 -0.4050259331704158
24.7715257591589 -0.3534115268759544
24.82731748384169 -0.3006973359961518
24.88310920852448 -0.24704740230708871
24.93890093320727 -0.19262867953152213
24.994692657890063 -0.1376105137940444
25.050484382572854 -0.08216411663132184
25.10627610725564 -0.026462032197343992
25.16206783193843 0.029322399678346617
25.21785955662122 0.08501558290842393
25.273651281304012 0.14044420536306962
25.329443005986803 0.195435778201579
25.38523473066959 0.24981917264196957
25.441026455352382 0.3034251524982275
25.496818180035174 0.3560869008279327
25.552609904717965 0.4076405390514524
25.608401629400756 0.4579256369271987
25.664193354083544 0.5067857117959718
25.719985078766335 0.554068715540801
25.775776803449126 0.5996275077468612
25.831568528131918 0.6433203135890978
25.88736025281471 0.6850111650226072
25.943151977497493 0.7245703239028427
25.998943702180284 0.7618746857189622
26.054735426863076 0.7968081626838581
26.110527151545867 0.829262044988832
26.166318876228658 0.8591353390986445
26.222110600911446 0.8863350820342255
26.277902325594237 0.9107766306650324
26.33369405027703 0.9323839251107768
26.38948577495982 0.9510897254328735
26.44527749964261 0.9668358208790229
26.5010692243254 0.9795732110297866
26.55686094900819 0.9892622582834468
26.61265267369098 0.9958728112046197
26.668444398373772 0.9993842983527875
26.724236123056563 0.9997857922987541
26.780027847739348 0.9970760436298114
26.83581957242214 0.9912634848377982
26.89161129710493 0.9823662040779522
26.94740302178772 0.9704118888802122
27.003194746470513 0.9554377399881395
27.0589864711533 0.9374903555935816
27.11477819583609 0.9166255863273263
27.170569920518883 0.8929083614570149
27.226361645201674 0.8664124868331531
27.282153369884465 0.8372204152120052
27.337945094567253 0.8054229896701053
27.393736819250044 0.7711191609088418
27.449528543932836 0.7344156793288714
27.505320268615627 0.6954267628325554
27.561111993298418 0.6542737413882199
27.616903717981206 0.6110846794623127
27.672695442663994 0.5659939774944023
27.728487167346785 0.519141953655217
27.784278892029576 0.4706744071892439
27.840070616712367 0.42074216470070835
