0.0 0.0
0.059111280048678654 0.05907686218048378
0.11822256009735731 0.11794736143014665
0.17733384014603598 0.17640585566991315
0.23644512019471461 0.23424814200617247
0.29555640024339325 0.2912721700372418
0.35466768029207196 0.3472787476409033
0.41377896034075057 0.4020722367776104
0.47289024038942923 0.45546123687883594
0.5320015204381079 0.5072592534333984
0.5911128004867865 0.5572853494363116
0.6502240805354652 0.6053647774245647
0.7093353605841439 0.6513295898920506
0.7684466406328224 0.6950192259513873
0.8275579206815011 0.7362810721933498
0.8866692007301797 0.7749709957847558
0.9457804807788585 0.8109538479426325
1.0048917608275372 0.8441039360259605
1.0640030408762158 0.8743054625959227
1.1231143209248944 0.9014529299109635
1.182225600973573 0.9254515084437056
1.2413368810222516 0.9462173681324505
1.3004481610709304 0.9636779712101569
1.359559441119609 0.9777723255880097
1.4186707211682879 0.9884511979084797
1.4777820012169662 0.9956772855236506
1.5368932812656448 0.9994253467980734
1.5960045613143237 0.9996822892809825
1.6551158413630023 0.9964472154398772
1.714227121411681 0.9897314257957172
1.7733384014603595 0.9795583794487759
1.832449681509038 0.9659636121330453
1.891560961557717 0.948994612085435
1.9506722416063955 0.9287106541633713
2.0097835216550743 0.905182592790243
2.0688948017037525 0.8784926144519657
2.1280060817524316 0.8487339506092177
2.18711736180111 0.8160105520281923
2.2462286418497888 0.7804367256674571
2.3053399218984674 0.7421367353893328
2.364451201947146 0.7012443678905476
2.423562481995825 0.6579024653684317
2.482673762044503 0.6122624265551074
2.541785042093182 0.5644836778626183
2.600896322141861 0.5147331164863675
2.6600076021905394 0.4631845274121633
2.719118882239218 0.4100179763633428
2.7782301622878967 0.35541918080849044
2.8373414423365757 0.2995788612268954
2.896452722385254 0.24269207489786465
2.9555640024339325 0.18495753454103953
3.0146752824826115 0.12657691418780703
3.0737865625312897 0.0677541447084715
3.1328978425799687 0.008694701455998854
3.1920091226286473 -0.05039511348530123
3.2511204026773255 -0.10930889193898059
3.3102316827260045 -0.16784084064624674
3.369342962774683 -0.22578650012776805
3.428454242823362 -0.28294345888642786
3.4875655228720404 -0.33911206045620923
3.546676802920719 -0.3940961008274178
3.605788082969398 -0.4477035138120303
3.664899363018076 -0.49974704195511443
3.724010643066755 -0.5500448906487413
3.783121923115434 -0.5984213631634744
3.8422332031641124 -0.6447074743792106
3.901344483212791 -0.6887415410715159
3.9604557632614696 -0.7303697466915218
4.019567043310149 -0.7694466786665308
4.078678323358827 -0.8058358363444729
4.137789603407505 -0.8394101078079013
4.196900883456184 -0.8700522138919516
4.256012163504863 -0.8976551178552555
4.315123443553542 -0.9221223992727805
4.37423472360222 -0.9433685908445345
4.4333460036508985 -0.9613194769436262
4.4924572836995775 -0.9759123528608089
4.551568563748256 -0.9870962438399387
4.610679843796935 -0.9948320831392281
4.669791123845614 -0.9990928484963014
4.728902403894292 -0.9998636565203664
4.78801368394297 -0.9971418146817745
4.84712496399165 -0.9909368307173675
4.906236244040328 -0.9812703794187532
4.965347524089006 -0.9681762269195241
5.024458804137685 -0.9517001127458942
5.083570084186364 -0.9318995900427655
5.1426813642350435 -0.9088438245333321
5.201792644283722 -0.8826133529144891
5.2609039243324 -0.8532998015319873
5.320015204381079 -0.821005566318054
5.379126484429757 -0.7858434551094878
5.438237764478436 -0.747936293595653
5.497349044527115 -0.707416496272858
5.556460324575793 -0.664425603903818
5.6155716046244715 -0.6191137890979168
5.674682884673151 -0.5716393317393417
5.73379416472183 -0.5221680660954896
5.792905444770508 -0.47087280153694655
5.852016724819187 -0.41793271889256467
5.911128004867865 -0.36353274454822954
5.970239284916544 -0.3078629044756639
6.029350564965223 -0.25111766044774697
6.088461845013901 -0.1934952307590121
6.147573125062579 -0.13519689782414157
6.206684405111258 -0.07642630507310645
6.2657956851599375 -0.017388745598982402
6.3249069652086165 0.04170955495672013
6.384018245257295 0.10066215877623072
6.443129525305973 0.15926313697885666
6.502240805354651 0.2173077889565338
6.561352085403331 0.2745933574188716
6.620463365452009 0.33091973664993474
6.679574645500688 0.3860901715027592
6.738685925549366 0.43991194468988626
6.7977972055980445 0.4921970499691615
6.856908485646724 0.5427628488732498
6.9160197656954026 0.5914327086888317
6.975131045744081 0.638036619456959
7.03424232579276 0.6824117878392786
7.093353605841438 0.7244032057756951
7.152464885890117 0.7638641919470797
7.211576165938796 0.8006569041516147
7.270687445987474 0.8346528208049916
7.329798726036152 0.8657331898825165
7.388910006084831 0.8937894437349087
7.44802128613351 0.9187235783287925
7.5071325661821895 0.9404484955871483
7.566243846230868 0.9588883076338801
7.625355126279546 0.9739786018797394
7.684466406328225 0.9856666660236224
7.743577686376904 0.9939116721832865
7.802688966425582 0.9986848195122928
7.861800246474261 0.9999694348049957
7.920911526522939 0.9977610307381519
7.9800228065716174 0.9920673215457081
8.039134086620297 0.982908196072007
8.098245366668976 0.9703156482975474
8.157356646717654 0.954333665579974
8.216467926766333 0.935018075000688
8.27557920681501 0.9124363483538135
8.33469048686369 0.8866673664587056
8.393801766912368 0.8578011436193075
8.452913046961047 0.825938513192823
8.512024327009726 0.7911907753660905
8.571135607058403 0.7536793083699899
8.630246887107084 0.7135351444899672
8.689358167155762 0.6708985123537484
8.74846944720444 0.6259183470950389
8.80758072725312 0.5787517701043301
8.866692007301797 0.5295635401840606
8.925803287350476 0.4785254780253335
8.984914567399155 0.42581586601658067
9.044025847447834 0.37161882548068675
9.103137127496511 0.31612367351598963
9.16224840754519 0.2595242616877705
9.22135968759387 0.20201829888029643
9.280470967642549 0.1438066606747447
9.339582247691228 0.08509268766546314
9.398693527739905 0.02608147516562905
9.457804807788584 -0.033020843216554956
9.516916087837263 -0.0920078156285429
9.57602736788594 -0.15067339313581107
9.635138647934621 -0.20881264947678171
9.6942499279833 -0.26622249689608407
9.753361208031977 -0.3227023955557147
9.812472488080656 -0.37805505404598333
9.871583768129334 -0.4320871185492806
9.930695048178013 -0.4846098482493636
9.989806328226694 -0.5354397746268225
10.04891760827537 -0.5843993423377583
10.10802888832405 -0.631317529437007
10.167140168372727 -0.6760304447793487
10.226251448421406 -0.7183819005119612
10.285362728470087 -0.7582239576582814
10.344474008518764 -0.7954174428875099
10.403585288567443 -0.8298324346646184
10.46269656861612 -0.8613487170826459
10.5218078486648 -0.8898561997920343
10.580919128713479 -0.9152553025600977
10.640030408762158 -0.9374573031173384
10.699141688810837 -0.9563846470755246
10.758252968859514 -0.9719712188349486
10.817364248908193 -0.9841625725345586
10.876475528956872 -0.9929161222382148
10.93558680900555 -0.9982012906927376
10.99469808905423 -0.9999996161381101
11.053809369102908 -0.9983048167967327
11.112920649151587 -0.993122812816466
11.172031929200266 -0.9844717055908069
11.231143209248943 -0.9723817145284387
11.290254489297622 -0.9568950714930233
11.349365769346303 -0.9380658732819768
11.40847704939498 -0.9159598926595341
11.46758832944366 -0.8906543486041828
11.526699609492336 -0.8622376365730378
11.585810889541015 -0.8308090197253546
11.644922169589696 -0.7964782821837989
11.704033449638374 -0.759365345544661
11.763144729687053 -0.7195998499765848
11.82225600973573 -0.6773207013711197
11.881367289784409 -0.6326755861269107
11.940478569833088 -0.5858204552624895
11.999589849881767 -0.5369189796596922
12.058701129930446 -0.48614197834062634
12.117812409979123 -0.4336668217752837
12.176923690027802 -0.37967681230411104
12.236034970076481 -0.32436054383982443
12.295146250125159 -0.2679112430850811
12.35425753017384 -0.21052609456722854
12.413368810222517 -0.15240555184789925
12.472480090271196 -0.09375263731341281
12.531591370319875 -0.03477223299199287
12.590702650368552 0.024329635125005585
12.649813930417233 0.08334651675787677
12.70892521046591 0.14207225849541072
12.76803649051459 0.20030172391478504
12.827147770563268 0.25783151014894373
12.886259050611946 0.3144606583984737
12.945370330660625 0.36999135590604265
13.004481610709302 0.4242296269412982
13.063592890757983 0.4769860103825745
13.122704170806662 0.5280762215284688
13.18181545085534 0.5773217958275617
13.240926730904018 0.6245507122776017
13.300038010952695 0.6695979943165551
13.359149291001376 0.7123062861065568
13.418260571050055 0.7525264021976847
13.477371851098733 0.7901178486515652
13.536483131147412 0.8249493138044169
13.595594411196089 0.8568991269552488
13.654705691244768 0.8858556833769731
13.713816971293449 0.9117178341657862
13.772928251342126 0.9343952395670493
13.832039531390805 0.9538086845434502
13.891150811439482 0.9698903554831139
13.950262091488161 0.9825840770811057
14.009373371536842 0.9918455085668547
14.06848465158552 0.9976422985920581
14.127595931634199 0.9999541982380231
14.186707211682876 0.9987731317476919
14.245818491731555 0.9941032247352801
14.304929771780234 0.9859607897749866
14.364041051828913 0.9743742694191134
14.423152331877592 0.9593841368446442
14.48226361192627 0.9410427544753318
14.541374891974948 0.9194141910731464
14.600486172023627 0.8945739979380115
14.659597452072305 0.8666089449975839
14.718708732120986 0.8356167177089474
14.777820012169663 0.8017055758310011
14.836931292218342 0.7649939752594538
14.89604257226702 0.7256101542454497
14.955153852315698 0.6836916854431802
15.014265132364379 0.6393849953512446
15.073376412413056 0.5928448528264371
15.132487692461735 0.5442338284565905
15.191598972510414 0.4937217266810234
15.250710252559092 0.44148499264221086
15.30982153260777 0.38770609584064264
15.36893281265645 0.33257289274585294
15.428044092705129 0.276277970590072
15.487155372753808 0.2190179746367348
15.546266652802485 0.1609929212737757
15.605377932851164 0.1024054993311503
15.664489212899841 0.043460362063200274
15.723600492948522 -0.01563658773099243
15.782711772997201 -0.07467891695203328
15.841823053045879 -0.1334603832970843
15.900934333094558 -0.1917756556902388
15.960045613143235 -0.24942103152985703
16.019156893191916 -0.3061951482474619
16.078268173240595 -0.361899686692569
16.13737945328927 -0.4163400638865067
16.196490733337953 -0.46932611272531066
16.25560201338663 -0.5206727462573696
16.314713293435307 -0.5702006042155364
16.373824573483986 -0.6177366795451287
16.432935853532666 -0.6631149227394079
16.492047133581345 -0.7061768218714461
16.55115841363002 -0.7467719562962777
16.610269693678703 -0.7847585220891957
16.66938097372738 -0.820003827384723
16.728492253776057 -0.8523847558860561
16.787603533824736 -0.881788196925814
16.846714813873415 -0.9081114405758566
16.905826093922094 -0.9312625364260259
16.964937373970773 -0.9511606147785244
17.024048654019452 -0.9677361691359697
17.08315993406813 -0.9809312989963556
17.142271214116807 -0.990699912106809
17.201382494165486 -0.9970078854696443
17.26049377421417 -0.9998331845382945
17.319605054262844 -0.9991659401867647
17.378716334311523 -0.9950084831837328
17.437827614360202 -0.9873753360508805
17.49693889440888 -0.9762931623338934
17.55605017445756 -0.9618006734633336
17.61516145450624 -0.943948493530729
17.67427273455492 -0.9227989824522372
17.733384014603594 -0.8984260181375948
17.792495294652273 -0.870914738425254
17.851606574700952 -0.8403612436851837
17.91071785474963 -0.806872261128151
17.96982913479831 -0.7705647719941134
18.02894041484699 -0.7315656029219937
18.088051694895668 -0.6900109829282333
18.147162974944347 -0.646046067541656
18.206274254993023 -0.5998244317569008
18.265385535041705 -0.5515075335775804
18.32449681509038 -0.5012641500231424
18.38360809513906 -0.44926978756941255
18.44271937518774 -0.3957060690823701
18.501830655236418 -0.3407600993865552
18.560941935285097 -0.28462381168432005
18.620053215333776 -0.2274932971089454
18.679164495382455 -0.16956811975357927
18.738275775431134 -0.11105061956868921
18.79738705547981 -0.05214520556309806
18.85649833552849 0.006942358222479605
18.915609615577168 0.06600567147516298
18.974720895625847 0.12483841859224484
19.033832175674526 0.1832350893676104
19.092943455723205 0.24099169686480773
19.15205473577188 0.2979064899691419
19.21116601582056 0.3537806581297783
19.270277295869242 0.40841902583005557
19.32938857591792 0.4616307343601822
19.3884998559666 0.5132299085107993
19.447611136015276 0.5630363058585144
19.506722416063955 0.6108759463754351
19.565833696112634 0.6565817201633324
19.624944976161313 0.6999939711896043
19.684056256209992 0.7409610549859319
19.743167536258667 0.7793398683615312
19.802278816307346 0.8149963492806573
19.861390096356025 0.8478059451581899
19.920501376404708 0.8776540479375339
19.979612656453387 0.9044363944310071
20.038723936502063 0.9280594305243145
20.09783521655074 0.9484406379728676
20.15694649659942 0.9655088226484138
20.2160577766481 0.9792043632291115
20.27516905669678 0.9894794194643265
20.334280336745454 0.9962980992866604
20.393391616794133 0.9996365841874706
20.452502896842812 0.999483212417923
20.51161417689149 0.995838519724953
20.570725456940174 0.9887152374798329
20.62983673698885 0.9781382482058896
20.68894801703753 0.9641444986607054
20.748059297086208 0.9467828707764411
20.807170577134887 0.9261140109090771
20.866281857183566 0.9022101179930443
20.92539313723224 0.8751546913412417
20.98450441728092 0.8450422389713974
21.0436156973296 0.811977947477653
21.10272697737828 0.7760773146005168
21.161838257426957 0.7374657457786903
21.220949537475633 0.6962781160920564
21.280060817524316 0.6526582991260006
21.339172097572995 0.6067586644028573
21.398283377621674 0.5587395451359238
21.457394657670353 0.5087686781653372
21.516505937719028 0.45702061803213573
21.575617217767707 0.4036761272372186
21.634728497816386 0.3489215448151494
21.693839777865065 0.29294813542839426
21.752951057913744 0.2359514212557343
21.81206233796242 0.1781304990086385
21.8711736180111 0.11968734446132484
21.930284898059778 0.06082610692392691
21.98939617810846 0.0017523961231875845
22.04850745815714 -0.05732743601823206
22.107618738205815 -0.11620701619506298
22.166730018254494 -0.1746806706074128
22.225841298303173 -0.23254414340527232
22.284952578351852 -0.28959531017997603
22.34406385840053 -0.34563488401025166
22.403175138449207 -0.40046711159656817
22.462286418497886 -0.4539004570521144
22.521397698546565 -0.5057482709617896
22.580508978595244 -0.5558294423721658
22.639620258643927 -0.6039690314348897
22.698731538692606 -0.6499988804936274
22.75784281874128 -0.6937582014799815
22.81695409878996 -0.7350941375664923
22.87606537883864 -0.7738622971148037
22.93517665888732 -0.8099272580538773
22.994287938935997 -0.843163040926365
23.053399218984673 -0.8734535489507409
23.112510499033352 -0.9006929735620097
23.17162177908203 -0.9247861640143583
23.23073305913071 -0.9456489597547196
23.289844339179393 -0.9632084844061986
23.348955619228068 -0.9774034003344436
23.408066899276747 -0.988184122907749
23.467178179325426 -0.9955129937024185
23.526289459374105 -0.9993644120483931
23.585400739422784 -0.9997249244556201
23.64451201947146 -0.9965932716087906
23.70362329952014 -0.9899803927662864
23.762734579568818 -0.979909387547971
23.821845859617497 -0.966415435245304
23.880957139666176 -0.9495456719356389
23.94006841971485 -0.9293590258299608
23.999179699763534 -0.9059260114292067
24.058290979812213 -0.879328483208233
24.117402259860892 -0.8496593496877972
24.17651353990957 -0.8170222488933838
24.235624819958247 -0.7815311863345098
24.294736100006926 -0.7433101367690929
24.353847380055605 -0.7024926111439971
24.412958660104284 -0.6592211902244488
24.472069940152963 -0.6136470265414415
24.53118122020164 -0.5659293163968843
24.590292500250317 -0.5162347437708277
24.649403780299 -0.46473689807331275
24.70851506034768 -0.41161566777466835
24.767626340396358 -0.35705661203237926
24.826737620445034 -0.301250312509561
24.885848900493713 -0.24439170764915624
24.94496018054239 -0.18667941172938665
25.00407146059107 -0.12831502107901493
25.06318274063975 -0.06950240987594498
25.122294020688425 -0.010447017989007847
25.181405300737104 0.04864486664942604
25.240516580785783 0.10756682863319185
25.299627860834466 0.1661130461173965
25.358739140883145 0.2240790097800651
25.41785042093182 0.28126223719901455
25.4769617009805 0.3374629801484926
25.53607298102918 0.39248492234490673
25.595184261077858 0.446135865204378
25.654295541126537 0.4982283992166319
25.713406821175212 0.5485805585900531
25.77251810122389 0.5970164568811578
25.83162938127257 0.6433669013881071
25.89074066132125 0.6874699841621668
25.949851941369932 0.7291716475725921
26.008963221418604 0.7683262224493491
26.068074501467287 0.8047969369239336
26.127185781515966 0.838456394190712
26.186297061564645 0.8691870175200663
26.245408341613324 0.8968814609687265
26.304519621662 0.9214429843526902
26.36363090171068 0.942785791172894
26.422742181759357 0.9608353283131953
26.481853461808036 0.975528546463818
26.540964741856715 0.9868141203605413
26.60007602190539 0.9946526280703206
26.65918730195407 0.9990166886970745
26.718298582002753 0.9998910580266044
26.77740986205143 0.9972726817765599
26.83652114210011 0.9911707062654324
26.895632422148786 0.9816064464633104
26.954743702197465 0.968613311535999
27.013854982246144 0.9522366881425932
27.072966262294823 0.9325337818941507
27.132077542343502 0.9095734175272783
27.191188822392178 0.8834357984906471
27.250300102440857 0.8542122267842253
27.309411382489536 0.8220047840298842
27.36852266253822 0.786925974887411
27.427633942586898 0.7490983340615518
27.486745222635573 0.7086539982728222
27.545856502684252 0.6657342446872755
27.60496778273293 0.6204889974175551
27.66407906278161 0.57307630381905
27.72319034283029 0.5236617824105501
27.782301622878965 0.4724180443478748
27.841412902927644 0.4195240904713222
27.900524182976323 0.365164686033175
27.959635463025002 0.3095297152893582
28.018746743073685 0.25281351820978354
28.07785802312236 0.19521421162433966
28.13696930317104 0.13693299717578308
28.196080583219718 0.07817345849705741
28.255191863268397 0.019140850067968625
28.314303143317076 -0.03995861976459758
28.37341442336575 -0.0989185090984366
28.43252570341443 -0.1575328636036414
28.49163698346311 -0.21559693594703233
28.55074826351179 -0.27290790100043016
28.609859543560468 -0.32926556433440735
28.668970823609143 -0.38447306152267663
28.728082103657826 -0.43833754581437856
28.787193383706505 -0.4906708617720727
28.846304663755184 -0.5412902025224452
28.905415943803863 -0.5900187483237576
28.96452722385254 -0.6366862842195073
29.023638503901218 -0.6811297946207504
29.082749783949897 -0.7231940327400981
29.141861063998576 -0.7627320628883367
29.200972344047255 -0.7996057737393207
29.26008362409593 -0.8336863607702519
29.31919490414461 -0.8648547761921317
29.378306184193292 -0.8930021447986927
29.43741746424197 -0.9180301442812279
29.49652874429065 -0.9398513486808243
