0.0 0.0
0.13712534467678192 0.13669601231317738
0.27425068935356384 0.2708257053443726
0.4113760340303458 0.3998709396710275
0.5485013787071277 0.5214090310648584
0.6856267233839095 0.6331582337590266
0.8227520680606916 0.7330205777486494
0.9598774127374734 0.8191212559008207
1.0970027574142553 0.8898438214239005
1.234128102091037 0.9438605349017796
1.371253446767819 0.98015729116049
1.508378791444601 0.9980526579922896
1.6455041361213831 0.9972106693058385
1.7826294807981649 0.9776471325249574
1.9197548254749468 0.9397293318214006
2.0568801701517287 0.8841691327531257
2.1940055148285107 0.8120096177609942
2.3311308595052926 0.7246055034279489
2.468256204182074 0.6235977071453735
2.6053815488588565 0.5108825406698722
2.742506893535638 0.3885761089280127
2.87963223821242 0.25897458244282623
3.016757582889202 0.12451108922415781
3.1538829275659843 -0.01228996456917136
3.2910082722427663 -0.14886028761538447
3.4281336169195473 -0.28263592031208207
3.5652589615963297 -0.41110537033524475
3.7023843062731117 -0.5318567631820159
3.8395096509498936 -0.6426231224970147
3.9766349956266756 -0.7413249300931724
4.1137603403034575 -0.8261091666488994
4.250885684980239 -0.895384100134862
4.388011029657021 -0.9478491688554075
4.525136374333803 -0.9825193980829653
4.662261719010585 -0.9987438918896168
4.799387063687367 -0.996218053011756
4.936512408364148 -0.9749893013331512
5.073637753040931 -0.9354561836280882
5.210763097717713 -0.8783608912782069
5.347888442394495 -0.8047753264347736
5.485013787071276 -0.7160809782190694
5.6221391317480585 -0.6139429867633992
5.75926447642484 -0.5002788820122014
5.8963898211016215 -0.37722258417833343
6.033515165778404 -0.24708434170691307
6.170640510455185 -0.11230735886795762
6.307765855131969 0.024578072752307244
6.444891199808749 0.16100207772997144
6.5820165444855325 0.29440344342558666
6.719141889162314 0.42227770397189945
6.856267233839095 0.542224158902555
6.993392578515878 0.6519909436979924
7.130517923192659 0.7495173060979563
7.267643267869442 0.8329722944887678
7.404768612546223 0.9007891320328227
7.541893957223005 0.951694631203381
7.679019301899787 0.9847330964986529
7.816144646576569 0.9992842665876773
7.953269991253351 0.9950749590436746
8.090395335930133 0.972184199047637
8.227520680606915 0.9310417357763174
8.364646025283697 0.872419974327822
8.501771369960478 0.7974194746541449
8.63889671463726 0.7074482897424471
8.776022059314043 0.6041955309483168
8.913147403990823 0.48959965676317185
9.050272748667606 0.3658120803597884
9.187398093344388 0.23515677914480967
9.32452343802117 0.10008666460502426
9.461648782697951 -0.03686246844377553
9.598774127374734 -0.17311954865249873
9.735899472051516 -0.3061264972130719
9.873024816728297 -0.43338625301191397
10.010150161405079 -0.5525096522424157
10.147275506081861 -0.6612602823625613
10.284400850758642 -0.757596468313346
10.421526195435426 -0.8397096027522878
10.558651540112207 -0.9060581006934806
10.69577688478899 -0.955396341092716
10.832902229465772 -0.9867980520307689
10.970027574142552 -0.9996737004634496
11.107152918819333 -0.9937815600647186
11.244278263496117 -0.9692322493761221
11.3814036081729 -0.9264866550637266
11.51852895284968 -0.8663472792711386
11.655654297526462 -0.7899431735126706
11.792779642203243 -0.6987087419564678
11.929904986880027 -0.594356812042927
12.067030331556808 -0.47884647800836266
12.20415567623359 -0.35434632101680585
12.34128102091037 -0.2231936964021172
12.478406365587153 -0.08785085235819179
12.615531710263937 0.0491412960987191
12.752657054940718 0.1852108700519108
12.889782399617498 0.31780331091977193
13.026907744294281 0.4444293395208113
13.164033088971065 0.5627116895888031
13.301158433647846 0.6704297383670073
13.438283778324628 0.7655611963905119
13.575409123001409 0.846320073776234
13.71253446767819 0.9111902102447411
13.849659812354973 0.9589537393840828
13.986785157031756 0.9887139527699834
14.123910501708536 0.9999121346933623
14.261035846385319 0.9923380514414231
14.3981611910621 0.9661338982074554
14.535286535738884 0.9217916295303973
14.672411880415664 0.860143723382264
14.809537225092447 0.7823475522976621
14.946662569769227 0.6898636549604975
15.08378791444601 0.5844283161752247
15.220913259122794 0.4680209700039508
15.358038603799574 0.3428270380401012
15.495163948476355 0.21119690048971648
15.632289293153137 0.07560177033384073
15.769414637829918 -0.06141270101331263
15.906539982506702 -0.1972742155470111
16.043665327183483 -0.32943212077543743
16.180790671860265 -0.455405295452155
16.317916016537048 -0.5728287299348568
16.45504136121383 -0.6794979266747836
16.592166705890612 -0.7734102872657723
16.729292050567395 -0.8528027090560137
16.866417395244174 -0.9161846854869333
17.003542739920956 -0.9623662887362645
17.14066808459774 -0.9904805093215336
17.27779342927452 -0.9999995332621793
17.414918773951303 -0.9907446512142261
17.552044118628086 -0.9628896135442739
17.689169463304864 -0.9169573683549284
17.826294807981647 -0.8538102437016981
17.963420152658433 -0.7746337583195985
18.10054549733521 -0.680914364795491
18.237670842011994 -0.5744115430339147
18.374796186688776 -0.45712476793137496
18.511921531365555 -0.33125597140508095
18.64904687604234 -0.1991682035108302
18.786172220719124 -0.06334126874274178
18.923297565395902 0.07367482960494552
19.060422910072685 0.2093077629823317
19.197548254749467 0.34101117026074523
19.33467359942625 0.4663124628995124
19.471798944103032 0.5828592451124311
19.608924288779814 0.6884634775457216
19.746049633456593 0.7811425553423241
19.883174978133376 0.8591565293964801
20.020300322810158 0.9210407720099001
20.15742566748694 0.9656334736873237
20.294551012163723 0.9920974548489379
20.431676356840505 0.9999358829684399
20.568801701517284 0.9890016000645323
20.70592704619407 0.9594998854323158
20.843052390870852 0.9119846017473082
20.98017773554763 0.8473477968947875
21.117303080224413 0.7668029567388345
21.254428424901196 0.6718622232421791
21.39155376957798 0.5643080056418941
21.52867911425476 0.4461595176503278
21.665804458931543 0.3196348689090047
21.802929803608322 0.18710942238731007
21.940055148285104 0.05107119952058612
22.077180492961887 -0.08592582969217347
22.214305837638666 -0.22130969470337164
22.35143118231545 -0.35253871037262474
22.488556526992234 -0.47714919434687786
22.625681871669013 -0.5928017200229062
22.7628072163458 -0.6973250367429278
22.899932561022577 -0.7887568326693286
23.03705790569936 -0.8653805750598544
23.174183250376146 -0.9257577363069545
23.311308595052925 -0.9687548007324586
23.448433939729707 -0.9935645451142989
23.585559284406486 -0.9997211934264533
23.72268462908327 -0.987109161278357
23.859809973760054 -0.9559652258863952
23.996935318436833 -0.9068740808386331
24.134060663113615 -0.8407573591072279
24.271186007790394 -0.7588563303895904
24.40831135246718 -0.6627085976168856
24.545436697143963 -0.554119230127706
24.68256204182074 -0.43512687545016976
24.819687386497527 -0.30796548590701545
24.956812731174306 -0.17502237858517003
25.09393807585109 -0.03879341604822942
25.231063420527875 0.09816385077450795
25.368188765204653 0.2332781978311585
25.505314109881436 0.3640129998884414
25.642439454558215 0.4879138529175253
25.779564799234997 0.6026546528660607
25.916690143911783 0.7060812657373405
26.053815488588562 0.7962519691183174
26.190940833265344 0.8714739059106782
26.32806617794213 0.9303348658856695
26.46519152261891 0.9717297983985494
26.60231686729569 0.9948815585151978
26.73944221197247 0.9993554970648456
26.876567556649256 0.9850676207065597
27.01369290132604 0.9522861688130653
27.150818246002817 0.9016265775676292
27.2879435906796 0.834039925817616
27.42506893535638 0.7507950796012957
27.562194280033165 0.6534548705649946
27.699319624709947 0.543846755495021
27.836444969386726 0.42402850779972756
27.97357031406351 0.2962495850469617
28.11069565874029 0.16290889783948367
28.247821003417073 0.026509772871769
28.38494634809386 -0.11038704431191468
28.522071692770638 -0.24521146453605416
28.65919703744742 -0.3754323056290062
28.7963223821242 -0.49860481262126916
28.933447726800985 -0.612416555366901
29.070573071477767 -0.7147308419099123
29.207698416154546 -0.8036268325569267
29.34482376083133 -0.8774356015578274
29.481949105508107 -0.9347714693755047
29.619074450184893 -0.9745580173153731
29.756199794861676 -0.9960482961181654
29.893325139538454 -0.9988388491216621
30.03045048421524 -0.9828772867216669
30.16757582889202 -0.9484632699299729
30.3047011735688 -0.8962428845640683
30.441826518245588 -0.8271965116870806
30.578951862922366 -0.7426204220172807
30.71607720759915 -0.6441024398521042
30.853202552275928 -0.5334921333901752
30.99032789695271 -0.41286609109559663
31.127453241629496 -0.28448893600316816
31.264578586306275 -0.15077080987859326
31.401703930983057 -0.01422212542240074
31.538829275659836 0.12259356400404778
31.675954620336622 0.2571076923108584
31.813079965013404 0.38679490272037076
31.950205309690183 0.5092204586000497
32.087330654366966 0.6220859530004613
32.22445599904375 0.7232724587513887
32.36158134372053 0.8108803090199027
32.49870668839731 0.8832647614935356
32.635832033074095 0.9390668766322428
32.77295737775088 0.9772390302834794
32.91008272242766 0.9970645816887314
33.04720806710444 0.9981713276360231
33.184333411781225 0.980538490171289
33.321458756458 0.9444971066819143
33.45858410113479 0.890723815029033
33.595709445811565 0.820228150406033
33.73283479048835 0.7343335924108587
33.86996013516514 0.6346527181528924
34.00708547984191 0.5230569278677838
34.144210824518694 0.4016413114089105
34.28133616919548 0.27268531520912836
34.41846151387226 0.1386099481477346
34.55558685854904 0.0019323297361616277
34.692712203225824 -0.13478156606914907
34.829837547902606 -0.2689650842430585
34.96696289257938 -0.3980990748543612
35.10408823725617 -0.5197591873718713
35.24121358193295 -0.6316613852145571
35.37833892660973 -0.7317048260596615
35.51546427128652 -0.8180113028773667
35.652589615963294 -0.8889605052294121
35.789714960640076 -0.9432204388391945
35.926840305316865 -0.979772432338721
36.06396564999364 -0.9979302617180447
36.20109099467042 -0.9973530334363375
36.338216339347206 -0.9780515843281508
36.47534168402399 -0.940388278153614
36.61246702870077 -0.8850702026120926
36.74959237337755 -0.8131358945379975
36.886717718054335 -0.7259358424987907
37.02384306273111 -0.6251071328377531
37.1609684074079 -0.5125427151545071
37.29809375208468 -0.3903558642306614
37.43521909676146 -0.26084050558916605
37.57234444143825 -0.1264281495320937
37.70946978611502 0.010357757826418894
37.846595130791805 0.14694920952249285
37.983720475468594 0.2807818492862576
38.12084582014537 0.4093431145478539
38.25797116482215 0.5302194070729879
38.395096509498934 0.6411414056503576
38.53222185417572 0.7400266701346504
38.6693471988525 0.8250187370002988
38.80647254352928 0.8945219724294475
38.943597888206064 0.9472315286052247
39.08072323288284 0.9821578408134168
39.21784857755963 0.9986452054460612
39.35497392223641 0.9963840901250702
39.492099266913186 0.9754169448367256
39.629224611589976 0.9361374049792398
39.76634995626675 0.8792829012853677
39.90347530094353 0.8059208153606662
40.040600645620316 0.7174284407522507
40.1777259902971 0.6154671257571416
40.31485133497388 0.5019510834109665
40.45197667965066 0.37901145421561433
40.589102024327445 0.24895629628912974
40.72622736900423 0.1142272540793647
40.86335271368101 -0.02264628086073798
41.00047805835779 -0.1590946564545318
41.13760340303457 -0.29255620253068676
41.27472874771136 -0.42052532340064
41.41185409238814 -0.5405995376983863
41.548979437064915 -0.6505245823608964
41.686104781741705 -0.7482367339706821
41.82323012641848 -0.8319015529232554
41.96035547109526 -0.8999483230399488
42.097480815772045 -0.9510995400594994
42.23460616044883 -0.9843948953941675
42.37173150512561 -0.9992093048812926
42.50885684980239 -0.9952646440600755
42.645982194479174 -0.972634969656496
42.78310753915596 -0.9317451292486516
42.92023288383274 -0.8733627852145452
43.05735822850952 -0.7985840027040423
43.1944835731863 -0.7088126722051906
43.331608917863086 -0.605734153023853
43.46873426253987 -0.491283632491824
43.605859607216644 -0.3676097949247919
43.742984951893426 -0.23703448240616812
43.88011029657021 -0.10200910472178104
44.01723564124699 0.03493138319848825
44.15436098592377 0.1712160723084513
44.29148633060056 0.30428636547288496
44.42861167527733 0.4316440123519904
44.56573701995412 0.5508980113403985
44.7028623646309 0.6598094980273479
44.839987709307685 0.7563337774463692
44.97711305398447 0.8386587110042388
45.11423839866124 0.9052387374164488
45.251363743338025 0.9548238889430176
45.388489088014815 0.9864832581762625
45.5256144326916 0.9996224748171217
45.66273977736838 0.9939948643324861
45.799865122045155 0.9697060790018479
45.93699046672194 0.9272121144104098
46.07411581139872 0.8673107486268484
46.2112411560755 0.7911265647858584
46.34836650075229 0.700089838260247
46.48549184542906 0.5959096847930457
46.62261719010585 0.4805419737041717
46.75974253478263 0.35615260856665837
46.896867879459414 0.22507686471753455
47.033993224136196 0.08977554699776005
47.17111856881297 -0.047211209188076204
47.308243913489754 -0.1833116261573265
47.44536925816654 -0.31597056628421455
47.582494602843326 -0.442697501935834
47.71961994752011 -0.5611132724255807
47.856745292196884 -0.6689947501730964
47.993870636873666 -0.7643165775119384
48.13099598155045 -0.8452891905817227
48.26812132622723 -0.9103924164475037
48.40524667090402 -0.9584040126968582
48.54237201558079 -0.9884226137147295
48.67949736025758 -0.9998846528446703
48.81662270493436 -0.9925749427411762
48.95374804961114 -0.9666307152785865
49.090873394287925 -0.9225390451715667
49.2279987389647 -0.8611277056759432
49.36512408364148 -0.7835496280441508
49.502249428318265 -0.6912612564922056
49.639374772995055 -0.5859952050401352
49.77650011767184 -0.46972772956409614
49.91362546234861 -0.34464162573700213
50.050750807025395 -0.2130852494086366
50.18787615170218 -0.07752842877315755
50.32500149637896 0.059483903974895086
50.46212684105575 0.1953794909806677
50.59925218573252 0.32760704007863645
50.73637753040931 0.4536841225343306
50.87350287508609 0.5712437779496333
51.01062821976287 0.6780789513756162
51.147753564439654 0.7721839283739615
51.28487890911643 0.851791990128845
51.42200425379321 0.9154085816753885
51.559129598469994 0.9618393705471378
51.69625494314678 0.9902126690719892
51.833380287823566 0.9999957993622273
51.97050563250034 0.9910050937637868
52.107630977177124 0.9634093430171243
52.244756321853906 0.9177266273942501
52.38188166653069 0.8548145903038665
52.51900701120747 0.775854336967126
52.65613235588426 0.6823282604488924
52.793257700561036 0.5759922113367386
52.93038304523782 0.4588425335516492
53.0675083899146 0.3330785851574848
53.20463373459138 0.20106144780015844
53.341759079268165 0.06526959996210023
53.47888442394494 -0.07174761378147743
53.61600976862172 -0.20741784394033425
53.75313511329851 -0.33919402917920605
53.890260457975295 -0.4646022146301801
54.02738580265208 -0.5812879977105172
54.16451114732885 -0.6870607294759974
54.301636492005635 -0.779934641677476
54.43876183668242 -0.8581661274046759
54.5758871813592 -0.9202864754137033
54.71301252603599 -0.9651294435867303
54.85013787071276 -0.9918531538620836
54.98726321538955 -0.9999558975812294
55.12438856006633 -0.9892855545243299
55.26151390474311 -0.9600424488023008
55.398639249419894 -0.9127755879890252
55.53576459409667 -0.848372356099967
55.67288993877345 -0.7680418539202996
55.81001528345024 -0.6732921994498543
55.94714062812702 -0.565902214624365
56.084265972803806 -0.44788802986406206
56.22139131748058 -0.3214652334130621
56.35851666215736 -0.18900727607451823
56.495642006834146 -0.0530009122476147
56.63276735151093 0.08400048618755582
56.76989269618772 0.21942486665599759
56.907018040864486 0.3507297833835489
57.044143385541275 0.4754501290572076
57.18126873021806 0.5912444145395427
57.31839407489484 0.6959387277862514
57.45551941957162 0.7875675466855157
57.5926447642484 0.8644106396025736
57.72977010892518 0.9250253608617978
57.86689545360197 0.9682737348536037
58.00402079827875 0.9933438202915411
58.141146142955535 0.9997649535287984
58.27827148763231 0.9874165847573747
58.41539683230909 0.9565305411998988
58.552522176985875 0.9076866748051174
58.68964752166266 0.84180197615684
58.82677286633945 0.7601133589708864
58.963898211016215 0.6641544383824595
59.101023555693004 0.5557267389862638
59.23814890036979 0.43686587316744147
59.37527424504657 0.30980332468811095
59.51239958972335 0.17692455500148008
59.64952493440013 0.04072421880188314
59.78665027907691 -0.09624067040981227
59.9237756237537 -0.23139874547965256
60.06090096843048 -0.3622125602283405
60.19802631310726 -0.4862262272495258
60.33515165778404 -0.6011115245305764
60.47227700246082 -0.7047116052941954
60.6094023471376 -0.795081490455914
60.746527691814386 -0.87052458349564
60.883653036491175 -0.929624522216089
61.02077838116794 -0.9712717694059192
61.15790372584473 -0.9946844431967835
61.295029070521515 -0.9994229960468295
61.4321544151983 -0.9853984667688086
61.56927975987508 -0.9528741506798105
61.706405104551855 -0.9024606565174308
61.84353044922864 -0.8351044429233737
61.98065579390542 -0.7520700497096126
62.11778113858221 -0.6549163574957463
62.25490648325899 -0.5454673214171619
62.39203182793577 -0.4257777283467901
62.52915717261255 -0.298094620501515
62.66628251728933 -0.16481510966318444
62.803407861966114 -0.02844137400634491
62.940533206642904 0.1084663175815008
63.07765855131967 0.24333767176968535
63.21478389599646 0.37364062525235664
63.351909240673244 0.49692888148898756
63.489034585350026 0.6108878372671873
63.62615993002681 0.7133780368660522
63.763285274703584 0.8024753380154862
63.90041061938037 0.8765070355791665
64.03753596405716 0.9340832647781512
64.17466130873393 0.9741230943937615
64.31178665341072 0.9958748200781539
64.4489119980875 0.9989300767876358
64.58603734276427 0.9832315053932039
64.72316268744106 0.949073829535927
64.86028803211785 0.8970983225104455
64.99741337679463 0.828280768054809
65.1345387214714 0.7439131410697418
65.27166406614819 0.6455793521920027
65.40878941082497 0.5351255115911546
65.54591475550176 0.4146252702545464
65.68304010017854 0.2863408894405288
65.82016544485532 0.15268076917841555
65.9572907895321 0.016154233171615455
66.09441613420888 -0.12067558103163195
66.23154147888566 -0.25523984216403867
66.36866682356245 -0.3850122522585885
66.50579216823922 -0.5075564751510955
66.642917512916 -0.6205718760477507
66.78004285759279 -0.7219367134465695
66.91716820226958 -0.8097479725314554
67.05429354694635 -0.8823570922101556
67.19141889162313 -0.9384009150596802
67.32854423629992 -0.9768272791275299
67.4656695809767 -0.9969147711304923
67.60279492565348 -0.9982862702061449
67.73992027033027 -0.9809160279477569
67.87704561500703 -0.9451301518027025
68.01417095968382 -0.8916004827590076
68.15129630436061 -0.8213319822599584
68.28842164903739 -0.735643865143621
68.42554699371418 -0.6361448328159018
