0.0 0.0
0.046425871663658747 0.04640919603766689
0.09285174332731749 0.09271838144336819
0.13927761499097627 0.13882776110549555
0.18570348665463499 0.18463797048871394
0.23212935831829373 0.23005028976199746
0.27855522998195253 0.27496685653734315
0.3249811016456113 0.31929087676071727
0.37140697330926997 0.3629268333007695
0.4178328449729287 0.405780691785811
0.46425871663658747 0.44776010324548293
0.5106845883002462 0.4887746031204291
0.5571104599639051 0.5287358062111104
0.6035363316275637 0.5675575971456515
0.6499622032912226 0.6051563159562685
0.6963880749548812 0.6414509383643616
0.7428139466185399 0.6763632503857661
0.7892398182821988 0.7098180168798905
0.8356656899458574 0.741743143679522
0.8820915616095163 0.7720698329519161
0.9285174332731749 0.8007327314563683
0.9749433049368337 0.8276700713787782
1.0213691766004924 0.8528238034397116
1.0677950482641514 0.8761397219891146
1.1142209199278101 0.8975675818181045
1.1606467915914687 0.9170612064361117
1.2070726632551274 0.9345785875800379
1.2534985349187862 0.950081975740989
1.2999244065824451 0.9635379615135031
1.3463502782461039 0.9749175475919656
1.3927761499097624 0.9841962112590622
1.4392020215734211 0.9913539572316085
1.4856278932370799 0.9963753607498739
1.5320537649007389 0.9992496008175453
1.5784796365643976 0.9999704835206978
1.6249055082280561 0.9985364553755206
1.6713313798917149 0.9949506066760351
1.7177572515553736 0.9892206648345904
1.7641831232190326 0.9813589777294865
1.8106089948826913 0.9713824870956131
1.8570348665463499 0.9593126920154426
1.9034607382100088 0.9451756025890565
1.9498866098736674 0.9290016838830457
1.996312481537326 0.910825790279068
2.042738353200985 0.8906870903635474
2.0891642248646436 0.868628982520371
2.135590096528303 0.8446990014084789
2.182015968191961 0.8189487155258907
2.2284418398556203 0.7914336160809066
2.2748677115192786 0.7622129974099745
2.3212935831829373 0.731349829199906
2.3677194548465965 0.6989106207898123
2.414145326510255 0.6649652778451776
2.460571198173914 0.6295869517129323
2.5069970698375723 0.5928518817821745
2.553422941501231 0.5548392311902282
2.5998488131648902 0.515630916228108
2.6462746848285486 0.47531142981300517
2.6927005564922077 0.4339676594082053
2.739126428155866 0.39168869978282994
2.785552299819525 0.34856566101487946
2.831978171483184 0.30469147215134607
2.8784040431468423 0.2601606809484917
2.9248299148105015 0.21506925012384392
2.9712557864741598 0.16951435055899752
3.0176816581378185 0.12359415189884036
3.0641075298014777 0.07740761099848059
3.110533401465136 0.031054258673751847
3.156959273128795 -0.015366014785156963
3.2033851447924535 -0.06175317487471867
3.2498110164561123 -0.10800725844987431
3.2962368881197714 -0.15402858914205275
3.3426627597834297 -0.19971799215919883
3.389088631447089 -0.24497700800492125
3.4355145031107472 -0.2897081046561857
3.481940374774406 -0.3338148877423394
3.528366246438065 -0.37720230827251366
3.5747921181017235 -0.41977686746377074
3.6212179897653827 -0.4614468182285971
3.667643861429041 -0.5021223628875274
3.7140697330926997 -0.5417158466808558
3.7604956047563585 -0.5801419466623993
3.8069214764200177 -0.6173178555682701
3.8533473480836764 -0.6531634602644123
3.8997732197473347 -0.6876015143883604
3.9461990914109935 -0.7205578048131778
3.992624963074652 -0.7519613115748478
4.039050834738312 -0.7817443609184836
4.08547670640197 -0.8098427711335385
4.131902578065628 -0.8361959908637582
4.178328449729287 -0.8607472295938007
4.224754321392946 -0.8834435800313498
4.271180193056606 -0.904236132120978
4.317606064720263 -0.9230800784440645
4.364031936383922 -0.9399348107776415
4.410457808047581 -0.9547640076040742
4.4568836797112406 -0.967535712383005
4.503309551374899 -0.9782224024168803
4.549735423038557 -0.9868010481616625
4.596161294702216 -0.9932531628549084
4.642587166365875 -0.9975648423542693
4.689013038029534 -0.9997267951005635
4.735438909693193 -0.9997343621408483
4.781864781356851 -0.9975875271683455
4.82829065302051 -0.9932909165575811
4.874716524684168 -0.9868537893946668
4.921142396347828 -0.978290017524206
4.967568268011487 -0.9676180556558233
5.013994139675145 -0.9548609015947361
5.060420011338803 -0.9400460466820717
5.106845883002462 -0.9232054165517304
5.153271754666122 -0.9043753023314586
5.1996976263297805 -0.8835962824363975
5.246123497993438 -0.8609131351236335
5.292549369657097 -0.8363747419961969
5.338975241320756 -0.8100339826644588
5.3854011129844155 -0.7819476207919196
5.431826984648074 -0.7521761817709659
5.478252856311732 -0.7207838222921943
5.524678727975391 -0.6878381920883808
5.57110459963905 -0.6534102881510385
5.617530471302709 -0.6175743017337113
5.663956342966368 -0.5804074584717206
5.710382214630026 -0.541989851962891
5.756808086293685 -0.5024042711678923
5.803233957957343 -0.4617360220021482
5.849659829621003 -0.4200727435037635
5.896085701284662 -0.37750421897363995
5.9425115729483196 -0.3341221824947521
5.988937444611978 -0.29002012124754173
6.035363316275637 -0.24529307404743614
6.081789187939297 -0.20003742653862466
6.128215059602955 -0.15435070348546162
6.174640931266613 -0.10833135860908613
6.221066802930272 -0.06207856242216798
6.267492674593931 -0.015691988518990393
6.31391854625759 0.030728401218603898
6.360344417921249 0.07708257203651013
6.406770289584907 0.12327063188070572
6.453196161248566 0.16919304666207502
6.4996220329122245 0.2147508547498243
6.546047904575884 0.25984588023127275
6.592473776239543 0.304380944478432
6.638899647903201 0.34826007556547145
6.6853255195668595 0.3913887150857668
6.731751391230518 0.4336739219228466
6.778177262894178 0.47502457253612856
6.824603134557837 0.5153515573298174
6.8710290062214945 0.5545679726818119
6.917454877885153 0.5925893082187903
6.963880749548812 0.6293336289339022
7.010306621212472 0.6647217517546193
7.05673249287613 0.6986774161802305
7.103158364539788 0.7311274486212759
7.149584236203447 0.7620019200867634
7.196010107867106 0.7912342968793544
7.242435979530765 0.8187615839737853
7.288861851194424 0.8445244607695348
7.335287722858082 0.8684674089252057
7.381713594521741 0.890538831999132
7.428139466185399 0.9106911666383904
7.474565337849059 0.9288809850766132
7.520991209512717 0.9450690887197133
7.567417081176376 0.9592205926178562
7.613842952840035 0.9713050006416332
7.660268824503693 0.9812962712004416
7.706694696167353 0.989172873361449
7.753120567831011 0.9949178332482009
7.799546439494669 0.9985187706188935
7.845972311158329 0.9999679255454765
7.892398182821987 0.9992621751361012
7.9388240544856465 0.9964030402648715
7.985249926149304 0.9913966822944001
8.031675797812964 0.9842538897982289
8.078101669476624 0.9749900553117287
8.124527541140282 0.963625142161579
8.17095341280394 0.9501836414453082
8.217379284467597 0.9346945192536047
8.263805156131257 0.9171911542491303
8.310231027794917 0.8977112657363571
8.356656899458574 0.8762968323774286
8.403082771122234 0.8529940017292127
8.449508642785892 0.8278529907965009
8.495934514449552 0.800927977815639
8.542360386113211 0.772276985501818
8.588786257776867 0.741961756011604
8.635212129440527 0.7100476178901589
8.681638001104185 0.6766033452899102
8.728063872767844 0.6417010097639946
8.774489744431504 0.605415824953912
8.820915616095162 0.5678259845060462
8.867341487758821 0.5290124935663487
8.913767359422481 0.48905899421632854
8.960193231086139 0.44805158522649785
9.006619102749799 0.40607863651571646
9.053044974413456 0.3632305987162851
9.099470846077114 0.31959980825513196
9.145896717740774 0.2752802883711763
9.192322589404432 0.23036754649765534
9.238748461068091 0.18495836844603364
9.28517433273175 0.13915060983506508
9.331600204395409 0.09304298521442064
9.378026076059069 0.04673485533736739
9.424451947722726 0.0003260130408782624
9.470877819386386 -0.04608353180538792
9.517303691050042 -0.09239376781778665
9.563729562713702 -0.138504897620686
9.610155434377361 -0.18431755290723884
9.65658130604102 -0.22973300857555823
9.703007177704679 -0.27465339547879347
9.749433049368337 -0.31898191133062953
9.795858921031996 -0.3626230293117549
9.842284792695656 -0.40548270392770525
9.888710664359314 -0.44746857367450676
9.935136536022974 -0.4884901600753626
9.981562407686631 -0.5284590626594481
10.02798827935029 -0.5672891494626782
10.074414151013949 -0.604896742639885
10.120840022677607 -0.6412007987884327
10.167265894341266 -0.6761230835946896
10.213691766004924 -0.709588340426965
10.260117637668584 -0.7415244525116378
10.306543509332244 -0.7718625983429536
10.352969380995901 -0.8005373999916149
10.399395252659561 -0.8274870639925521
10.445821124323217 -0.8526535145082533
10.492246995986877 -0.8759825184807233
10.538672867650536 -0.897423802502325
10.585098739314194 -0.9169311611536961
10.631524610977854 -0.9344625565752486
10.677950482641512 -0.9499802090576767
10.724376354305171 -0.9634506784562712
10.770802225968831 -0.9748449362535728
10.817228097632489 -0.9841384281150877
10.863653969296148 -0.9913111268032516
10.910079840959806 -0.9963475753356136
10.956505712623464 -0.9992369202942396
11.002931584287124 -0.9999729352145507
11.049357455950782 -0.9985540340031943
11.095783327614441 -0.994983274356036
11.1422091992781 -0.9892683511689025
11.188635070941759 -0.9814215799552776
11.235060942605418 -0.9714598703066855
11.281486814269076 -0.9594046894529534
11.327912685932736 -0.9452820160008777
11.374338557596392 -0.929122283950994
11.420764429260052 -0.9109603171130766
11.467190300923711 -0.8908352540617255
11.51361617258737 -0.8687904637937343
11.560042044251029 -0.8448734522690076
11.606467915914687 -0.8191357600364372
11.652893787578346 -0.7916328511653281
11.699319659242006 -0.7624239937217528
11.745745530905664 -0.7315721320473805
11.792171402569323 -0.6991437511160242
11.838597274232981 -0.6652087332602298
11.885023145896639 -0.6298402075766252
11.931449017560299 -0.5931143923345888
11.977874889223957 -0.555110430727831
12.024300760887616 -0.5159102203228222
12.070726632551274 -0.47559823657164224
12.117152504214934 -0.4342613507695258
12.163578375878593 -0.3919886428494516
12.210004247542251 -0.3488712094171576
12.25643011920591 -0.30500196744027763
12.302855990869567 -0.260475454014663
12.349281862533227 -0.21538762263933547
12.395707734196886 -0.1698356364391702
12.442133605860544 -0.12391765878083165
12.488559477524204 -0.07773264173322228
12.534985349187862 -0.031380112828314155
12.581411220851521 0.015040039418154247
12.62783709251518 0.06142778076386548
12.674262964178839 0.10768314681116531
12.720688835842498 0.15370645842779143
12.767114707506156 0.19939853655284492
12.813540579169814 0.2446609159251453
12.859966450833474 0.2893960572733478
12.906392322497132 0.3335075575105764
12.952818194160791 0.37690035748062567
12.999244065824449 0.4194809468080003
13.045669937488109 0.46115756541039915
13.092095809151768 0.501840401239337
13.138521680815426 0.5414417838228204
13.184947552479086 0.5798763731929786
13.231373424142742 0.6170613437915038
13.277799295806402 0.6529165629566298
13.324225167470061 0.6873647636069535
13.370651039133719 0.7203317107500313
13.417076910797379 0.7517463614568936
13.463502782461036 0.7815410179577331
13.509928654124696 0.8096514735288802
13.556354525788356 0.8360171508566429
13.602780397452014 0.8605812325798745
13.649206269115673 0.8832907837299383
13.695632140779331 0.9040968658042063
13.742058012442989 0.9229546422272887
13.788483884106649 0.9398234749727049
13.834909755770306 0.9546670121367918
13.881335627433966 0.9674532662761314
13.927761499097624 0.9781546833396695
13.974187370761284 0.9867482020469966
14.020613242424943 0.9932153035848145
14.067039114088601 0.9975420515145069
14.11346498575226 0.9997191218048104
14.159890857415917 0.9997418229248609
14.206316729079576 0.9976101059543246
14.252742600743236 0.9933285646888197
14.299168472406894 0.986906425740404
14.345594344070554 0.9783575286544611
14.392020215734211 0.9677002960858355
14.438446087397871 0.9549576940984787
14.48487195906153 0.9401571826741719
14.531297830725189 0.9233306565369647
14.577723702388848 0.9045143764208576
14.624149574052506 0.8837488909288517
14.670575445716164 0.8610789491517394
14.717001317379824 0.836553404234959
14.763427189043481 0.8102251081013176
14.809853060707141 0.7821507975564402
14.856278932370799 0.7523909720224116
14.902704804034459 0.7210097631630579
14.949130675698118 0.6880747966818577
14.995556547361778 0.6536570465902737
15.041982419025434 0.6178306822605749
15.088408290689092 0.5806729085927244
15.134834162352751 0.5422637996398028
15.181260034016411 0.5026861260504668
15.22768590568007 0.46202517670031323
15.274111777343727 0.42036857489653484
15.320537649007386 0.377806089551919
15.366963520671046 0.334429441735153
15.413389392334706 0.2903321070142509
15.459815263998365 0.24560911401909577
15.506241135662021 0.20035683965717324
15.552667007325681 0.15467280142378356
15.599092878989339 0.10865544725435305
15.645518750652998 0.06240394337162708
15.691944622316658 0.01601796058500725
15.738370493980314 -0.03040254049750035
15.784796365643974 -0.07675752488185439
15.831222237307633 -0.1229470987608138
15.877648108971293 -0.16887172478255494
15.924073980634953 -0.21443243655111843
15.970499852298609 -0.2595310518964612
16.016925723962267 -0.30407038445453677
16.063351595625928 -0.3479544531014152
16.109777467289586 -0.39108868879014835
16.156203338953247 -0.4333801383446723
16.2026292106169 -0.4747376647714977
16.249055082280563 -0.515072143657641
16.29548095394422 -0.5542966552314136
16.34190682560788 -0.5923266716723444
16.38833269727154 -0.6290802392664603
16.434758568935194 -0.6644781550144359
16.481184440598856 -0.698444137312064
16.527610312262514 -0.7309049903351263
16.574036183926175 -0.7617907617745566
16.620462055589833 -0.791034893581857
16.66688792725349 -0.8185743654000092
16.71331379891715 -0.8443498303707246
16.759739670580807 -0.8683057430254107
16.806165542244468 -0.8903904789842378
16.852591413908126 -0.9105564462053529
16.899017285571784 -0.9287601875445238
16.94544315723544 -0.9449624744041687
16.991869028899103 -0.9591283912699838
17.03829490056276 -0.9712274109529813
17.084720772226422 -0.9812334603748082
17.131146643890077 -0.9891249767545574
17.177572515553734 -0.9948849540760164
17.223998387217396 -0.9985009797351925
17.270424258881054 -0.9999652612891586
17.316850130544715 -0.9992746432485706
17.36327600220837 -0.9964306138776647
17.40970187387203 -0.9914393019870855
17.45612774553569 -0.9843114637264578
17.50255361719935 -0.9750624594051559
17.548979488863008 -0.963712220391233
17.595405360526666 -0.9502852061598286
17.641831232190324 -0.9348103515836259
17.68825710385398 -0.9173210045789408
17.734682975517643 -0.8978548542418117
17.7811088471813 -0.8764538496289667
17.827534718844962 -0.853164109358667
17.873960590508617 -0.8280358222262783
17.920386462172278 -0.8011231390486756
17.966812333835936 -0.7724840559706441
18.013238205499597 -0.742180289484644
18.059664077163255 -0.7102771434333655
18.106089948826913 -0.6768433682815995
18.15251582049057 -0.6419510129607523
18.19894169215423 -0.6056752696052353
18.24536756381789 -0.5680943115153345
18.291793435481548 -0.5292891246957558
18.338219307145206 -0.4893433333328369
18.384645178808864 -0.44834301958657313
18.431071050472525 -0.40637653808575563
18.477496922136183 -0.363534325526016
18.52392279379984 -0.3199087057810382
18.5703486654635 -0.27559369094698183
18.616774537127156 -0.23068477874881332
18.663200408790818 -0.18527874674514455
18.709626280454476 -0.13947344377508
18.756052152118137 -0.09336757909644362
18.80247802378179 -0.04706050966988134
18.848903895445453 -0.00065202604710639
18.89532976710911 0.045757862675140905
18.941755638772772 0.09206914437218447
18.98818151043643 0.13818201941495453
19.034607382100084 0.18399711573566024
19.081033253763746 0.2294157029720606
19.127459125427404 0.2743399052288418
19.173884997091065 0.3186729119977096
19.220310868754723 0.3623191867815309
19.26673674041838 0.40518467297306837
19.31316261208204 0.44717699654455284
19.3595884837457 0.4882056651113601
19.406014355409358 0.5281822629407756
19.452440227073016 0.5670206414856588
19.498866098736674 0.6046371050323489
19.54529197040033 0.6409505910627933
19.591717842063993 0.6758828449422055
19.63814371372765 0.709358588555794
19.684569585391312 0.7413056825311949
19.730995457054966 0.7716552816969536
19.777421328718628 0.8003419834421398
19.823847200382286 0.827303968657271
19.870273072045947 0.8524831349529405
19.916698943709605 0.8758252218689643
19.963124815373263 0.8972799278043003
20.00955068703692 0.9168010184157057
20.05597655870058 0.9343464262515677
20.10240243036424 0.9498783414061882
20.148828302027898 0.9633632929991602
20.195254173691556 0.9747722213042674
20.241680045355213 0.9840805403724465
20.288105917018875 0.9912681910138817
20.334531788682533 0.9963196840250439
20.38095766034619 0.9992241335675319
20.42738353200985 0.9999752806267743
20.473809403673506 0.9985715065000461
20.520235275337168 0.9950158362847312
20.566661147000826 0.9893159323593169
20.613087018664487 0.9814840778711608
20.65951289032814 0.9715371502666267
20.705938761991803 0.9594965849206111
20.75236463365546 0.9453883289438679
20.798790505319122 0.9292427852676378
20.84521637698278 0.9110947471261172
20.891642248646434 0.8909833230779204
20.938068120310096 0.8689518527281321
20.984493991973753 0.8450478133325798
21.030919863637415 0.819322717485543
21.077345735301073 0.7918320021114431
21.12377160696473 0.7626349089996757
21.17019747862839 0.7317943571400738
21.21662335029205 0.6993768071340886
21.263049221955708 0.6654521179739007
21.309475093619366 0.6300933964980618
21.355900965283023 0.5933768398481346
21.40232683694668 0.5553815712657967
21.448752708610343 0.5161894695842734
21.495178580274 0.4758849927815551
21.541604451937662 0.4345549959755914
21.588030323601316 0.39228854425375825
21.634456195264978 0.34917672073983175
21.680882066928636 0.305312430312228
21.727307938592297 0.26079019939632425
21.773733810255955 0.215705972262457
21.820159681919613 0.17015690426844624
21.86658555358327 0.12424115249229496
21.91301142524693 0.0780576642061899
21.95943729691059 0.031705963647654024
22.005863168574248 -0.01471406245262882
22.052289040237905 -0.06110238012418831
22.098714911901563 -0.10735902372740451
22.145140783565225 -0.15338431137691474
22.191566655228883 -0.19907905975351614
22.23799252689254 -0.24434479784170612
22.2844183985562 -0.2890839791321913
22.330844270219856 -0.3332001918321267
22.377270141883518 -0.3765983666300699
22.423696013547175 -0.41918498156790557
22.470121885210837 -0.46086826357829924
22.51654775687449 -0.5015583862532839
22.562973628538153 -0.5411676634179126
22.60939950020181 -0.5796107380916822
22.655825371865472 -0.616804766430682
22.70225124352913 -0.6526695962539356
22.748677115192784 -0.6871279397693201
22.795102986856445 -0.7201055401267856
22.841528858520103 -0.7515313314399475
22.887954730183765 -0.7813375919312842
22.934380601847423 -0.8094600898708154
22.98080647351108 -0.8358382219938566
23.02723234517474 -0.8604151440994965
23.0736582168384 -0.883137893548402
23.120084088502058 -0.9039575033959467
23.166509960165715 -0.9228291079147354
