0.0 0.0
0.04268003074169642 0.04266707437100464
0.08536006148339284 0.08525643883565366
0.12804009222508927 0.12769052502130648
0.17072012296678568 0.169892047364976
0.2134001537084821 0.21178414387418362
0.25608018445017855 0.2532905161163613
0.29876021519187496 0.29433556818183737
0.34144024593357136 0.3348445443673116
0.38412027667526777 0.37474366532905484
0.4268003074169642 0.4139602624578569
0.46948033815866064 0.45242291023098413
0.5121603689003571 0.49006155630009296
0.5548403996420535 0.5268076490781691
0.5975204303837499 0.562594262593118
0.6402004611254463 0.5973562183806077
0.6828804918671427 0.6310302041941623
0.7255605226088392 0.6635548893162962
0.7682405533505355 0.6948710362606723
0.810920584092232 0.7249216086618416
0.8536006148339284 0.7536518751560618
0.8962806455756248 0.7810095090639961
0.9389606763173213 0.8069446836937415
0.9816407070590177 0.8314101630906067
1.0243207378007142 0.8543613880683596
1.0670007685424103 0.8757565573652528
1.109680799284107 0.8955567037770191
1.1523608300258033 0.9137257651281709
1.1950408607674998 0.93023064995235
1.2377208915091962 0.9450412977620959
1.2804009222508925 0.9581307337982686
1.3230809529925889 0.9694751181594077
1.3657609837342854 0.9790537892215474
1.4084410144759818 0.9868493012694092
1.4511210452176784 0.9928474562704313
1.4938010759593747 0.9970373297337665
1.536481106701071 0.999411290607151
1.5791611374427674 0.9999650151754041
1.621841168184464 0.9986974949352487
1.6645211989261604 0.9956110384321055
1.7072012296678567 0.9907112670555206
1.7498812604095533 0.9840071048008804
1.7925612911512496 0.9755107620160628
1.835241321892946 0.9652377131626264
1.8779213526346425 0.9532066686320417
1.9206013833763387 0.9394395406682963
1.9632814141180355 0.9239614034589361
2.005961444859732 0.9068004474672365
2.0486414756014284 0.887987928088669
2.0913215063431245 0.8675581087251844
2.1340015370848207 0.8455481983809852
2.1766815678265177 0.8219982838934501
2.219361598568214 0.7969512569226359
2.2620416293099104 0.7704527358323291
2.3047216600516065 0.7425509826049336
2.347401690793303 0.7132968149415078
2.3900817215349996 0.6827435137070552
2.4327617522766958 0.6509467258896292
2.4754417830183923 0.6179643632499986
2.518121813760089 0.5838564968464655
2.560801844501785 0.5486852476269342
2.6034818752434816 0.5125146732874973
2.6461619059851778 0.4754106516036111
2.6888419367268748 0.43744076044633723
2.731521967468571 0.39867415470219475
2.774201998210267 0.35918144032077093
2.8168820289519636 0.3190345457195054
2.85956205969366 0.27830659077985115
2.9022420904353567 0.2370717536734095
2.944922121177053 0.19540513576059446
2.9876021519187494 0.15338262480788298
3.030282182660446 0.11108075677278155
3.072962213402142 0.06857657640823264
3.1156422441438387 0.025947496940348126
3.158322274885535 -0.016728840924956495
3.2010023056272314 -0.059374710409645336
3.243682336368928 -0.10191244022800258
3.286362367110624 -0.14426455605000876
3.3290423978523207 -0.18635392160599995
3.3717224285940173 -0.22810387917561073
3.4144024593357134 -0.26943838920513524
3.4570824900774095 -0.3102821687990157
3.4997625208191065 -0.35056082883322137
3.542442551560803 -0.39020100944079184
3.5851225823024993 -0.4291305136227919
3.6278026130441954 -0.4672784387413203
3.670482643785892 -0.5045753056550881
3.713162674527589 -0.5409531852623709
3.755842705269285 -0.5763458222208605
3.7985227360109812 -0.6106887556190873
3.8412027667526774 -0.6439194363796259
3.883882797494374 -0.6759773411802636
3.926562828236071 -0.7068040826856434
3.969242858977767 -0.7363435158886139
4.011922889719464 -0.7645418403676136
4.05460292046116 -0.7913476982738336
4.097282951202857 -0.8167122678697079
4.139962981944553 -0.8405893524483578
4.182643012686249 -0.8629354644720512
4.225323043427945 -0.8837099047764236
4.268003074169641 -0.9028748366962143
4.310683104911339 -0.9203953549775069
4.353363135653035 -0.9362395493509647
4.3960431663947315 -0.9503785626502793
4.438723197136428 -0.9627866433699714
4.481403227878124 -0.973441192566828
4.524083258619821 -0.9823228050195504
4.566763289361517 -0.9894153045716481
4.609443320103213 -0.9947057735932124
4.65212335084491 -0.998184576507905
4.694803381586606 -0.9998453773423152
4.737483412328303 -0.9996851512657219
4.780163443069999 -0.9977041900992449
4.822843473811695 -0.9939061017843475
4.8655235045533916 -0.9882978038116622
4.908203535295088 -0.9808895106221064
4.950883566036785 -0.971694715003233
4.993563596778482 -0.9607301635147031
5.036243627520178 -0.948015825987633
5.078923658261874 -0.9335748591533701
5.12160368900357 -0.9174335644679417
5.164283719745267 -0.8996213402089875
5.206963750486963 -0.8801706279324287
5.249643781228659 -0.8591168533863817
5.2923238119703555 -0.8364983619899438
5.3350038427120525 -0.8123563489943528
5.3776838734537495 -0.7867347844537267
5.420363904195446 -0.7596803331420278
5.463043934937142 -0.7312422695621114
5.505723965678838 -0.7014723882016545
5.548403996420534 -0.6704249091994138
5.591084027162231 -0.6381563795936239
5.633764057903927 -0.604725570332397
5.676444088645624 -0.5701933692336894
5.71912411938732 -0.5346226700898045
5.7618041501290165 -0.49807825811838846
5.8044841808707135 -0.46062669196856243
5.84716421161241 -0.42233618249709004
5.889844242354106 -0.38327646853535746
5.932524273095802 -0.3435186898734486
5.975204303837499 -0.30313525769263683
6.017884334579196 -0.26219972268228603
6.060564365320892 -0.2207866410813511
6.103244396062588 -0.17897143888846237
6.145924426804284 -0.1368302744879139
6.18860445754598 -0.09443989994174799
6.2312844882876774 -0.05187752120056903
6.273964519029374 -0.009220657487691143
6.31664454977107 0.03345299988728964
6.359324580512767 0.0760657290283373
6.402004611254463 0.11853991900852516
6.44468464199616 0.16079821122348498
6.487364672737856 0.20276364028528568
6.530044703479552 0.2443597742001568
6.572724734221248 0.285510853574727
6.615404764962944 0.32614192959725374
6.658084795704641 0.3661790005425345
6.700764826446338 0.40554914655187696
6.7434448571880345 0.4441806624426613
6.786124887929731 0.4820031883056021
6.828804918671427 0.5189478376518489
6.871484949413124 0.5549473228765371
6.914164980154819 0.5899360778102728
6.956845010896516 0.6238503771353638
6.999525041638213 0.6566284524492755
7.042205072379909 0.6882106047639535
7.084885103121606 0.7185393132361009
7.1275651338633015 0.7475593399303758
7.1702451646049985 0.775217830424721
7.2129251953466955 0.8014644100745663
7.255605226088391 0.8262512757606006
7.298285256830088 0.8495332829530056
7.340965287571784 0.8712680279335643
7.383645318313481 0.8914159250259219
7.426325349055178 0.9099402786933112
7.469005379796873 0.9268073503724479
7.51168541053857 0.9419864199218659
7.554365441280265 0.9554498415727685
7.5970454720219625 0.9671730942805069
7.6397255027636595 0.977134826384965
7.682405533505355 0.9853168944985211
7.725085564247053 0.9917043965507559
7.767765594988748 0.9962856989297175
7.810445625730445 0.9990524576703207
7.853125656472142 0.9999996336512801
7.895805687213837 0.9991255017729055
7.938485717955534 0.9964316540990402
7.981165748697229 0.9919229969574223
8.023845779438927 0.9856077420037463
8.066525810180623 0.9774973912657079
8.10920584092232 0.9676067161942591
8.151885871664016 0.9559537307602411
8.194565902405714 0.9425596586453844
8.23724593314741 0.9274488945874383
8.279925963889106 0.910648959949824
8.322605994630802 0.8921904525967428
8.365286025372498 0.8721069911650245
8.407966056114196 0.8504351538342168
8.45064608685589 0.8272144117064395
8.493326117597588 0.8024870569173193
8.536006148339283 0.7762981256089772
8.57868617908098 0.7486953159053024
8.621366209822678 0.7197289010389676
8.664046240564373 0.6894516377883555
8.70672627130607 0.6579186703911807
8.749406302047765 0.6251874301098367
8.792086332789463 0.5913175306313277
8.834766363531159 0.5563706594923722
8.877446394272855 0.5204104657273508
8.920126425014551 0.48350244394378505
8.962806455756247 0.44571381503644797
9.005486486497945 0.40711340375737415
9.048166517239641 0.36777151336475855
9.090846547981338 0.32775979757902285
9.133526578723034 0.2871511300792902
9.17620660946473 0.24601947177793054
9.218886640206426 0.20443973611491997
9.261566670948124 0.1624876526173522
9.30424670168982 0.12023962897261219
9.346926732431516 0.07777261186639295
9.389606763173212 0.03516394683904799
9.432286793914908 -0.0075087625845027105
9.474966824656606 -0.05016779623473606
9.5176468553983 -0.0927354588499244
9.560326886139999 -0.1351342215831977
9.603006916881695 -0.17728686320646866
9.64568694762339 -0.21911661075413313
9.688366978365089 -0.2605472793503201
9.731047009106783 -0.3015034109650489
9.773727039848481 -0.341910411846601
9.816407070590175 -0.3816946883797312
9.859087101331873 -0.4207837811223729
9.90176713207357 -0.45910649677661325
9.944447162815266 -0.49659303785367154
9.987127193556963 -0.5331751297966542
10.029807224298658 -0.568786145329581
10.072487255040356 -0.6033612258062284
10.115167285782052 -0.6368373993377128
10.157847316523748 -0.6691536954837459
10.200527347265444 -0.7002512562986101
10.24320737800714 -0.7300734435296375
10.285887408748838 -0.7585659417729448
10.328567439490534 -0.7856768573985355
10.37124747023223 -0.8113568130646193
10.413927500973926 -0.8355590376489792
10.456607531715623 -0.8582394514336181
10.499287562457319 -0.8793567463875239
10.541967593199017 -0.8988724614013397
10.584647623940711 -0.9167510523369065
10.627327654682409 -0.9329599567641131
10.670007685424105 -0.9474696532671182
10.712687716165801 -0.9602537152119633
10.755367746907499 -0.9712888588776246
10.798047777649193 -0.9805549858628507
10.840727808390891 -0.9880352196915567
10.883407839132586 -0.9937159365500884
10.926087869874284 -0.9975867901003952
10.96876790061598 -0.9996407303239003
11.011447931357676 -0.9998740163617619
11.054127962099374 -0.9982862233281298
11.096807992841068 -0.9948802430839948
11.139488023582766 -0.9896622789702166
11.182168054324462 -0.9826418345093274
11.224848085066158 -0.9738316960966839
11.267528115807854 -0.9632479097124972
11.31020814654955 -0.9509097516971522
11.352888177291248 -0.936839693643044
11.395568208032945 -0.9210633614668767
11.43824823877464 -0.9036094887369606
11.480928269516337 -0.8845098643405198
11.523608300258033 -0.8637992745863222
11.566288330999729 -0.8415154398480772
11.608968361741427 -0.8176989458639973
11.651648392483123 -0.7923931698176504
11.69432842322482 -0.7656442013347204
11.737008453966515 -0.7375007585395821
11.779688484708212 -0.7080140993245653
11.82236851544991 -0.6772379279935168
11.865048546191604 -0.6452282974497012
11.907728576933302 -0.6120435071061546
11.950408607674998 -0.5777439967044865
11.993088638416694 -0.5423922362354469
12.035768669158392 -0.5060526121618059
12.078448699900086 -0.4687913101507455
12.121128730641784 -0.4306761945293235
12.163808761383478 -0.3917766846826185
12.206488792125176 -0.3521636286195873
12.249168822866872 -0.3119091739370057
12.291848853608569 -0.2710866364164178
12.334528884350265 -0.22977036649348603
12.37720891509196 -0.18803561384290704
12.419888945833659 -0.14595839032553573
12.462568976575355 -0.10361533154734213
12.505249007317051 -0.06108355728231818
12.547929038058747 -0.018440531013582832
12.590609068800443 0.024236081151522
12.63328909954214 0.06686855193537497
12.675969130283837 0.10937923445543055
12.718649161025533 0.1516907036431412
12.76132919176723 0.19372589725890546
12.804009222508926 0.23540825624617506
12.846689253250622 0.276661864169119
12.88936928399232 0.31741158547987713
12.932049314734014 0.35758320236356594
12.974729345475712 0.39710354991183583
13.017409376217408 0.43590064937871914
13.060089406959104 0.4739038392761525
13.102769437700802 0.5110439040703403
13.145449468442497 0.5472532002445912
13.188129499184194 0.5824657794990479
13.230809529925889 0.616617508862866
13.273489560667587 0.6496461875001638
13.316169591409283 0.6814916599969137
13.358849622150979 0.7120959259225262
13.401529652892677 0.7414032454665229
13.444209683634371 0.7693602409579238
13.486889714376069 0.7959159940824678
13.529569745117765 0.8210221386205564
13.572249775859461 0.8446329485370743
13.614929806601157 0.8667054212626012
13.657609837342854 0.8871993560143598
13.700289868084552 0.9060774270142445
13.742969898826248 0.9233052514705765
13.785649929567946 0.9388514521997807
13.828329960309638 0.9526877147739109
13.871009991051336 0.9647888390899685
13.913690021793032 0.9751327852670532
13.95637005253473 0.9837007137877953
13.999050083276426 0.9904770198109242
14.04173011401812 0.9954493615925016
14.084410144759818 0.9986086829640441
14.127090175501515 0.9999492298265993
14.169770206243212 0.999468560630736
14.212450236984909 0.9971675508233593
14.255130267726603 0.9930503912532511
14.297810298468299 0.9871245805382416
14.340490329209997 0.9794009114079125
14.383170359951693 0.9698934510467079
14.425850390693391 0.9586195154732489
14.468530421435085 0.945599638002525
14.511210452176782 0.9308575318483869
14.55389048291848 0.9144200469344725
14.596570513660176 0.8963171209922123
14.639250544401873 0.8765817250349791
14.681930575143568 0.8552498033077077
14.724610605885264 0.8323602078213255
14.767290636626962 0.8079546275912614
14.809970667368658 0.782077512708886
14.852650698110356 0.7547759933841757
14.895330728852048 0.7260997941070695
14.938010759593746 0.6961011430838132
14.980690790335442 0.6648346771133058
15.02337082107714 0.6323573420766124
15.066050851818837 0.5987282892209583
15.10873088256053 0.56400876742705
15.151410913302229 0.5282620116559648
15.194090944043925 0.49155312777879
15.236770974785623 0.45394897399872897
15.279451005527319 0.41551803908169876
15.322131036269013 0.37633031761714786
15.36481106701071 0.3364571825363132
15.407491097752407 0.29597125512009836
15.450171128494105 0.25494627273331416
15.492851159235801 0.2134569545261858
15.535531189977496 0.17157886534772535
15.578211220719192 0.12938827811882647
15.62089125146089 0.08696203491575008
15.663571282202586 0.04437740701699567
15.706251312944284 0.001711954168452449
15.748931343685978 -0.04095661667681132
15.791611374427674 -0.083550592886904
15.834291405169372 -0.12599239768977372
15.876971435911068 -0.16820473146444653
15.919651466652766 -0.21011071252749577
15.962331497394459 -0.25163401715829026
16.005011528136155 -0.2926990186080632
16.047691558877855 -0.33323092483953054
16.09037158961955 -0.3731559147462681
16.133051620361247 -0.41240127260373893
16.175731651102943 -0.4508955205070491
16.21841168184464 -0.48856854855426846
16.261091712586335 -0.525351742538193
16.30377174332803 -0.5611781089139852
16.34645177406973 -0.5959823968150919
16.389131804811427 -0.629701216895192
16.43181183555312 -0.6622731567797678
16.47449186629482 -0.6936388929169889
16.517171897036516 -0.7237412986241784
16.55985192777821 -0.7525255481331541
16.602531958519908 -0.7799392164448546
16.645211989261604 -0.8059323748114394
16.6878920200033 -0.8304576816719429
16.730572050744996 -0.8534704688758633
16.773252081486692 -0.8749288230376461
16.815932112228392 -0.8947936618738918
16.858612142970085 -0.9130288053842444
16.90129217371178 -0.9296010417463499
16.94397220445348 -0.9444801878048176
16.986652235195177 -0.9576391440440604
17.029332265936873 -0.9690539439448803
17.072012296678565 -0.9787037976348884
17.114692327420265 -0.986571129753281
17.15737235816196 -0.9926416114609873
17.200052388903657 -0.9969041865379135
17.242732419645357 -0.9993510915197268
17.28541245038705 -0.9999778698375199
17.328092481128746 -0.9987833799345988
17.37077251187044 -0.9957697973456083
17.41345254261214 -0.9909426107342129
17.456132573353838 -0.9843106118965479
17.49881260409553 -0.975885879748645
17.54149263483723 -0.9656837583269972
17.584172665578926 -0.9537228288423408
17.626852696320622 -0.9400248758375312
17.669532727062318 -0.9246148475111727
17.712212757804014 -0.9075208102792507
17.75489278854571 -0.8887738976575291
17.797572819287407 -0.8684082535578128
17.840252850029103 -0.8464609701013495
17.882932880770802 -0.8229720200626315
17.925612911512495 -0.7979841840666506
17.96829294225419 -0.7715429726721605
18.01097297299589 -0.7436965434829268
18.053653003737587 -0.7144956134378705
18.096333034479283 -0.6839933664398645
18.13901306522098 -0.6522453564914454
18.181693095962675 -0.6193094065138343
18.22437312670437 -0.5852455030335555
18.267053157446068 -0.5501156869284661
18.309733188187767 -0.5139839404321721
18.35241321892946 -0.47691607060265595
18.395093249671156 -0.4389795894672908
18.437773280412852 -0.40024359106263957
18.48045331115455 -0.3607786255928784
18.523133341896248 -0.32065657093612465
18.56581337263794 -0.2799505017326283
18.60849340337964 -0.2387345562933025
18.651173434121336 -0.19708380157101668
18.693853464863032 -0.15507409644048112
18.73653349560473 -0.11278195353584868
18.779213526346425 -0.07028439989759838
18.82189355708812 -0.02765883668252988
18.864573587829817 0.015017101807623475
18.907253618571517 0.057665689522213806
18.949933649313213 0.10020925022478336
18.992613680054905 0.142570298965474
19.0352937107966 0.184671683205027
19.0779737415383 0.22643672333334647
19.120653772279997 0.2677893523267273
19.163333803021693 0.3086542542893913
19.20601383376339 0.3489570016269566
19.248693864505086 0.388624190602053
19.29137389524678 0.42758357502517536
19.334053925988478 0.46576419783728384
19.376733956730178 0.5030965203445042
19.41941398747187 0.5395125488695284
19.462094018213566 0.574945958589109
19.504774048955262 0.6093322143319955
19.547454079696962 0.6426086881174092
19.590134110438658 0.6747147732199051
19.63281414118035 0.7055919945529318
19.67549417192205 0.735184115170006
19.718174202663747 0.7634372386895212
19.760854233405443 0.7902999074567116
19.80353426414714 0.8157231962639051
19.846214294888835 0.8396608014584238
19.88889432563053 0.8620691252758214
19.931574356372227 0.882907355244863
19.974254387113927 0.9021375385196291
20.016934417855623 0.9197246510033505
20.059614448597316 0.9356366611381035
20.10229447933901 0.9498445882441573
20.14497451008071 0.9623225553027286
20.187654540822408 0.9730478360860171
20.230334571564104 0.9820008965486835
20.2730146023058 0.9891654304053684
20.315694633047496 0.9945283888294696
20.358374663789192 0.9980800042190817
20.401054694530888 0.9998138079868125
20.443734725272588 0.9997266423410763
20.48641475601428 0.9978186660374073
20.529094786755977 0.9940933540893155
20.571774817497676 0.9885574914392157
20.614454848239372 0.9812211606009553
20.65713487898107 0.9720977232964434
20.69981490972276 0.9612037961198352
20.74249494046446 0.9485592202735824
20.785174971206157 0.9341870254314917
20.827855001947853 0.9181133877945732
20.87053503268955 0.9003675824161083
20.913215063431245 0.8809819298827434
20.95589509417294 0.8599917374487307
20.998575124914638 0.8374352347305245
21.041255155656337 0.8133535040788531
21.083935186398033 0.7877904057550907
21.126615217139726 0.7607924980481805
21.169295247881422 0.7324089524776238
21.21197527862312 0.7026914642369825
21.254655309364818 0.6716941580409821
21.297335340106514 0.6394734895476957
