0.0 0.0
0.12007562631300239 0.11978728940315699
0.24015125262600479 0.23784954112700504
0.36022687893900723 0.3524865594851534
0.48030250525200957 0.4620474750314633
0.600378131565012 0.5649545184680516
0.7204537578780145 0.6597257418496989
0.8405293841910169 0.744996359880218
0.9606050105040191 0.8195384039681705
1.0806806368170216 0.8822784060070061
1.200756263130024 0.9323128572183212
1.3208318894430264 0.9689212194378991
1.440907515756029 0.991576301471071
1.5609831420690312 0.9999518510891593
1.6810587683820337 0.9939272533358682
1.801134394695036 0.973589267484063
1.9212100210080383 0.939230777629297
2.041285647321041 0.8913465749125911
2.1613612736340433 0.8306262321120055
2.2814368999470456 0.7579441732148716
2.401512526260048 0.6743470809771983
2.52158815257305 0.5810388238119797
2.641663778886053 0.47936311907188806
2.761739405199055 0.3707841823896583
2.881815031512058 0.2568656417419254
3.0018906578250597 0.1392480198917347
3.1219662841380624 0.019625109481469304
3.2420419104510647 -0.10028041900526082
3.3621175367640674 -0.21874182514693394
3.4821931630770697 -0.33405316509795013
3.602268789390072 -0.44455385861429386
3.7223444157030743 -0.5486526028051892
3.8424200420160766 -0.6448502882326251
3.9624956683290793 -0.7317615873476485
4.082571294642082 -0.8081349043717911
4.202646920955083 -0.8728703993285666
4.322722547268087 -0.9250358266638319
4.442798173581089 -0.9638799603655523
4.562873799894091 -0.9888434122499785
4.682949426207093 -0.9995666876217981
4.803025052520096 -0.9958953622999971
4.923100678833099 -0.9778823064558986
5.0431763051461 -0.9457869232382461
5.1632519314591026 -0.900071413149765
5.283327557772106 -0.8413941179713266
5.403403184085108 -0.7706000400867996
5.52347881039811 -0.688708673738279
5.643554436711113 -0.5968993234518559
5.763630063024116 -0.49649412106093205
5.883705689337118 -0.38893898589623244
6.003781315650119 -0.2757828023317731
6.123856941963123 -0.15865511454764003
6.243932568276125 -0.03924265972375425
6.364008194589128 0.08073492239366303
6.484083820902129 0.19954985375022513
6.604159447215132 0.31549109944001275
6.724235073528135 0.4268890080467744
6.844310699841136 0.5321393560280905
6.964386326154139 0.6297264498831531
7.084461952467142 0.718244953413495
7.204537578780144 0.7964201257458017
7.324613205093146 0.8631261786722286
7.444688831406149 0.9174024889471093
7.564764457719152 0.9584674320693427
7.684840084032153 0.9857296383323632
7.804915710345155 0.9987965090451157
7.924991336658159 0.9974798702832842
8.04506696297116 0.9817986827520111
8.165142589284164 0.9519787687358019
8.285218215597165 0.9084495600677676
8.405293841910167 0.8518379139501786
8.52536946822317 0.7829590856837183
8.645445094536173 0.7028049883057247
8.765520720849176 0.6125299082084936
8.885596347162178 0.5134338824447576
9.00567197347518 0.4069439771011093
9.125747599788182 0.29459373634654096
9.245823226101184 0.17800109810708065
9.365898852414187 0.0588450943993539
9.48597447872719 -0.061158328142100156
9.606050105040191 -0.18028101933906404
9.726125731353193 -0.2968075122851649
9.846201357666198 -0.40905972751161335
9.9662769839792 -0.5154211387423987
10.0863526102922 -0.6143600522317875
10.206428236605204 -0.7044516644420312
10.326503862918205 -0.7843985804122203
10.44657948923121 -0.8530494973365239
10.566655115544211 -0.9094157842925453
10.686730741857213 -0.9526857193578164
10.806806368170216 -0.9822361790879324
10.926881994483217 -0.997641612018047
11.04695762079622 -0.9986801669617543
11.167033247109224 -0.9853368878546931
11.287108873422225 -0.9578039291344499
11.407184499735227 -0.9164777885551011
11.527260126048231 -0.8619535972861956
11.647335752361233 -0.7950165495235594
11.767411378674236 -0.7166305950327082
11.887487004987237 -0.6279245574617879
12.007562631300239 -0.5301758783319677
12.127638257613244 -0.42479222080551954
12.247713883926245 -0.3132911981527915
12.367789510239247 -0.19727851884515332
12.48786513655225 -0.07842486300300992
12.607940762865251 0.04155817680256304
12.728016389178256 0.16094274392188876
12.848092015491257 0.2780096002151297
12.968167641804259 0.39107288452698424
13.088243268117262 0.49850439050470857
13.208318894430263 0.598757014138518
13.328394520743267 0.6903870333600762
13.44847014705627 0.7720748988540864
13.568545773369271 0.8426442366778565
13.688621399682273 0.9010787890351186
13.808697025995276 0.9465370492427182
13.928772652308279 0.9783643801343517
14.048848278621282 0.9961024413861543
14.168923904934283 0.9994957900027159
14.288999531247285 0.9884955589109795
14.409075157560288 0.9632601606871777
14.529150783873291 0.9241530062825504
14.649226410186293 0.8717372716001065
14.769302036499296 0.8067677872881246
14.889377662812297 0.7301801685441943
15.009453289125299 0.6430773414697408
15.129528915438303 0.5467136600068733
15.249604541751305 0.4424768421870229
15.369680168064306 0.3318679858245413
15.48975579437731 0.2164799514461257
15.60983142069031 0.09797442376003127
15.729907047003316 -0.02194201800081312
15.849982673316317 -0.1415424762545551
15.970058299629319 -0.2591046038475203
16.09013392594232 -0.3729354073012868
16.21020955225532 -0.4813956273421643
16.330285178568328 -0.5829233456129735
16.450360804881328 -0.6760564776105467
16.57043643119433 -0.7594538279318712
16.690512057507334 -0.8319144046154797
16.810587683820334 -0.8923947144354493
16.93066331013334 -0.940023790081183
17.05073893644634 -0.9741157328189372
17.170814562759343 -0.9941795900102803
17.290890189072346 -0.999926425242844
17.410965815385346 -0.9912734792575927
17.531041441698353 -0.9683453617517301
17.651117068011352 -0.9314722568943
17.771192694324355 -0.8811851683965374
17.89126832063736 -0.8182082726119911
18.01134394695036 -0.7434484897881752
18.13141957326336 -0.6579824236524975
18.251495199576365 -0.5630408574134367
18.371570825889368 -0.4599910294475436
18.491646452202367 -0.35031694391730983
18.61172207851537 -0.23559799986352906
18.731797704828374 -0.11748624653123979
18.851873331141377 0.002317407528386822
18.97194895745438 0.12208768897122997
19.09202458376738 0.2400998050469053
19.212100210080383 0.35465428206451455
19.332175836393386 0.4641014392426164
19.452251462706386 0.5668651454994698
19.572327089019392 0.661465517065764
19.692402715332396 0.7465402290550889
19.812478341645395 0.8208641340877095
19.9325539679584 0.8833669054428781
20.052629594271398 0.9331484506634857
20.1727052205844 0.9694918736442167
20.292780846897408 0.9918737985381901
20.412856473210407 0.9999719068091897
20.53293209952341 0.9936695788895799
20.65300772583641 0.9730575736001245
20.773083352149413 0.9384327211466612
20.89315897846242 0.8902936485155774
21.01323460477542 0.829333598825988
21.133310231088423 0.7564304480459568
21.253385857401422 0.6726340628404947
21.373461483714426 0.5791511816088839
21.493537110027432 0.4773280364371687
21.613612736340432 0.36863096622426933
21.733688362653435 0.2546253001689754
21.853763988966435 0.13695281571345783
21.973839615279438 0.01730809556773726
22.09391524159244 -0.10258587570604699
22.213990867905444 -0.2210025241199555
22.334066494218447 -0.3362365503772993
22.454142120531447 -0.4466284876162502
22.57421774684445 -0.5505885991278706
22.694293373157453 -0.646619771901284
22.814368999470453 -0.7333390763097489
22.93444462578346 -0.80949768146
23.054520252096463 -0.8739988394070487
23.174595878409463 -0.9259136792467115
23.294671504722466 -0.9644945836375782
23.414747131035465 -0.9891859551192843
23.534822757348472 -0.9996322171830717
23.654898383661475 -0.995682934872461
23.774974009974475 -0.9773949811731096
23.895049636287478 -0.9450317179939973
24.015125262600478 -0.8990592035345186
24.135200888913484 -0.8401394806545609
24.255276515226488 -0.7691210429007209
24.375352141539487 -0.6870266154858455
24.49542776785249 -0.595038427186101
24.61550339416549 -0.49448118525264634
24.735579020478493 -0.3868029985134398
24.8556546467915 -0.273554523388626
24.9757302731045 -0.15636663313436747
25.095805899417503 -0.03692693189675793
25.215881525730502 0.08304454820670747
25.335957152043505 0.20182011699578295
25.456032778356512 0.31768930641861254
25.57610840466951 0.4289835027297606
25.696184030982515 0.5340999759310737
25.816259657295515 0.6315249604311227
25.936335283608518 0.719855454542455
26.05641090992152 0.7978194248854561
26.176486536234524 0.8642941247384969
26.296562162547527 0.9183222625346792
26.416637788860527 0.9591257876652463
26.53671341517353 0.9861170950625047
26.656789041486533 0.998907487206824
26.776864667799533 0.9973127716977251
26.89694029411254 0.9813559137793053
27.01701592042554 0.9512667056214184
27.137091546738542 0.9074784571192236
27.257167173051545 0.8506217558663935
27.377242799364545 0.7815153861635942
27.497318425677552 0.7011545378361461
27.61739405199055 0.6106964746638539
27.737469678303555 0.5114438688095663
27.857545304616558 0.40482604124482896
27.977620930929557 0.2923783783261747
28.097696557242564 0.17572022094068915
28.217772183555564 0.05653154463580342
28.337847809868567 -0.06347123344108672
28.45792343618157 -0.18255997239259364
28.57799906249457 -0.29901969425321934
28.698074688807573 -0.41117328111394713
28.818150315120576 -0.5174056270301582
28.93822594143358 -0.616186896905158
29.058301567746582 -0.7060945574017837
29.178377194059582 -0.7858338626184608
29.298452820372585 -0.8542564995187605
29.418528446685585 -0.9103771246045598
29.53860407299859 -0.9533875536908653
29.658679699311595 -0.982668400437546
29.778755325624594 -0.9977979960333981
29.898830951937597 -0.9985584615815414
30.018906578250597 -0.9849388457387163
30.138982204563604 -0.9571352824238339
30.259057830876607 -0.915548166324648
30.379133457189607 -0.8607763868776126
30.49920908350261 -0.7936087037564739
30.61928470981561 -0.7150123880698246
30.739360336128613 -0.6261192928438857
30.85943596244162 -0.5282095533873288
30.97951158875462 -0.42269315226655546
31.099587215067622 -0.31108961437126204
31.21966284138062 -0.195006124478511
31.339738467693625 -0.07611438244066233
31.45981409400663 0.043873470697972636
31.57988972031963 0.16322950897165825
31.699965346632634 0.2802349050799376
31.820040972945634 0.3932046829458351
31.940116599258637 0.50051198278805
32.06019222557164 0.6006114892695756
32.18026785188464 0.6920616853377999
32.30034347819765 0.7735456112820228
32.42041910451064 0.84388983006053
32.54049473082365 0.9020813257805858
32.660570357136656 0.9472820919789503
32.78064598344965 0.9788411996195463
32.900721609762655 0.9963041710188382
33.02079723607566 0.9994195247065727
33.14087286238866 0.9881423969703937
33.260948488701665 0.9626351879310171
33.38102411501467 0.9232652228439533
33.50109974132767 0.8705994623069973
33.62117536764067 0.8053963375509491
33.74125099395368 0.7285948283922131
33.86132662026668 0.6413009411340309
33.98140224657968 0.544771781145797
34.10147787289268 0.4403974494888181
34.22155349920568 0.32968102429232415
34.341629125518686 0.21421691516466312
34.46170475183169 0.09566790235443628
34.58178037814469 -0.024258808683074274
34.701856004457696 -0.14383617247980532
34.82193163077069 -0.2613421744616698
34.942007257083695 -0.3750846294062458
35.062082883396705 -0.48342555033265894
35.1821585097097 -0.5848047368912519
35.302234136022705 -0.677762243560422
35.42230976233571 -0.7609594040895293
35.54238538864871 -0.8331981094184279
35.662461014961714 -0.893438061455244
35.78253664127472 -0.9408117542435354
35.90261226758772 -0.9746369667774262
36.02268789390072 -0.994426587557671
36.14276352021372 -0.9998956294067908
36.26283914652672 -0.990965333524026
36.382914772839726 -0.9677643036782898
36.50299039915273 -0.9306266542057701
36.62306602546573 -0.8800871984825791
36.743141651778735 -0.8168737471624905
36.86321727809174 -0.7418966270916132
36.983292904404735 -0.6562355718364501
37.103368530717745 -0.5611241726127209
37.22344415703074 -0.45793211353476587
37.343519783343744 -0.34814544701265127
37.46359540965675 -0.23334519334811935
37.58367103596975 -0.11518457271296184
37.703746662282754 0.004634802611403333
37.82382228859576 0.12438743288142537
37.94389791490876 0.24234877953845235
38.06397354122176 0.3568201000138922
38.18404916753476 0.4661529110504225
38.30412479384776 0.568772728246894
38.424200420160766 0.6632017399574256
38.54427604647377 0.7480800890216107
38.66435167278677 0.8221854558509288
38.784427299099775 0.8844506608584929
38.90450292541277 0.9339790327423357
39.024578551725774 0.9700573213060513
39.144654178038785 0.9921659688612754
39.26472980435179 0.9999865922952286
39.38480543066479 0.993406568055226
39.50488105697779 0.9725206540225213
39.62495668329079 0.9376296249191444
39.74503230960379 0.8892359408990328
39.8651079359168 0.828036511699365
39.9851835622298 0.7549126605544143
40.105259188542796 0.6709174324000027
40.2253348148558 0.5772604291410509
40.3454104411688 0.4752903903671964
40.46548606748181 0.366475770368716
40.585561693794816 0.2523835911601647
40.70563732010781 0.13465687604585078
40.825712946420815 0.01499098870286944
40.94578857273382 -0.10489078148119958
41.06586419904682 -0.22326203622436688
41.185939825359824 -0.33841812993696724
41.30601545167282 -0.4487007180513357
41.426091077985824 -0.5525216385778713
41.54616670429883 -0.648385782972905
41.66624233061184 -0.7349126269587815
41.78631795692484 -0.8108561112341154
41.906393583237836 -0.8751225857753904
42.02646920955084 -0.9267865593167842
42.14654483586384 -0.9651040272024918
42.266620462176846 -0.9895231856793111
42.38669608848985 -0.9996923783346175
42.506771714802845 -0.995465160244364
42.62684734111585 -0.9769024069031094
42.74692296742885 -0.9442714375657169
42.866998593741855 -0.898042165625334
42.987074220054865 -0.8388803314654445
43.107149846367854 -0.7676379152386444
43.227225472680864 -0.6853408676360758
43.34730109899387 -0.5931743353349845
43.46737672530687 -0.49246559389008293
43.58745235161987 -0.3846649338496741
43.70752797793287 -0.27132477535241756
43.82760360424587 -0.15407731197209876
43.947679230558876 -0.03461100575792995
44.06775485687188 0.08535372803856993
44.18783048318488 0.20408929638964032
44.30790610949788 0.3198858072833565
44.42798173581089 0.4310756936062374
44.54805736212389 0.5360577275116295
44.668132988436895 0.6333200794470084
44.7882086147499 0.7214620897705816
44.908284241062894 0.7992144394277456
45.0283598673759 0.8654574292126783
45.1484354936889 0.9192371043782689
45.268511120001904 0.9597789923865386
45.38858674631491 0.9864992559643257
45.5086623726279 0.9990131008508831
45.628737998940906 0.9971403171587535
45.748813625253916 0.9809078745476554
45.86888925156692 0.9505495338387169
45.98896487787992 0.9065024806621087
46.109040504192926 0.849401029616406
46.22911613050592 0.780067489605069
46.349191756818925 0.6995003218968548
46.46926738313193 0.6088597614441096
46.58934300944493 0.5094511085239636
46.709418635757935 0.40270593131690624
46.82949426207093 0.29016145012139294
46.949569888383934 0.17343840008909348
47.069645514696944 0.0542176912760978
47.18972114100995 -0.06578379787512553
47.30979676732295 -0.18483794502881265
47.42987239363595 -0.30123027037043404
47.54994801994895 -0.41328462655751763
47.67002364626195 -0.5193873366505704
47.790099272574956 -0.6180104324177432
47.91017489888796 -0.7077336583620121
48.030250525200955 -0.7872649245944185
48.15032615151396 -0.8554589140148221
48.27040177782697 -0.911333575841049
48.39047740413997 -0.9540842679658278
48.510553030452975 -0.983095344479657
48.63062865676597 -0.9979490214894952
48.750704283078974 -0.9984313935580816
48.87077990939198 -0.9845355141220702
48.99085553570498 -0.956461495528386
49.110931162017984 -0.9146136272481825
49.23100678833098 -0.8595945537685521
49.35108241464398 -0.7921965960052207
49.471158040956986 -0.7133903412152328
49.59123366727 -0.6243106657244039
49.711309293583 -0.5262403917540998
49.831384919895996 -0.4205918137026832
49.951460546209 -0.30888635991877655
50.071536172522 -0.19273268285392442
50.191611798835005 -0.07380349311478211
50.31168742514801 0.04618852897595577
50.431763051461004 0.16551539741614182
50.55183867777401 0.2824587049754498
50.67191430408701 0.39533436970421026
50.791989930400014 0.5025168871294168
50.912065556713024 0.6024627388857885
51.03214118302602 0.6937326206779243
51.15221680933902 0.7750121694723178
51.27229243565203 0.8451308914300409
51.39236806196503 0.9030790180021542
51.51244368827803 0.9480220474457737
51.63251931459103 0.9793127623507801
51.75259494090403 0.9965005501146834
51.872670567217035 0.9993378921429423
51.99274619353004 0.987783928324837
52.11282181984304 0.9620050454534147
52.23289744615604 0.9223724811157817
52.35297307246905 0.869456977559715
52.47304869878205 0.8040205625254664
52.593124325095054 0.7270055754055967
52.71319995140806 0.6395210967654582
52.833275577721054 0.5428269766505905
52.95335120403406 0.4383156916868153
53.07342683034706 0.32749229224612453
53.19350245666006 0.21195272845592197
53.313578082973066 0.09336086717538843
53.43365370928606 -0.026575469086189383
53.553729335599066 -0.14612909624944334
53.673804961912076 -0.2635783415677719
53.79388058822508 -0.3772318371623986
53.91395621453808 -0.48545287714188956
54.03403184085108 -0.5866829875430264
54.15410746716408 -0.679464369666204
54.274183093477085 -0.7624608936023226
54.39425871979009 -0.8344773396268615
54.51433434610309 -0.8944766103687958
54.63440997241609 -0.9415946658846817
54.75448559872909 -0.9751529665602995
54.87456122504209 -0.9946682446515689
54.994636851355104 -0.9998594637463848
55.11471247766811 -0.9906518659252316
55.2347881039811 -0.9671780483380813
55.354863730294106 -0.9297760536939432
55.47493935660711 -0.8789845021616519
55.59501498292011 -0.8155348347865832
55.715090609233116 -0.7403407801246376
55.83516623554611 -0.6544851957828185
55.955241861859115 -0.559204474359251
56.07531748817212 -0.45587073835029424
56.19539311448513 -0.3459720804329473
56.31546874079813 -0.23109113367920855
56.43554436711113 -0.11288228030919815
56.55561999342413 0.006952172803746056
56.675695619737134 0.1266865087832341
56.79577124605014 0.24459645252377876
56.91584687236314 0.3589840017020027
57.035922498676136 0.46820187943769453
57.15599812498914 0.570677256465868
57.27607375130214 0.6649344012005045
57.396149377615146 0.7496159315101485
57.516225003928156 0.8235023621618257
57.63630063024115 0.8855296664336667
57.756376256554155 0.9348045989943299
57.87645188286716 0.9706175593867338
57.99652750918016 0.9924528108712601
58.116603135493165 0.999995907468409
58.23667876180616 0.9931382222452776
58.356754388119164 0.971978511634719
58.47683001443217 0.9368214932596829
58.59690564074517 0.8881734577432501
58.71698126705817 0.8267349776979935
58.83705689337117 0.7533908188913514
58.95713251968418 0.6691971988746797
59.07720814599718 0.5753665765625385
59.197283772310186 0.47325019180489364
59.31735939862319 0.3643186063972362
59.437435024936185 0.25014052675434667
59.55751065124919 0.13236021321899494
59.67758627756219 0.01267380133062281
59.797661903875195 -0.10719512395248704
59.9177375301882 -0.22552034932571846
