0.0 0.0
0.1348867813302397 0.13447812161438458
0.2697735626604794 0.2665131961348393
0.40466034399071915 0.39370655899621687
0.5395471253209588 0.5137475043991255
0.6744339066511985 0.6244552636110864
0.8093206879814383 0.7238186227173644
0.944207469311678 0.8100324600907869
1.0790942506419177 0.8815305398089363
1.2139810319721573 0.9370139652648398
1.348867813302397 0.9754747760579947
1.483754594632637 0.9962142594839816
1.6186413759628766 0.998855643960143
1.7535281572931163 0.98335094378746
1.888414938623356 0.9499818309007007
2.0233017199535954 0.8993545177698666
2.1581885012838353 0.83238874441462
2.2930752826140752 0.7503010696032146
2.4279620639443147 0.6545827697826148
2.5628488452745546 0.5469727472471511
2.697735626604794 0.4294259397196074
2.832622407935034 0.3040778052438898
2.967509189265274 0.1732055275877681
3.1023959705955133 0.03918664693224404
3.237282751925753 -0.09554413260139828
3.3721695332559927 -0.22853917391463865
3.5070563145862326 -0.3573823728465418
3.641943095916472 -0.47973305123366694
3.776829877246712 -0.5933684797153898
3.911716658576952 -0.6962242577781765
4.046603439907191 -0.7864318174596427
4.181490221237431 -0.8623523693873281
4.316377002567671 -0.9226066744587669
4.45126378389791 -0.9661001003045128
4.5861505652281505 -0.9920425073364908
4.72103734655839 -0.9999626031143529
4.855924127888629 -0.9897165042558699
4.990810909218869 -0.9614903503482088
5.125697690549109 -0.9157969223735033
5.260584471879349 -0.8534663270813513
5.395471253209588 -0.7756309165440701
5.530358034539828 -0.6837047168592514
5.665244815870068 -0.5793577397157865
5.800131597200307 -0.46448564350189736
5.935018378530548 -0.34117529511801237
6.069905159860786 -0.2116668581286919
6.204791941191027 -0.07831309599335545
6.339678722521266 0.05646337029107459
6.474565503851506 0.19021407364063464
6.609452285181746 0.32050918187737065
6.744339066511985 0.444981640184413
6.879225847842226 0.5613701730926322
7.014112629172465 0.6675603647872108
7.1489994105027055 0.7616230714333844
7.283886191832944 0.8418494676894495
7.4187729731631835 0.9067820907214766
7.553659754493424 0.9552413177469989
7.688546535823663 0.9863467960934951
7.823433317153904 0.9995334364544863
7.958320098484143 0.9945616787957758
8.093206879814382 0.9715218444124122
8.228093661144623 0.9308324950730983
8.362980442474862 0.8732328290612731
8.497867223805102 0.7997692522530165
8.632754005135341 0.7117763681933256
8.76764078646558 0.6108527325216443
8.90252756779582 0.49883181221294703
9.03741434912606 0.37774867721418204
9.172301130456301 0.24980302958492046
9.30718791178654 0.11731924178716324
9.44207469311678 -0.01729586989636367
9.57696147444702 -0.15159676969040223
9.711848255777259 -0.2831436300675066
9.8467350371075 -0.4095466557873685
9.981621818437738 -0.5285094990058753
10.116508599767977 -0.6378709767371186
10.251395381098218 -0.7356443327924198
10.386282162428458 -0.8200533309297233
10.521168943758697 -0.8895645235136436
10.656055725088937 -0.9429151094654692
10.790942506419176 -0.9791358754112743
10.925829287749416 -0.9975688032591827
11.060716069079657 -0.9978790243311458
11.195602850409896 -0.9800609028800306
11.330489631740136 -0.944438138473528
11.465376413070375 -0.8916578853848853
11.600263194400615 -0.8226789958227532
11.735149975730856 -0.7387546005839037
11.870036757061095 -0.6414093435839202
12.004923538391335 -0.5324116838432479
12.139810319721573 -0.4137417681149654
12.274697101051812 -0.2875554578081707
12.409583882382053 -0.15614516372536383
12.544470663712293 -0.02189820012419411
12.679357445042532 0.11274658531991534
12.814244226372772 0.24534311775223624
12.949131007703013 0.37348253267247
13.084017789033252 0.4948369374726512
13.218904570363492 0.6072017019689008
13.353791351693731 0.7085355096402323
13.48867813302397 0.7969974419686269
13.623564914354212 0.8709804221738343
13.758451695684451 0.929140410774777
13.89333847701469 0.9704208225854883
14.02822525834493 0.9940717215650741
14.163112039675168 0.9996634448112922
14.297998821005411 0.9870944081923687
14.43288560233565 0.9565929518131236
14.567772383665888 0.9087131917890519
14.702659164996128 0.8443249536886583
14.837545946326367 0.7645979705219382
14.972432727656608 0.670980632348143
15.107319508986848 0.5651736735560462
15.242206290317087 0.44909927583655257
15.377093071647327 0.3248661481500788
15.511979852977566 0.19473121807652197
15.646866634307807 0.061058630496239434
15.781753415638047 -0.0737232015321525
15.916640196968286 -0.20716571344589568
16.051526978298526 -0.3368446719420266
16.186413759628763 -0.46040421571838874
16.321300540959005 -0.5755996541091273
16.456187322289246 -0.6803382460972169
16.591074103619484 -0.772717218876886
16.725960884949725 -0.8510583352874752
16.860847666279962 -0.9139383821364958
16.995734447610204 -0.9602150255344197
17.130621228940445 -0.9890475635305267
17.265508010270683 -0.9999121990393399
17.400394791600924 -0.9926115555962889
17.53528157293116 -0.9672782630710751
17.670168354261403 -0.9243725481975362
17.80505513559164 -0.8646738736925568
17.93994191692188 -0.7892667778550777
18.07482869825212 -0.699521171895461
18.20971547958236 -0.5970674529310959
18.344602260912602 -0.48376688476737795
18.47948904224284 -0.3616777845526325
18.61437582357308 -0.23301812958977394
18.74926260490332 -0.10012526362208597
18.88414938623356 0.03458656539613287
19.0190361675638 0.16867006463798606
19.15392294889404 0.29968935606446795
19.28880973022428 0.42526422871393865
19.423696511554517 0.5431133796947838
19.558583292884755 0.6510958583276729
19.693470074215 0.7472499605268275
19.828356855545238 0.8298288668309968
19.963243636875475 0.8973323766525785
20.098130418205717 0.9485341622326795
20.233017199535954 0.9825040471830205
20.367903980866195 0.9986249048832075
20.502790762196437 0.996603869742292
20.637677543526674 0.9764776576510713
20.772564324856916 0.9386118989691229
20.907451106187153 0.8836944961641275
21.042337887517395 0.8127231267743934
21.177224668847636 0.7269871187267127
21.312111450177873 0.6280440272783415
21.446998231508115 0.5176913391068511
21.581885012838352 0.39793381759612156
21.716771794168594 0.27094708255248195
21.85165857549883 0.13903808599379644
21.986545356829073 0.004603202042757273
22.121432138159314 -0.1299153076998852
22.25631891948955 -0.26207366241415975
22.391205700819793 -0.38947095791917535
22.52609248215003 -0.5097927835968882
22.66097926348027 -0.620853267998258
22.795866044810513 -0.7206347892944669
22.93075282614075 -0.8073246291585148
23.06563960747099 -0.8793479041907082
23.20052638880123 -0.935396176626964
23.33541317013147 -0.9744512245628489
23.470299951461712 -0.9958035398626318
23.60518673279195 -0.9990652177042079
23.74007351412219 -0.9841770035971329
23.874960295452425 -0.9514093698514873
24.00984707678267 -0.901357601941485
24.14473385811291 -0.8349309840292719
24.279620639443145 -0.7533362801140944
24.414507420773386 -0.6580558109027399
24.549394202103624 -0.550820524676026
24.684280983433865 -0.4335785513694183
24.819167764764106 -0.3084598111419371
24.954054546094344 -0.17773732038494677
25.088941327424585 -0.04378589811971521
25.223828108754823 0.0909609770405437
25.358714890085064 0.22405537559009664
25.493601671415306 0.3530793883576087
25.628488452745543 0.47568905235746406
25.763375234075784 0.5896569332700443
25.898262015406026 0.6929125909603834
26.033148796736263 0.783580192903278
26.168035578066505 0.8600125921964632
26.302922359396742 0.9208212510708642
26.437809140726984 0.9649014662813354
26.572695922057225 0.9914524381113344
26.707582703387462 0.9999918184004943
26.842469484717704 0.9903644733028861
26.97735626604794 0.9627453015840539
27.112243047378183 0.9176360572571727
27.247129828708424 0.8558562342811054
27.38201661003866 0.7785281789168912
27.516903391368903 0.6870567002046055
27.65179017269914 0.5831035489745207
27.78667695402938 0.468557229029099
27.921563735359623 0.3454986889323444
28.05645051668986 0.2161635176793884
28.191337298020102 0.08290133103284254
28.326224079350336 -0.051866913650731164
28.46111086068058 -0.18569289864817198
28.595997642010822 -0.31614542414930036
28.730884423341056 -0.44085457555763186
28.8657712046713 -0.5575547774302997
29.000657986001535 -0.6641259519016562
29.135544767331776 -0.7586320338708402
29.270431548662017 -0.839356143252507
29.405318329992255 -0.9048317753210723
29.540205111322496 -0.9538694425173141
29.675091892652734 -0.985578283718999
29.809978673982975 -0.9993822484026705
29.944865455313217 -0.9950305616809308
30.079752236643454 -0.9726022800982329
30.214639017973695 -0.9325048554205928
30.349525799303933 -0.8754667325106918
30.484412580634174 -0.8025241157618174
30.619299361964416 -0.7150021445031992
30.754186143294653 -0.6144908193607522
30.889072924624895 -0.5028161169160034
31.023959705955132 -0.38200681741958875
31.158846487285373 -0.25425764819600133
31.293733268615615 -0.12188941230879795
31.428620049945852 0.012693173176291978
31.563506831276094 0.14704516338336682
31.69839361260633 0.2787258026318764
31.833280393936572 0.40534286533761427
31.968167175266814 0.5245961152735109
32.10305395659705 0.6343190936714004
32.23794073792729 0.7325184770055386
32.37282751925753 0.8174102894499686
32.50771430058777 0.8874523121426136
32.64260108191801 0.941372100481043
32.77748786324825 0.9781901004632857
32.91237464457849 0.9972374441219648
33.04726142590873 0.9981681007643992
33.18214820723897 0.9809651632686106
33.31703498856921 0.9459411552328714
33.45192176989945 0.8937323533988757
33.58680855122969 0.8252872284923204
33.721695332559925 0.7418492144747245
33.85658211389017 0.6449341192352905
33.99146889522041 0.5363025870999627
34.126355676550645 0.41792811342773123
34.26124245788089 0.2919611923690777
34.39612923921113 0.16069024910968296
34.531016020541365 0.026500066338332778
34.66590280187161 -0.10817153979973725
34.80078958320185 -0.24087800720161645
34.935676364532085 -0.36920847419226926
35.07056314586232 -0.49083157734483895
35.20544992719256 -0.6035378050663274
35.340336708522806 -0.7052796375163576
35.47522348985304 -0.794208743642148
35.61011027118328 -0.86870955957593
35.74499705251352 -0.9274286383801836
35.87988383384376 -0.9692992379476529
36.014770615174 -0.9935607003708139
36.14965739650424 -0.9997722707182657
36.28454417783448 -0.9878211041740333
36.41943095916472 -0.9579243160751296
36.55431774049496 -0.9106250376045752
36.689204521825204 -0.8467825487956184
36.82409130315544 -0.7675566680996359
36.95897808448568 -0.6743866821104201
37.09386486581592 -0.5689651982259617
37.22875164714616 -0.45320739526307524
37.3636384284764 -0.3292162306451304
37.49852520980664 -0.19924423623943474
37.63341199113688 -0.06565259689458867
37.76829877246712 0.0691317449071764
37.90318555379736 0.2026601790083709
38.0380723351276 0.3325069111684831
38.17295911645784 0.4563130321623269
38.30784589778808 0.5718293717868033
38.442732679118315 0.676957359252604
38.57761946044856 0.7697871476553766
38.7125062417788 0.8486323099238154
38.847393023109035 0.912060475927841
38.98227980443928 0.9589193541662864
39.11716658576951 0.9883576653014291
39.252053367099755 0.9998406072434965
39.38694014843 0.9931595708328341
39.52182692976023 0.9684359296162468
39.656713711090475 0.926118834869048
39.79160049242071 0.8669770559204439
39.92648727375095 0.7920850140179613
40.061374055081195 0.702803263452002
40.19626083641143 0.6007537745374687
40.33114761774167 0.48779046748336014
40.46603439907191 0.36596553245790736
40.60092118040215 0.2374921477083097
40.73580796173239 0.10470427303035948
40.87069474306263 -0.02998575098517849
41.00558152439287 -0.164131027640155
41.14046830572311 -0.29529455659307224
41.27535508705335 -0.42109350653731886
41.410241868383594 -0.5392425037973079
41.54512864971383 -0.6475951504241143
41.68001543104407 -0.7441830175366492
41.81490221237431 -0.827251405521136
41.94978899370455 -0.8952912214379481
42.08467577503479 -0.9470663945229156
42.21956255636503 -0.9816363317292
42.35444933769527 -0.9983730053626659
42.48933611902551 -0.9969723623818846
42.62422290035575 -0.9774598480914373
42.75910968168599 -0.9401899438802662
42.89399646301623 -0.8858397274029491
43.02888324434647 -0.815396572195234
43.163770025676705 -0.730140210183411
43.29865680700695 -0.6316194829556199
43.43354358833719 -0.5216242041518613
43.56843036966743 -0.4021526441450405
43.70331715099766 -0.27537522771489586
43.8382039323279 -0.14359510421438393
43.973090713658145 -0.009206306545590638
44.10797749498839 0.12534974093441378
44.24286427631863 0.2576285754623088
44.37775105764886 0.3852271041156011
44.5126378389791 0.5058272604990195
44.64752462030934 0.6172381167646314
44.782411401639585 0.7174356859221154
44.91729818296983 0.8045996913553851
45.05218496430006 0.8771466355585743
45.1870717456303 0.9337585673357583
45.32195852696054 0.9734070248542611
45.45684530829078 0.9953717195812186
45.591732089621026 0.999253621674622
45.726618870951256 0.9849822091081799
45.8615056522815 0.9528167488360835
45.99639243361174 0.9033415867229225
46.13127921494198 0.837455531805963
46.26616599627222 0.7563555277446193
46.40105277760246 0.661514908095762
46.5359395589327 0.5546566304486112
46.67082634026294 0.4377219756712623
46.80571312159318 0.31283528090573964
46.940599902923424 0.18226534700271663
47.075486684253654 0.04838422150234166
47.2103734655839 -0.08637589405467755
47.34526024691414 -0.2195668296259596
47.48014702824438 -0.34876892226427497
47.61503380957462 -0.47163497382941894
47.74992059090485 -0.5859328922411688
47.884807372235095 -0.6895862416149094
48.01969415356534 -0.7807119646107159
48.15458093489558 -0.85765459169886
48.28946771622582 -0.9190163158662059
48.42435449755605 -0.9636823864000945
48.55924127888629 -0.9908413604241384
48.694128060216535 -0.9999998442787043
48.82901484154677 -0.9909914569413834
48.96390162287702 -0.9639798526500627
49.09878840420725 -0.9194557478170098
49.23367518553749 -0.8582280062456086
49.36856196686773 -0.7814089446035766
49.503448748197975 -0.6903941251061569
49.63833552952821 -0.5868370025131997
49.77322231085845 -0.47261888602480906
49.90810909218869 -0.3498147617741288
50.04299587351893 -0.22065559681565552
50.17788265484917 -0.08748780942784234
50.312769436179416 0.04726935797221412
50.447656217509646 0.1811677889009286
50.58254299883989 0.3117749674320569
50.71742978017013 0.4367181694069838
50.85231656150037 0.5537275674156816
50.98720334283061 0.6606774664652577
51.12209012416085 0.7556249212131417
51.256976905491086 0.8368450332103282
51.39186368682133 0.9028622869142073
51.52675046815157 0.9524773551935312
51.661637249481814 0.984788887353338
51.79652403081205 0.9992098838594565
51.93141081214228 0.9954783602851078
52.06629759347253 0.9736621067489709
52.20118437480277 0.9341574563806432
52.33607115613301 0.8776820851866075
52.470957937463254 0.8052619741206211
52.605844718793485 0.7182127702170087
52.74073150012372 0.6181158853966904
52.87561828145397 0.5067897671560749
53.01050506278421 0.38625686306047563
53.14539184411445 0.2587068791939721
53.28027862544468 0.1264570000448302
53.415165406774925 -0.008090207493195362
53.55005218810516 -0.14249044125088242
53.68493896943541 -0.2743020691131955
53.81982575076565 -0.40113048584226874
53.95471253209588 -0.5206716155691082
54.08959931342612 -0.6307537696496751
54.224486094756365 -0.7293770994588418
54.3593728760866 -0.8147499273884374
54.49425965741685 -0.8853212960286699
54.62914643874708 -0.9398091442159628
54.76403322007732 -0.9772235980766415
54.89892000140756 -0.9968849539408527
55.033806782737805 -0.9984360264335342
55.16869356406804 -0.981848637416114
55.30358034539828 -0.9474241278952069
55.43846712672852 -0.8957878835985092
55.57335390805876 -0.8278779736710651
55.708240689389 -0.744928108891301
55.843127470719246 -0.6484452290027095
55.978014252049476 -0.5401821263294119
56.11290103337972 -0.4221056030187585
56.24778781470996 -0.29636074039457216
56.382674596040204 -0.16523192953490332
56.51756137737044 -0.03110137102715787
56.65244815870067 0.10359420216990677
56.78733494003092 0.23640779254687372
56.92222172136116 0.36492659233909275
57.0571085026914 0.4868158167014206
57.191995284021644 0.5998611194503798
57.326882065351874 0.7020088208122635
57.46176884668211 0.7914032163649275
57.59665562801236 0.866420289386194
57.7315424093426 0.925697214161067
57.86642919067284 0.9681571142648159
58.00131597200307 0.9930286260413204
58.136202753333315 0.999859911869431
58.27108953466355 0.9885268686401057
58.4059763159938 0.9592353823219633
58.540863097324035 0.912517587656832
58.67574987865427 0.8492222009349244
58.81063665998451 0.7704991014729189
58.945523441314755 0.6777784419012676
59.08041022264499 0.572744666761549
59.21529700397524 0.45730591141465043
59.35018378530547 0.33355933718610215
59.48507056663571 0.20375303250040072
59.61995734796595 0.07024517214190404
59.754844129296195 -0.06453882340947499
59.88973091062643 -0.1981503502865128
60.02461769195667 -0.3281621047127072
60.15950447328691 -0.4522121795241672
60.29439125461715 -0.5680469726395212
60.42927803594739 -0.6735621279649986
60.564164817277636 -0.7668407649665213
60.699051598607866 -0.8461883023968322
60.83393837993811 -0.910163243539586
60.96882516126835 -0.9576033636985395
61.10371194259859 -0.9876468241872358
61.23859872392883 -0.9997478292438229
61.37348550525906 -0.9936865414339149
61.50837228658931 -0.9695730754095562
61.643259067919544 -0.9278454974702199
61.77814584924979 -0.8692618672675211
61.913032630580034 -0.7948864662310382
62.047919411910264 -0.706070462901662
62.1828061932405 -0.6044273664229001
62.31769297457075 -0.49180371412357
62.452579755900985 -0.37024552570677405
62.58746653723123 -0.24196113346767098
62.72235331856146 -0.10928106379893109
62.857240099891705 0.025384301188722987
62.99212688122194 0.15958851277456704
63.12701366255219 0.2908934999536667
63.261900443882425 0.4169138615656155
63.39678722521266 0.5353602015769535
63.5316740065429 0.6440807202504635
63.666560787873145 0.7411003056199263
63.80144756920338 0.8246564151003695
63.93633435053363 0.8932310953771975
64.07122113186387 0.9455785588727934
64.2061079131941 0.9807478158125257
64.34099469452434 0.998099950736163
64.47588147585458 0.9973197295945548
64.61076825718483 0.9784213265668862
64.74565503851505 0.9417480665601649
64.8805418198453 0.8879661880688516
65.01542860117554 0.8180527397041175
65.15031538250578 0.7332778302747633
65.28520216383602 0.6351815548805216
65.42008894516626 0.5255460161983946
65.5549757264965 0.40636294924782906
65.68986250782675 0.2797975377915215
65.82474928915698 0.14814907971482288
65.95963607048722 0.013809215970639468
66.09452285181746 -0.12078151806040933
66.2294096331477 -0.253178029468807
66.36429641447793 -0.3809750875109966
66.49918319580819 -0.501851019133302
66.63406997713842 -0.6136098865137617
66.76895675846865 -0.7142213803879649
66.9038435397989 -0.8018577044216784
67.03873032112914 -0.8749267805565013
67.17361710245937 -0.9321011720914818
67.30850388378961 -0.9723421990583851
