0.0 0.0
0.08167046798648148 0.08157970703452543
0.16334093597296295 0.1626155744805932
0.24501140395944446 0.2425673881795091
0.3266818719459259 0.32090216066369043
0.4083523399324074 0.3970976842422996
0.4900228079188889 0.47064601222501845
0.5716932759053703 0.5410568450768786
0.6533637438918518 0.6078607989308249
0.7350342118783333 0.6706125346689329
0.8167046798648148 0.7288937267127058
0.8983751478512964 0.7823158517314276
0.9800456158377778 0.8305227786780421
1.0617160838242592 0.8731931428864523
1.1433865518107407 0.9100424884036526
1.2250570197972221 0.940825164275141
1.3067274877837036 0.9653359621422936
1.3883979557701853 0.9834114842348879
1.4700684237566666 0.9949312326392475
1.551738891743148 0.9998184125805555
1.6334093597296295 0.9980404443643678
1.715079827716111 0.9896091805645431
1.7967502957025927 0.9745808270097335
1.8784207636890742 0.9530555680951707
1.9600912316755557 0.9251768989175532
2.041761699662037 0.8911306686852618
2.1234321676485184 0.8511438417808753
2.205102635635 0.8054829847351882
2.2867731036214813 0.7544524891991025
2.3684435716079633 0.6983925427597022
2.4501140395944443 0.63767686112778
2.5317845075809258 0.5727101968148589
2.6134549755674072 0.503925640907776
2.6951254435538887 0.43178173592815283
2.7767959115403706 0.3567594190234739
2.8584663795268517 0.27935881586755923
2.940136847513333 0.20009590664343116
3.0218073154998146 0.11949908633434456
3.103477783486296 0.038105642253299175
3.185148251472778 -0.04354182770690528
3.266818719459259 -0.12489903222584176
3.348489187445741 -0.20542361499663145
3.430159655432222 -0.2845787702676136
3.5118301234187035 -0.3618368213820364
3.5935005914051854 -0.436682738459916
3.6751710593916664 -0.5086175717719498
3.7568415273781484 -0.5771617779173812
3.8385119953646294 -0.6418584166323081
3.9201824633511113 -0.7022761969173854
4.001852931337592 -0.7580123521783182
4.083523399324074 -0.8086953252124507
4.165193867310555 -0.8539872451423467
4.246864335297037 -0.8935861797842501
4.328534803283519 -0.9272281484363196
4.41020527127 -0.9546888816686713
4.491875739256481 -0.9757853163838435
4.573546207242963 -0.9903768161810632
4.655216675229444 -0.9983661088889394
4.7368871432159265 -0.999699935016647
4.818557611202407 -0.9943694028007962
4.900228079188889 -0.9824100474811163
4.98189854717537 -0.9639015944098019
5.0635690151618515 -0.9389674275737195
5.145239483148334 -0.9077737670724937
5.2269099511348145 -0.8705285610357052
5.308580419121296 -0.827480099366067
5.3902508871077774 -0.7789153585498798
5.471921355094259 -0.7251580885688375
5.553591823080741 -0.6665666546665252
5.635262291067222 -0.6035316483571691
5.716932759053703 -0.5364732836024968
5.798603227040185 -0.4658385955147505
5.880273695026666 -0.3920984602602815
5.961944163013149 -0.31574445603012896
6.043614630999629 -0.2372855860034812
6.125285098986111 -0.15724488514990337
6.206955566972592 -0.07615593349063433
6.288626034959074 0.005440700937226022
6.370296502945556 0.08700106570114534
6.451966970932037 0.16798145015517696
6.533637438918518 0.24784201001015507
6.615307906905 0.32605036612935123
6.696978374891482 0.402085153558761
6.778648842877963 0.47543949713288886
6.860319310864444 0.5456243904864134
6.9419897788509255 0.6121719559460177
7.023660246837407 0.6746385635707758
7.105330714823889 0.7326077885484662
7.187001182810371 0.7856931872327315
7.268671650796851 0.8335408733150401
7.350342118783333 0.8758318769577514
7.432012586769814 0.9122842711614607
7.513683054756297 0.9426550511915025
7.595353522742778 0.9667417545346718
7.677023990729259 0.9843838105869593
7.75869445871574 0.9954636110747913
7.840364926702223 0.9999072940739643
7.922035394688704 0.9976852363997263
8.003705862675185 0.988812251085551
8.085376330661667 0.9733474886341439
8.167046798648148 0.9513940426989749
8.24871726663463 0.9230982628250047
8.33038773462111 0.8886487788301285
8.412058202607593 0.8482752433311459
8.493728670594074 0.8022468007970508
8.575399138580554 0.7508702933354574
8.657069606567038 0.6944882151730523
8.738740074553519 0.6334764294662407
8.82041054254 0.5682416626625156
8.902081010526482 0.4992187931160803
8.983751478512962 0.4268679520327583
9.065421946499445 0.35167145607032346
9.147092414485925 0.27413059204267226
9.228762882472408 0.1947622751621052
9.310433350458888 0.11409560309712609
9.39210381844537 0.0326683288175907
9.473774286431853 -0.04897672425946157
9.555444754418334 -0.1302952809254132
9.637115222404814 -0.2107452425138358
9.718785690391297 -0.2897903007246392
9.800456158377777 -0.36690351284756006
9.88212662636426 -0.4415708145512868
9.96379709435074 -0.5132944468206654
10.045467562337222 -0.5815962741968457
10.127138030323703 -0.6460209721997373
10.208808498310184 -0.7061390626843226
10.290478966296668 -0.7615497768960146
10.372149434283148 -0.8118837271389162
10.453819902269629 -0.85680536924671
10.535490370256111 -0.8960152394404153
10.617160838242592 -0.9292519506613518
10.698831306229074 -0.9562939350710334
10.780501774215555 -0.9769609211018471
10.862172242202037 -0.9911151352119875
10.943842710188518 -0.9986622203333004
11.025513178175 -0.9995518648893462
11.107183646161483 -0.9937781381904124
11.188854114147963 -0.9813795299696199
11.270524582134444 -0.9624386937965553
11.352195050120926 -0.9370818960789297
11.433865518107407 -0.9054781743254166
11.515535986093889 -0.8678382102809844
11.59720645408037 -0.8244129254468217
11.678876922066852 -0.7754918083476019
11.760547390053333 -0.7214009846971503
11.842217858039813 -0.6625010433274527
11.923888326026297 -0.5991846323741649
12.005558794012778 -0.5318738417433134
12.087229261999259 -0.46101738930856934
12.16889972998574 -0.3870876295969627
12.250570197972221 -0.31057740490418323
12.332240665958704 -0.23199675983105122
12.413911133945184 -0.1518695411432764
12.495581601931667 -0.0707299056210086
12.577252069918147 0.01088124082183841
12.65892253790463 0.09241984901043786
12.740593005891112 0.17334235333597875
12.822263473877593 0.25310929535898813
12.903933941864073 0.3311889200327873
12.985604409850556 0.40706072057336184
13.067274877837036 0.4802189083442761
13.148945345823519 0.5501757846251543
13.23061581381 0.616464991786267
13.312286281796482 0.6786446221957791
13.393956749782964 0.7363001641345179
13.475627217769443 0.7890472650797761
13.557297685755927 0.8365342939370976
13.638968153742406 0.8784446851392584
13.720638621728888 0.9144990489859077
13.80230908971537 0.9444570341555051
13.883979557701851 0.9681189299734486
13.965650025688333 0.9853269977550649
14.047320493674814 0.9959665223482559
14.128990961661296 0.9999665768658529
14.210661429647779 0.997300495509684
14.29233189763426 0.9879860513343518
14.374002365620742 0.9720853377656737
14.45567283360722 0.9497043546636376
14.537343301593703 0.9209923016893081
14.619013769580185 0.8861405836863776
14.700684237566666 0.8453815347078211
14.782354705553148 0.7989868691937612
14.864025173539629 0.747265870625558
14.945695641526111 0.6905633297311786
15.027366109512593 0.6292572459865408
15.109036577499072 0.5637563077354232
15.190707045485556 0.4944971677263629
15.272377513472035 0.4219415322288401
15.354047981458518 0.3465730831336457
15.435718449445 0.2688942535559357
15.51738891743148 0.18942287843585867
15.599059385417963 0.10868874246510138
15.680729853404445 0.027230048352118997
15.762400321390926 -0.05441017103016948
15.844070789377408 -0.1356876726962949
15.925741257363889 -0.21606063166717818
16.00741172535037 -0.2949932529697974
16.089082193336854 -0.3719593434386553
16.170752661323334 -0.44644581950814644
16.252423129309815 -0.5179561276116605
16.334093597296295 -0.5860135543857501
16.41576406528278 -0.6501644046124067
16.49743453326926 -0.7099810257141068
16.57910500125574 -0.7650646586393026
16.66077546924222 -0.8150480961332769
16.742445937228702 -0.859598130673417
16.824116405215186 -0.8984177757500792
16.905786873201667 -0.9312482456851793
16.987457341188147 -0.9578706807903552
17.06912780917463 -0.9781076063641456
17.15079827716111 -0.9918241158020045
17.232468745147592 -0.998928769932124
17.314139213134077 -0.9993742065817427
17.395809681120554 -0.9931574563103842
17.477480149107038 -0.9803199622052072
17.55915061709352 -0.9609473036065267
17.64082108508 -0.9351686256052306
17.722491553066483 -0.9031557781152829
17.804162021052964 -0.8651221702605625
17.885832489039444 -0.8213213477130878
17.967502957025925 -0.772045302466631
18.04917342501241 -0.7176225263133491
18.13084389299889 -0.6584158209996839
18.21251436098537 -0.5948198796597735
18.29418482897185 -0.5272586556494595
18.37585529695833 -0.45618253632114963
18.457525764944815 -0.38206534058017594
18.539196232931296 -0.30540116023803343
18.620866700917777 -0.2267010662191227
18.70253716890426 -0.14648970157866356
18.78420763689074 -0.06530178404391876
18.865878104877222 0.01632145860599181
18.947548572863706 0.09783589655858634
19.029219040850183 0.17869812533250776
19.110889508836667 0.2583690883067458
19.192559976823148 0.336317670265375
19.27423044480963 0.4120242380021249
19.355900912796113 0.48498410438170314
19.437571380782593 0.5547108927652536
19.519241848769074 0.6207397793715062
19.600912316755554 0.6826305919588139
19.68258278474204 0.7399707441712056
19.76425325272852 0.7923779859870121
19.845923720715 0.8395029519346338
19.92759418870148 0.8810314900880749
20.00926465668796 0.9166867563163676
20.090935124674445 0.9462310598258485
20.172605592660926 0.9694674476922411
20.254276060647406 0.9862410178195004
20.33594652863389 0.9964399515727409
20.417616996620367 0.9999962592013647
20.49928746460685 0.996886233083128
20.580957932593336 0.9871306057676521
20.662628400579813 0.9707944117658146
20.744298868566297 0.9479865540063664
20.825969336552777 0.9188590778499565
20.907639804539258 0.883606157500213
20.989310272525742 0.8424628015688568
21.070980740512223 0.7957032864240083
21.152651208498703 0.7436393277655287
21.234321676485184 0.6866180026163631
21.315992144471668 0.6250194355826112
21.39766261245815 0.5592542648065681
21.47933308044463 0.48976090450556314
21.56100354843111 0.4170026223455445
21.64267401641759 0.3414644511326492
21.724344484404075 0.26364995541054015
21.806014952390555 0.18407787451855065
21.887685420377036 0.10327866448916474
21.96935588836352 0.021790961837848233
22.05102635635 -0.05984200718115317
22.13269682433648 -0.1410760479158926
22.214367292322965 -0.22136962511345534
22.296037760309442 -0.30018747298818127
22.377708228295926 -0.37700416349542126
22.459378696282407 -0.4513076090232981
22.541049164268887 -0.5226024761524419
22.62271963225537 -0.5904134877262187
22.704390100241852 -0.6542885912187218
22.786060568228333 -0.7138019722790725
22.867731036214813 -0.768556893362603
22.949401504201298 -0.8181883385256384
23.031071972187778 -0.8623654467526941
23.11274244017426 -0.9007937175946928
23.19441290816074 -0.9332169744145818
23.27608337614722 -0.9594190721526844
23.357753844133704 -0.9792253382271963
23.439424312120185 -0.9925037369642651
23.521094780106665 -0.9991657497951564
23.60276524809315 -0.9991669653527796
23.684435716079626 -0.9925073755337919
23.76610618406611 -0.9792313755526163
23.847776652052595 -0.9594274679870214
23.92944712003907 -0.9332276727881939
24.011117588025556 -0.9008066471883814
24.092788056012036 -0.8623805213731515
24.174458523998517 -0.8182054576800376
24.256128991985 -0.7685759429285204
24.33779945997148 -0.7138228252652689
24.419469927957962 -0.6543111086117115
24.501140395944443 -0.5904375194169834
24.582810863930927 -0.5226278619371113
24.664481331917408 -0.45133417967112593
24.74615179990389 -0.3770317418769388
24.82782226789037 -0.3002158752560087
24.90949273587685 -0.22139866192788107
24.991163203863334 -0.14110552570710005
25.072833671849814 -0.05987172943961294
25.154504139836295 0.02176119325137195
25.23617460782278 0.10324904802274693
25.31784507580926 0.1840486076061794
25.39951554379574 0.26362123315595093
25.481186011782224 0.34143646500869335
25.5628564797687 0.41697555891775917
25.644526947755185 0.4897349441884717
25.726197415741666 0.5592295806609526
25.807867883728147 0.6249961921618401
25.88953835171463 0.6865963548694163
25.97120881970111 0.7436194200040521
26.052879287687592 0.7956852513602806
26.134549755674072 0.8424467594310815
26.216220223660557 0.8835922152310347
26.297890691647037 0.9188473283935423
26.37956115963352 0.9479770756888084
26.46123162762 0.9707872677729742
26.54290209560648 0.9871258437239507
26.624572563592963 0.9968838847340563
26.706243031579444 0.99999634020186
26.787913499565928 0.9964424613828244
26.869583967552405 0.986245939707879
26.951254435538885 0.9694747488478409
27.03292490352537 0.9462406915765464
27.114595371511854 0.9166986544534595
27.196265839498334 0.8810455752943113
27.27793630748481 0.8395191303129795
27.359606775471295 0.7923961496865907
27.441277243457776 0.7399907721062823
27.52294771144426 0.6826523506159898
27.60461817943074 0.620763123699768
27.686288647417218 0.5547356671429391
27.767959115403702 0.48501014365391837
27.849629583390186 0.4120513685817444
27.931300051376667 0.3363457112902238
28.01297051936315 0.2583978528452909
28.094640987349628 0.17872742163002805
28.17631145533611 0.09786552931544414
28.257981923322593 0.01635123027960457
28.339652391309073 -0.06527207192220597
28.421322859295557 -0.14646024708051486
28.502993327282034 -0.22667206569877715
28.58466379526852 -0.30537280702337216
28.666334263255 -0.38203782368389416
28.748004731241483 -0.45615603918074793
28.829675199227964 -0.5272333549043798
28.91134566721444 -0.5947959439738547
28.993016135200925 -0.6583934099367994
29.074686603187406 -0.7176017892736798
29.15635707117389 -0.7720263776907211
29.23802753916037 -0.821304361360282
29.319698007146847 -0.8651072355679792
29.40136847513333 -0.9031429946429435
29.483038943119816 -0.9351580785723449
29.564709411106296 -0.9609390633233991
29.64637987909278 -0.9803140836045214
29.728050347079257 -0.9931539785809991
29.809720815065738 -0.9993731529074513
29.891391283052222 -0.9989301473370966
29.973061751038703 -0.9918279151039661
30.054732219025187 -0.9781138022355849
30.136402687011664 -0.9578792319273737
30.218073154998145 -0.9312590950828289
30.29974362298463 -0.8984308510823823
30.381414090971113 -0.8596133447755198
30.463084558957593 -0.8150653475825176
30.54475502694407 -0.7650838324313352
30.626425494930555 -0.7100019940295516
30.708095962917035 -0.6501870276689542
30.78976643090352 -0.5860376813699908
30.87143689889 -0.5179815976844636
30.953107366876477 -0.44647246287687403
31.03477783486296 -0.37198698248904855
31.116448302849445 -0.29502170345003587
31.198118770835926 -0.2160897039161559
31.27978923882241 -0.13571717290796886
31.36145970680889 -0.054439902545552636
31.443130174795368 0.027200283733970612
31.52480064278185 0.10865914316581377
31.606471110768332 0.18939364177497417
31.688141578754816 0.2688655744355277
31.7698120467413 0.3465451527390157
31.851482514727778 0.4219145367540104
31.933152982714258 0.49447128713285815
32.01482345070074 0.563731714552558
32.09649391868722 0.6292341041613008
32.17816438667371 0.6905417935352681
32.259834854660184 0.7472460836269789
32.34150532264667 0.7989689632997491
32.423175790633145 0.8453656292854829
32.50484625861963 0.8861267847669687
32.58651672660611 0.9209807012613733
32.66818719459259 0.949695030059788
32.749857662579075 0.9720783511470665
32.83152813056556 0.9879814492762911
32.913198598552036 0.997298308691139
32.99486906653852 0.9999668198649407
33.076539534525 0.9959691935450581
33.15821000251148 0.9853320793424246
33.239880470497965 0.9681263880756819
33.32155093848444 0.9444668190542286
33.40322140647093 0.9145110954514752
33.484891874457404 0.8784589128656128
33.56656234244389 0.8365506080771067
33.64823281043037 0.7890655568775335
33.729903278416856 0.7363203116503353
33.81157374640333 0.6786664911190965
33.89324421438981 0.616488436330998
33.974914682376294 0.5502006485015477
34.05658515036278 0.480245025800815
34.13825561834926 0.40708791750171114
34.21992608633575 0.331217015128469
34.30159655432222 0.253138101330029
34.3832670223087 0.1733716781514301
34.464937490295185 0.09244949718056318
34.54660795828167 0.010911014701301293
34.62827842626815 -0.07070020451556987
34.70994889425463 -0.15184011081007515
34.79161936224111 -0.23196779646324667
34.87328983022759 -0.31054910158197907
34.954960298214075 -0.3870601750004582
35.03663076620056 -0.4609909664599506
35.11830123418704 -0.5318486267867621
35.19997170217352 -0.5991607934016315
35.28164217016 -0.6624787392580708
35.36331263814648 -0.7213803642178543
35.444983106132966 -0.7754730089219027
35.52665357411944 -0.8243960723984287
35.60832404210593 -0.8678234159583681
35.689994510092404 -0.9054655373528339
35.77166497807889 -0.9370715006989764
35.85333544606537 -0.9624306093085618
35.93500591405185 -0.9813738102676816
36.016676382038334 -0.9937748214041153
36.09834685002482 -0.999550973129577
36.180017318011295 -0.9986637595448494
36.26168778599778 -0.9911190951339183
36.343358253984256 -0.976967275335901
36.42502872197074 -0.9563026412576053
36.506699189957224 -0.9292629507618793
36.5883696579437 -0.8960284601242848
36.670040125930186 -0.8568207223800987
36.75171059391666 -0.8119011103723328
36.83338106190315 -0.7615690743465857
36.91505152988963 -0.7061601457083233
36.996721997876115 -0.6460437002501647
37.07839246586259 -0.5816204957603688
37.16006293384907 -0.5133200004276559
37.24173340183555 -0.44159752985222717
37.32340386982204 -0.36693121174867327
37.40507433780852 -0.2898187985751134
37.486744805795006 -0.21077434933677966
37.56841527378148 -0.13032480268431001
37.65008574176796 -0.0490064641516776
37.731756209754444 0.03263856904884949
37.81342667774093 0.1140660218411525
37.89509714572741 0.19473306961816358
37.97676761371389 0.2741019569053854
38.058438081700366 0.3516435822317895
38.14010854968685 0.42684102530998774
38.221779017673335 0.4991929930122668
38.30344948565982 0.5682171611704036
38.385119953646296 0.6334533899215604
38.46679042163278 0.694466791165678
38.54846088961926 0.7508506276854995
38.63013135760574 0.8022290246027927
38.711801825592225 0.8482594750950742
38.7934722935787 0.888635123668956
38.875142761565186 0.9230868117689379
38.95681322955166 0.9513848720848576
39.03848369753815 0.973340659596582
39.12015416552463 0.9888078091493577
39.20182463351111 0.9976832111764407
39.28349510149759 0.9999076990644518
39.36516556948408 0.9954664435792396
39.446836037470554 0.9843890517228787
39.52850650545704 0.9667493693627689
39.610176973443515 0.9426649889486041
39.69184744143 0.9122964655989115
39.77351790941648 0.8758462467830568
39.85518837740296 0.8335573227337938
39.936858845389445 0.7857116065872036
40.01852931337592 0.7326280550486381
40.100199781362406 0.6746605421128841
40.18187024934889 0.6121955000132163
40.263540717335374 0.5456493431255053
40.34521118532185 0.47546569200063693
40.42688165330833 0.4021124160307823
40.50855212129481 0.326078514464223
40.5902225892813 0.24787085656097974
40.67189305726778 0.1680108026204998
40.753563525254265 0.08703072840690332
