0.0 0.0
0.09912631801818104 0.09896406144395486
0.1982526360363621 0.19695649534989781
0.2973789540545432 0.29301521360310706
0.3965052720727242 0.38619711327753903
0.4956315900909052 0.47558733600494435
0.5947579081090864 0.5603082500393772
0.6938842261272673 0.6395280668313343
0.7930105441454484 0.712469007514142
0.8921368621636293 0.778414939124158
0.9912631801818104 0.8367184055825068
1.0903894981999915 0.8868069844082799
1.1895158162181727 0.9281889067531005
1.2886421342363534 0.9604578855796396
1.3877684522545346 0.9832971045811096
1.4868947702727155 0.9964823286785867
1.5860210882908967 0.9998841055573511
1.6851474063090779 0.9934690366275982
1.7842737243272586 0.977300104931247
1.8834000423454398 0.9515360567754635
1.9825263603636207 0.9164298431640122
2.081652678381802 0.8723261363284336
2.180778996399983 0.819657945741708
2.2799053144181642 0.7589423668383264
2.3790316324363454 0.6907755041797639
2.478157950454526 0.6158266189096374
2.577284268472707 0.5348315579587339
2.676410586490888 0.4485855295118687
2.775536904509069 0.3579352956669235
2.8746632225272504 0.2637708589384054
2.973789540545431 0.16701672422730499
3.0729158585636123 0.0686228220470841
3.1720421765817934 -0.030444817878578848
3.2711684945999746 -0.12921355107983115
3.3702948126181558 -0.22671366774815577
3.469421130636336 -0.3219879133314236
3.5685474486545172 -0.4141008868434468
3.6676737666726984 -0.5021482246155694
3.7668000846908796 -0.5852654793243914
3.8659264027090607 -0.6626366071214621
3.9650527207272415 -0.7335019795384482
4.064179038745423 -0.797165841507024
4.163305356763604 -0.8530031422707591
4.2624316747817845 -0.9004656721232345
4.361557992799966 -0.9390874447219789
4.460684310818147 -0.9684892721347642
4.5598106288363285 -0.9883824877005292
4.658936946854509 -0.9985717801539384
4.758063264872691 -0.9989571111881955
4.8571895828908715 -0.9895346976295029
4.956315900909052 -0.9703970485802013
5.055442218927233 -0.9417320571659142
5.154568536945414 -0.9038211558039115
5.253694854963595 -0.8570365531042348
5.352821172981776 -0.8018375795316484
5.451947490999957 -0.7387661777066404
5.551073809018138 -0.668441581621632
5.650200127036319 -0.5915542370117606
5.749326445054501 -0.5088590225699318
5.8484527630726815 -0.42116783856015316
5.947579081090862 -0.3293416355940058
6.046705399109044 -0.23428196183161062
6.1458317171272245 -0.13692211159652812
6.244958035145406 -0.03821796230733536
6.344084353163587 0.06086141031124197
6.443210671181768 0.15934324659796478
6.542336989199949 0.25626065349353533
6.64146330721813 0.35066209748085014
6.7405896252363116 0.44162074672552715
6.839715943254492 0.5282435706957029
6.938842261272672 0.609680107921206
7.037968579290854 0.685130815810373
7.1370948973090345 0.753854920546142
7.236221215327216 0.8151776899912896
7.335347533345397 0.8684970581975229
7.4344738513635775 0.9132895364791249
7.533600169381759 0.9491153530163142
7.63272648739994 0.975622770527784
7.7318528054181215 0.9925515396215846
7.830979123436302 0.9997354539193981
7.930105441454483 0.9971039818680466
8.029231759472664 0.9846829592171273
8.128358077490846 0.9625943353640456
8.227484395509027 0.931054976056825
8.326610713527208 0.8903745342097356
8.425737031545388 0.840952409736043
8.524863349563569 0.7832738282461865
8.623989667581752 0.717905077110664
8.723115985599932 0.6454879456598872
8.822242303618113 0.5667334241070171
8.921368621636294 0.4824147230576738
9.020494939654474 0.3933596821408456
9.119621257672657 0.30044264229293804
9.218747575690838 0.20457586149275522
9.317873893709018 0.1067005582275618
9.4170002117272 0.00777767062536282
9.516126529745382 -0.09122157801993708
9.615252847763562 -0.18932521470295466
9.714379165781743 -0.2855700595219218
9.813505483799924 -0.37901118216321406
9.912631801818105 -0.4687311792117296
10.011758119836285 -0.5538491812026267
10.110884437854466 -0.6335295009833352
10.210010755872647 -0.7069898384763628
10.309137073890827 -0.7735089612886727
10.408263391909008 -0.8324337857595318
10.50738970992719 -0.8831857889252199
10.606516027945371 -0.9252666884480308
10.705642345963552 -0.9582633347441253
10.804768663981733 -0.981851767279391
10.903894981999914 -0.9958003952086728
11.003021300018096 -0.9999722711309056
11.102147618036277 -0.9943264356364606
11.201273936054458 -0.9789183194459598
11.300400254072638 -0.9538991991923658
11.399526572090819 -0.9195147121894726
11.498652890109001 -0.8761024447687715
11.597779208127182 -0.8240886178623686
11.696905526145363 -0.7639839023728339
11.796031844163544 -0.6963784054146278
11.895158162181724 -0.621935876652095
11.994284480199907 -0.541387191616104
12.093410798218088 -0.45552317598003556
12.192537116236268 -0.36518684124623585
12.291663434254449 -0.27126510807286847
12.39078975227263 -0.17468009850138524
12.489916070290812 -0.07638008257739015
12.589042388308993 0.022669831749164662
12.688168706327174 0.12149717403807064
12.787295024345354 0.2191316590577459
12.886421342363535 0.31461471302978455
12.985547660381718 0.40700888489064985
13.084673978399898 0.4954070501708899
13.18380029641808 0.5789413171283647
13.28292661443626 0.656791547695181
13.38205293245444 0.7281934095798418
13.481179250472623 0.7924458804691953
13.580305568490804 0.8489181306540445
13.679431886508985 0.8970557165049305
13.778558204527165 0.9363860239906214
13.877684522545344 0.9665229087949476
13.976810840563527 0.9871704874753907
14.075937158581707 0.9981260424418822
14.175063476599888 0.9992820122347943
14.274189794618069 0.9906270475615907
14.37331611263625 0.9722461227239958
14.472442430654432 0.9443197013416882
14.571568748672613 0.9071219645634342
14.670695066690794 0.8610181191610464
14.769821384708974 0.8064608119352688
14.868947702727155 0.7439856856368824
14.968074020745338 0.6742061200349315
15.067200338763518 0.5978072097641792
15.166326656781699 0.5155390380771713
15.26545297479988 0.42820931253912603
15.36457929281806 0.33667543496825636
15.463705610836243 0.24183608347872856
15.562831928854424 0.1446223892736304
15.661958246872604 0.045988794814024986
15.761084564890785 -0.053096316881527626
15.860210882908966 -0.15166012980562354
15.959337200927148 -0.24873494605367977
16.058463518945327 -0.34336768666613904
16.15758983696351 -0.4346292489421385
16.256716154981692 -0.5216236283546215
16.35584247299987 -0.603496715508153
16.454968791018054 -0.6794446817710137
16.554095109036233 -0.7487218712515515
16.653221427054415 -0.8106481216355612
16.752347745072598 -0.8646154420087524
16.851474063090777 -0.9100939821016196
16.95060038110896 -0.9466372343507325
17.049726699127138 -0.9738864177026872
17.14885301714532 -0.9915740001206351
17.247979335163503 -0.9995263252094415
17.347105653181682 -0.9976653171713395
17.446231971199865 -0.986009247352835
17.545358289218044 -0.9646725548569265
17.644484607236226 -0.9338647229818585
17.74361092525441 -0.8938882225175278
17.842737243272587 -0.8451355420922091
17.94186356129077 -0.7880853347256115
18.04098987930895 -0.7232977184213647
18.14011619732713 -0.6514087769375968
18.239242515345314 -0.5731243147270074
18.338368833363493 -0.4892129273602789
18.437495151381675 -0.40049845546731394
18.536621469399854 -0.30785189628341525
18.635747787418037 -0.2121828522126379
18.73487410543622 -0.11443060036627352
18.8340004234544 -0.015554870755511544
18.93312674147258 0.08347357632213795
19.032253059490763 0.18168248119156002
19.131379377508942 0.27810763042964753
19.230505695527125 0.37180232349694237
19.329632013545304 0.4618466674280374
19.428758331563486 0.5473566083257047
19.52788464958167 0.6274926109875886
19.627010967599848 0.701467901449114
19.72613728561803 0.7685561915174196
19.82526360363621 0.8280988094569495
19.924389921654388 0.8795111668178056
20.02351623967257 0.922288497915588
20.12264255769075 0.9560108156126313
20.221768875708932 0.9803470347448698
20.32089519372711 0.9950582227105577
20.420021511745293 0.999999945306655
20.519147829763476 0.9951236847814692
20.618274147781655 0.9804773161811504
20.717400465799837 0.9562046373132685
20.816526783818016 0.9225439569422924
20.9156531018362 0.8798257550780277
21.01477941985438 0.8284694383282893
21.11390573787256 0.7689792221716769
21.213032055890743 0.7019391805782381
21.31215837390892 0.6280075115807915
21.411284691927104 0.5479100750973764
21.510411009945287 0.4624332664504585
21.609537327963466 0.37241629555049677
21.708663645981648 0.2787429475467467
21.807789963999827 0.18233290583913053
21.90691628201801 0.08413272264161897
22.006042600036192 -0.01489347425191304
22.10516891805437 -0.1137734472586215
22.204295236072554 -0.21153639441940428
22.303421554090733 -0.3072224807166464
22.402547872108915 -0.3998922617187653
22.501674190127098 -0.4886359070302641
22.600800508145277 -0.572582132991697
22.69992682616346 -0.650906756928408
22.799053144181638 -0.7228407889625413
22.89817946219982 -0.7876779819431181
22.997305780218003 -0.844781765369005
23.096432098236182 -0.8935914952276998
23.195558416254364 -0.9336279583890894
23.294684734272543 -0.9644980775121179
23.393811052290726 -0.9858987702717089
23.49293737030891 -0.997619925016072
23.592063688327087 -0.9995464636394712
23.69119000634527 -0.9916594714171851
23.79031632436345 -0.9740363827099656
23.88944264238163 -0.9468502207147469
23.988568960399814 -0.9103678987257293
24.087695278417993 -0.8649475995840185
24.186821596436175 -0.8110352590443375
24.285947914454354 -0.7491601875850876
24.385074232472537 -0.679929873646705
24.48420055049072 -0.6040240193200952
24.583326868508898 -0.5221878670426062
24.68245318652708 -0.4352248828199476
24.78157950454526 -0.34398886781009724
24.880705822563442 -0.2493755757174602
24.979832140581625 -0.15231391829765956
25.078958458599804 -0.05375684531709024
25.178084776617986 0.04532801149232547
25.277211094636165 0.14396783862564452
25.376337412654348 0.2411941918720253
25.47546373067253 0.3360525044841389
25.57459004869071 0.42761145909890613
25.67371636670889 0.5149721313961583
25.77284268472707 0.5972768157228998
25.871969002745253 0.6737174460334185
25.971095320763435 0.7435435294684953
26.070221638781614 0.8060695146820421
26.169347956799797 0.8606815225730202
26.268474274817976 0.9068433733404071
26.36760059283616 0.9441018506877368
26.46672691085434 0.9720911514932797
26.56585322887252 0.9905364772591204
26.664979546890702 0.9992567320783199
26.76410586490888 0.9981663006315667
26.863232182927064 0.9872758887569855
26.962358500945246 0.9666924183403924
27.061484818963425 0.9366179775579692
27.160611136981608 0.8973478367778469
27.259737454999787 0.8492675496004651
27.35886377301797 0.7928491674996124
27.45799009103615 0.7286466052287823
27.55711640905433 0.6572902024951708
27.656242727072513 0.5794805352947239
27.75536904509069 0.4959815376684787
27.85449536310887 0.4076130014105992
27.953621681127053 0.31524252736597547
28.052747999145232 0.21977700733928693
28.151874317163415 0.12215372024607628
28.251000635181594 0.02333112992369733
28.350126953199776 -0.07572052505100478
28.44925327121796 -0.17402875714816116
28.548379589236138 -0.27062837775156584
28.64750590725432 -0.36457097336474736
28.7466322252725 -0.45493421711915405
28.845758543290682 -0.5408309241643041
28.944884861308864 -0.6214177620341266
29.044011179327043 -0.6959035304713418
29.143137497345226 -0.7635569294186657
29.242263815363405 -0.8237137389108027
29.341390133381587 -0.8757833403752301
29.44051645139977 -0.9192545153156757
29.53964276941795 -0.9537004644469677
29.63876908743613 -0.9787829980034443
29.73789540545431 -0.9942558560805382
29.837021723472493 -0.9999671264105033
29.936148041490675 -0.9958607358345712
30.035274359508854 -0.9819770008283116
30.134400677527037 -0.9584522316751306
30.233526995545215 -0.92551739417414
30.332653313563398 -0.8834958420217098
30.43177963158158 -0.8328001421301684
30.53090594959976 -0.7739280240525973
30.630032267617942 -0.7074574932822051
30.72915858563612 -0.6340411564038562
30.828284903654303 -0.5543998138132664
30.927411221672486 -0.46931538291051467
31.026537539690665 -0.37962322124778
31.125663857708847 -0.28620392500253483
31.224790175727026 -0.18997468329868794
31.32391649374521 -0.09188027325872768
31.42304281176339 0.007116215802603363
31.52216912978157 0.10604283797347225
31.621295447799753 0.20392833329404547
31.72042176581793 0.2998116635708778
31.819548083836114 0.3927514478342185
31.918674401854297 0.48183520480096426
32.017800719872476 0.566188311600996
32.116927037890655 0.644982590810231
32.216053355908834 0.7174444414830282
32.31517967392702 0.7828624343536393
32.4143059919452 0.8405942966370952
32.513432309963385 0.8900732178529438
32.61255862798156 0.9308134147612501
32.71168494599974 0.9624149007745456
32.81081126401792 0.9845674130195672
32.90993758203611 0.997053458493107
33.00906390005429 0.9997504494047477
33.108190218072465 0.9926319067417935
33.207316536090644 0.97576772023978
33.30644285410883 0.9493234622061916
33.40556917212701 0.9135587619342607
33.504695490145195 0.8688247566667946
33.60382180816337 0.8155606441364883
33.70294812618155 0.7542893705297211
33.80207444419973 0.6856124962094973
33.90120076221792 0.6102042896055835
34.0003270802361 0.5288051072581266
34.099453398254276 0.4422141250092044
34.198579716272455 0.35128149170748973
34.29770603429064 0.2568999824607345
34.39683235230882 0.15999623338437893
34.495958670327006 0.061521643903265144
34.59508498834518 -0.03755696407230614
34.694211306363364 -0.13626683838837575
34.79333762438154 -0.23363884711197833
34.89246394239973 -0.3287169934527073
34.99159026041791 -0.420567801723518
35.09071657843609 -0.5082894821898164
35.189842896454266 -0.5910207848263094
35.28896921447245 -0.6679494550556904
35.38809553249063 -0.7383202084507845
35.48722185050882 -0.8014421461047494
35.58634816852699 -0.8566955378652077
35.685474486545175 -0.9035379068348077
35.784600804563354 -0.9415093554004806
35.88372712258154 -0.9702370805007335
35.98285344059972 -0.989439033799989
36.0819797586179 -0.9989266908345508
36.18110607663608 -0.9986069019426982
36.28023239465426 -0.9884828068065447
36.37935871267244 -0.9686538036266928
36.47848503069063 -0.9393145732323195
36.5776113487088 -0.9007531677079896
36.676737666726986 -0.8533481823029699
36.775863984745165 -0.797565038389296
36.87499030276335 -0.733951413962311
36.97411662078153 -0.6631318665470907
37.07324293879971 -0.585801701302839
37.17236925681789 -0.5027201445282147
37.271495574836074 -0.41470288958992724
37.37062189285425 -0.32261408845861844
37.46974821087244 -0.22735786747889125
37.56887452889061 -0.12986945067169306
37.6680008469088 -0.031105977720078812
37.767127164926976 0.06796289321245834
37.86625348294516 0.16636450557007446
37.96537980096334 0.2631327539306818
38.06450611898153 0.3573175692132512
38.1636324369997 0.44799424644046215
38.262758755017884 0.5342725234771384
38.36188507303606 0.6153053216092519
38.46101139105425 0.6902970621489699
38.56013770907243 0.7585114774131582
38.65926402709061 0.8192788393875007
38.758390345108786 0.8720025351051778
38.85751666312697 0.916164924183233
38.95664298114515 0.9513324210073819
39.05576929916334 0.977159751668508
39.15489561718151 0.9933933438562393
39.254021935199695 0.9998738164277666
39.353148253217874 0.9965375442092822
39.45227457123606 0.9834172826669063
39.55140088925424 0.960641846314056
39.65052720727242 0.9284348440126526
39.7496535252906 0.8871124835849731
39.848779843308776 0.837080467290417
39.94790616132696 0.7788300086473495
40.04703247934514 0.7129330097068233
40.14615879736332 0.6400364461275605
40.2452851153815 0.560856015179526
40.344411433399685 0.4761691090398153
40.443537751417864 0.3868071823689889
40.54266406943605 0.29364758910275907
40.64179038745422 0.1976049686054441
40.74091670547241 0.09962226575555587
40.84004302349059 0.0006614731284876222
40.93916934150877 -0.09830581383095356
41.03829565952695 -0.1963079359166833
41.13742197754513 -0.2923827098955961
41.23654829556331 -0.3855868752067959
41.335674613581496 -0.4750053548783817
41.434800931599675 -0.5597602397381786
41.53392724961786 -0.6390194077116873
41.63305356763603 -0.7120046935829601
41.73217988565422 -0.7779995290080404
41.8313062036724 -0.83635597777118
41.930432521690584 -0.8865010972120766
42.02955883970876 -0.9279425633675108
42.12868515772694 -0.9602735045999979
42.22781147574512 -0.9831764962568614
42.32693779376331 -0.9964266771402893
42.426064111781486 -0.9998939571908974
42.52519042979967 -0.9935442947098105
42.62431674781784 -0.9774400305795059
42.72344306583603 -0.9517392762020388
42.82256938385421 -0.9166943611638964
42.921695701872395 -0.8726493558682235
43.02082201989057 -0.8200366934572472
43.11994833790875 -0.7593729241907333
43.21907465592693 -0.691253643963989
43.31820097394512 -0.6163476467570874
43.417327291963296 -0.5353903584265223
43.51645360998148 -0.4491766163061287
43.615579927999654 -0.35855286550718124
43.71470624601784 -0.26440884853404845
43.81383256403602 -0.16766886980691542
43.912958882054205 -0.06928272085601193
44.012085200072384 0.029783644716048732
44.11121151809056 0.12855759495100377
44.21033783610874 0.22606936881958456
44.30946415412693 0.321361597319468
44.40859047214511 0.41349870290846935
44.50771679016329 0.5015760849896094
44.606843108181465 0.5847290012649348
44.70596942619965 0.6621410577613412
44.80509574421783 0.7330522241731775
44.904222062236016 0.7967662958274339
45.003348380254195 0.8526577290097986
45.102474698272374 0.9001777825426553
45.20160101629055 0.9388599053169787
45.30072733430874 0.9683243168835053
45.39985365232692 0.9882817361309706
45.498979970345104 0.9985362214433445
45.598106288363276 0.9989870944514054
45.69723260638146 0.9896299284913281
45.79635892439964 0.9705565920655974
45.89548524241783 0.9419543468795469
45.994611560436006 0.9041040093090068
46.093737878454185 0.8573771933497026
46.192864196472364 0.8022326621171256
46.29199051449055 0.7392118237177545
46.39111683250873 0.6689334157131337
46.490243150526915 0.5920874303645708
46.58936946854509 0.5094283403004383
46.68849578656327 0.42176769111616885
46.78762210458145 0.3299661336329446
46.88674842259964 0.23492497404192558
46.98587474061782 0.13757732489485233
47.085001058635996 0.03887894382021415
47.184127376654175 -0.06020115008950133
47.28325369467236 -0.1586901900914366
47.38238001269054 -0.2556212124003207
47.48150633070872 -0.35004254982315364
47.5806326487269 -0.44102717521212687
47.67975896674508 -0.5276818030020185
47.77888528476326 -0.6091556594732802
47.87801160278144 -0.6846488356344901
47.97713792079963 -0.7534201407157978
48.0762642388178 -0.8147943791677439
48.175390556835985 -0.8681689797201864
48.274516874854164 -0.9130199114171229
48.37364319287235 -0.9489068285441016
48.47276951089053 -0.9754773939352192
48.57189582890871 -0.9924707382136777
48.67102214692689 -0.9997200210030522
48.77014846494507 -0.997154068963382
48.86927478296325 -0.9847980745698607
48.96840110098144 -0.9627733487735238
49.06752741899961 -0.9312961299723231
49.166653737017796 -0.8906754609860473
49.265780055035975 -0.8413101548789991
49.36490637305416 -0.7836848794198155
49.46403269107234 -0.7183653986212657
