0.0 0.0
0.07134426670824896 0.0712837583378791
0.14268853341649793 0.14220483590911442
0.2140328001247469 0.21240239721085807
0.28537706683299585 0.2815192878794362
0.3567213335412448 0.34920385183665925
0.4280656002494938 0.41511172046170347
0.49940986695774275 0.47890756468553325
0.5707541336659917 0.5402668010934791
0.6420984003742407 0.5988772433555833
0.7134426670824896 0.6544406905824902
0.7847869337907386 0.7066744445255735
0.8561312004989876 0.7553127479020176
0.9274754672072365 0.8001081365268785
0.9988197339154855 0.8408326983726849
1.0701640006237345 0.8772792331506772
1.1415082673319834 0.9092623065139158
1.2128525340402325 0.9366191935186342
1.2841968007484814 0.9592107065436515
1.3555410674567303 0.9769219034555199
1.4268853341649792 0.9896626724163683
1.4982296008732283 0.997368190359034
1.5695738675814772 0.9999992527968288
1.6409181342897263 0.9975424732899203
1.7122624009979752 0.9900103515534724
1.783606667706224 0.977441209861023
1.854950934414473 0.9598989980666672
1.9262952011227221 0.9374729682380648
1.997639467830971 0.910277220555687
2.06898373453922 0.8784501227886985
2.140328001247469 0.8421536063010919
2.2116722679557177 0.8015723421698867
2.283016534663967 0.756912801607174
2.354360801372216 0.7084022054664405
2.425705068080465 0.656287368177914
2.4970493347887137 0.6008334419948155
2.568393601496963 0.5423225679395938
2.6397378682052115 0.4810524403139271
2.7110821349134606 0.41733479207603374
2.7824264016217097 0.35149380879146924
2.8537706683299584 0.2838644792269744
2.925114935038208 0.2147908909793016
2.9964592017464566 0.14462447981060425
3.0678034684547053 0.07372224159748329
3.1391477351629544 0.002444915991038172
3.210492001871203 -0.0688448489708317
3.2818362685794527 -0.13978434196070758
3.3531805352877013 -0.21001263378093035
3.4245248019959504 -0.27917241371568985
3.495869068704199 -0.3469118074728251
3.567213335412448 -0.4128861674659484
3.6385576021206973 -0.47675982632820096
3.709901868828946 -0.5382078047360345
3.7812461355371956 -0.5969174648538859
3.8525904022454442 -0.652590100987253
3.923934668953693 -0.704942459351197
3.995278935661942 -0.7537081792219043
4.066623202370191 -0.798639148138962
4.13796746907844 -0.8395067642632863
4.209311735786689 -0.876103099468015
4.280656002494938 -0.9082419572447444
4.352000269203187 -0.9357598200426425
4.423344535911435 -0.9585166812205237
4.494688802619685 -0.9763967573790446
4.566033069327934 -0.9893090774487765
4.637377336036183 -0.9971879455369776
4.708721602744432 -0.9999932751781591
4.78006586945268 -0.997710793287839
4.85141013616093 -0.9903521127817939
4.922754402869178 -0.9779546734913357
4.994098669577427 -0.9605815516752236
5.0654429362856765 -0.9383211390973911
5.136787202993926 -0.9112866933032842
5.208131469702175 -0.8796157613829416
5.279475736410423 -0.843469480152618
5.350820003118672 -0.8030317563155168
5.422164269826921 -0.7585083307728554
5.49350853653517 -0.7101257318458943
5.5648528032434195 -0.6581301227347819
5.636197069951668 -0.602786049078164
5.707541336659917 -0.5443750929857794
5.778885603368166 -0.4831944403921238
5.850229870076416 -0.4195553690202546
5.921574136784664 -0.35378166464875566
5.992918403492913 -0.28620797373963336
6.0642626702011615 -0.21717810080874708
6.135606936909411 -0.14704325920145805
6.206951203617661 -0.0761602841733094
6.278295470325909 -0.00488981736728995
6.349639737034158 0.06640552807522303
6.420984003742406 0.13736301243418295
6.492328270450655 0.2076216149746236
6.563672537158905 0.2768238707644645
6.6350168038671535 0.34461768940094445
6.706361070575403 0.4106581463922869
6.777705337283651 0.4746092380802995
6.849049603991901 0.5361455911751646
6.92039387070015 0.5949541182045398
6.991738137408398 0.6507356104543293
7.063082404116647 0.7032062602964658
7.134426670824896 0.7520991051583402
7.205770937533146 0.7971653857871964
7.277115204241395 0.838175811898831
7.348459470949644 0.8749217287711959
7.419803737657892 0.9072161788474359
7.491148004366141 0.9348948529471003
7.562492271074391 0.9578169262459063
7.633836537782639 0.975865774770722
7.7051808044908885 0.9889495687643545
7.776525071199137 0.9970017399011868
7.847869337907386 0.9999813199765516
7.919213604615636 0.9978731493466363
7.990557871323884 0.9906879540584131
8.061902138032133 0.9784622912771659
8.133246404740381 0.9612583632892727
8.20459067144863 0.9391637010265674
8.27593493815688 0.9122907187224599
8.34727920486513 0.8807761419656583
8.418623471573378 0.8447803120614643
8.489967738281626 0.8044863702399415
8.561312004989876 0.7600993258615895
8.632656271698124 0.7118450133613443
8.704000538406374 0.6599689432378012
8.775344805114623 0.6047350529336788
8.84668907182287 0.5464243639628144
8.91803333853112 0.4853335521160539
8.98937760523937 0.421773438020595
9.060721871947619 0.3560674057325779
9.132066138655867 0.28854975740888766
9.203410405364115 0.21956401242935203
9.274754672072365 0.14946115962312273
9.346098938780615 0.07859787149165923
9.417443205488864 0.007334689514055856
9.488787472197112 -0.06396581023239246
9.56013173890536 -0.13494086180333756
9.63147600561361 -0.20522935508454845
9.70282027232186 -0.27447367306446463
9.774164539030108 -0.34232151133439087
9.845508805738357 -0.40842767055898765
9.916853072446605 -0.47245581279723614
9.988197339154855 -0.5340801727380037
10.059541605863105 -0.592987215143692
10.130885872571353 -0.6488772300691655
10.202230139279601 -0.7014658577397233
10.273574405987851 -0.750485535329766
10.3449186726961 -0.7956868582811768
10.41626293940435 -0.83683984923525
10.487607206112598 -0.8737351281220079
10.558951472820846 -0.906184977453707
10.630295739529096 -0.9340242974024556
10.701640006237344 -0.9571114458026695
10.772984272945594 -0.9753289588045665
10.844328539653842 -0.9885841485121096
10.91567280636209 -0.9968095745647286
10.98701707307034 -0.99996338726347
11.058361339778589 -0.9980295404958093
11.129705606486839 -0.9910178733757973
11.201049873195087 -0.9789640601841659
11.272394139903335 -0.9619294288630894
11.343738406611585 -0.940000648989075
11.415082673319834 -0.9132892908115284
11.486426940028084 -0.8819312576005316
11.557771206736332 -0.8460860941919727
11.629115473444582 -0.8059361752480256
11.700459740152832 -0.7616857773630069
11.771804006861078 -0.7135600397355729
11.843148273569328 -0.6618038186951969
11.914492540277577 -0.6066804419109506
11.985836806985827 -0.5484703686209277
12.057181073694077 -0.48746976269891334
12.128525340402323 -0.4239889858182765
12.199869607110573 -0.35835101837963834
12.271213873818821 -0.29088981623643606
12.342558140527071 -0.22194861157903467
12.413902407235321 -0.15187816662230083
12.485246673943568 -0.08103498898155662
12.556590940651818 -0.009779517816812914
12.627935207360066 0.06152571002605472
12.699279474068316 0.13251790454687642
12.770623740776566 0.202835868410733
12.841968007484812 0.2721218346642838
12.913312274193062 0.3400232869988503
12.98465654090131 0.4061947532989954
13.05600080760956 0.4702995633513769
13.12734507431781 0.5320115617708472
13.198689341026057 0.5910167674287454
13.270033607734307 0.6470149709404581
13.341377874442555 0.6997212620844402
13.412722141150805 0.7488674793814911
13.484066407859055 0.794203574458985
13.555410674567302 0.8354988842584237
13.626754941275552 0.8725433046135033
13.698099207983802 0.905148359227692
13.76944347469205 0.9331481586125605
13.8407877414003 0.9564002441079111
13.912132008108546 0.9747863126894608
13.983476274816796 0.9882128188763865
14.054820541525046 0.9966114506762954
14.126164808233295 0.9999394771461093
14.197509074941545 0.99817996580051
14.268853341649791 0.9913418687618135
14.340197608358041 0.9794599772129503
14.411541875066291 0.9625947443852964
14.48288614177454 0.9408319779819556
14.55423040848279 0.9142824036014014
14.625574675191038 0.8830811013827148
14.696918941899288 0.8473868187386682
14.768263208607538 0.8073811626733822
14.839607475315784 0.7632676757939012
14.910951742024034 0.7152708007167976
14.982296008732282 0.6636347381387743
15.053640275440532 0.608622204381175
15.124984542148782 0.550513094729876
15.196328808857029 0.4896030593712442
15.267673075565279 0.4262019991695836
15.339017342273527 0.3606324889393605
15.410361608981777 0.2932281362342871
15.481705875690027 0.2243318840035617
15.553050142398273 0.15429426575103974
15.624394409106523 0.08347162207482549
15.695738675814772 0.01222428766129801
15.767082942523022 -0.05908524204221103
15.838427209231272 -0.13009415514832307
15.909771475939518 -0.2004411692605342
15.981115742647768 -0.26976836962233164
16.052460009356015 -0.3377230301322408
16.123804276064266 -0.4039594079598496
16.195148542772515 -0.4681405026319653
16.266492809480763 -0.5299397706390672
16.337837076189015 -0.5890427868383002
16.40918134289726 -0.6451488442000896
16.48052560960551 -0.6979724837591533
16.55186987631376 -0.7472449469856456
16.623214143022008 -0.7927155431871297
16.69455840973026 -0.8341529249841393
16.765902676438504 -0.8713462653699527
16.837246943146756 -0.9041063303659024
16.908591209855004 -0.932266441814643
16.979935476563252 -0.955683325412925
17.051279743271504 -0.9742378396691407
17.122624009979752 -0.9878355820768538
17.193968276688 -0.9964073694201966
17.26531254339625 -0.9999095897673952
17.336656810104497 -0.9983244243615534
17.40800107681275 -0.9916599382797384
17.479345343520997 -0.9799500393991135
17.550689610229245 -0.9632543058788888
17.622033876937497 -0.9416576830358362
17.69337814364574 -0.9152700511556271
17.764722410353993 -0.8842256664388743
17.83606667706224 -0.8486824779263116
17.90741094377049 -0.8088213238784232
17.97875521047874 -0.7648450116982742
18.050099477186986 -0.7169772860787379
18.121443743895238 -0.6654616906239857
18.192788010603486 -0.6105603287372308
18.264132277311734 -0.5525525300790153
18.335476544019986 -0.49173342938099507
18.40682081072823 -0.428412464845963
18.478165077436483 -0.3629118037739714
18.54950934414473 -0.2955647034248486
18.62085361085298 -0.22671381545663213
18.69219787756123 -0.15670944256680064
18.763542144269476 -0.08590775620619857
18.834886410977727 -0.014668984433596582
18.906230677685976 0.056644420869055724
18.977574944394224 0.12766962809593452
19.048919211102476 0.1980452719485698
19.12026347781072 0.26741329200672836
19.191607744518972 0.3354207544846378
19.26295201122722 0.40172164790359904
19.33429627793547 0.46597864354505414
19.40564054464372 0.527864811727058
19.476984811351965 0.5870652851720585
19.548329078060217 0.6432788610030677
19.619673344768465 0.6962195332173977
19.691017611476713 0.7456179478411165
19.762361878184965 0.791222773360506
19.83370614489321 0.8328019794580276
19.90505041160146 0.8701440175468093
19.97639467830971 0.9030588970971948
20.047738945017958 0.9313791522792738
20.11908321172621 0.9549606940031836
20.190427478434458 0.9736835430221692
20.261771745142706 0.9874524403684909
20.333116011850954 0.9961973320163532
20.404460278559203 0.9998737253059832
20.475804545267454 0.9984629153154201
20.547148811975703 0.9919720800282734
20.61849307868395 0.9804342438132493
20.6898373453922 0.9639081094012564
20.761181612100447 0.9424777592149667
20.8325258788087 0.9162522275704169
20.903870145516947 0.8853649459272334
20.975214412225196 0.8499730640099397
21.046558678933444 0.8102566502544044
21.117902945641692 0.7664177756474142
21.189247212349944 0.718679485620661
21.260591479058192 0.6672846652300002
21.33193574576644 0.6124948033937394
21.40328001247469 0.5545886624773655
21.474624279182937 0.49386085999362783
21.54596854589119 0.4306203696340759
21.617312812599437 0.3651889492585893
21.688657079307685 0.29789950384100056
21.760001346015933 0.2290943916999523
21.83134561272418 0.159123682632579
21.902689879432433 0.08834337681337526
21.97403414614068 0.017113593520236194
22.04537841284893 -0.0542032610968997
22.116722679557178 -0.125244337882625
22.188066946265426 -0.19564819079659881
22.259411212973678 -0.265056615895249
22.330755479681926 -0.33311647381816906
22.402099746390174 -0.3994814865067317
22.473444013098423 -0.46381399901342235
22.54478827980667 -0.5257866974381314
22.616132546514923 -0.5850842742507913
22.68747681322317 -0.6414050325274405
22.75882107993142 -0.6944624209376524
22.830165346639667 -0.7439864916734915
22.901509613347915 -0.7897252739023221
22.972853880056167 -0.8314460557555394
23.044198146764415 -0.8689365683306528
23.115542413472664 -0.9020060656827305
23.186886680180912 -0.9304862953103353
23.258230946889164 -0.9542323541983024
23.329575213597412 -0.9731234260619235
23.400919480305664 -0.9870633960415749
23.47226374701391 -0.9959813397202897
23.543608013722157 -0.9998318839762574
23.61495228043041 -0.9985954378342635
23.686296547138657 -0.9922782921415523
23.75764081384691 -0.9809125875609649
23.828985080555153 -0.964556151044208
23.9003293472634 -0.943292201617237
23.971673613971653 -0.9172289269746939
24.0430178806799 -0.8864989330376076
24.114362147388153 -0.8512585692749133
24.185706414096398 -0.8116871332214868
24.257050680804646 -0.7679859582399242
24.328394947512898 -0.7203773891674656
24.399739214221146 -0.6691036510597614
24.471083480929398 -0.6144256167871376
24.542427747637642 -0.5566214797536957
24.61377201434589 -0.49598533849215476
24.685116281054142 -0.43282570033590756
24.75646054776239 -0.36746391178129506
24.827804814470642 -0.30023252352618274
24.899149081178887 -0.23147359850333624
24.970493347887135 -0.16153697151694704
25.041837614595387 -0.09077846933714231
25.113181881303635 -0.019558100308263236
25.184526148011887 0.05176177731807963
25.255870414720132 0.1228182990058637
25.32721468142838 0.19324994013347946
25.398558948136632 0.26269835537520664
25.46990321484488 0.33081020190695937
25.541247481553132 0.39723893716009134
25.612591748261377 0.46164658197649916
25.683936014969625 0.5237054401944805
25.755280281677877 0.5830997659162269
25.826624548386125 0.6395273699742512
25.897968815094377 0.6927011574232752
25.96931308180262 0.742350588235001
26.04065734851087 0.7882230537640718
26.11200161521912 0.8300851619818699
26.18334588192737 0.8677239249391617
26.25469014863562 0.9009478424159405
26.326034415343866 0.9295878762449901
26.397378682052114 0.9534983103520225
26.468722948760366 0.9725574921365718
26.540067215468614 0.9866684514216647
26.611411482176866 0.995759393823127
26.68275574888511 0.9997840660283297
26.75410001559336 0.9987219911259143
26.82544428230161 0.9925785727891546
26.89678854900986 0.9813850677829039
26.96813281571811 0.965198426933994
27.039477082426355 0.9441010053742188
27.110821349134604 0.9182001435301174
27.182165615842855 0.8876276209914494
27.253509882551104 0.8525389860369721
27.324854149259355 0.8131127642287802
27.396198415967604 0.7695495501017997
27.467542682675848 0.7220709865697246
27.5388869493841 0.6709186372400575
27.610231216092348 0.616352757375759
27.6815754828006 0.5586509697565875
27.752919749508848 0.498106852177244
27.824264016217093 0.4350284437688221
27.895608282925345 0.36973667774322
27.966952549633593 0.3025637485344928
28.038296816341845 0.2338514216447789
28.109641083050093 0.16394929479417328
28.180985349758338 0.09321301922143432
28.25232961646659 0.022002490185337373
28.323673883174838 -0.04931998412685479
28.39501814988309 -0.12039152596760022
28.466362416591338 -0.19085053429505033
28.537706683299582 -0.26033852454339385
28.609050950007834 -0.32850195253703307
28.680395216716082 -0.3949940132687831
28.751739483424334 -0.45947640539028994
28.823083750132582 -0.5216210524370768
28.89442801684083 -0.581111772031011
28.96577228354908 -0.6376458845674589
29.03711655025733 -0.6909357532024302
29.10846081696558 -0.7407102473044613
29.179805083673827 -0.7867161219254609
29.251149350382075 -0.828719306271931
29.322493617090323 -0.866506094621061
29.393837883798575 -0.8998842336224816
29.465182150506823 -0.9286839004536499
29.536526417215075 -0.9527585668521854
29.60787068392332 -0.9719857446290538
29.679214950631568 -0.9862676088695922
29.75055921733982 -0.9955314956515732
29.821903484048068 -0.9997302717480376
29.89324775075632 -0.9988425744338837
29.964592017464565 -0.9928729201761156
30.035936284172813 -0.9818516816547554
30.107280550881065 -0.9658349332313332
30.178624817589313 -0.9449041656511867
30.249969084297565 -0.9191658714311148
30.32131335100581 -0.8887510030418878
30.392657617714057 -0.8538143066422614
30.46400188442231 -0.8145335347544038
30.535346151130558 -0.7711085418864823
30.60669041783881 -0.7237602677037409
30.678034684547054 -0.6727296129215852
30.749378951255302 -0.6182762136398752
30.820723217963554 -0.5606771203545202
30.892067484671802 -0.5002253883672924
30.963411751380054 -0.43722858676563664
31.0347560180883 -0.37200723355862575
31.106100284796547 -0.30489316493073604
31.1774445515048 -0.23622784691055654
31.248788818213047 -0.1663606380443053
31.3201330849213 -0.09564701191341543
31.391477351629543 -0.024446748539817126
31.46282161833779 0.0468778961193553
31.534165885046043 0.1179640332741622
31.60551015175429 0.18844998762404838
31.676854418462543 0.2579771375060038
31.748198685170788 0.326191739506235
31.819542951879036 0.39274672825212575
31.890887218587288 0.4573034822272861
31.962231485295536 0.5195335466255986
32.033575752003784 0.5791203044786218
32.10492001871203 0.6357605875538714
32.17626428542028 0.6891662188280386
32.24760855212853 0.7390654786872078
32.318952818836785 0.7852044873943581
32.39029708554503 0.8273484967902937
32.461641352253274 0.8652830846560795
32.532985618961526 0.8988152456602063
32.60432988566978 0.9277743733399388
32.67567415237803 0.9520131281206936
32.747018419086274 0.9714081869570607
32.81836268579452 0.9858608707814417
32.88970695250277 0.995297646567918
32.96105121921102 0.9996705014569433
33.032395485919274 0.998957187037371
33.10373975262752 0.9931613325429376
33.17508401933576 0.9823124263872791
33.246428286044015 0.9664656661314305
33.31777255275227 0.9457016776471537
33.38911681946052 0.9201261049049361
33.46046108616876 0.8898690724737679
33.53180535287701 0.8550845234673993
33.60314961958526 0.815949436305527
33.67449388629351 0.7726629242749042
33.74583815300176 0.7254452224716407
33.81718241971001 0.6745365672790141
33.88852668641825 0.6201959740817947
33.959870953126504 0.5626999194359295
34.031215219834756 0.5023409343984859
34.10255948654301 0.43942611617474153
34.17390375325125 0.3742755656549853
34.245248019959504 0.3072207587905392
34.31659228666775 0.23860286009529452
34.387936553376 0.16877098685323838
34.45928082008425 0.09808043286361229
34.5306250867925 0.0268908607608472
34.60196935350075 -0.044435527893462945
34.673313620208994 -0.11553583543618609
34.744657886917246 -0.1860483144700404
34.8160021536255 -0.2556142083785012
34.88734642033374 -0.32387957662414796
34.958690687041994 -0.39049709554354217
35.03003495375024 -0.4551278254764035
35.10137922045849 -0.517442935238372
35.17272348716674 -0.577125375163305
35.244067753874994 -0.6338714902030979
35.31541202058324 -0.6873925648777179
35.38675628729148 -0.7374162922150473
35.458100553999735 -0.7836881592067403
35.52944482070799 -0.825972741731142
35.60078908741624 -0.864054902354919
