0.0 0.0
0.08489158881752071 0.08478966252090409
0.16978317763504142 0.16896864827184688
0.25467476645256215 0.2519306787326806
0.33956635527008283 0.3330782402055677
0.4244579440876035 0.4118268872609928
0.5093495329051243 0.48760945206277356
0.594241121722645 0.5598801292554381
0.6791327105401657 0.6281184069935708
0.7640242993576863 0.6918328158008475
0.848915888175207 0.7505644682585241
0.9338074769927278 0.8038903640296372
1.0186990658102486 0.851426436415292
1.1035906546277692 0.8928303185009611
1.18848224344529 0.9278038089703022
1.2733738322628105 0.9560950198270773
1.3582654210803313 0.9775001905567304
1.4431570098978521 0.9918651556615696
1.5280485987153727 0.9990864549999923
1.6129401875328935 0.9991120789328068
1.697831776350414 0.9919418429099153
1.7827233651679348 0.9776273887994903
1.8676149539854556 0.9562718129500727
1.9525065428029764 0.9280289236643807
2.037398131620497 0.8931021334326942
2.1222897204380176 0.8517429939042316
2.2071813092555383 0.8042493841480287
2.292072898073059 0.7509633652519286
2.37696448689058 0.6922687167114039
2.4618560757081007 0.6285881723517709
2.546747664525621 0.5603803756913872
2.631639253343142 0.48813657667408206
2.7165308421606627 0.41237709356179886
2.8014224309781834 0.33364756546979574
2.8863140197957042 0.25251502253460567
2.9712056086132246 0.16956380201840637
3.0560971974307454 0.0853913397630568
3.140988786248266 0.0006038673048264587
3.225880375065787 -0.08418795435971314
3.3107719638833077 -0.16837343290989767
3.395663552700828 -0.2513462430627832
3.4805551415183493 -0.33250879348244267
3.5654467303358697 -0.4112765307851423
3.65033831915339 -0.4870821496418717
3.7352299079709113 -0.5593796786559777
3.8201214967884316 -0.6276484125883782
3.905013085605953 -0.6913966626094734
3.989904674423473 -0.7501652975674665
4.074796263240994 -0.8035310507679981
4.159687852058514 -0.8511095684488023
4.244579440876035 -0.8925581779935137
4.329471029693556 -0.9275783559472249
4.414362618511077 -0.9559178780585307
4.4992542073285975 -0.9773726358629006
4.584145796146118 -0.9917881067238866
4.669037384963639 -0.9990604667445522
4.75392897378116 -0.9991373385336518
4.83882056259868 -0.9920181684409594
4.923712151416201 -0.9777542305447964
5.008603740233721 -0.9564482573630482
5.093495329051242 -0.9282536999473716
5.178386917868763 -0.8933736226895947
5.263278506686284 -0.8520592408001866
5.3481700955038045 -0.8046081109922539
5.433061684321325 -0.7513619884022202
5.517953273138845 -0.6927043651821895
5.602844861956367 -0.6290577084916766
5.687736450773887 -0.5608804177814077
5.7726280395914085 -0.48866352328357826
5.857519628408928 -0.4129271494869248
5.942411217226449 -0.3342167690675194
6.02730280604397 -0.2530992742554751
6.112194394861491 -0.17015889393254943
6.1970859836790115 -0.08599298586676593
6.281977572496532 -0.0012077343894492294
6.366869161314053 0.08358621549890005
6.451760750131574 0.16777815614960703
6.536652338949094 0.2507617157380316
6.6215439277666155 0.3319392255080722
6.706435516584135 0.4107260243349375
6.791327105401656 0.48655466960366117
6.876218694219177 0.5588790240754978
6.961110283036699 0.6271781893075808
7.046001871854219 0.6909602572963267
7.130893460671739 0.7497658533243161
7.215785049489259 0.803171444494136
7.30067663830678 0.85079239012031
7.385568227124302 0.8922857120095904
7.4704598159418225 0.9273525646773622
7.555351404759342 0.9557403877090282
7.640242993576863 0.9772447247645141
7.725134582394384 0.9917106961249627
7.810026171211906 0.9990341141759631
7.894917760029426 0.9991622337933163
7.979809348846946 0.992094132226869
8.064700937664467 0.9778807157463953
8.149592526481989 0.9566243530016616
8.234484115299509 0.9284781377373084
8.319375704117029 0.8936447861726624
8.40426729293455 0.8523751769878355
8.48915888175207 0.8049665444315011
8.574050470569592 0.7517603375640384
8.658942059387112 0.6931397610543407
8.743833648204633 0.6295270152420683
8.828725237022153 0.5613802553431552
8.913616825839673 0.48919029169911
8.998508414657195 0.4134770548357885
9.083400003474717 0.33478585079117307
9.168291592292237 0.25368343368223684
9.253183181109756 0.170753923797273
9.338074769927278 0.08659460061263743
9.4229663587448 0.001811601033663372
9.50785794756232 -0.08298444615789287
9.59274953637984 -0.1671828182080457
9.67764112519736 -0.25017709697157714
9.762532714014881 -0.3313695364901523
9.847424302832403 -0.4101753681111257
9.932315891649923 -0.48602701214049054
10.017207480467443 -0.5583781656965655
10.102099069284964 -0.6267077373226462
10.186990658102484 -0.6905236000205457
10.271882246920006 -0.7493661356747324
10.356773835737526 -0.8028115453391854
10.441665424555048 -0.8504749015454773
10.526557013372567 -0.8920129206485465
10.611448602190087 -0.927126435243049
10.696340191007609 -0.9555625488432933
10.78123177982513 -0.977116457308215
10.86612336864265 -0.991632923893026
10.95101495746017 -0.9990073973038347
11.03590654627769 -0.9991867647027219
11.120798135095214 -0.9921697342399436
11.205689723912734 -0.9780068443581634
11.290581312730254 -0.9568000998017001
11.375472901547774 -0.9287022369523493
11.460364490365295 -0.8939156237830155
11.545256079182817 -0.8526908023519706
11.630147668000337 -0.8053246843350647
11.715039256817857 -0.752158412592124
11.799930845635378 -0.693574904169089
11.884822434452898 -0.6299960924318123
11.96971402327042 -0.5618798881943617
12.05460561208794 -0.4897168817285849
12.139497200905462 -0.4140268094078645
12.224388789722981 -0.3353548104332421
12.309280378540501 -0.25426750060187614
12.394171967358023 -0.17134889139559467
12.479063556175545 -0.08719618378128947
12.563955144993065 -0.0024154670172694364
12.648846733810585 0.08238264655612805
12.733738322628106 0.16658741930230844
12.818629911445628 0.24959238697660704
12.903521500263148 0.3307997266364248
12.988413089080668 0.409624562314503
13.073304677898188 0.48549917744477133
13.15819626671571 0.5578771037018222
13.243087855533231 0.626237056805129
13.32797944435075 0.6900866909413605
13.41287103316827 0.7489661447644737
13.497762621985792 0.8024513534343845
13.582654210803312 0.8501571028400758
13.667545799620834 0.891739804009858
13.752437388438354 0.9268999677267463
13.837328977255876 0.9553843615261756
13.922220566073397 0.976987833540776
14.007112154890915 0.9915547900564365
14.092003743708437 0.9989803161379096
14.176895332525957 0.9992109312529234
14.261786921343479 0.9922449744526151
14.346678510161 0.9781326163341072
14.431570098978519 0.9569754976990756
14.516461687796042 0.9289259975107735
14.60135327661356 0.8941861354218924
14.686244865431082 0.8530061167774982
14.771136454248603 0.8056825305723473
14.856028043066123 0.7525562133413147
14.940919631883645 0.6940097943677568
15.025811220701163 0.6304649398898554
15.110702809518685 0.5623793161528349
15.195594398336208 0.490243293179979
15.280485987153726 0.4145764130026834
15.365377575971248 0.3359236477862478
15.450269164788768 0.25485147480140635
15.53516075360629 0.17194379651055697
15.620052342423811 0.08779773515335126
15.70494393124133 0.0030193321200615514
15.789835520058851 -0.0817808169130588
15.874727108876371 -0.16599195964950827
15.959618697693893 -0.2490075859663332
16.044510286511414 -0.3302297961546732
16.129401875328934 -0.4090736071459278
16.214293464146454 -0.4849711657089845
16.299185052963978 -0.5573758382739838
16.384076641781498 -0.6257661479266651
16.468968230599017 -0.6896495302180919
16.553859819416537 -0.7485658807394009
16.638751408234057 -0.8020908689110783
16.72364299705158 -0.849838994119996
16.8085345858691 -0.8914663621931179
16.89342617468662 -0.9266731622110359
16.97831776350414 -0.9552058258226516
17.063209352321664 -0.976858853509101
17.148100941139184 -0.9914762946436869
17.232992529956704 -0.9989528706880629
17.317884118774224 -0.9992347334351082
17.402775707591744 -0.992319852837446
17.487667296409267 -0.9782580316283632
17.572558885226787 -0.9571505466298275
17.657450474044307 -0.9291494193309879
17.74234206286183 -0.8944563209906466
17.827233651679347 -0.8533211201494363
17.91212524049687 -0.8060400830128585
17.99701682931439 -0.7529537396665512
18.08190841813191 -0.6944444314917604
18.166800006949433 -0.6309335574452258
18.25169159576695 -0.5628785390364538
18.336583184584473 -0.490769525861338
18.421474773401997 -0.41512586541982244
18.506366362219513 -0.3364923626427637
18.591257951037036 -0.2554353560678779
18.676149539854556 -0.1725386389252243
18.761041128672076 -0.08839925450946542
18.8459327174896 -0.0036231961218315036
18.930824306307116 0.08117895744814226
19.01571589512464 0.1653964394667882
19.10060748394216 0.2484226941540118
19.18549907275968 0.32965974525272423
19.270390661577203 0.40852250280630914
19.35528225039472 0.4844429771256695
19.440173839212243 0.5568743695958355
19.525065428029762 0.6252950108589725
19.609957016847282 0.6892121180101519
19.694848605664806 0.7481653437454729
19.779740194482326 0.8017300919007229
19.864631783299846 0.8495205755012342
19.949523372117365 0.8911925952980376
20.034414960934885 0.9264460187786232
20.11930654975241 0.9550269417978269
20.20419813856993 0.9767295172602227
20.28908972738745 0.9913974376833999
20.37398131620497 0.998925060964303
20.458872905022492 0.9992581712405966
20.543764493840012 0.9923943693671313
20.628656082657532 0.9783830901951984
20.71354767147505 0.9573252465301251
20.79843926029257 0.9293725023315194
20.883330849110095 0.8947261803907581
20.968222437927615 0.8536358123529151
21.053114026745135 0.8063973415262156
21.13800561556266 0.753350991422872
21.222897204380175 0.6948788153826054
21.307788793197698 0.6314019449270475
21.392680382015218 0.5633775566631712
21.477571970832738 0.4912955795807649
21.56246355965026 0.41567516645893043
21.647355148467778 0.3370609547954031
21.7322467372853 0.2560191441883801
21.817138326102825 0.17313341842268226
21.90202991492034 0.08900074163028268
21.986921503737864 0.004227058802387468
22.07181309255538 -0.08057706838085169
22.156704681372904 -0.16480085897130112
22.241596270190428 -0.24783771175292701
22.326487859007944 -0.3290895741384519
22.411379447825468 -0.40797124949660546
22.496271036642987 -0.483914611887438
22.581162625460507 -0.5563726978502432
22.66605421427803 -0.6248236457738585
22.750945803095547 -0.6887744544770467
22.83583739191307 -0.7477645339287443
22.92072898073059 -0.8013690225348732
23.00562056954811 -0.8492018470999054
23.090512158365634 -0.8909185034244501
23.175403747183154 -0.9262185375123392
23.260295336000674 -0.9548477095169307
23.345186924818194 -0.9765998248413049
23.430078513635713 -0.9913182192043317
23.514970102453237 -0.9988968869767707
23.599861691270757 -0.9992812446608422
23.684753280088277 -0.992468524014499
23.769644868905797 -0.9785077919890091
23.85453645772332 -0.957499597336261
23.93942804654084 -0.9295952464310179
24.02431963535836 -0.8949957135238188
24.10921122417588 -0.853950193273184
24.1941028129934 -0.8067543059821412
24.278994401810923 -0.7537479684654205
24.363885990628443 -0.6953129458818887
24.448777579445963 -0.6318701021645162
24.533669168263486 -0.5638763688510202
24.618560757081003 -0.4918214541464313
24.703452345898526 -0.4162243159196968
24.788343934716046 -0.3376294240368221
24.873235523533566 -0.2566028389500281
24.95812711235109 -0.17372813478604626
25.043018701168606 -0.0896021962964673
25.12791028998613 -0.0048309199415221115
25.212801878803653 0.07997514993067648
25.29769346762117 0.16420521838023236
25.382585056438693 0.24725263897639085
25.467476645256212 0.32851928301977584
25.552368234073732 0.40741984741783777
25.637259822891256 0.4833860701869583
25.722151411708772 0.5558708232201448
25.807043000526296 0.6243520528432033
25.891934589343816 0.6883365397783752
25.976826178161335 0.7473634514353749
26.06171776697886 0.8010076609451997
26.146609355796375 0.8488828090322358
26.2315009446139 0.8906440866723014
26.31639253343142 0.9259907184951338
26.40128412224894 0.9546681290453218
26.486175711066462 0.9764697762996413
26.571067299883982 0.9912386392353703
26.6559588887015 0.9988683487357397
26.74085047751902 0.9993039536874312
26.82574206633654 0.9925423167525076
26.910633655154065 0.9786321369643212
26.995525243971585 0.9576735989846593
27.080416832789105 0.9298176515482611
27.165308421606625 0.8952649202915417
27.250200010424148 0.8542642627955986
27.335091599241668 0.8071109762504641
27.41998318805919 0.7541446706494321
27.504874776876708 0.6957468228313074
27.589766365694228 0.6323380289869157
27.67465795451175 0.5643749754181091
27.75954954332927 0.49234714936657087
27.844441132146795 0.41677331360186765
27.92933272096431 0.33819777015973196
28.01422430978183 0.25718644013997405
28.099115898599354 0.17432278779844612
28.184007487416874 0.09020361828869183
28.268899076234398 0.005434779319030444
28.353790665051914 -0.07937320231709195
28.438682253869434 -0.1636095179107857
28.523573842686957 -0.24666747603775693
28.60846543150448 -0.3279488721046525
28.693357020322 -0.4068682967710813
28.778248609139517 -0.48285735221695997
28.863140197957037 -0.5553687458885517
28.94803178677456 -0.6238802322389788
29.032923375592084 -0.6878983740738229
29.117814964409604 -0.746962096411624
29.20270655322712 -0.8006460072634685
29.287598142044644 -0.8485634614145664
29.372489730862164 -0.8903693451416608
29.457381319679687 -0.9257625618100851
29.542272908497207 -0.9544882004484867
29.627164497314723 -0.9763393716826525
29.712056086132247 -0.9911586978055338
29.796947674949767 -0.9988394462516168
29.88183926376729 -0.9993262983120821
29.96673085258481 -0.9926157475542479
30.051622441402326 -0.978756125075794
30.13651403021985 -0.9578472514118682
30.22140561903737 -0.9300397176021465
30.306297207854893 -0.8955338005957575
30.391188796672417 -0.8545780208056334
30.47608038548993 -0.8074673522011288
30.560971974307453 -0.754541097830254
30.645863563124976 -0.6961804460726405
30.730755151942496 -0.632805725223611
30.81564674076002 -0.5648733761826124
30.900538329577536 -0.492872665049492
30.985429918395056 -0.4173221593052576
31.07032150721258 -0.33876599295687515
31.1552130960301 -0.25776994754540106
31.240104684847623 -0.17491737724303463
31.32499627366514 -0.09080500738765136
31.40988786248266 -0.006038636714722326
31.494779451300182 0.07877122575961949
31.579671040117702 0.16301375778019028
31.664562628935226 0.24608222315041173
31.749454217752742 0.3273783416010789
31.834345806570262 0.40631659775745227
31.919237395387785 0.4823284581702555
32.00412898420531 0.554866466038555
32.08902057302283 0.62340818413324
32.17391216184034 0.687459957523162
32.25880375065787 0.7465604690038437
32.34369533947539 0.8002840616215673
32.42858692829291 0.8482438043633455
32.513478517110435 0.8900942789327175
32.598370105927955 0.9255340675403904
32.68326169474547 0.954307923792034
32.768153283562995 0.9762086110378952
32.853044872380515 0.9910783949439745
32.937936461198035 0.9988101795349416
33.022828050015555 0.9993482785266473
33.107719638833075 0.9926888163929436
33.192611227650595 0.9788797562782114
33.277502816468115 0.9580205545545644
33.36239440528564 0.9302614445116939
33.44728599410316 0.895802354338419
33.532177582920674 0.8548914671888802
33.6170691717382 0.8078234337041701
33.70196076055572 0.7549372498633176
33.78685234937324 0.6966138154477698
33.87174393819077 0.633273190704054
33.95663552700828 0.5653715709627938
34.0415271158258 0.49339800100355935
34.12641870464333 0.4178708528297108
34.21131029346085 0.33933409222104943
34.29620188227837 0.2583533609535332
34.38109347109589 0.1755119029029984
34.46598505991341 0.09140636337403882
34.55087664873093 0.006642491908383471
34.63576823754845 -0.07816922047776269
34.720659826365974 -0.16241793820569342
34.80555141518349 -0.24549688052776075
34.89044300400101 -0.3268076917171123
34.975334592818534 -0.40576475057814726
35.060226181636054 -0.48179938823970286
35.145117770453574 -0.5543639838533023
35.230009359271094 -0.6229359086981162
35.314900948088614 -0.6870212902862814
35.39979253690613 -0.7461585693584917
35.48468412572366 -0.7999218241514794
35.56957571454118 -0.8479238379951433
35.65446730335869 -0.8898188881457665
35.73935889217622 -0.92530523576937
35.82425048099374 -0.9541272991417079
35.90914206981126 -0.9760774944130483
35.99403365862878 -0.9909977306799743
36.0789252474463 -0.998780548596386
36.16381683626382 -0.9993698943231114
36.24870842508134 -0.9927615232419494
36.33360001389887 -0.9790030305264916
36.41849160271639 -0.9581935083495499
36.5033831915339 -0.9304828321960571
36.588274780351426 -0.8960705814215981
36.673166369168946 -0.8552046018310262
36.758057957986466 -0.8081792206297514
36.84294954680399 -0.7553331266041658
36.927841135621506 -0.6970469307986623
37.012732724439026 -0.6337404252577944
37.09762431325655 -0.5658695595769695
37.18251590207407 -0.49392315703719986
37.26740749089159 -0.4184193939751591
37.35229907970911 -0.33990206774509746
37.43719066852663 -0.25893668015162885
37.52208225734415 -0.17610636456153667
37.60697384616167 -0.09200768602857336
37.6918654349792 -0.007246344679818161
37.77675702379671 0.07756718669104976
37.86164861261423 0.16182205940454664
37.94654020143176 0.24491144838326975
38.03143179024928 0.32623692266084686
38.1163233790668 0.40521275543438423
38.20121496788432 0.4812701426182274
38.28610655670184 0.5538612995160325
38.37099814551936 0.6224634061058283
38.45588973433688 0.6865823725231284
38.540781323154405 0.745756397622128
38.62567291197192 0.7995592949852861
38.71056450078944 0.847603562426626
38.795456089606965 0.8895431728812433
38.880347678424485 0.9250760665804703
38.965239267242005 0.953946326563369
39.050130856059525 0.9759460218559255
39.135022444877045 0.9909167050429483
39.219914033694565 0.9987505534467553
39.30480562251209 0.9993911456935918
39.38969721132961 0.9928338680747516
39.474588800147124 0.9791259477756853
39.55948038896465 0.95836611273376
39.64437197778217 0.9307038805744952
39.72926356659969 0.8963384817474829
39.81415515541721 0.855517424617896
39.89904674423473 0.8085347128481288
39.98393833305225 0.7557287279084518
40.06882992186977 0.69747979196738
40.1537215106873 0.6342074287144306
40.23861309950482 0.5663673418435594
40.32350468832233 0.494448132958931
40.40839627713986 0.4189677825415673
40.49328786595738 0.3404699193219003
40.5781794547749 0.25951990492697385
40.663071043592424 0.1767007620018686
40.74796263240994 0.09260897513197566
40.83285422122746 0.007850194808845771
40.917745810044984 -0.07696512461902288
41.002637398862504 -0.16122612159406863
41.087528987680024 -0.24432592693040273
41.172420576497544 -0.3256660346404033
41.257312165315064 -0.4046606125274579
41.34220375413258 -0.48074072149882474
41.4270953429501 -0.5533584132100523
41.51198693176763 -0.6219906765286826
41.59687852058514 -0.6861432043937619
41.68177010940266 -0.7453539539413924
41.76666169822019 -0.799196474255203
41.85155328703771 -0.8472829777745994
41.93644487585523 -0.8892671332396795
42.02133646467275 -0.924846560057259
42.10622805349027 -0.9537650061230121
42.19111964230779 -0.9758141934144693
42.27601123112532 -0.990835318062444
42.36090281994284 -0.9987201940969878
