0.0 0.0
0.1261869771068964 0.12585236119717572
0.2523739542137928 0.24970341367856044
0.37856093132068924 0.3695836736106126
0.5047479084275855 0.4835868008438816
0.630934885534482 0.5898999136017444
0.7571218626413785 0.6868324169907779
0.8833088397482748 0.7728428869007741
1.009495816855171 0.8465635817856649
1.1356827939620675 0.9068221925381453
1.261869771068964 0.9526604845907172
1.3880567481758603 0.983349535795801
1.514243725282757 0.9984013277716052
1.6404307023896532 0.9975765063877592
1.7666176794965496 0.9808881879831917
1.8928046566034458 0.9486017507896441
2.018991633710342 0.901230614877607
2.145178610817239 0.8395280777321322
2.271365587924135 0.7644753352894824
2.3975525650310314 0.6772658789245161
2.523739542137928 0.5792865165084753
2.6499265192448243 0.47209531934098103
2.7761134963517207 0.35739684564491225
2.9023004734586175 0.2370150346210296
3.028487450565514 0.11286420210205275
3.15467442767241 -0.013081400965676023
3.2808614047793063 -0.13881898313083077
3.4070483818862027 -0.26234906089786214
3.533235358993099 -0.38170725458453153
3.659422336099996 -0.49499552595735735
3.7856093132068915 -0.6004123609029867
3.9117962903137884 -0.6962814171695886
4.037983267420684 -0.7810781816208491
4.164170244527582 -0.8534542130979953
4.290357221634478 -0.9122585853789695
4.416544198741374 -0.9565561892480762
4.54273117584827 -0.9856426026359278
4.668918152955166 -0.9990552923641994
4.795105130062063 -0.9965809693646521
4.92129210716896 -0.9782589804094685
5.047479084275856 -0.9443806824174849
5.173666061382753 -0.8954848092861224
5.2998530384896485 -0.8323489049258277
5.426040015596545 -0.7559769587291992
5.552226992703441 -0.6675834400960271
5.678413969810338 -0.5685739858977787
5.804600946917235 -0.4605230479901658
5.930787924024131 -0.3451488562238414
6.056974901131028 -0.2242860950923061
6.183161878237923 -0.09985672851396879
6.30934885534482 0.026160563306330323
6.435535832451716 0.15176184892017508
6.561722809558613 0.27494981222461434
6.68790978666551 0.39376551385374015
6.8140967637724055 0.506319542302027
6.940283740879302 0.6108220594131791
7.066470717986198 0.7056112624500265
7.192657695093095 0.7891798101406537
7.318844672199992 0.860198792472819
7.4450316493068875 0.9175388630681461
7.571218626413783 0.9602881980883315
7.69740560352068 0.9877669960901899
7.823592580627577 0.9995382882523376
7.949779557734473 0.9954148870689058
8.075966534841369 0.9754623630119035
8.202153511948266 0.9399980018272426
8.328340489055163 0.8895857590455439
8.454527466162059 0.8250272919412679
8.580714443268956 0.7473492115502712
8.706901420375852 0.6577867574646753
8.833088397482747 0.5577641550090107
8.959275374589645 0.4488719671585464
9.08546235169654 0.33284180135039393
9.211649328803437 0.2115187734005555
9.337836305910333 0.08683216640672503
9.46402328301723 -0.03923524878003835
9.590210260124126 -0.16467874364776283
9.716397237231023 -0.28750351128754753
9.84258421433792 -0.4057563878838354
9.968771191444816 -0.5175569119947556
10.094958168551711 -0.6211272277167353
10.221145145658607 -0.7148203562121914
10.347332122765506 -0.7971463860254807
10.473519099872401 -0.8667961657077541
10.599706076979297 -0.9226621219897873
10.725893054086193 -0.9638558724514198
10.85208003119309 -0.9897223526103434
10.978267008299987 -0.9998502327807532
11.104453985406883 -0.9940784590526182
11.23064096251378 -0.9724988143766732
11.356827939620675 -0.9354544590286803
11.483014916727571 -0.8835344736625386
11.60920189383447 -0.8175644917288112
11.735388870941366 -0.7385935702222902
11.861575848048261 -0.6478775075404108
11.987762825155157 -0.5468588737325584
12.113949802262056 -0.43714407069992417
12.240136779368951 -0.3204777871354542
12.366323756475847 -0.19871525442229548
12.492510733582744 -0.07379274467848641
12.61869771068964 0.05230321991100169
12.744884687796537 0.17756745684058833
12.871071664903432 0.30000800976746195
12.99725864201033 0.4176778246720759
13.123445619117225 0.5287057119802786
13.24963259622412 0.6313261022863642
13.37581957333102 0.7239071225004402
13.502006550437915 0.8049765459522288
13.628193527544811 0.8732452037918609
13.754380504651706 0.9276274853986843
13.880567481758604 0.9672586017998983
14.006754458865501 0.9915083375754986
14.132941435972397 0.9999910725662631
14.259128413079294 0.9925719140192132
14.38531539018619 0.9693688416569607
14.511502367293085 0.93075083155997
14.637689344399984 0.8773319886958251
14.76387632150688 0.8099617814002402
14.890063298613775 0.729711533101418
15.01625027572067 0.637857386096865
15.142437252827566 0.5358600082932705
15.268624229934465 0.42534136561359354
15.39481120704136 0.3080589294373854
15.520998184148256 0.18587772922849974
15.647185161255154 0.06074069477035564
15.773372138362049 -0.06536224037245213
15.899559115468946 -0.19042578284835673
16.025746092575844 -0.3124611677648758
16.151933069682737 -0.42952778409854114
16.278120046789635 -0.539764034360301
16.404307023896532 -0.6414169377848619
16.53049400100343 -0.7328700062930664
16.656680978110327 -0.8126689499427139
16.78286795521722 -0.879544803098849
16.909054932324118 -0.9324341035703478
17.03524190943101 -0.9704958038234243
17.161428886537912 -0.9931246453493828
17.287615863644806 -0.999960783506902
17.413802840751703 -0.9908955097843043
17.5399898178586 -0.9660729804861632
17.666176794965494 -0.9258879243546329
17.79236377207239 -0.8709793655789719
17.91855074917929 -0.8022204620102055
18.044737726286186 -0.7207046201739754
18.17092470339308 -0.6277281078811543
18.297111680499977 -0.5247694409310866
18.423298657606875 -0.4134658717008722
18.549485634713772 -0.29558735349992954
18.675672611820666 -0.17300839470963825
18.801859588927563 -0.04767825028449526
18.92804656603446 0.07841007536935374
19.054233543141358 0.20325152122095044
19.18042052024825 0.3248608541662156
19.30660749735515 0.4413042382752636
19.432794474462046 0.5507299867199946
19.55898145156894 0.6513980073637851
19.68516842867584 0.7417074737684307
19.811355405782734 0.8202222815929717
19.93754238288963 0.8856938855759424
20.063729359996525 0.937081153946417
20.189916337103423 0.9735669245384109
20.31610331421032 0.994570999332644
20.442290291317214 0.9997593707860482
20.56847726842411 0.9890495332315731
20.694664245531012 0.9626117948862312
20.820851222637906 0.9208665696037904
20.947038199744803 0.864477691438736
21.073225176851697 0.79434185833358
21.199412153958594 0.7115743727963317
21.32559913106549 0.6174914063204328
21.451786108172385 0.5135890695789365
21.577973085279286 0.401519621219457
21.70416006238618 0.2830651935885291
21.830347039493077 0.16010945319972095
21.956534016599974 0.03460764660189577
22.082720993706868 -0.09144449202083622
22.208907970813765 -0.21604247708497737
22.33509494792066 -0.3372049470085303
22.46128192502756 -0.4530051718932486
22.587468902134457 -0.5616016924518448
22.71365587924135 -0.661267602958983
22.83984285634825 -0.7504180125674271
22.966029833455142 -0.8276352482985446
23.09221681056204 -0.8916913989283631
23.21840378766894 -0.941567841275433
23.344590764775834 -0.9764714383828249
23.47077774188273 -0.9958471520101869
23.596964718989625 -0.9993868688715355
23.723151696096522 -0.9870343002636739
23.84933867320342 -0.9589858771711471
23.975525650310313 -0.9156876266137545
24.101712627417214 -0.8578280789090375
24.22789960452411 -0.7863273186387411
24.354086581631005 -0.7023223534311178
24.480273558737903 -0.6071490332252543
24.606460535844796 -0.5023208075379297
24.732647512951694 -0.38950465853564914
24.858834490058594 -0.27049459262506564
24.985021467165488 -0.14718311209941665
25.111208444272386 -0.021531120499837592
25.23739542137928 0.10446325974232813
25.363582398486177 0.22879646151940117
25.489769375593074 0.3494913338426189
25.615956352699968 0.46462858256736295
25.742143329806865 0.5723772910767952
25.86833030691376 0.6710240355828785
25.99451728402066 0.7590001320523101
26.120704261127557 0.8349065814756818
26.24689123823445 0.8975363167994196
26.373078215341348 0.9458933977489166
26.49926519244824 0.9792088483061293
26.62545216955514 0.9969528849935276
26.75163914666204 0.9988433415097551
26.877826123768934 0.9848501557481759
27.00401310087583 0.9551958478455589
27.130200077982725 0.9103519816589656
27.256387055089622 0.851031665940548
27.38257403219652 0.7781782144568621
27.508761009303413 0.6929501453798604
27.634947986410314 0.5967027584897804
27.761134963517208 0.49096658314995123
27.887321940624105 0.37742303977448327
28.013508917731002 0.25787770182117975
28.139695894837896 0.13423158349829806
28.265882871944793 0.008450909769108778
28.392069849051687 -0.11746415062725109
28.518256826158588 -0.24151129193010967
28.644443803265485 -0.3617179120945141
28.77063078037238 -0.476172481179013
28.896817757479276 -0.5830549385626441
29.02300473458617 -0.6806656356135263
29.149191711693067 -0.7674523635617695
29.275378688799968 -0.8420350367784212
29.401565665906862 -0.9032276389461368
29.52775264301376 -0.9500570831327801
29.653939620120653 -0.9817786858543451
29.78012659722755 -0.9978880090581691
29.906313574334447 -0.9981288817147476
30.03250055144134 -0.9824974734585448
30.158687528548242 -0.951242355498598
30.284874505655132 -0.9048605478303363
30.411061482762033 -0.8440896156059479
30.53724845986893 -0.7698959403471713
30.663435436975824 -0.6834593525120103
30.78962241408272 -0.5861543697889022
30.915809391189615 -0.4795283394676545
31.041996368296513 -0.36527683246788656
31.168183345403413 -0.24521668031008592
31.294370322510307 -0.12125708379627372
31.420557299617204 0.004630747168961407
31.546744276724098 0.13044493982831057
31.672931253830996 0.2541847924234334
31.799118230937893 0.37388258942532376
31.925305208044787 0.48763489221652156
32.05149218515169 0.5936328076395954
32.17767916225858 0.6901907530803155
32.303866139365475 0.77577326066228
32.43005311647238 0.8490193943115526
32.55624009357927 0.9087643914104336
32.68242707068617 0.9540581848939903
32.808614047793064 0.9841805112502146
32.93480102489996 0.9986523641759816
33.06098800200686 0.9972436117522834
33.18717497911375 0.9799766560101768
33.31336195622065 0.9471260766928832
33.43954893332754 0.8992142648789808
33.56573591043444 0.8370031159009014
33.69192288754134 0.7614819136583282
33.818109864648235 0.6738515989904903
33.94429684175513 0.5755056722723029
34.07048381886202 0.46800803392194007
34.19667079596893 0.3530681152008313
34.322857773075825 0.23251369477711648
34.449044750182715 0.10826183332431932
34.57523172728961 -0.017711611645539478
34.70141870439651 -0.14340340593821002
34.82760568150341 -0.2668147941785172
34.953792658610304 -0.38598328408929006
35.0799796357172 -0.4990138541132259
35.2061666128241 -0.6041090881129723
35.33235358993099 -0.6995977579463496
35.458540567037886 -0.7839613993956225
35.58472754414478 -0.8558584588393652
35.71091452125168 -0.9141456266858008
35.83710149835858 -0.9578960183225138
35.96328847546547 -0.9864139134684614
36.08947545257237 -0.9992458195425888
36.21566242967927 -0.9961876831189411
36.34184940678616 -0.9772881347915003
36.46803638389306 -0.9428477158487425
36.594223360999955 -0.893414099055406
36.72041033810685 -0.8297733795407397
36.84659731521375 -0.7529375742858505
36.97278429232065 -0.6641285289937403
37.098971269427544 -0.5647584882555592
37.225158246534434 -0.45640763798698547
37.35134522364133 -0.34079897725566943
37.47753220074823 -0.21977091908892615
37.603719177855126 -0.09524805596448344
37.72990615496202 0.030789445127420392
37.85609313206892 0.15633733136981548
37.98228010917582 0.2793991358184512
38.108467086282715 0.3980179252900228
38.234654063389605 0.5103074195831212
38.3608410404965 0.614481987172988
38.4870280176034 0.7088850403873782
38.6132149947103 0.7920153785225619
38.739401971817195 0.8625510599902052
38.86558894892409 0.9193704238794388
38.99177592603099 0.9615699266484848
39.11796290313788 0.9884785103061342
39.24414988024478 0.9996682735997526
39.37033685735168 0.9949612765161814
39.49652383445857 0.9744323698901541
39.62271081156547 0.9384080051236567
39.748897788672366 0.8874610429441505
39.87508476577926 0.8224016437529423
40.00127174288616 0.7442643844257213
40.12745871999305 0.6542918064343576
40.253645697099955 0.5539146569082768
40.379832674206845 0.44472913684287285
40.50601965131374 0.3284715182545326
40.63220662842064 0.2069905339214529
40.75839360552754 0.08221797876933845
40.88458058263443 -0.04386200960007661
41.010767559741325 -0.16924450273564126
41.13695453684822 -0.29193566378015445
41.26314151395513 -0.4099844535348888
41.389328491062024 -0.5215136559541617
41.515515468168914 -0.6247497297015726
41.64170244527581 -0.7180510110672962
41.76788942238271 -0.7999338197626494
41.894076399489606 -0.8690960524567403
42.0202633765965 -0.9244378888698571
42.14645035370339 -0.9650792811546007
42.27263733081029 -0.9903739484480056
42.39882430791719 -0.9999196540527534
42.525011285024085 -0.9935646018194239
42.65119826213098 -0.9714098500142498
42.77738523923787 -0.9338077042869817
42.90357221634477 -0.8813561152939284
43.029759193451675 -0.8148891700654012
43.15594617055857 -0.735463828324153
43.28213314766547 -0.6443431146743228
43.40832012477236 -0.5429760339393606
43.53450710187926 -0.4329745290358547
43.660694078986154 -0.31608784780007987
43.78688105609305 -0.1941747263867796
43.91306803319995 -0.06917383158085012
44.03925501030684 0.056927067950692946
44.165441987413736 0.18212271122665602
44.29162896452063 0.304422232682939
44.41781594162753 0.42188082098744417
44.544002918734435 0.532630645498923
44.67018989584132 0.63491055857611
44.79637687294822 0.7270941014101259
44.92256385005512 0.8077153680300848
45.04875082716202 0.8754923161919707
45.174937804268914 0.9293471544598836
45.301124781375805 0.9684234812837211
45.4273117584827 0.9920999035270401
45.5534987355896 0.99999991788276
45.6796857126965 0.9919978980421283
45.805872689803394 0.9682210924087401
45.932059666910284 0.9290476005899085
46.05824664401718 0.8751003608432767
46.18443362112408 0.8072372440905421
46.310620598230976 0.7265374120235956
46.43680757533788 0.6342841562369803
46.56299455244476 0.5319444912794294
46.68918152955167 0.42114582613634516
46.815368506658565 0.3036500851144506
46.94155548376546 0.1813256896588252
47.06774246087236 0.0561178466487874
47.19392943797925 -0.06998238435095838
47.32011641508615 -0.19496975299023492
47.446303392193045 -0.3168567056956089
47.57249036929994 -0.43370499181790667
47.69867734640684 -0.5436564857628422
47.82486432351373 -0.6449627349701796
47.95105130062063 -0.7360127638684423
48.077238277727524 -0.8153586916656094
48.20342525483443 -0.8817387566009
48.329612231941326 -0.9340973805250684
48.45579920904822 -0.9716019547416314
48.58198618615511 -0.9936560801799018
48.70817316326201 -0.9999090513541934
48.83436014036891 -0.9902614332948967
48.960547117475805 -0.9648666427669021
49.0867340945827 -0.9241285086307565
49.21292107168959 -0.8686948501417887
49.33910804879649 -0.7994471753053002
49.46529502590339 -0.7174866631049871
49.591482003010285 -0.6241166525156358
49.71766898011719 -0.5208219167604713
49.84385595722407 -0.40924505239468545
49.970042934330976 -0.2911603586766078
50.096229911437874 -0.16844562259803283
50.22241688854477 -0.0430522582487167
50.34860386565167 0.08302572463971966
50.47479084275856 0.2077834295073338
50.600977819865456 0.3292369549021641
50.72716479697235 0.44545494255150964
50.85335177407925 0.5545892898897783
50.97953875118615 0.6549045386510893
51.10572572829304 0.7448054721882253
51.231912705399935 0.8228624826644096
51.35809968250683 0.8878343047278502
51.48428665961373 0.9386877541574528
51.610473636720634 0.9746141575949808
51.73666061382752 0.9950422120974997
51.86284759093442 0.9996470700170765
51.98903456804132 0.9883555047395882
52.115221545148216 0.9613470751369533
52.241408522255114 0.9190512702155708
52.367595499362004 0.8621406793668978
52.4937824764689 0.7915202968270536
52.6199694535758 0.7083131304263673
52.746156430682696 0.6138423434789787
52.87234340778959 0.5096102137928443
52.99853038489648 0.3972742443947077
53.12471736200338 0.2786208058580975
53.25090433911028 0.15553672937508506
53.37709131621718 0.029979302299649513
53.50327829332408 -0.09605485670527872
53.62946527043097 -0.2205615479687156
53.75565224753787 -0.3415608616659446
53.881839224644764 -0.4571286624148057
54.00802620175166 -0.5654271869448811
54.13421317885856 -0.6647342682742599
54.26040015596545 -0.753470721670019
54.38658713307235 -0.8302254568999317
54.512774110179244 -0.8937779174394056
54.63896108728614 -0.9431174898046911
54.76514806439304 -0.977459574364373
54.89133504149993 -0.9962580620705634
55.017522018606826 -0.9992140187043735
55.14370899571373 -0.9862804385384668
55.26989597282063 -0.9576629918238132
55.396082949927525 -0.9138167542140508
55.522269927034415 -0.8554389701362908
55.64845690414131 -0.78345796518547
55.77464388124821 -0.6990183838578018
55.90083085835511 -0.6034629873733486
56.027017835462004 -0.49831130103943094
56.153204812568895 -0.38523545070525206
56.27939178967579 -0.2660335725572527
56.40557876678269 -0.14260121909367532
56.531765743889586 -0.016901215981415828
56.657952720996484 0.10906755086741021
56.784139698103374 0.23330192165019964
56.91032667521027 0.3538263169921872
57.036513652317176 0.4687241536797647
57.16270062942407 0.5761683222347894
57.28888760653097 0.6744502416744034
57.41507458363786 0.7620070294264506
57.54126156074476 0.8374463543436508
57.667448537851655 0.8995685776029048
57.79363551495855 0.9473858294044692
57.91982249206545 0.980137718112579
58.04600946917234 0.9973034220302336
58.17219644627924 0.9986099715243164
58.298383423386134 0.9840365897983859
58.42457040049303 0.9538150232860345
58.550757377599936 0.9084258564108704
58.67694435470682 0.8485908693159694
58.803131331813724 0.7752615600903673
58.92931830892062 0.6896040140127343
59.05550528602752 0.5929803604218231
59.181692263134416 0.486927112087387
59.307879240241306 0.37313073152956844
59.4340662173482 0.25340081283200505
59.5602531944551 0.12964130541250518
59.686440171562 0.0038202373517863056
59.812627148668895 -0.12206158025892744
59.938814125775785 -0.2460023702869043
60.06500110288268 -0.36603122188896475
60.19118807998958 -0.4802394320056395
60.317375057096484 -0.5868108576250183
60.44356203420338 -0.6840507961533715
60.569749011310265 -0.7704129346359883
60.69593598841717 -0.8445239392806969
60.822122965524066 -0.9052052942605162
60.948309942630964 -0.9514920425142409
61.07449691973786 -0.9826481305278597
61.20068389684475 -0.9981781130836705
61.32687087395165 -0.9978350318477244
61.453057851058546 -0.9816243425100141
61.57924482816544 -0.9498038280279025
61.70543180527234 -0.9028794993523823
61.83161878237923 -0.8415975488239713
61.95780575948613 -0.7669324841956084
62.083992736593025 -0.6800716319757898
62.21017971369993 -0.582396256520259
62.33636669080683 -0.4754595951172098
62.46255366791372 -0.36096215835276
62.588740645020614 -0.24072468853123383
62.71492762212751 -0.11665920616643206
62.84111459923441 0.009261395036484746
62.967301576341306 0.13503472120673166
