0.0 0.0
0.07677626436026018 0.07670085909348438
0.15355252872052036 0.1529498197494561
0.23032879308078055 0.22829764598034424
0.3071050574410407 0.3023004110121056
0.38388132180130086 0.37452211276751807
0.4606575861615611 0.44453724265953987
0.5374338505218212 0.5119332925601733
0.6142101148820814 0.576313185174528
0.6909863792423415 0.6372976135010459
0.7677626436026017 0.6945272755944938
0.8445389079628619 0.7476649914651682
0.9213151723231222 0.7963976896421784
0.9980914366833823 0.8404382516965754
1.0748677010436425 0.8795272038569468
1.1516439654039026 0.9134342457509884
1.2284202297641629 0.9419596072661659
1.305196494124423 0.9649352255352498
1.381972758484683 0.9822257351122806
1.4587490228449433 0.9937292655051412
1.5355252872052034 0.9993780413659168
1.6123015515654637 0.9991387818029002
1.6890778159257238 0.9930128964616152
1.7658540802859841 0.9810364772196081
1.8426303446462444 0.9632800855439396
1.9194066090065043 0.9398483367642028
1.9961828733667646 0.9108792837104032
2.072959137727025 0.8765436033471272
2.149735402087285 0.8370435911961003
2.226511666447545 0.7926119694716984
2.303287930807805 0.7435105159515205
2.380064195168065 0.6900285216603035
2.4568404595283257 0.6324810864540449
2.533616723888586 0.5712072625462398
2.610392988248846 0.5065680569140144
2.687169252609106 0.43894430435338694
2.763945516969366 0.36873442371496806
2.8407217813296266 0.2963520705396918
2.9174980456898867 0.22222369992454213
2.9942743100501468 0.1467860539771333
3.071050574410407 0.07048358866231595
3.1478268387706674 -0.006234144798950703
3.2246031031309275 -0.08291514855044352
3.301379367491187 -0.15910764113636464
3.3781556318514476 -0.23436271926206242
3.4549318962117077 -0.3082370025974868
3.5317081605719682 -0.38029524604100345
3.6084844249322283 -0.45011290405287585
3.685260689292489 -0.5172786319501476
3.7620369536527485 -0.5813967094260322
3.8388132180130086 -0.6420893720151762
3.915589482373269 -0.6989990367684881
3.992365746733529 -0.7517904090245338
4.069142011093789 -0.8001524578650343
4.14591827545405 -0.8438002486156692
4.222694539814309 -0.8824766215956438
4.29947080417457 -0.9159537072253365
4.37624706853483 -0.9440342685654565
4.45302333289509 -0.9665528633778853
4.529799597255351 -0.9833768188616787
4.60657586161561 -0.9944070133213856
4.683352125975871 -0.9995784601623225
4.76012839033613 -0.9988606907720812
4.836904654696391 -0.9922579340324467
4.9136809190566515 -0.9798090914040962
4.990457183416911 -0.9615875077308698
5.067233447777172 -0.9377005391139666
5.144009712137431 -0.9082889204020248
5.220785976497692 -0.873525936023637
5.297562240857952 -0.833616399047517
5.374338505218212 -0.7887954444853784
5.4511147695784725 -0.739327143947028
5.527891033938732 -0.6855029498097139
5.604667298298993 -0.6276399780682036
5.681443562659253 -0.5660791399825389
5.758219827019513 -0.5011831335312269
5.834996091379773 -0.4333343065036228
5.911772355740033 -0.36293240382153497
5.9885486201002935 -0.29039221236213586
6.065324884460554 -0.21614111715819906
6.142101148820814 -0.14061658337377755
6.218877413181073 -0.06426357889077454
6.295653677541335 0.012468047308244107
6.372429941901594 0.08912621551521213
6.449206206261855 0.1652592788145078
6.525982470622115 0.24041868405099362
6.602758734982374 0.3141616145705656
6.679534999342636 0.3860535991629513
6.756311263702895 0.45567107183565464
6.833087528063156 0.5226038673376471
6.909863792423415 0.5864576377298923
6.986640056783675 0.6468561757650333
7.0634163211439365 0.7034436313875606
7.140192585504196 0.7558866082955152
7.216968849864457 0.8038761282114287
7.293745114224716 0.8471294512895758
7.370521378584978 0.8853917419342784
7.447297642945237 0.9184375702147309
7.524073907305497 0.9460722400304902
7.6008501716657575 0.9681329362024499
7.677626436026017 0.9844896837310023
7.7544027003862785 0.9950461135697212
7.831178964746538 0.9997400304028533
7.907955229106798 0.9985437790814505
7.984731493467058 0.9914644075592046
8.061507757827318 0.9785436253680203
8.138284022187579 0.9598575578779732
8.215060286547839 0.935516297789482
8.2918365509081 0.9056632565001643
8.368612815268358 0.870474319167933
8.445389079628619 0.83015680844844
8.52216534398888 0.7849482630122285
8.59894160834914 0.7351150380381886
8.6757178727094 0.6809507359287981
8.75249413706966 0.6227744764929041
8.82927040142992 0.5609290167875971
8.90604666579018 0.495778731696529
8.98282293015044 0.42770746714247193
9.059599194510701 0.3571162785823667
9.13637545887096 0.28442106810896217
9.21315172323122 0.21005013408052414
9.289927987591481 0.1344416477154868
9.366704251951742 0.058041071519158154
9.443480516312002 -0.01870146524763949
9.52025678067226 -0.09533381859505143
9.597033045032521 -0.17140449370086014
9.673809309392782 -0.2464653049824363
9.750585573753042 -0.3200740166716611
9.827361838113303 -0.3917969483353188
9.904138102473562 -0.4612115299900243
9.980914366833822 -0.5279087917577235
10.057690631194083 -0.5914957733934393
10.134466895554343 -0.651597839489082
10.211243159914604 -0.7078608867128127
10.288019424274863 -0.7599534300795778
10.364795688635123 -0.80756855596114
10.441571952995384 -0.8504257303290377
10.518348217355644 -0.888272451576875
10.595124481715905 -0.9208857381839881
10.671900746076163 -0.9480734424556299
10.748677010436424 -0.9696753825995097
10.825453274796685 -0.9855642864688264
10.902229539156945 -0.9956465414115553
10.979005803517206 -0.9998627458080914
11.055782067877464 -0.9981880590477621
11.132558332237725 -0.990632347882247
11.209334596597985 -0.9772401282936402
11.286110860958246 -0.9580903032196457
11.362887125318506 -0.9332956976811548
11.439663389678765 -0.903002394051091
11.516439654039026 -0.8673888713809171
11.593215918399286 -0.8266649538556456
11.669992182759547 -0.7810705745727223
11.746768447119807 -0.7308743619282413
11.823544711480066 -0.6763720569390735
11.900320975840327 -0.6178847708255671
11.977097240200587 -0.5557570931206364
12.053873504560848 -0.49035506145166846
12.130649768921108 -0.42206400495670277
12.207426033281367 -0.35128627404081975
12.284202297641627 -0.27843886984832666
12.360978562001888 -0.2039509874172014
12.437754826362147 -0.12826148699076098
12.514531090722409 -0.05181630838483885
12.59130735508267 0.0249341563557289
12.668083619442928 0.10153771653184773
12.744859883803189 0.1775430469620222
12.821636148163448 0.2525023470548347
12.89841241252371 0.3259739791156239
12.97518867688397 0.3975250703431908
13.05196494124423 0.4667340631864178
13.12874120560449 0.533193199034814
13.205517469964748 0.596510920609836
13.28229373432501 0.6563141789028489
13.359069998685271 0.7122506310678857
13.43584626304553 0.7639907163199419
13.51262252740579 0.81122959760819
13.58939879176605 0.8536889576243695
13.666175056126312 0.8911186385648304
13.742951320486572 0.9232981159852093
13.81972758484683 0.9500377980642658
13.896503849207091 0.9711801426219798
13.97328011356735 0.9866005853107809
14.050056377927612 0.9962082735112967
14.126832642287873 0.9999466016087102
14.203608906648132 0.997793544496053
14.280385171008392 0.9897617873395221
14.357161435368651 0.9758986508412907
14.433937699728913 0.9562858124401318
14.510713964089174 0.9310388250924729
14.587490228449433 0.9003064364690596
14.664266492809693 0.86426971257833
14.741042757169955 0.8231409709798493
14.817819021530214 0.7771625298729844
14.894595285890475 0.7266052804308045
14.971371550250733 0.6717670907906167
15.048147814610994 0.6129710511043062
15.124924078971256 0.5505635699881539
15.201700343331515 0.4849123335872587
15.278476607691776 0.4164041392791289
15.355252872052034 0.3454426167796606
15.432029136412295 0.2724458500780006
15.508805400772557 0.19784391421119293
15.585581665132816 0.12207634139116429
15.662357929493076 0.04558953141285521
15.739134193853335 -0.031165878399350873
15.815910458213596 -0.10773766821148532
15.892686722573858 -0.18367470002349678
15.969462986934117 -0.2585295756389221
16.046239251294377 -0.33186127260077436
16.123015515654636 -0.4032377425634532
16.1997917800149 -0.4722384567919202
16.276568044375157 -0.5384568837907513
16.353344308735416 -0.6015028844656948
16.430120573095678 -0.6610050107060911
16.506896837455937 -0.7166126938456316
16.5836731018162 -0.7679983101077243
16.660449366176458 -0.8148591108664178
16.737225630536717 -0.8569190063504433
16.81400189489698 -0.8939301922812607
16.890778159257238 -0.9256746098614776
16.9675544236175 -0.9519652305118375
17.04433068797776 -0.9726471577874536
17.121106952338017 -0.987598539981175
17.19788321669828 -0.9967312880372617
17.27465948105854 -0.999991594545659
17.3514357454188 -0.9973602507591071
17.42821200977906 -0.9888527597653127
17.50498827413932 -0.9745192451474104
17.58176453849958 -0.9544441556708554
17.65854080285984 -0.9287457677366523
17.7353170672201 -0.8975754885322971
17.81209333158036 -0.8611169639860882
17.88886959594062 -0.8195849967804344
17.96564586030088 -0.7732242807989337
18.04242212466114 -0.7223079594634716
18.119198389021403 -0.6671360164551561
18.19597465338166 -0.6080335083005382
18.27275091774192 -0.5453486492361154
18.349527182102182 -0.4794507596345861
18.42630344646244 -0.4107280900800862
18.503079710822703 -0.33958553391227236
18.579855975182962 -0.2664422417163318
18.65663223954322 -0.19172915181353334
18.733408503903483 -0.11588645130200845
18.810184768263742 -0.03936098260651617
18.886961032624004 0.037396389183013676
18.963737296984263 0.1139334326732204
19.04051356134452 0.18979921457895477
19.117289825704784 0.26454675648682213
19.194066090065043 0.3377356683178087
19.270842354425305 0.40893474297345356
19.347618618785564 0.4777244968786051
19.424394883145823 0.5436996414527472
19.501171147506085 0.6064714709486447
19.577947411866344 0.6656701525899154
19.654723676226606 0.7209469055147507
19.731499940586865 0.7719760556880337
19.808276204947123 0.8184569546750112
19.885052469307386 0.8601157509716124
19.961828733667645 0.8967070034553012
20.038604998027907 0.9280151274505057
20.115381262388166 0.9538556648887987
20.192157526748424 0.9740763710804758
20.268933791108687 0.9885581116945612
20.345710055468945 0.9972155646625225
20.422486319829208 0.9999977228702902
20.499262584189466 0.9968881946768595
20.576038848549725 0.98790530048892
20.652815112909988 0.9731019648225174
20.729591377270246 0.9525654044876951
20.80636764163051 0.9264166147332252
20.883143905990767 0.8948096563789308
20.959920170351026 0.8579307481355741
21.03669643471129 0.8159971694601151
21.113472699071547 0.7692559804103813
21.19024896343181 0.7179825660413558
21.267025227792068 0.6624790139191171
21.343801492152327 0.6030723343115645
21.42057775651259 0.5401125335420888
21.497354020872848 0.4739705518573907
21.57413028523311 0.40503607795887575
21.65090654959337 0.3337152530738283
21.727682813953628 0.26042827809319463
21.80445907831389 0.18560693787407967
21.88123534267415 0.10969205729299415
21.95801160703441 0.03313090403798579
22.03478787139467 -0.0436254465582887
22.11156413575493 -0.12012476911904335
22.18834040011519 -0.19591635259952206
22.26511666447545 -0.27055365574116824
22.341892928835712 -0.3435969379587007
22.41866919319597 -0.41461585015961205
22.49544545755623 -0.4831919702318623
22.572221721916492 -0.5489212682613492
22.64899798627675 -0.6114164869548712
22.725774250637013 -0.6703094232438711
22.80255051499727 -0.7252530976263657
22.87932677935753 -0.7759237984660332
22.956103043717793 -0.822022989203993
23.03287930807805 -0.8632790672465893
23.109655572438314 -0.8994489641663574
23.186431836798572 -0.9303195777882176
23.26320810115883 -0.9557090277235338
23.339984365519094 -0.9754677269547601
23.416760629879352 -0.9894792631572428
23.493536894239615 -0.9976610845656978
23.570313158599873 -0.9999649863444267
23.647089422960132 -0.9963773945957408
23.723865687320394 -0.9869194463332903
23.800641951680653 -0.9716468649491263
23.877418216040915 -0.9506496319081995
23.954194480401174 -0.9240514566045839
24.030970744761433 -0.8920090475028571
24.107747009121695 -0.8547111888588701
24.184523273481954 -0.8123776284595868
24.261299537842216 -0.7652577829350763
24.338075802202475 -0.7136292682706139
24.414852066562734 -0.6577962641766166
24.491628330922996 -0.5980877219531052
24.568404595283255 -0.5348554264073985
24.645180859643517 -0.46847192324360865
24.721957124003776 -0.39932832413520786
24.798733388364038 -0.3278320024124285
24.875509652724293 -0.2544041929409168
24.952285917084556 -0.17947751033231193
25.029062181444818 -0.10349340010886138
25.105838445805077 -0.026899537838894674
25.18261471016534 0.04985280843324814
25.259390974525594 0.1263114369230427
25.336167238885857 0.20202587634299393
25.41294350324612 0.27655003994419247
25.489719767606378 0.3494448537255567
25.56649603196664 0.42028084332605087
25.643272296326895 0.4886406643586735
25.720048560687157 0.5541215612783442
25.79682482504742 0.6163377402966342
25.87360108940768 0.6749226423629818
25.95037735376794 0.7295311028205879
26.027153618128196 0.7798413850129404
26.10392988248846 0.8255570758596448
26.18070614684872 0.8664088322332838
26.25748241120898 0.9021559678482906
26.33425867556924 0.9325878713122939
26.411034939929497 0.9575252469852095
26.48781120428976 0.9768211713353439
26.56458746865002 0.9903619585687253
26.64136373301028 0.9980678304316835
26.718139997370542 0.9998933862403716
26.794916261730798 0.995827870367965
26.87169252609106 0.9858952356135863
26.948468790451322 0.9701540020796035
27.02524505481158 0.948696912388755
27.102021319171843 0.9216503852724517
27.1787975835321 0.8891737707495692
27.25557384789236 0.8514584112839543
27.332350112252623 0.8087265144520852
27.409126376612882 0.7612298437627243
27.485902640973144 0.7092482353418929
27.5626789053334 0.6530879492224376
27.63945516969366 0.5930798649518214
27.716231434053924 0.5295775321491867
27.793007698414183 0.462955087497112
27.869783962774445 0.39360505044058014
27.9465602271347 0.3219360105802609
28.023336491494963 0.24837022038519677
28.100112755855225 0.17334110740805064
28.176889020215484 0.09729072066005051
28.253665284575746 0.020667126190902895
28.330441548936 -0.05607823278184199
28.407217813296263 -0.13249319564075515
28.483994077656526 -0.20812754836310976
28.560770342016784 -0.28253567604678176
28.637546606377047 -0.3552791883394938
28.714322870737302 -0.4259295023031466
28.791099135097564 -0.4940703674958769
28.867875399457827 -0.5593003183946672
28.944651663818085 -0.6212350397097175
29.021427928178348 -0.6795096306547733
29.098204192538603 -0.7337807548329989
29.174980456898865 -0.7837286630719954
29.251756721259127 -0.8290590772899082
29.328532985619386 -0.8695049242935668
29.40530924997965 -0.9048279092935706
29.48208551433991 -0.9348199198656442
29.558861778700166 -0.9593042520865757
29.63563804306043 -0.9781366516206953
29.712414307420687 -0.9912061636231044
29.78919057178095 -0.9984357864523266
29.86596683614121 -0.9997829253408586
29.942743100501467 -0.9952396433507575
30.01951936486173 -0.9848327081356939
30.096295629221988 -0.9686234342339746
30.17307189358225 -0.9467073218216846
30.249848157942512 -0.9192134940543212
30.326624422302768 -0.8863039363119233
30.40340068666303 -0.8481725418298252
30.48017695102329 -0.8050439693379378
30.55695321538355 -0.7571723194389308
30.633729479743813 -0.7048396375237729
30.71050574410407 -0.648354252044951
30.78728200846433 -0.5880489579377641
30.86405827282459 -0.5242790558924977
30.940834537184852 -0.4574202590293791
31.017610801545114 -0.3878664793096788
31.09438706590537 -0.3160275067246751
31.17116333026563 -0.24232659493601325
31.24793959462589 -0.1671979675922281
31.324715858986153 -0.09108426001331285
31.401492123346415 -0.014433911316312501
31.47826838770667 0.06230147765334691
31.555044652066933 0.13866980501850174
31.63182091642719 0.2142211315187518
31.708597180787454 0.28851033141756094
31.785373445147716 0.3610997150494498
31.86214970950797 0.4315616075561255
31.938925973868233 0.4994808686183883
32.01570223822849 0.5644573383382328
32.092478502588754 0.6261081948608835
32.16925476694902 0.6840702098462227
32.24603103130927 0.7380018885011425
32.322807295669534 0.7875854815643714
32.3995835600298 0.8325288573897094
32.47635982439006 0.8725672230980148
32.553136088750314 0.9074646846573534
32.62991235311057 0.9370156366998336
32.70668861747083 0.9610459738867057
32.783464881831094 0.9794141166847518
32.860241146191356 0.9920118455104031
32.93701741055162 0.9987649383270386
33.013793674911874 0.999633607938944
33.090569939272136 0.9946127364055255
33.1673462036324 0.9837319051946793
33.24412246799266 0.9670552208976633
33.320898732352916 0.9446809375323064
33.39767499671318 0.916740877659822
33.47445126107343 0.8833996557258631
33.551227525433696 0.8448537082016023
33.62800378979396 0.8013301362390316
33.70478005415422 0.7530853676591335
33.781556318514475 0.7004036461561441
33.85833258287474 0.6435953566190113
33.935108847235 0.5829951964368304
34.01188511159526 0.5189602035622789
34.08866137595552 0.451867652951187
34.16543764031577 0.3821128337717307
34.242213904676035 0.310106720479323
34.3189901690363 0.23627355147850407
34.39576643339656 0.16104832963759144
34.47254269775682 0.08487425938236637
34.54931896211708 0.008200135468646444
34.62609522647734 -0.06852230118172353
34.7028714908376 -0.14484102500273582
34.779647755197864 -0.2203063889831928
34.85642401955812 -0.2944737738519067
34.93320028391838 -0.36690620764100595
35.00997654827864 -0.43717694019355086
35.0867528126389 -0.5048719574474085
35.16352907699916 -0.5695924206817815
35.240305341359424 -0.6309570163552519
35.31708160571968 -0.6886042026906929
35.39385787007994 -0.7421943397709111
35.4706341344402 -0.7914116905950528
35.547410398800466 -0.8359662813062564
35.62418666316072 -0.8755956096305626
35.700962927520976 -0.9100661914615252
35.77773919188124 -0.9391749364784688
35.8545154562415 -0.96275034469369
35.93129172060176 -0.980653516878913
36.008067984962025 -0.9927789729178437
36.08484424932228 -0.9990552732633518
36.16162051368254 -0.9994454398378392
36.238396778042805 -0.9939471738969693
36.31517304240307 -0.9825928695731818
36.39194930676332 -0.9654494230191895
36.468725571123585 -0.9426178382759199
36.54550183548384 -0.9142326321870398
36.6222780998441 -0.8804610418660731
36.699054364204365 -0.8415020393855486
36.77583062856463 -0.7975851594932654
36.85260689292488 -0.7489691472624687
36.929383157285145 -0.6959404336435305
37.00615942164541 -0.6388114478987992
37.08293568600567 -0.5779187768631527
37.159711950365924 -0.5136211818754169
37.23648821472618 -0.44629748506423234
37.31326447908644 -0.376344337441799
37.390040743446704 -0.30417388195519407
37.466817007806966 -0.23021132526382707
37.54359327216723 -0.15489243254944815
37.620369536527484 -0.0786609601185138
37.697145800887746 -0.001966040923208539
37.77392206524801 0.07474046159504491
37.85069832960827 0.1510066157493692
37.927474593968526 0.22638308425325532
38.00425085832879 0.3004257715809994
38.08102712268904 0.3726984404451819
38.157803387049306 0.44277528197586874
38.23457965140957 0.5102434244586053
38.31135591576983 0.5747053658506482
