0.0 0.0
0.13595442685620604 0.13553599240490258
0.2719088537124121 0.268570647277529
0.4078632805686182 0.396648789653489
0.5438177074248242 0.5174067177668918
0.6797721342810302 0.6286158255290496
0.8157265611372364 0.7282237317957315
0.9516809879934424 0.8143921573760343
1.0876354148496483 0.8855308507568602
1.2235898417058544 0.9403269364385488
1.3595442685620605 0.9777691442536307
1.4954986954182665 0.9971664725129062
1.6314531222744728 0.9981609405476254
1.7674075491306787 0.9807341952976469
1.9033619759868847 0.9452078500199791
2.039316402843091 0.8922375488667833
2.1752708296992966 0.8228008668719635
2.311225256555503 0.7381792686539473
2.4471796834117088 0.639934458789565
2.583134110267915 0.5298795603165032
2.719088537124121 0.4100456532694969
2.855042963980327 0.2826442907867
2.990997390836533 0.15002668455725152
3.1269518176927393 0.014640312848851958
3.2629062445489456 -0.12101624807912921
3.398860671405151 -0.25443943558382526
3.5348150982613573 -0.38316690427151834
3.6707695251175636 -0.5048229689596214
3.8067239519737694 -0.6171624483111777
3.9426783788299757 -0.7181121000008656
4.078632805686182 -0.8058088827201639
4.214587232542388 -0.8786343388905115
4.350541659398593 -0.9352444635462019
4.4864960862548 -0.9745945081522115
4.622450513111006 -0.9959582615986841
4.758404939967211 -0.9989414525383726
4.8943593668234175 -0.9834890257248369
5.030313793679624 -0.9498861580654621
5.16626822053583 -0.8987529956378851
5.302222647392036 -0.8310332087989951
5.438177074248242 -0.7479765766037305
5.574131501104449 -0.6511159219408897
5.710085927960654 -0.542238823051576
5.84604035481686 -0.42335462349851943
5.981994781673066 -0.2966573494223792
6.117949208529272 -0.1644852184527359
6.253903635385479 -0.02927748754303125
6.389858062241684 0.10647056389070982
6.525812489097891 0.24025368473430478
6.661766915954097 0.3696028869690442
6.797721342810302 0.49213101122435354
6.933675769666509 0.6055767821701831
7.069630196522715 0.7078465407001201
7.205584623378922 0.797052882731394
7.341539050235127 0.8715494915367575
7.477493477091333 0.9299615207722577
7.613447903947539 0.9712109674774211
7.749402330803745 0.9945365667852665
7.8853567576599515 0.9995078411822103
8.021311184516158 0.9860330450366184
8.157265611372363 0.9543608577785134
8.29322003822857 0.905075794482542
8.429174465084776 0.8390874185526058
8.565128891940981 0.7576135555897034
8.701083318797187 0.6621578182336405
8.837037745653394 0.5544818567610927
8.9729921725096 0.4365728475595026
9.108946599365805 0.31060681948198937
9.244901026222012 0.1789084949010468
9.380855453078217 0.043908386600530334
9.516809879934423 -0.09190205771064144
9.65276430679063 -0.22601643544816052
9.788718733646835 -0.35595964519652235
9.924673160503042 -0.47933356508536384
10.060627587359248 -0.5938613104964612
10.196582014215453 -0.6974292543186651
10.33253644107166 -0.7881260342604812
10.468490867927866 -0.864277827334377
10.604445294784073 -0.9244792405168036
10.740399721640278 -0.9676192474920382
10.876354148496484 -0.9929016928132874
11.012308575352689 -0.9998599850735925
11.148263002208898 -0.9883657079218243
11.284217429065103 -0.9586309900061449
11.420171855921309 -0.9112045901072621
11.556126282777514 -0.8469617697109473
11.69208070963372 -0.7670881399230426
11.828035136489927 -0.6730577808346174
11.963989563346132 -0.5666060371477566
12.09994399020234 -0.4496974921228559
12.235898417058545 -0.32448971089317813
12.37185284391475 -0.19329342226931845
12.507807270770957 -0.05852987388452238
12.643761697627163 0.07731385230182136
12.779716124483368 0.21173073948329274
12.915670551339574 0.34224010338619487
13.051624978195782 0.4664333736783893
13.187579405051988 0.5820185445042593
13.323533831908193 0.6868624738044091
13.459488258764399 0.7790302507796001
13.595442685620604 0.8568209049663869
13.731397112476813 0.9187987979079656
13.867351539333018 0.9638201180821285
14.003305966189224 0.9910539901183868
14.13926039304543 0.9999978087303896
14.275214819901635 0.9904865143735899
14.411169246757844 0.9626956394444599
14.547123673614049 0.917138068803189
14.683078100470254 0.8546545744049037
14.81903252732646 0.7763982987242558
14.954986954182665 0.6838134733341502
15.090941381038872 0.5786087653905071
15.226895807895078 0.4627257439177803
15.362850234751285 0.33830304785474663
15.49880466160749 0.20763691714481639
15.634759088463696 0.07313881527560274
15.770713515319903 -0.06270907464967783
15.906667942176108 -0.1973996589821592
16.042622369032316 -0.3284472023252384
16.17857679588852 -0.45343320216264044
16.314531222744726 -0.570051022693388
16.45048564960093 -0.6761484641493609
16.58644007645714 -0.7697674819721868
16.722394503313346 -0.849180322825939
16.85834893016955 -0.912921410550018
16.994303357025757 -0.959814393592018
17.130257783881962 -0.9889938547560927
17.266212210738168 -0.9999212826100664
17.402166637594373 -0.9923950097965281
17.538121064450582 -0.9665539348348486
17.674075491306787 -0.9228749587277014
17.810029918162993 -0.8621641836798921
17.9459843450192 -0.7855420363585085
18.081938771875404 -0.6944225902468953
18.21789319873161 -0.5904874687015872
18.353847625587814 -0.4756548103352878
18.489802052444023 -0.3520438694745094
18.62575647930023 -0.22193590499587726
18.761710906156434 -0.08773207934357671
18.89766533301264 0.04809085529190179
19.033619759868845 0.1830262658153973
19.169574186725054 0.3145838985253931
19.30552861358126 0.4403358371280919
19.441483040437465 0.5579613103051029
19.57743746729367 0.6652895219041358
19.713391894149876 0.7603397133150148
19.849346321006085 0.8413577186736975
19.98530074786229 0.9068483382623922
20.121255174718495 0.9556029326497404
20.2572096015747 0.9867217283169288
20.393164028430906 0.9996304231160158
20.529118455287115 0.9940907851041736
20.66507288214332 0.9702050491507412
20.801027308999526 0.928414030177027
20.93698173585573 0.8694889878493098
21.072936162711937 0.7945173928633809
21.208890589568146 0.7048828575060215
21.34484501642435 0.602239600878003
21.480799443280556 0.48848192002679436
21.616753870136762 0.365709230403959
21.752708296992967 0.23618732083092417
21.888662723849176 0.10230653801868587
22.024617150705378 -0.03346232764742594
22.160571577561587 -0.16861364092338868
22.296526004417796 -0.3006531635892568
22.432480431273998 -0.42714408599817155
22.568434858130207 -0.5457519987722411
22.70438928498641 -0.6542879746856841
22.840343711842618 -0.7507489656526317
22.976298138698823 -0.8333547692867947
23.11225256555503 -0.9005808828096322
23.248206992411237 -0.951186637982989
23.38416141926744 -0.9842380978317582
23.520115846123648 -0.9991252925940424
23.656070272979854 -0.9955734768066716
23.79202469983606 -0.973648199774883
23.927979126692264 -0.9337540958498336
24.06393355354847 -0.8766274168395753
24.19988798040468 -0.8033224443689885
24.335842407260884 -0.7151920329506652
24.47179683411709 -0.6138626428473292
24.607751260973295 -0.5012043234981796
24.7437056878295 -0.3792962014696074
24.879660114685706 -0.2503881098554554
25.015614541541915 -0.11685906726212303
25.15156896839812 0.01882662734476327
25.287523395254325 0.1541648736558275
25.42347782211053 0.2866579835732914
25.559432248966736 0.4138607764279901
25.695386675822945 0.5334257051637374
25.831341102679147 0.6431461806783677
25.967295529535356 0.7409972947641593
26.103249956391565 0.8251731900994094
26.239204383247767 0.8941203876223611
26.375158810103976 0.9465664562256135
26.511113236960178 0.9815434956673884
26.647067663816387 0.9984059993189978
26.783022090672596 0.996842767088689
26.918976517528797 0.9768826486670878
27.054930944385006 0.938894011101725
27.190885371241208 0.8835779405266727
27.326839798097417 0.8119553035103723
27.462794224953626 0.7253479068065202
27.598748651809828 0.6253541032076477
27.734703078666037 0.5138192936991129
27.87065750552224 0.3928018703008532
28.006611932378448 0.264535228126835
28.142566359234657 0.13138654773564595
28.27852078609086 -0.004186891549878922
28.414475212947067 -0.1396830611095509
28.55042963980327 -0.2726013583477977
28.68638406665948 -0.40048875569823567
28.822338493515687 -0.5209850716236751
28.95829292037189 -0.6318665281284847
29.094247347228098 -0.7310867909226642
29.2302017740843 -0.8168147348350535
29.36615620094051 -0.8874682375093187
29.502110627796714 -0.9417433777147153
29.63806505465292 -0.978638499412459
29.77401948150913 -0.9974726974715735
29.90997390836533 -0.9978983838775415
30.04592833522154 -0.9799077025224365
30.181882762077745 -0.9438326741906007
30.31783718893395 -0.8903390690641325
30.453791615790156 -0.8204141198320423
30.58974604264636 -0.7353483021595262
30.72570046950257 -0.6367115187615915
30.861654896358775 -0.5263241266076245
30.99760932321498 -0.40622334195424564
31.133563750071186 -0.2786256432067767
31.26951817692739 -0.14588586547024004
31.405472603783597 -0.01045374170624255
31.541427030639806 0.12517130746464541
31.67738145749601 0.2584863009538623
31.813335884352217 0.38703089010484576
31.949290311208422 0.508432764804915
32.08524473806463 0.6204514348323404
32.22119916492084 0.7210195784470884
32.35715359177704 0.8082811951306841
32.49310801863325 0.8806258583605218
32.62906244548945 0.9367184362783634
32.76501687234566 0.9755237317536337
32.90097129920186 0.9963255871052501
33.03692572605807 0.9987401009015087
33.17288015291428 0.9827227129198896
33.30883457977048 0.9485690265128075
33.44478900662669 0.8969093532023854
33.580743433482894 0.8286970801846322
33.7166978603391 0.7451910754224613
33.852652287195305 0.6479324550443415
33.988606714051514 0.5387161418096906
34.12456114090772 0.4195577395340264
34.260515567763925 0.2926563348113268
34.39646999462013 0.16035391253355608
34.532424421476335 0.0250921342002491
34.668378848332544 -0.11063272331909021
34.804333275188746 -0.24431583695751113
34.940287702044955 -0.3734900643446351
35.076242128901164 -0.49577147529753396
35.212196555757366 -0.608903347617995
35.348150982613575 -0.7107978152469061
35.48410540946978 -0.7995744001526348
35.620059836325986 -0.8735947168416265
35.75601426318219 -0.9314927090139936
35.8919686900384 -0.9721998603421272
36.027923116894605 -0.9949649141034189
36.16387754375081 -0.9993677377383395
36.299831970607016 -0.9853270764612745
36.43578639746322 -0.9531020528300572
36.57174082431943 -0.903287384599408
36.70769525117563 -0.836802409113548
36.84364967803184 -0.7548741167944567
36.97960410488805 -0.6590145068454251
37.11555853174425 -0.5509926830737973
37.25151295860046 -0.43280220480878956
37.38746738545666 -0.3066242954582802
37.52342181231287 -0.17478758769614913
37.65937623916908 -0.039725148189093056
37.79533066602528 0.09607042502198172
37.93128509288149 0.23009300380121314
38.06723951973769 0.3598691808969443
38.2031939465939 0.4830039170520508
38.33914837345011 0.5972247418208041
38.47510280030631 0.7004236923595868
38.61105722716252 0.7906962162045666
38.74701165401872 0.8663763200795559
38.88296608087493 0.9260673160575389
39.01892050773114 0.9686675976506005
39.15487493458734 0.9933909701266723
39.29082936144355 0.9997811598539227
39.42678378829975 0.987720234900622
39.56273821515596 0.9574307814870366
39.69869264201217 0.9094717961225899
39.83464706886837 0.8447283692395274
39.97060149572458 0.7643953507131951
40.10655592258078 0.6699552987243141
40.24251034943699 0.5631511189202855
40.3784647762932 0.44595389882412156
40.5144192031494 0.32052653111181456
40.65037363000561 0.18918379709617156
40.78632805686181 0.05434964708262484
40.92228248371802 -0.0814875340055648
41.05823691057423 -0.21582085015275898
41.19419133743043 -0.34617115940151216
41.33014576428664 -0.470132826797739
41.46610019114284 -0.5854181207527915
41.60205461799905 -0.6898994334809372
41.73800904485526 -0.781648546327396
41.87396347171146 -0.8589722153394415
42.00991789856767 -0.920443420343316
42.14587232542387 -0.9649277008204296
42.28182675228008 -0.9916040925502917
42.41778117913629 -0.9999802786311259
42.55373560599249 -0.989901675263829
42.6896900328487 -0.9615542846196918
42.825644459704904 -0.9154612621418006
42.96159888656111 -0.8524732616310651
43.09755331341732 -0.7737527362998405
43.233507740273524 -0.6807524855195584
43.36946216712973 -0.5751888431854366
43.505416593985935 -0.45901000251117696
43.64137102084214 -0.33436006182429295
43.77732544769835 -0.2035394549025922
43.91327987455456 -0.06896249611587574
44.049234301410756 0.066887176116114
44.185188728266965 0.20150243525179887
44.321143155123174 0.33239893603262066
44.45709758197938 0.4571609634559653
44.59305200883559 0.5734860151661146
44.72900643569179 0.6792272944884352
44.864960862547996 0.7724333298913896
45.000915289404205 0.8513839896929581
45.136869716260414 0.9146222273547594
45.272824143116615 0.9609809714994269
45.40877856997282 0.989604664391925
45.544732996829026 0.9999650513887901
45.680687423685235 0.9918709299586164
45.816641850541444 0.9654716783541087
45.952596277397646 0.9212544988135147
46.08855070425385 0.860035426168569
46.22450513111006 0.7829442677964874
46.360459557966266 0.6914037528515088
46.496413984822475 0.5871032755800832
46.63236841167868 0.47196771729089515
46.76832283853488 0.3481219223749995
46.90427726539109 0.21785148397662396
47.040231692247296 0.0835605630210771
47.1761861191035 -0.05227248094396075
47.31214054595971 -0.1871408282541148
47.44809497281591 -0.3185554628697413
47.58404939967212 -0.4440911075488323
47.72000382652833 -0.5614309827105278
47.85595825338453 -0.6684095629577184
47.99191268024074 -0.763052542180474
48.12786710709694 -0.8436132696781422
48.26382153395315 -0.9086049848660198
48.39977596080936 -0.9568282556699945
48.53573038766556 -0.9873931142294932
48.67168481452177 -0.9997354813908784
48.80763924137797 -0.993627576874755
48.94359366823418 -0.9691821229959753
49.07954809509038 -0.9268502643560275
49.21550252194659 -0.8674132419001965
49.3514569488028 -0.791967974996082
49.487411375659 -0.7019068176183887
49.62336580251521 -0.5988918622427065
49.75932022937141 -0.48482426567392756
49.89527465622762 -0.3618091629057151
50.03122908308383 -0.23211681653128843
50.16718350994003 -0.09814071869897052
50.30313793679624 0.03764658115261531
50.43909236365244 0.17273910757369748
50.57504679050865 0.30464370726477696
50.71100121736486 0.4309260606031923
50.84695564422106 0.549255607385225
50.982910071077264 0.6574485576722
51.11886449793347 0.7535081939688013
51.25481892478968 0.8356617209507546
51.39077335164589 0.902392982674516
51.52672777850209 0.9524704434677936
51.662682205358294 0.9849699161093175
51.7986366322145 0.9992916178457764
51.93459105907071 0.9951712394745433
52.07054548592692 0.9726848232105628
52.20649991278313 0.9322473593156058
52.342454339639325 0.874605127389332
52.478408766495534 0.8008219236647675
52.61436319335174 0.7122594284856628
52.75031762020795 0.6105520762868343
52.88627204706416 0.4975768918559364
53.022226473920355 0.3754188495530669
53.158180900776564 0.2463323947890454
53.29413532763277 0.11269983788958071
53.43008975448898 -0.0230126118073079
53.56604418134519 -0.1583003602229504
53.701998608201386 -0.29066665120596163
53.837953035057595 -0.41766864455009467
53.973907461913804 -0.5369624989849182
54.10986188877001 -0.6463466281260842
54.24581631562622 -0.7438023310897803
54.381770742482416 -0.8275310479272199
54.517725169338625 -0.8959875523244447
54.653679596194834 -0.9479084689909494
54.78963402305104 -0.9823355894445167
54.92558844990725 -0.9986335558957451
55.06154287676345 -0.9965015868735234
55.197497303619656 -0.9759790281932195
55.333451730475865 -0.9374446268236233
55.469406157332074 -0.8816095410535353
55.60536058418828 -0.8095042159564485
55.74131501104448 -0.7224593663686466
55.87726943790069 -0.6220814183427196
56.013223864756895 -0.5102228623083767
56.149178291613104 -0.3889480650773433
56.28513271846931 -0.260495171637166
56.42108714532551 -0.12723479984212982
56.55704157218172 0.008373709702972536
56.692995999037926 0.14382768115090394
56.828950425894135 0.27662729067873176
56.964904852750344 0.40432170111996196
57.10085927960654 0.5245542925404152
57.23681370646275 0.6351061540206879
57.37276813331896 0.7339370339974961
57.508722560175165 0.8192229934193191
57.644676987031374 0.889390066821392
57.78063141388757 0.9431433100998126
57.91658584074378 0.9794906989036565
58.05254026759999 0.9977614365965249
58.188494694456196 0.9976183339114002
58.3244491213124 0.9790640318302908
58.4604035481686 0.9424409528445015
58.59635797502481 0.8884249814950222
58.73231240188102 0.8180129908196465
58.86826682873723 0.7325044449081226
59.00422125559343 0.6334774170930357
59.14017568244963 0.5227594663643482
59.27613010930584 0.40239390948788356
59.41208453616205 0.2746021112809647
59.54803896301826 0.1417424889839147
59.68399338987446 0.0062669873080973505
59.81994781673066 -0.1293241725799033
59.95590224358687 -0.26252863502345436
60.09185667044308 -0.39088809123338686
60.22781109729928 -0.5120336477538421
60.36376552415549 -0.6237295447544263
60.49971995101169 -0.7239144173208245
60.6356743778679 -0.810739338260571
60.77162880472411 -0.882601940337991
60.90758323158031 -0.9381759882073721
61.04353765843652 -0.9764358542897303
61.17949208529272 -0.9966754468871033
61.31544651214893 -0.9985212412131725
61.45140093900514 -0.9819391728504875
61.58735536586134 -0.9472352664145225
61.72330979271755 -0.895049987822442
61.85926421957375 -0.8263464243963606
61.99521864642996 -0.742392510939046
62.13117307328616 -0.644737629802649
62.26712750014237 -0.5351840167996713
62.40308192699858 -0.4157535006646
62.53903635385478 -0.2886501898944331
62.67499078071099 -0.15621979558821517
62.810945207567194 -0.020906340988898035
62.9468996344234 0.1147929433405975
63.08285406127961 0.24837370629046934
63.218808488135814 0.37737069438797705
63.35476291499202 0.4994032484284931
63.490717341848224 0.6122192389062926
63.62667176870443 0.713736629410129
63.76262619556064 0.8020819009245646
63.898580622416844 0.8756246279108353
64.03453504927305 0.9330075680602969
64.17048947612926 0.9731717104094341
64.30644390298546 0.9953758195496433
64.44239832984168 0.9992101152404359
64.57835275669787 0.9846038349666246
64.71430718355408 0.9518265398713917
64.85026161041029 0.9014831399640595
64.9862160372665 0.8345027304130394
65.1221704641227 0.7521214449520081
65.2581248909789 0.655859642842175
65.39407931783511 0.5474938504089056
65.53003374469132 0.429023974975833
65.66598817154753 0.3026363962684464
65.80194259840373 0.17066361644077319
65.93789702525993 0.03554121339034766
66.07385145211614 -0.10023710820555352
66.20980587897235 -0.23416553859223066
66.34576030582856 -0.363772408041096
66.48171473268476 -0.48666580189358116
66.61766915954097 -0.6005777037131973
66.75362358639717 -0.7034058518767505
66.88957801325338 -0.7932525371351258
67.02553244010959 -0.8684596251285692
67.16148686696579 -0.9276391575107263
67.29744129382199 -0.9696989669328105
67.4333957206782 -0.9938628331595848
67.56935014753441 -0.9996848083328739
67.70530457439061 -0.9870574470077148
67.84125900124683 -0.9562137890745102
