0.0 0.0
0.1171871965349135 0.1169191618272336
0.234374393069827 0.23223452827496188
0.35156158960474054 0.3443643034339044
0.468748786139654 0.45177038856562995
0.5859359826745675 0.5529794804033948
0.7031231792094811 0.6466032806450509
0.8203103757443946 0.731357539421777
0.937497572279308 0.8060796715208911
1.0546847688142216 0.8697447037187193
1.171871965349135 0.9214793344718768
1.2890591618840486 0.9605739131083472
1.4062463584189622 0.98649217419823
1.5234335549538756 0.9988785935765282
1.6406207514887892 0.997563265114451
1.7578079480237023 0.9825642313439246
1.874995144558616 0.9540872359658292
1.9921823410935295 0.9125229016368438
2.109369537628443 0.8584413717475575
2.2265567341633568 0.7925844896912815
2.34374393069827 0.7158556229015474
2.4609311272331835 0.6293072712432944
2.578118323768097 0.5341266297350641
2.6953055203030107 0.43161930364021617
2.8124927168379243 0.3231913993093871
2.9296799133728375 0.21033023643643717
3.046867109907751 0.09458394630038283
3.1640543064426647 -0.022459764153104855
3.2812415029775783 -0.1391953910947833
3.398428699512492 -0.2540216567170903
3.5156158960474047 -0.3653634741705057
3.6328030925823183 -0.47169355323513223
3.749990289117232 -0.571553350359671
3.8671774856521455 -0.6635730756933932
3.984364682187059 -0.7464904826720303
4.101551878721972 -0.8191681824183902
4.218739075256886 -0.8806092454538093
4.3359262717917995 -0.9299708767097272
4.4531134683267135 -0.9665759762574774
4.570300664861627 -0.9899224271762435
4.68748786139654 -0.9996899831563006
4.804675057931454 -0.9957446613593777
4.921862254466367 -0.9781405802787112
5.03904945100128 -0.9471192173886209
5.156236647536194 -0.9031060967665249
5.273423844071107 -0.8467049521237179
5.3906110406060215 -0.7786894453113725
5.507798237140935 -0.6999925539001088
5.624985433675849 -0.6116937734050689
5.742172630210762 -0.5150043097052625
5.859359826745675 -0.411250464774678
5.976547023280589 -0.30185544362526523
6.093734219815502 -0.1883198320183192
6.210921416350416 -0.07220101273403294
6.328108612885329 0.04490819725104752
6.445295809420243 0.1614013956420698
6.562483005955157 0.2756806300554948
6.67967020249007 0.386178317340182
6.796857399024984 0.4913787463197642
6.914044595559897 0.5898388690003726
7.031231792094809 0.6802080950480293
7.148418988629724 0.7612468180122658
7.2656061851646365 0.8318434191693392
7.3827933816995515 0.8910295157411431
7.499980578234464 0.9379932443279606
7.617167774769377 0.9720903973445286
7.734354971304291 0.9928532596994315
7.851542167839204 0.999997024503963
7.968729364374118 0.9934236998053354
8.085916560909032 0.9732234527550649
8.203103757443944 0.9396733727744053
8.320290953978859 0.8932336706826437
8.437478150513773 0.834541365925322
8.554665347048687 0.7644015484954855
8.671852543583599 0.6837763354093308
8.789039740118513 0.5937716732217094
8.906226936653427 0.4956221676131159
9.02341413318834 0.39067414814267404
9.140601329723253 0.2803672004701175
9.257788526258167 0.16621441937169998
9.37497572279308 0.04978165342196112
9.492162919327992 -0.06733397395523348
9.609350115862908 -0.18352597243683014
9.726537312397822 -0.29720052123769314
9.843724508932734 -0.4067983317580329
9.960911705467646 -0.5108160365483296
10.07809890200256 -0.6078268111965526
10.195286098537476 -0.6964999462645602
10.312473295072389 -0.7756191008028775
10.4296604916073 -0.8440989870580217
10.546847688142215 -0.9010002575060406
10.664034884677127 -0.945542390004913
10.781222081212043 -0.977114394318493
10.898409277746955 -0.9952831931491956
11.01559647428187 -0.9997995627157317
11.132783670816782 -0.9906015513881908
11.249970867351697 -0.9678153294866226
11.36715806388661 -0.9317534585863168
11.484345260421524 -0.8829106040699376
11.601532456956436 -0.8219567497380118
11.71871965349135 -0.749728007553819
11.835906850026264 -0.6672151485866363
11.953094046561178 -0.5755500124758628
12.07028124309609 -0.4759899818391876
12.187468439631004 -0.3699007345913575
12.304655636165917 -0.258737510762258
12.421842832700833 -0.14402515077976394
12.539030029235745 -0.027337179034896374
12.656217225770659 0.08972578035733277
12.773404422305571 0.20555795952747613
12.890591618840485 0.31857047337879313
13.0077788153754 0.4272131145311705
13.124966011910313 0.5299956177177831
13.242153208445226 0.6255081019479648
13.35934040498014 0.7124404100284962
13.476527601515052 0.7896000801605528
13.593714798049968 0.8559287030936096
13.71090199458488 0.910516440463048
13.828089191119794 0.9526145051615862
13.945276387654706 0.9816454325495995
14.062463584189619 0.9972110016128426
14.179650780724534 0.9990976974119944
14.296837977259448 0.9872796398949062
14.41402517379436 0.9619189388966511
14.531212370329273 0.923363470457789
14.648399566864187 0.8721421049633827
14.765586763399103 0.8089574525590061
14.882773959934015 0.7346762253558177
14.999961156468927 0.6503173486275744
15.117148353003842 0.557037984079872
15.234335549538754 0.4561176569122344
15.35152274607367 0.3489407044041932
15.468709942608582 0.23697728678043967
15.585897139143496 0.1217632208314101
15.703084335678408 0.00487891291424656
15.820271532213322 -0.11207231968717572
15.937458728748236 -0.22748624167436068
16.05464592528315 -0.3397797052388495
16.171833121818064 -0.4474123663070205
16.289020318352975 -0.5489078136404798
16.40620751488789 -0.6428738209614335
16.523394711422803 -0.7280214443019546
16.640581907957717 -0.8031827026163769
16.75776910449263 -0.8673265991295047
16.874956301027545 -0.9195732636537358
16.992143497562456 -0.9592060218830871
17.109330694097373 -0.985681226108051
17.226517890632284 -0.9986357125020635
17.343705087167198 -0.9978917826870515
17.460892283702112 -0.9834596412452346
17.578079480237026 -0.9555372557415442
17.69526667677194 -0.9145076411767358
17.812453873306854 -0.8609336061207096
17.929641069841765 -0.7955500325940151
18.04682826637668 -0.7192537955953986
18.164015462911593 -0.6330914605505774
18.281202659446507 -0.5382449274379012
18.39838985598142 -0.43601521851232755
18.515577052516335 -0.32780463201360316
18.632764249051245 -0.21509750665856794
18.74995144558616 -0.09943986077352528
18.867138642121073 0.017581814640594006
18.984325838655984 0.1343623180120503
19.1015130351909 0.24929975595745651
19.218700231725816 0.36081751666203893
19.335887428260726 0.46738589646939416
19.453074624795644 0.5675430830258904
19.570261821330554 0.6599152071511935
19.687449017865468 0.7432351883808953
19.804636214400382 0.8163601156743364
19.921823410935293 0.8782869248743056
20.03901060747021 0.9281661578688074
20.15619780400512 0.9653136147186674
20.273385000540035 0.9892197389172817
20.390572197074952 0.9995566070436083
20.507759393609863 0.9961824269304735
20.624946590144777 0.9791434826462077
20.742133786679688 0.9486734996100472
20.8593209832146 0.9051904385500976
20.97650817974952 0.8492907622815612
21.09369537628443 0.7817412539485769
21.210882572819344 0.7034684989598881
21.328069769354254 0.6155461748960618
21.445256965889172 0.5191803237341719
21.562444162424086 0.41569280841286044
21.679631358958996 0.3065031806661207
21.79681855549391 0.19310920884716837
21.914005752028825 0.0770663328447713
22.03119294856374 -0.04003367208842072
22.148380145098653 -0.15658452992445074
22.265567341633563 -0.27098749735765415
22.38275453816848 -0.3816732939749452
22.499941734703395 -0.4871236282797156
22.617128931238305 -0.5858920242941856
22.73431612777322 -0.676623663058889
22.851503324308133 -0.7580739668608827
22.968690520843047 -0.8291256712684394
23.08587771737796 -0.8888041507928544
23.203064913912872 -0.9362907879532845
23.32025211044779 -0.9709342023594199
23.4374393069827 -0.9922591857811723
23.554626503517614 -0.99997322064191
23.671813700052528 -0.9939704925201661
23.789000896587442 -0.974333341619853
23.906188093122356 -0.9413311332989527
24.023375289657267 -0.8954165631498004
24.14056248619218 -0.837219447314644
24.2577496827271 -0.7675380832155496
24.37493687926201 -0.687328299204637
24.492124075796923 -0.5976903433419899
24.609311272331833 -0.499853791149659
24.726498468866748 -0.395160679363966
24.843685665401665 -0.28504709704271625
24.960872861936576 -0.17102348654444924
25.07806005847149 -0.054653924593737045
25.1952472550064 0.062465332363037335
25.312434451541318 0.17872774421541118
25.429621648076232 0.29253852430886035
25.546808844611142 0.4023365153412015
25.663996041146056 0.5066156039607494
25.78118323768097 0.6039453803194196
25.898370434215884 0.6929907591910367
26.0155576307508 0.7725302935093654
26.13274482728571 0.8414729291166922
26.249932023820627 0.8988729708959015
26.367119220355537 0.9439430549936175
26.48430641689045 0.9760649491928145
26.601493613425365 0.9947980332846856
26.71868080996028 0.9998853431134768
26.835868006495193 0.991257095387296
26.953055203030104 0.9690316449046241
27.070242399565018 0.9335138610661161
27.187429596099935 0.8851909459413054
27.304616792634846 0.8247257512543302
27.42180398916976 0.7529476859604358
27.53899118570467 0.6708413391352673
27.656178382239588 0.5795329742381876
27.773365578774502 0.4802750800096603
27.890552775309413 0.37442918991995117
28.007739971844327 0.26344720583708425
28.124927168379237 0.1488514820997283
28.242114364914155 0.03221394318431253
28.35930156144907 -0.08486547858782931
28.47648875798398 -0.20078078953064282
28.593675954518897 -0.3139419642180349
28.710863151053807 -0.42279675606981887
28.82805034758872 -0.5258519897203886
28.945237544123636 -0.6216940430997602
29.062424740658546 -0.7090082382717405
29.179611937193464 -0.7865968750425146
29.296799133728374 -0.8533956599702596
29.41398633026329 -0.9084883054170153
29.531173526798206 -0.9511190983856007
29.648360723333116 -0.9807032667332848
29.76554791986803 -0.9968350005674833
29.88273511640294 -0.9992930187929293
29.999922312937855 -0.9880436044532995
30.117109509472773 -0.9632410672310955
30.234296706007683 -0.9252256267616245
30.351483902542597 -0.8745187457959157
30.468671099077508 -0.81181597722822
30.585858295612425 -0.7379774231063001
30.70304549214734 -0.6540159364995769
30.82023268868225 -0.5610832280615644
30.937419885217164 -0.46045406786474563
31.054607081752078 -0.35350879921337663
31.171794278286992 -0.2417144042944874
31.288981474821906 -0.12660438139204994
31.406168671356816 -0.009757709691177575
31.523355867891734 0.1072228097851451
31.640543064426645 0.22273254000653012
31.75773026096156 0.335187018950495
31.874917457496473 0.44304369387447123
31.992104654031387 0.5448230807128144
32.1092918505663 0.6391290583525335
32.226479047101215 0.724668019408538
32.34366624363613 0.8002666148047196
32.46085344017104 0.8648878487561393
32.57804063670595 0.9176453033753449
32.69522783324087 0.9578152977820649
32.81241502977578 0.9848468149281221
32.92960222631069 0.9983690599701254
33.046789422845606 0.9981965465106338
33.16397661938052 0.984331640939253
33.281163815915434 0.9569645299725581
33.39835101245035 0.9164706118381183
33.51553820898526 0.8634053468880873
33.632725405520176 0.7984966382771664
33.74991260205509 0.7226348472201726
33.867099798590004 0.6368605797912236
33.98428699512491 0.5423504127946159
34.101474191659825 0.44040075450744687
34.21866138819475 0.33241006167835924
34.33584858472965 0.2198596567140868
34.45303578126457 0.1042934081868961
34.57022297779948 -0.012703446611747077
34.687410174334396 -0.12952604657772374
34.80459737086931 -0.24457192088316324
34.921784567404224 -0.3562629702776206
35.03897176393914 -0.4630671140811502
35.15615896047405 -0.5635193059346513
35.273346157008966 -0.6562416300316976
35.39053335354388 -0.7399622021692227
35.50772055007879 -0.813532616348879
35.62490774661371 -0.8759436976117956
35.742094943148615 -0.9263393450229603
35.85928213968353 -0.9640282749193632
35.97646933621844 -0.9884935033380495
36.09365653275336 -0.9993994375525301
36.21084372928827 -0.996596479441941
36.328030925823185 -0.980123077547962
36.4452181223581 -0.9502051996711608
36.56240531889301 -0.9072532332412242
36.67959251542793 -0.8518563559791041
36.79677971196284 -0.7847744540694391
36.91396690849775 -0.706927698702737
37.03115410503267 -0.6193839239672142
37.148341301567584 -0.5233439792295002
37.26552849810249 -0.4201252569273377
37.382715694637405 -0.3111436217258347
37.49990289117232 -0.1978939889173713
37.61709008770723 -0.08192981847369518
37.73427728424215 0.03515819396694964
37.85146448077706 0.15176393687918932
37.96865167731197 0.2662879140916129
38.08583887384689 0.37715918528423353
38.2030260703818 0.4828569147815121
38.32021326691672 0.5819312330535795
38.43740046345163 0.6730231247654885
38.55458765998654 0.7548830705676702
38.67177485652145 0.8263881869157068
38.788962053056366 0.8865576288102128
38.90614924959129 0.9345660441755368
39.0233364461262 0.9697548953217255
39.14052364266111 0.9916414921918537
39.25771083919602 0.9999256134844293
39.374898035730936 0.9944936248281068
39.49208523226585 0.975420037519173
39.609272428800764 0.9429664864403848
39.72645962533567 0.8975781411811885
39.843646821870585 0.8398775995884369
39.96083401840551 0.7706563475105991
40.07802121494042 0.69086390188324
40.195208411475335 0.6015947860814521
40.31239560801024 0.5040735162001054
40.429582804545156 0.39963780420696887
40.54677000108007 0.2897202083733557
40.663957197614984 0.17582848268560364
40.781144394149905 0.0595248947871549
40.89833159068481 -0.057595203850265744
41.015518787219726 -0.17392526157076307
41.13270598375464 -0.2878695638126279
41.249893180289554 -0.3978651217329664
41.36708037682447 -0.5024031119293373
41.484267573359375 -0.600049573166985
41.60145476989429 -0.6894650762119913
41.7186419664292 -0.7694230969565942
41.835829162964124 -0.8388268408102403
41.95301635949904 -0.896724287573894
42.070203556033945 -0.9423212504251964
42.18739075256886 -0.9749922698825974
42.30457794910377 -0.9942891933145606
42.42176514563869 -0.9999473223076251
42.5389523421736 -0.9918890435690347
42.65613953870851 -0.9702248935583906
42.77332673524342 -0.9352520422446239
42.890513931778344 -0.8874502167868102
43.00770112831326 -0.8274751210542189
43.12488832484817 -0.7561494412508715
43.24207552138308 -0.6744515610216859
43.35926271791799 -0.5835021408364953
43.47644991445291 -0.4845487457443699
43.59363711098782 -0.378948732361239
43.71082430752274 -0.26815062983229976
43.82801150405765 -0.1536742701689964
43.94519870059256 -0.03708994051518905
44.06238589712748 0.08000315668616782
44.17957309366239 0.19599884016137506
44.296760290197305 0.30930598200382836
44.41394748673221 0.4183703333828599
44.531134683267126 0.5216958443775221
44.64832187980204 0.6178651854882765
44.76550907633696 0.7055591893304747
44.882696272871875 0.7835749458252581
44.99988346940679 0.8508423026739027
45.1170706659417 0.9064385447763367
45.23425786247661 0.9496010512344327
45.351445059011525 0.9797377563222317
45.46863225554644 0.9964352709286761
45.58581945208136 0.9994645530699154
45.70300664861627 0.9887840496880477
45.82019384515118 0.9645402666398275
45.937381041686095 0.9270657590567394
46.05456823822101 0.8768745696429193
46.17175543475592 0.8146551774843934
46.28894263129083 0.7412610540917384
46.406129827825744 0.6576989562201289
46.52331702436066 0.565115116055755
46.64050422089558 0.4647795181995256
46.75769141743049 0.3580684791228238
46.8748786139654 0.2464457680550805
46.992065810500314 0.13144252827049438
47.10925300703523 0.01463627419623847
47.22644020357014 -0.10237074755854346
47.343627400105056 -0.21797353642827014
47.46081459663996 -0.3305863538928353
47.578001793174884 -0.4386644752595725
47.6951889897098 -0.5407253788531033
47.81237618624471 -0.6353690819584258
47.92956338277963 -0.7212973445662259
48.04675057931453 -0.7973314775002719
48.16393777584945 -0.8624285106504684
48.28112497238436 -0.9156954995297463
48.398312168919276 -0.9564017739099783
48.5154993654542 -0.9839889605207144
48.632686561989104 -0.9980786423280927
48.74987375852402 -0.99847754933062
48.86706095505893 -0.9851802096689565
48.984248151593846 -0.9583690246841295
49.10143534812876 -0.9184117668945674
49.21862254466367 -0.8658565352125399
49.33580974119858 -0.8014242365999383
49.452996937733495 -0.7259986972935503
49.570184134268416 -0.6406145392453735
49.68737133080333 -0.5464429880784942
49.80455852733824 -0.44477580723255855
49.92174572387315 -0.3370075786763247
50.038932920408065 -0.2246165732450904
50.15612011694298 -0.10914447300697491
50.27330731347789 0.007824776190913187
50.3904945100128 0.12468669191407096
50.50768170654772 0.239838264035284
50.624868903082636 0.35169994343337285
50.74205609961755 0.45873730887440306
50.859243296152464 0.559482114867679
50.97643049268737 0.652552431780481
51.093617689222285 0.73667160194695
51.2108048857572 0.810685751747629
51.32799208229211 0.8735796194442945
51.445179278827034 0.9244904816575242
51.56236647536194 0.9627199874557077
51.679553671896855 0.9877437377258105
51.79674086843177 0.999218478424319
51.91392806496668 0.9969868090377015
52.0311152615016 0.9810793416657622
52.148302458036504 0.9517142811114799
52.26548965457142 0.909294431737283
52.38267685110634 0.8544016721451227
52.49986404764125 0.7877889734718696
52.61705124417617 0.7103700707860837
52.734238440711074 0.6232069292650211
52.85142563724599 0.5274951770798789
52.9686128337809 0.42454770480839077
53.085800030315816 0.31577665634365726
53.20298722685073 0.20267405833234092
53.32017442338564 0.08679135385072265
53.43736161992056 -0.030281878942192683
53.55454881645547 -0.14693973125536408
53.67173601299039 -0.2615819921259511
53.7889232095253 -0.372636098721593
53.90611040606021 -0.4785787073897146
54.02329760259512 -0.5779565895609542
54.140484799130036 -0.669406565874793
54.25767199566496 -0.7516742050885219
54.37485919219987 -0.8236310312740468
54.49204638873478 -0.8842900032692826
54.60923358526969 -0.9328190540503963
54.726420781804606 -0.9685525043035896
54.84360797833952 -0.9910001936350127
54.960795174874434 -0.9998542041647587
55.07798237140934 -0.9949930842765512
55.195169567944255 -0.9764835145853895
55.312356764479176 -0.944579393270863
55.42954396101409 -0.8997183533227417
55.546731157549004 -0.8425157594722126
55.66391835408391 -0.7737562671536798
55.781105550618825 -0.6943830592838973
55.89829274715374 -0.6054849084990102
56.01547994368865 -0.5082812423184018
56.132667140223575 -0.40410541609849376
56.249854336758474 -0.2943864232236006
56.367041533293396 -0.18062929341735398
56.48422872982831 -0.0643944480539831
56.601415926363224 0.0527237043451274
56.71860312289814 0.1691186388208656
56.835790319433045 0.28319375088861637
56.95297751596796 0.39338425737007104
57.07016471250287 0.4981786607279632
57.187351909037794 0.5961394824747965
57.30453910557271 0.6859229812525579
57.421726302107615 0.7662975851080699
57.53891349864253 0.8361607851259645
57.65610069517744 0.8945542586871287
57.77328789171236 0.9406770149049785
57.89047508824727 0.9738963819218286
58.00766228478218 0.9937566853512124
58.12484948131709 0.9999854988228282
58.24203667785201 0.9924973808905538
58.35922387438693 0.9713950470439072
58.47641107092184 0.9369679607462857
