0.0 0.0
0.05078943056747311 0.05076759760008886
0.10157886113494621 0.10140426496733895
0.15236829170241933 0.15177940953952584
0.20315772226989243 0.20176311322479737
0.2539471528373655 0.2512264674619643
0.30473658340483867 0.30004190567720007
0.35552601397231176 0.3480835322797382
0.40631544453978485 0.39522744734808607
0.45710487510725795 0.44135206616938305
0.507894305674731 0.48633843280780875
0.5586837362422042 0.5300705268933442
0.6094731668096773 0.572435562839674
0.6602625973771504 0.6133242807195435
0.7110520279446235 0.6526312280473997
0.7618414585120965 0.6902550317425944
0.8126308890795697 0.7260986595717556
0.8634203196470429 0.7600696703960599
0.9142097502145159 0.7920804525780208
0.9649991807819891 0.8220484499329351
1.015788611349462 0.8498963746422552
1.0665780419169353 0.8755524065797862
1.1173674724844085 0.8989503785366368
1.1681569030518815 0.9200299468672323
1.2189463336193547 0.9387367471162874
1.2697357641868277 0.955022534225378
1.3205251947543009 0.9688453069575151
1.3713146253217738 0.9801694162188308
1.422104055889247 0.9889656569980115
1.4728934864567202 0.9952113436863664
1.523682917024193 0.99889036858428
1.5744723475916662 0.9999932434431594
1.6252617781591394 0.9985171239357387
1.6760512087266126 0.9944658169916333
1.7268406392940858 0.9878497709792232
1.7776300698615586 0.978686048759188
1.8284195004290318 0.9669982836791873
1.879208930996505 0.9528166186231791
1.9299983615639782 0.9361776282725668
1.9807877921314512 0.9171242247796638
2.031577222698924 0.8957055470967474
2.0823666532663974 0.8719768342461207
2.1331560838338706 0.8459992828580238
2.1839455144013433 0.8178398893438021
2.234734944968817 0.7875712771113705
2.2855243755362897 0.7552715092685913
2.336313806103763 0.7210238872975941
2.387103236671236 0.6849167362192745
2.4378926672387093 0.6470431768020225
2.488682097806182 0.6075008854021631
2.5394715283736553 0.5663918420554802
2.5902609589411285 0.5238220674695043
2.6410503895086017 0.4799013495948559
2.691839820076075 0.43474296048082645
2.7426292506435477 0.3884633641454285
2.793418681211021 0.3411819162133178
2.844208111778494 0.29302055609623284
2.894997542345967 0.24410349250981256
2.9457869729134405 0.1945568831378526
2.9965764034809133 0.14450850927015574
3.047365834048386 0.09408744625307333
3.0981552646158597 0.04342373060266751
3.1489446951833324 -0.007351975360994372
3.199734125750806 -0.05810872049351002
3.250523556318279 -0.10871560255068073
3.3013129868857516 -0.15904210578694888
3.3521024174532252 -0.20895843755704205
3.402891848020698 -0.25833586305273304
3.4536812785881716 -0.30704703731143423
3.5044707091556444 -0.3549663336403511
3.555260139723117 -0.4019701676092098
3.606049570290591 -0.44793731577595797
3.6568390008580636 -0.4927492283234485
3.7076284314255368 -0.5362903348008211
3.75841786199301 -0.5784483421810536
3.8092072925604827 -0.6191145244660041
3.8599967231279564 -0.658184003092044
3.910786153695429 -0.6955560174131059
3.9615755842629023 -0.7311341845635834
4.012365014830375 -0.7648267480308731
4.063154445397848 -0.7965468142965066
4.1139438759653215 -0.826212576935556
4.164733306532795 -0.8537475275963702
4.215522737100268 -0.8790806533165152
4.266312167667741 -0.9021466196660426
4.3171015982352134 -0.9228859392457531
4.367891028802687 -0.9412451251059029
4.418680459370161 -0.9571768286896755
4.469469889937634 -0.9706399619456685
4.520259320505106 -0.9815998032944637
4.5710487510725795 -0.9900280871759896
4.621838181640053 -0.995903076946733
4.672627612207526 -0.9992096209388001
4.723417042774999 -0.9999391915362459
4.774206473342472 -0.998089907167897
4.824995903909945 -0.9936665371599455
4.875785334477419 -0.9866804894357997
4.926574765044892 -0.9771497810949168
4.977364195612364 -0.9650989919464898
5.028153626179837 -0.9505592011178294
5.078943056747311 -0.9335679069009296
5.129732487314784 -0.9141689300439292
5.180521917882257 -0.8924123007368862
5.23131134844973 -0.8683541295833276
5.282100779017203 -0.8420564628903413
5.332890209584676 -0.813587122650419
5.38367964015215 -0.7830195316277354
5.434469070719623 -0.7504325239999784
5.485258501287095 -0.7159101420440711
5.536047931854569 -0.6795414193901487
5.586837362422042 -0.6414201514027794
5.637626792989515 -0.6016446532816111
5.688416223556988 -0.5603175065053125
5.739205654124461 -0.5175452942727308
5.789995084691934 -0.4734383266235644
5.840784515259407 -0.4281103559474682
5.891573945826881 -0.3816782836153024
5.942363376394353 -0.33426185848911977
5.9931528069618265 -0.28598336808843083
6.0439422375293 -0.23696732320925756
6.094731668096772 -0.18734013680931888
6.145521098664246 -0.13722979798751853
6.196310529231719 -0.08676554189855863
6.2470999597991925 -0.03607751645394302
6.297889390366665 0.014703553331015905
6.348678820934138 0.0654467024785575
6.399468251501612 0.11602106380869036
6.4502576820690845 0.16629620544719187
6.501047112636558 0.21614246721095765
6.551836543204031 0.26543129500313384
6.602625973771503 0.31403557235565244
6.653415404338977 0.36182994826410453
6.7042048349064505 0.4086911604694505
6.754994265473923 0.4544983533528468
6.805783696041396 0.4991333896237115
6.856573126608869 0.5424811549971855
6.907362557176343 0.5844298550752343
6.958151987743816 0.6248713036657148
7.008941418311289 0.6637012017958472
7.059730848878762 0.7008194067004891
7.110520279446234 0.7361301900915099
7.161309710013708 0.7695424850421774
7.212099140581182 0.8009701208498298
7.262888571148654 0.8303320452711389
7.313678001716127 0.8575525335568008
7.3644674322836 0.8825613837465551
7.4152568628510735 0.9052940977208692
7.466046293418547 0.9256920475423499
7.51683572398602 0.9437026266578843
7.567625154553492 0.9592793855715607
7.6184145851209655 0.9723821516384672
7.66920401568844 0.9829771326704155
7.719993446255913 0.9910370040863926
7.770782876823385 0.9965409793829786
7.821572307390858 0.9994748637429834
7.8723617379583315 0.9998310906440474
7.923151168525805 0.9976087413727923
7.973940599093278 0.9928135473941937
8.02473002966075 0.9854578755700651
8.075519460228223 0.9755606962647755
8.126308890795697 0.9631475344204562
8.17709832136317 0.9482504037278742
8.227887751930643 0.9309077240627456
8.278677182498116 0.9111642224004236
8.32946661306559 0.8890708174645019
8.380256043633063 0.8646844884068252
8.431045474200536 0.8380681278575859
8.481834904768007 0.8092903797244891
8.532624335335482 0.7784254621593012
8.583413765902955 0.7455529761483706
8.634203196470427 0.710757700220737
8.684992627037902 0.674129371803304
8.735782057605373 0.6357624557869695
8.786571488172847 0.595755900900541
8.837360918740321 0.554212884520809
8.888150349307793 0.5112405465768775
8.938939779875268 0.46694971323500783
8.98972921044274 0.4214546110766522
9.040518641010213 0.3748725725067295
9.091308071577687 0.32732373315198543
9.142097502145159 0.2789307220297949
9.192886932712632 0.22981834528646516
9.243676363280105 0.18011326432072947
9.294465793847579 0.12994366912249788
9.345255224415052 0.07943894766936342
9.396044654982525 0.028729352233482167
9.446834085549998 -0.02205433654057254
9.49762351611747 -0.07278114692063276
9.548412946684945 -0.1233202538645864
9.599202377252418 -0.17354131641968581
9.64999180781989 -0.2233148138734178
9.700781238387364 -0.2725123797889482
9.751570668954837 -0.3210071330636606
9.802360099522309 -0.3686740051570318
9.853149530089784 -0.41539006264387207
9.903938960657255 -0.4610348242610622
9.954728391224728 -0.5054905716301741
10.005517821792203 -0.5486426528545412
10.056307252359675 -0.5903797782078516
10.107096682927148 -0.630594307151679
10.157886113494621 -0.6691825259416843
10.208675544062094 -0.7060449151065935
10.259464974629568 -0.7410864061100862
10.31025440519704 -0.7742166265336712
10.361043835764514 -0.8053501331482196
10.411833266331985 -0.8344066322730597
10.46262269689946 -0.8613111868543305
10.513412127466934 -0.8859944097285178
10.564201558034407 -0.9083926425727771
10.61499098860188 -0.928448120080493
10.665780419169351 -0.946109118938688
10.716569849736826 -0.9613300912230579
10.7673592803043 -0.9740717818666009
10.818148710871771 -0.9843013298989035
10.868938141439246 -0.9919923531949691
10.919727572006718 -0.9971250165150272
10.97051700257419 -0.9996860826598539
11.021306433141666 -0.9996689466096627
11.072095863709137 -0.997073652558529
11.12288529427661 -0.9919068938004131
11.173674724844084 -0.9841819954670764
11.224464155411557 -0.973918880162409
11.27525358597903 -0.9611440165817996
11.326043016546503 -0.9458903512490577
11.376832447113976 -0.9281972235469408
11.427621877681448 -0.9081102642604226
11.478411308248923 -0.885681277894357
11.529200738816396 -0.8609681090690565
11.579990169383867 -0.8340344933383282
11.630779599951342 -0.8049498928147276
11.681569030518814 -0.7737893170259611
11.732358461086287 -0.7406331294644162
11.783147891653762 -0.7055668403287763
11.833937322221233 -0.6686808859922113
11.884726752788707 -0.6300703957658941
11.93551618335618 -0.5898349465593964
11.986305613923653 -0.5480783060706599
12.037095044491126 -0.5049081651678798
12.0878844750586 -0.46043586015348725
12.138673905626073 -0.41477608562651097
12.189463336193544 -0.3680465986838569
12.240252766761019 -0.3203679152233577
12.291042197328492 -0.2718629991318682
12.341831627895965 -0.22265694515993417
12.392621058463439 -0.17287665630096444
12.44341048903091 -0.12265051650691433
12.494199919598385 -0.07210805958455091
12.544989350165858 -0.021379635126255653
12.59577878073333 0.029403927663127265
12.646568211300805 0.08011165737635294
12.697357641868276 0.13061277818056166
12.74814707243575 0.18077704708971873
12.798936503003224 0.2304750898627934
12.849725933570696 0.2795787346614523
12.900515364138169 0.3279613426067572
12.951304794705642 0.3754981343823101
13.002094225273115 0.42206651204158985
13.052883655840589 0.46754637518950026
13.103673086408062 0.5118204307227052
13.154462516975535 0.5547744953299254
13.205251947543006 0.5962977899720427
13.256041378110481 0.6362832255825559
13.306830808677955 0.6746276792515312
13.357620239245426 0.7112322601808166
13.408409669812901 0.7460025647245745
13.459199100380372 0.7788489198573866
13.509988530947846 0.8096866144420596
13.56077796151532 0.8384361177006355
13.611567392082792 0.8650232843252067
13.662356822650265 0.8893795456995477
13.713146253217738 0.9114420867383753
13.763935683785212 0.931154007888199
13.814725114352687 0.94846447187194
13.865514544920158 0.9633288347988658
13.916303975487631 0.9757087613017155
13.967093406055104 0.9855723234040593
14.017882836622578 0.9928940828629288
14.06867226719005 0.9976551567743448
14.119461697757524 0.9998432662725493
14.170251128324997 0.9994527681973451
14.221040558892469 0.9964846696478732
14.271829989459944 0.9909466253852903
14.322619420027417 0.9828529180910526
14.373408850594888 0.972224421531709
14.424198281162363 0.9590885467252114
14.474987711729835 0.9434791712475797
14.525777142297308 0.9254365518622278
14.576566572864783 0.9050072206973007
14.627356003432254 0.882243865238768
14.678145433999727 0.8572051924487701
14.7289348645672 0.8299557773596777
14.779724295134674 0.8005658965343182
14.830513725702147 0.769111346821892
14.88130315626962 0.7356732498770051
14.932092586837094 0.7003378429459651
14.982882017404565 0.6631962564599072
15.03367144797204 0.6243442790083314
15.084460878539513 0.5838821102992142
15.135250309106985 0.5419141027427675
15.18603973967446 0.4985484923253427
15.236829170241931 0.45389711946755945
15.287618600809404 0.40807514058652194
15.33840803137688 0.3612007311060758
15.38919746194435 0.3133947806809977
15.439986892511826 0.2647805814211328
15.490776323079297 0.21548350991961554
15.54156575364677 0.16563070390513146
15.592355184214245 0.11535073435223327
15.643144614781717 0.06477327389528141
15.69393404534919 0.014028762401175229
15.744723475916663 -0.0367519294365843
15.795512906484136 -0.08743783761496504
15.84630233705161 -0.13789824257911004
15.897091767619083 -0.1880030063496109
15.947881198186556 -0.2376229081498912
15.998670628754027 -0.2866299776681112
16.0494600593215 -0.33489782509411814
16.100249489888974 -0.38230196708024633
16.151038920456447 -0.4287201477853457
16.20182835102392 -0.47403265417403595
16.252617781591393 -0.5181226247580365
16.303407212158866 -0.5608763509833226
16.35419664272634 -0.6021835704858267
16.404986073293816 -0.6419377514593791
16.455775503861286 -0.680036367402478
16.50656493442876 -0.7163811615353726
16.557354364996232 -0.7508784002054305
16.608143795563706 -0.7834391146273461
16.65893322613118 -0.8139793303346842
16.709722656698652 -0.8424202837510195
16.760512087266125 -0.8686886253221288
16.8113015178336 -0.8927166086853557
16.86209094840107 -0.9144422653882797
16.912880378968545 -0.933809564706085
16.963669809536015 -0.9507685581454595
17.01445924010349 -0.9652755082623539
17.065248670670965 -0.9772930014613539
17.116038101238438 -0.9867900444857958
17.16682753180591 -0.9937421443497347
17.21761696237338 -0.9981313715056456
17.268406392940854 -0.9999464060849379
17.31919582350833 -0.9991825670920292
17.369985254075804 -0.9958418244766891
17.420774684643277 -0.9899327940535152
17.471564115210747 -0.981470715281646
17.52235354577822 -0.9704774119620139
17.573142976345693 -0.9569812359535088
17.62393240691317 -0.941016994053196
17.674721837480643 -0.9226258582291819
17.725511268048113 -0.9018552594376167
17.776300698615586 -0.8787587652976983
17.82709012918306 -0.8533959419401582
17.877879559750536 -0.8258322003855002
17.92866899031801 -0.7961386278482167
17.97945842088548 -0.7643918044020145
18.030247851452952 -0.730673605478901
18.081037282020425 -0.6950709907114906
18.1318267125879 -0.657675779663078
18.182616143155375 -0.6185844150239015
18.233405573722845 -0.5778977138843211
18.284195004290318 -0.5357206077263263
18.33498443485779 -0.49216187180403453
18.385773865425264 -0.4473338446110139
18.436563295992737 -0.40135213815798654
18.48735272656021 -0.35433533980809007
18.538142157127684 -0.3064047064386693
18.588931587695157 -0.2576838517183599
18.63972101826263 -0.20829842730597947
18.690510448830103 -0.15837579879341773
18.741299879397573 -0.10804471722827674
18.79208930996505 -0.05743498706338341
18.842878740532523 -0.006677131389610204
18.893668171099996 0.044097944684750465
18.94445760166747 0.0947592916397865
18.99524703223494 0.14517625326432204
19.046036462802412 0.19521880361984087
19.09682589336989 0.24475788237889728
19.147615323937362 0.29366572767322274
19.198404754504836 0.3418162055931078
19.249194185072305 0.38908513548822565
19.29998361563978 0.43535061023100985
19.35077304620725 0.4804933106165542
19.40156247677473 0.5243968130882655
19.4523519073422 0.5669478899955731
19.503141337909675 0.6080368016093936
19.553930768477144 0.6475575791421706
19.604720199044618 0.6854082980426418
19.655509629612094 0.7214913408604443
19.706299060179568 0.7557136490026712
19.75708849074704 0.7879869627330928
19.80787792131451 0.818228048795044
19.858667351881984 0.8463589150709864
19.909456782449457 0.8723070117250858
19.960246213016934 0.896005418310105
20.011035643584407 0.9173930163560173
20.061825074151876 0.9364146469952699
20.11261450471935 0.9530212532181525
20.163403935286823 0.9671700063913974
20.214193365854296 0.9788244167137353
20.264982796421773 0.987954427323522
20.315772226989242 0.9945364918157363
20.366561657556716 0.9985536349684419
20.41735108812419 0.9999954965220788
20.468140518691662 0.9988583578986986
20.518929949259135 0.9951451517922196
20.56971937982661 0.9888654546049749
20.62050881039408 0.9800354617500575
20.671298240961555 0.9686779458831596
20.722087671529028 0.9548221981716245
20.7728771020965 0.9385039527521809
20.82366653266397 0.919765294572184
20.874455963231448 0.8986545508520337
20.92524539379892 0.8752261664487165
20.976034824366394 0.8495405634418639
21.026824254933867 0.8216639853045034
21.077613685501337 0.7916683260603612
21.128403116068814 0.7596309448683163
21.179192546636287 0.7256344665122397
21.22998197720376 0.6897665683106805
21.280771407771233 0.652119753996038
21.331560838338703 0.6127911151463465
21.382350268906176 0.5718820807849392
21.433139699473653 0.5294981557938141
21.483929130041126 0.4857486488153011
21.5347185606086 0.44074639034376895
21.58550799117607 0.3946074417344649
21.636297421743542 0.3474507958798951
21.687086852311015 0.29939807032577115
21.737876282878492 0.25057319361790936
21.788665713445965 0.20110208568906662
21.839455144013435 0.15111233310993202
21.890244574580908 0.10073286004185633
21.94103400514838 0.05009359573993718
21.991823435715855 -0.0006748605360759017
22.04261286628333 -0.05144157633881234
22.0934022968508 -0.10207562370958852
22.144191727418274 -0.1524464168431924
22.194981157985747 -0.20242404887017973
22.24577058855322 -0.25187962688823967
22.296560019120694 -0.30068560437850617
22.347349449688167 -0.3487161101495342
22.39813888025564 -0.39584727296058675
22.448928310823113 -0.44195754098702505
22.499717741390587 -0.48692799530389785
22.55050717195806 -0.5306426565792511
22.60129660252553 -0.5729887841861896
22.652086033093006 -0.6138571669622976
22.70287546366048 -0.6531424048664858
22.753664894227953 -0.6907431808069686
22.804454324795426 -0.7265625219392247
22.855243755362896 -0.7605080497601062
22.906033185930372 -0.7924922183531001
22.956822616497846 -0.8224325401702555
23.00761204706532 -0.8502517987685658
23.058401477632792 -0.8758782479520741
23.10919090820026 -0.8992457968061592
23.159980338767735 -0.9202941801467904
23.21076976933521 -0.9389691139451388
23.261559199902685 -0.9552224353267296
23.312348630470158 -0.9690122267840694
23.363138061037628 -0.9803029242823862
23.4139274916051 -0.9890654089796986
23.464716922172574 -0.9952770823246484
23.51550635274005 -0.9989219243384336
23.566295783307524 -0.9999905349305221
23.617085213874994 -0.9984801581415969
23.667874644442467 -0.9943946892512059
23.71866407500994 -0.9877446647317915
23.769453505577413 -0.9785472350750033
23.82024293614489 -0.9668261205603771
23.87103236671236 -0.9526115500804588
23.921821797279833 -0.9359401831801252
23.972611227847306 -0.9168550155111941
24.02340065841478 -0.8954052679461273
24.074190088982252 -0.8716462596368205
24.124979519549726 -0.8456392653458589
24.1757689501172 -0.8174513574181811
24.226558380684672 -0.7871552328007118
24.277347811252145 -0.7548290255560771
24.32813724181962 -0.7205561053539369
24.378926672387088 -0.6844248624596254
24.429716102954565 -0.6465284797746024
24.480505533522038 -0.6069646925166771
24.53129496408951 -0.5658355361597028
24.582084394656984 -0.5232470832829005
24.632873825224454 -0.4793091700084258
24.68366325579193 -0.4341351127327001
24.734452686359404 -0.38784141588211846
24.785242116926877 -0.3405474714467293
24.83603154749435 -0.29237525106689993
24.88682097806182 -0.24344899146701815
24.937610408629293 -0.193894874047501
24.98839983919677 -0.14384069946149275
25.039189269764243 -0.09341555801547344
25.089978700331717 -0.042749496743818956
25.140768130899186 0.008026815984016668
25.19155756146666 0.05878242745878454
25.242346992034133 0.10938643836000088
25.29313642260161 0.15970834034685574
25.343925853169083 0.2096183526407453
