0.0 0.0
0.09692734005648153 0.09677564074013131
0.19385468011296306 0.19264279471465418
0.2907820201694446 0.28670150362852337
0.3877093602259261 0.37806878606632327
0.48463670028240763 0.46588692652992314
0.5815640403388892 0.5493315272909136
0.6784913803953707 0.627619247470608
0.7754187204518522 0.7000151566965597
0.8723460605083337 0.7658396343027316
0.9692734005648153 0.8244747493066891
1.0662007406212968 0.875370061271421
1.1631280806777784 0.9180477875958736
1.2600554207342598 0.9521072887259658
1.3569827607907414 0.977228829180917
1.4539101008472228 0.9931765790880394
1.5508374409037045 0.99980082804892
1.647764780960186 0.9970393905541993
1.7446921210166675 0.9849181897535335
1.8416194610731491 0.9635510141005714
1.9385468011296305 0.9331384491574515
2.035474141186112 0.893965994586565
2.1324014812425935 0.8464013840064329
2.229328821299075 0.7908911328716974
2.326256161355557 0.7279563467842003
2.423183501412038 0.6581878295848631
2.5201108414685196 0.5822405371494302
2.6170381815250012 0.5008274289533825
2.713965521581483 0.41471277512479654
2.8108928616379645 0.3247049818155707
2.9078202016944457 0.23164900224324728
3.0047475417509273 0.13641840464520033
3.101674881807409 0.03990717160772109
3.1986022218638905 -0.056978692245748676
3.295529561920372 -0.15332966542393023
3.3924569019768533 -0.24824124775181602
3.489384242033335 -0.3408224514168914
3.5863115820898166 -0.43020416516728954
3.6832389221462982 -0.5155473131425088
3.78016626220278 -0.5960507317452027
3.877093602259261 -0.6709586906094708
3.974020942315743 -0.7395679870621363
4.070948282372224 -0.801234547477353
4.1678756224287055 -0.8553794735539656
4.264802962485187 -0.9014944767558372
4.361730302541669 -0.9391466498990475
4.45865764259815 -0.9679825310924078
4.555584982654632 -0.9877314218808269
4.652512322711114 -0.9982079284422695
4.749439662767595 -0.9993137019826784
4.846367002824076 -0.9910383619908062
4.9432943428805585 -0.9734595936858463
5.040221682937039 -0.9467424187430744
5.137149022993522 -0.9111376461435959
5.2340763630500025 -0.866979517690946
5.331003703106484 -0.814682570297372
5.427931043162966 -0.754737744495279
5.524858383219447 -0.6877077757053929
5.621785723275929 -0.6142219115263763
5.718713063332411 -0.5349700046376363
5.815640403388891 -0.4506960367685327
5.912567743445374 -0.36219113452808216
6.009495083501855 -0.27028614265946904
6.106422423558337 -0.17584382443831834
6.203349763614818 -0.0797507624339774
6.3002771036712995 0.01709096433418658
6.397204443727781 0.11377224871426256
6.494131783784263 0.2093854897162743
6.591059123840744 0.30303311266747424
6.687986463897226 0.3938359952450218
6.784913803953707 0.48094172028618903
6.881841144010189 0.5635325779023802
6.97876848406667 0.6408332417766521
7.0756958241231525 0.7121180475830943
7.172623164179633 0.7767178052014545
7.269550504236115 0.8340260807770068
7.3664778442925964 0.8835048896524332
7.463405184349078 0.9246897467290294
7.56033252440556 0.9571940268466677
7.657259864462041 0.9807125942492153
7.754187204518522 0.9950246670635905
7.851114544575003 0.9999958899020032
7.948041884631486 0.9955795951307073
8.044969224687968 0.9818172409650354
8.141896564744448 0.9588380222780728
8.23882390480093 0.9268576577765251
8.335751244857411 0.8861763649292388
8.432678584913894 0.8371760416588406
8.529605924970374 0.780316681253533
8.626533265026856 0.7161320541542437
8.723460605083337 0.645224697154626
8.820387945139819 0.5682602570530453
8.9173152851963 0.4859612418558551
9.014242625252782 0.39910023819288765
9.111169965309264 0.30849265861705144
9.208097305365746 0.21498908687317023
9.305024645422227 0.11946729299528124
9.401951985478709 0.02282399319111557
9.49887932553519 -0.0740335681316914
9.595806665591672 -0.17019613517345797
9.692734005648152 -0.26476097643236807
9.789661345704635 -0.356840359147181
9.886588685761117 -0.44556988293839483
9.983516025817599 -0.5301165944154002
10.080443365874078 -0.6096868065732309
10.17737070593056 -0.683533549573931
10.274298045987043 -0.750963582967875
10.371225386043525 -0.8113439035274465
10.468152726100005 -0.864107687600412
10.565080066156487 -0.9087596121988079
10.662007406212968 -0.9448805048713182
10.758934746269452 -0.9721312787082217
10.855862086325931 -0.9902561155388069
10.952789426382413 -0.9990848674388304
11.049716766438895 -0.9985346540037119
11.146644106495376 -0.9886106403929921
11.243571446551858 -0.9694059888421064
11.34049878660834 -0.941100984096665
11.437426126664821 -0.9039613409792727
11.534353466721303 -0.8583357099767
11.631280806777783 -0.8046524042638477
11.728208146834266 -0.743415378889744
11.825135486890748 -0.6751994998712134
11.922062826947228 -0.6006451476058305
12.01899016700371 -0.520452205264953
12.11591750706019 -0.43537348860112773
12.212844847116674 -0.34620767884790443
12.309772187173154 -0.2537918250548839
12.406699527229636 -0.15899348624271198
12.503626867286117 -0.06270258714403862
12.600554207342599 0.03417693601492625
12.69748154739908 0.13073562126652988
12.794408887455562 0.22606701852700387
12.891336227512044 0.3192761989475621
12.988263567568525 0.409488156109258
13.085190907625005 0.4958560201949104
13.182118247681489 0.5775690080271085
13.27904558773797 0.6538600343408356
13.375972927794452 0.7240129128395144
13.472900267850932 0.7873690794341028
13.569827607907413 0.8433337745504927
13.666754947963897 0.8913816264684273
13.763682288020378 0.931061583278049
13.860609628076858 0.962001147155053
13.95753696813334 0.9839098712049431
14.054464308189822 0.9965820860495728
14.151391648246305 0.999898830559992
14.248318988302785 0.99382896861073
14.345246328359266 0.9784294813719222
14.442173668415748 0.9538449323953735
14.53910100847223 0.9203061105160929
14.636028348528711 0.8781278633091354
14.732955688585193 0.827706141440299
14.829883028641675 0.7695142816569996
14.926810368698156 0.7040985633129563
15.023737708754636 0.6320730801400622
15.12066504881112 0.5541139754089619
15.217592388867601 0.4709530945961163
15.314519728924083 0.3833711151432542
15.411447068980562 0.2921902178040277
15.508374409037044 0.19826636837597786
15.605301749093528 0.10248128227351862
15.702229089150006 0.005734147374941677
15.799156429206489 -0.09106681715434455
15.896083769262972 -0.18701288682023257
15.993011109319452 -0.2812033625021864
16.089938449375936 -0.3727540258168576
16.186865789432414 -0.4608054397678207
16.283793129488895 -0.5445310167587033
16.38072046954538 -0.6231447782306712
16.47764780960186 -0.6959087330803166
16.574575149658344 -0.7621398055926392
16.671502489714822 -0.8212162478526649
16.768429829771303 -0.8725834764389736
16.86535716982779 -0.9157592786067069
16.962284509884267 -0.9503383390868121
17.05921184994075 -0.9759960450059186
17.15613918999723 -0.9924915332079135
17.25306653005371 -0.9996699513703616
17.349993870110197 -0.9974639116893823
17.446921210166675 -0.9858941234864466
17.543848550223156 -0.9650691987984555
17.640775890279638 -0.935184632776143
17.73770323033612 -0.8965209684623613
17.8346305703926 -0.849441163178502
17.931557910449083 -0.7943871812422459
18.028485250505565 -0.7318758450026944
18.125412590562046 -0.6624939831415263
18.222339930618528 -0.5868929217857717
18.31926727067501 -0.5057823701471948
18.41619461073149 -0.41992375808718757
18.513121950787973 -0.33012308815115765
18.610049290844454 -0.23722336917434206
18.706976630900936 -0.14209670248899464
18.803903970957418 -0.04563609502412296
18.9008313110139 0.051252923847238875
18.99775865107038 0.14766080301590437
19.094685991126862 0.24268250809868303
19.191613331183344 0.33542601749950957
19.288540671239826 0.42502069631230277
19.385468011296304 0.5106254694550673
19.48239535135279 0.5914367173095041
19.57932269140927 0.6666958197453048
19.67625003146575 0.7356962777092829
19.773177371522234 0.7977903455249327
19.870104711578712 0.8523951116413435
19.967032051635197 0.8989979707481734
20.06395939169168 0.9371614358867745
20.160886731748157 0.9665272453836211
20.257814071804642 0.9868197260518969
20.35474141186112 0.9978483810890206
20.4516687519176 0.9995096783760942
20.548596091974087 0.9917880223914801
20.645523432030565 0.9747559006146421
20.74245077208705 0.9485732030458521
20.839378112143528 0.9134857212298378
20.93630545220001 0.8698228408738318
21.033232792256495 0.8179944497207442
21.130160132312973 0.7584870897049489
21.227087472369455 0.6918593895125138
21.324014812425936 0.6187368204230401
21.420942152482418 0.5398058246628673
21.517869492538903 0.4558073713900985
21.61479683259538 0.367530000805007
21.711724172651863 0.2758024216845639
21.808651512708344 0.18148573183225788
21.905578852764826 0.0854653344740609
22.002506192821308 -0.011357373514106272
22.09943353287779 -0.10807346352019938
22.19636087293427 -0.20377500781447214
22.293288212990753 -0.2975636027720588
22.390215553047234 -0.38855880268748705
22.487142893103716 -0.47590638500821353
22.584070233160197 -0.5587863693968373
22.68099757321668 -0.6364207153425951
22.777924913273157 -0.7080806260603744
22.874852253329642 -0.7730933901114991
22.971779593386124 -0.8308486965201383
23.068706933442606 -0.8808043641019113
23.165634273499087 -0.9224914312202114
23.262561613555565 -0.9555185581899227
23.35948895361205 -0.979575701000711
23.456416293668532 -0.9944370218725822
23.55334363372501 -0.9999630093207432
23.650270973781495 -0.9961017878275
23.747198313837973 -0.9828896048265964
23.844125653894455 -0.9604504904283911
23.94105299395094 -0.9289950930802283
24.03798033400742 -0.8888187020923062
24.134907674063903 -0.8402984755926693
24.23183501412038 -0.783889899934111
24.328762354176863 -0.7201225137904141
24.42568969423335 -0.6495949370823139
24.522617034289826 -0.5729692513993558
24.619544374346308 -0.49096478467174487
24.71647171440279 -0.40435135843900594
24.81339905445927 -0.31394206110700906
24.910326394515756 -0.22058561503486837
25.007253734572235 -0.1251584091061204
25.104181074628716 -0.028556271578798142
25.201108414685198 0.06831393955264647
25.29803575474168 0.16454284973774233
25.39496309479816 0.25922710467468907
25.491890434854643 0.3514778505996279
25.588817774911124 0.4404290784512976
25.685745114967606 0.5252457535797611
25.782672455024088 0.6051316546811056
25.87959979508057 0.6793368483696749
25.97652713513705 0.7471647292198693
26.073454475193532 0.8079785591887227
26.17038181525001 0.8612074450300595
26.267309155306496 0.906351697586933
26.364236495362977 0.9429875226516474
26.46116383541946 0.9707709993577148
26.55809117547594 0.9894413087563065
26.65501851553242 0.9988231822687935
26.751945855588904 0.9988285470303776
26.848873195645385 0.9894573526790574
26.945800535701864 0.9707975718284071
27.04272787575835 0.9430243742197176
27.139655215814827 0.9063984823062174
27.23658255587131 0.8612637237063775
27.333509895927794 0.8080438035028321
27.43043723598427 0.7472383266871112
27.527364576040757 0.6794181080896851
27.624291916097235 0.6052198138237013
27.721219256153717 0.5253399845460346
27.8181465962102 0.44052849664275473
27.91507393626668 0.3515815227224161
28.01200127632316 0.25933405750092675
28.108928616379643 0.16465207924176312
28.205855956436125 0.0684244203363434
28.30278329649261 -0.028445576659993897
28.399710636549088 -0.12504853920697237
28.49663797660557 -0.22047760156523577
28.59356531666205 -0.3138369180494009
28.690492656718533 -0.40425007282978725
28.787419996775014 -0.4908683073352638
28.884347336831496 -0.57287848802203
28.981274676887978 -0.649510739710451
29.07820201694446 -0.7200456728315685
29.17512935700094 -0.7838211367371043
29.272056697057423 -0.8402384356758797
29.368984037113904 -0.8887679490838223
29.465911377170386 -0.9289541034267726
29.562838717226864 -0.9604196489226352
29.65976605728335 -0.9828692009949118
29.75669339733983 -0.9960920132120027
29.853620737396312 -0.9999639556811848
29.950548077452794 -0.9944486803249507
30.047475417509272 -0.9795979621006305
30.144402757565757 -0.9555512129600664
30.24133009762224 -0.9225341731120881
30.338257437678717 -0.8808567918736121
30.435184777735202 -0.8309103180030067
30.53211211779168 -0.7731636268304061
30.629039457848165 -0.7081588186641723
30.725966797904647 -0.6365061297938193
30.822894137961125 -0.5588782038625324
30.91982147801761 -0.47600377738716654
31.01674881807409 -0.388660838703274
31.11367615813057 -0.29766932455584455
31.210603498187055 -0.20388342289706704
31.307530838243537 -0.10818355414892677
31.40445817830001 -0.011468106207009705
31.501385518356496 0.08535499922636912
31.598312858412978 0.18137682980811204
31.695240198469463 0.2756959752078387
31.792167538525945 0.3674270091479807
31.88909487858242 0.45570880139273584
31.986022218638904 0.5397126016565608
32.08294955869539 0.6186498195440028
32.17987689875187 0.6917794274863833
32.27680423880835 0.7584149171797392
32.37373157886483 0.817930744220089
32.47065891892131 0.8697682004366991
32.56758625897779 0.9134406587964037
32.66451359903428 0.9485381416422459
32.76144093909076 0.9747311693817553
32.858368279147236 0.9917738534951518
32.95529561920372 0.9995062048276355
33.0522229592602 0.9978556354965635
33.14915029931669 0.9868376403142811
33.24607763937317 0.9665556513297033
33.343004979429644 0.9372000668541406
33.439932319486125 0.8990464640864453
33.53685965954261 0.852453012116585
33.633786999599096 0.7978571095931709
33.73071433965558 0.7357712786190836
33.82764167971205 0.6667783534214131
33.92456901976853 0.5915260089623952
34.021496359825015 0.5107206808543352
34.1184236998815 0.4251209336555805
34.215351039937985 0.3355303398031008
34.31227837999446 0.2427899360311139
34.40920572005094 0.14777032809141571
34.50613306010742 0.05136351789302972
34.603060400163905 -0.045525470215872124
34.699987740220394 -0.14198708541489471
34.79691508027687 -0.23711578887082188
34.89384242033335 -0.33001855453436885
34.99076976038983 -0.41982325247233193
35.08769710044631 -0.5056868360363795
35.184624440502795 -0.5868032560108304
35.281551780559276 -0.6624110274449598
35.37847912061576 -0.731800378135766
35.47540646067224 -0.7943199116544095
35.57233380072872 -0.8493827223667937
35.6692611407852 -0.8964719050431847
35.766188480841684 -0.9351454073351029
35.863115820898166 -0.9650401795665838
35.96004316095465 -0.9858755828834131
36.05697050101113 -0.9974560237661403
36.15389784106761 -0.9996727901752331
36.25082518112409 -0.9925050720914586
36.347752521180574 -0.9760201568711072
36.444679861237056 -0.9503727975821548
36.54160720129354 -0.9158037602511409
36.63853454135002 -0.872637563658565
36.73546188140649 -0.8212794329006031
36.83238922146298 -0.7622114953157257
36.929316561519464 -0.6959882544872561
37.026243901575945 -0.6232313848097824
37.12317124163243 -0.5446238954858635
37.22009858168891 -0.46090371873875685
37.31702592174539 -0.3728567824322041
37.41395326180187 -0.28130963212844723
37.510880601858354 -0.18712167184531614
37.607807941914835 -0.0911770963527184
37.70473528197132 0.00562340925544925
37.8016626220278 0.1023711247932324
37.89858996208428 0.19815782564442888
37.99551730214076 0.2920843087722096
38.09244464219724 0.3832688340381561
38.189371982253725 0.47085540158735817
38.2862993223102 0.5540217875951473
38.38322666236669 0.6319872629394842
38.48015400242317 0.7040199223394041
38.57708134247965 0.7694435551570306
38.67400868253613 0.8276439933629057
38.77093602259261 0.8780748770728835
38.867863362649096 0.9202627835322593
38.96479070270558 0.9538116713984504
39.06171804276206 0.978406598601387
39.15864538281854 0.9938166788798772
39.255572722875016 0.9998972492393604
39.3525000629315 0.9965912279838993
39.449427402987986 0.9839296505738045
39.54635474304447 0.9620313782785131
39.64328208310095 0.931101982359737
39.740209423157424 0.8914318142596973
39.837136763213906 0.8433932799106323
39.934064103270394 0.7874373437531946
40.030991443326876 0.7240892952824296
40.12791878338336 0.6539438178631002
40.22484612343983 0.577659406106205
40.321773463496314 0.4959521842137876
40.4187008035528 0.40958918332277544
40.515628143609284 0.3193811409570835
40.612555483665766 0.22617489018351772
40.70948282372224 0.13084540991880605
40.80641016377872 0.034287611015815185
40.9033375038352 -0.06259206476232698
41.00026484389169 -0.1588841540152536
41.097192183948174 -0.2536847093441007
41.19411952400465 -0.3461037852085457
41.29104686406113 -0.43527379234057456
41.38797420411761 -0.5203576422874553
41.4849015441741 -0.600556605626659
41.58182888423058 -0.6751178100831683
41.678756224287056 -0.7433413081602949
41.77568356434354 -0.8045866479361337
41.87261090440002 -0.8582788853419447
41.9695382444565 -0.903913981481927
42.06646558451299 -0.941063534326674
42.163392924569465 -0.9693788003612854
42.260320264625946 -0.9885939684347351
42.35724760468243 -0.998528655076964
42.45417494473891 -0.9990895978588534
42.5511022847954 -0.9902715308985162
42.64802962485187 -0.9721572342950631
42.744956964908354 -0.9449167570257617
42.841884304964836 -0.908805820601716
42.93881164502132 -0.8641634184678059
43.035738985077806 -0.8114086336826715
43.13266632513428 -0.7510367047529708
43.22959366519076 -0.6836143765540281
43.326521005247244 -0.6097745799805107
43.423448345303726 -0.5302104902720678
43.52037568536021 -0.44566901979182094
43.61730302541669 -0.3569438063445833
43.71423036547317 -0.26486776285736957
43.81115770552965 -0.1703052583624898
43.908085045586134 -0.0741440036846863
44.005012385642615 0.022713281994117138
44.1019397256991 0.11935734546186234
44.19886706575558 0.21488093514197917
44.29579440581206 0.3083873179685422
44.39272174586854 0.39899869751831757
44.48964908592502 0.4858644543740126
44.586576425981505 0.568169131361855
44.68350376603799 0.6451400887016348
44.78043110609447 0.7160547572060583
44.87735844615095 0.7802474214395981
44.97428578620743 0.8371154691595524
45.071213126263906 0.8861250483723331
45.168140466320395 0.9268160788990708
45.26506780637688 0.9588065714041154
45.36199514643336 0.9817962133414216
45.45892248648984 0.995569188155435
45.555849826546314 0.9999962012711376
45.6527771666028 0.9950356938541365
45.749704506659285 0.9807342329465568
45.846631846715766 0.9572260743163175
45.94355918677225 0.9247319021235652
46.04048652682872 0.8835567572357236
46.13741386688521 0.834087173639192
46.23434120694169 0.7767875498298613
46.331268546998174 0.7121957892461036
46.428195887054656 0.6409182506700352
46.52512322711113 0.5636240560003779
46.62205056716761 0.48103880883301203
46.7189779072241 0.3939377828164729
46.81590524728058 0.30313864372701366
46.912832587337064 0.20949377358515045
47.00975992739354 0.11388226887157858
47.10668726745002 0.01720168795952631
47.20361460750651 -0.07964037476487587
47.30054194756299 -0.17573480899589553
47.39746928761947 -0.27017952283231494
47.49439662767595 -0.3620879112158106
47.59132396773243 -0.4505971789857932
47.68825130778891 -0.5348764404174212
47.7851786478454 -0.6141345192080653
47.88210598790188 -0.6876273756892791
47.979033327958355 -0.7546650915410269
48.07596066801484 -0.8146183464386774
48.17288800807132 -0.8669243258328915
48.26981534812781 -0.9110920044028535
48.36674268818429 -0.9467067555840459
