0.0 0.0
0.15585950524463654 0.15522924325495852
0.3117190104892731 0.30669525630953093
0.4675785157339097 0.45072604113868775
0.6234380209785462 0.5838298523219855
0.7792975262231827 0.7027798476000132
0.9351570314678194 0.8046923163704407
1.0910165367124558 0.8870965896263792
1.2468760419570923 0.9479949365069739
1.4027355472017289 0.9859109953851937
1.5585950524463654 0.9999255653755732
1.7144545576910022 0.9896988905666142
1.8703140629356387 0.9554788967401066
2.0261735681802753 0.8980951808941714
2.1820330734249116 0.818938899282319
2.337892578669548 0.7199290415437809
2.4937520839141847 0.6034659085430374
2.6496115891588214 0.47237292175757506
2.8054710944034578 0.32982817493175143
2.9613305996480945 0.17928738739340044
3.117190104892731 0.024400126879729173
3.2730496101373676 -0.13107866711334135
3.4289091153820044 -0.2833797145145723
3.5847686206266407 -0.4288107735200824
3.7406281258712775 -0.5638461517935079
3.896487631115914 -0.6852121799992034
4.0523471363605506 -0.7899665755294109
4.208206641605187 -0.8755697724066357
4.364066146849823 -0.9399464881068957
4.51992565209446 -0.9815360347363068
4.675785157339096 -0.9993301548646685
4.831644662583733 -0.9928974647600743
4.987504167828369 -0.9623939124460006
5.143363673073006 -0.9085589970456815
5.299223178317643 -0.8326978410683917
5.455082683562279 -0.7366495502600837
5.6109421888069155 -0.6227426280720785
5.766801694051552 -0.493738525637053
5.922661199296189 -0.3527646957730296
6.078520704540826 -0.203238773990458
6.234380209785462 -0.048785724585973175
6.390239715030099 0.10685003954584163
6.546099220274735 0.2598954328989289
6.701958725519371 0.4066401684537864
6.857818230764009 0.5435267063486727
7.013677736008645 0.6672364994939347
7.169537241253281 0.7747704452727878
7.325396746497918 0.8635215929339671
7.481256251742555 0.9313383440273735
7.637115756987191 0.9765766137114177
7.792975262231828 0.9981396883829258
7.948834767476464 0.9955048133591106
8.104694272721101 0.9687358660451306
8.260553777965738 0.9184818073510064
8.416413283210375 0.8459609489002704
8.57227278845501 0.7529314174411907
8.728132293699646 0.6416485324932938
8.883991798944283 0.5148101305250236
9.03985130418892 0.3754911611711708
9.195710809433557 0.22706914107721693
9.351570314678192 0.0731422725967143
9.50742981992283 -0.08255778760584859
9.663289325167465 -0.23625639529159642
9.819148830412104 -0.3842274275337478
9.975008335656739 -0.52288361529948
10.130867840901375 -0.6488635097900471
10.286727346146012 -0.7591129742097813
10.442586851390649 -0.8509592253550741
10.598446356635286 -0.9221756300294048
10.754305861879923 -0.9710356854217465
10.910165367124558 -0.9963548747993655
11.066024872369196 -0.9975193838053975
11.221884377613831 -0.9745009811905739
11.377743882858468 -0.9278577032247901
11.533603388103105 -0.8587203251962923
11.689462893347741 -0.7687649479705919
11.845322398592378 -0.660172364194516
12.001181903837015 -0.5355751892325087
12.157041409081652 -0.3979940385425073
12.312900914326287 -0.25076429874641504
12.468760419570923 -0.0974552676877129
12.62461992481556 0.058216376232193126
12.780479430060199 0.21247667767177844
12.936338935304834 0.36158589653487166
13.09219844054947 0.5019291706742732
13.248057945794105 0.6301041511730624
13.403917451038742 0.7430034856572136
13.55977695628338 0.83789014999245
13.715636461528018 0.9124638020953275
13.871495966772653 0.964916549239824
14.02735547201729 0.9939767768898626
14.183214977261924 0.9989399765132259
14.339074482506563 0.9796858250166512
14.4949339877512 0.9366811017445162
14.650793492995836 0.8709683723241692
14.806652998240471 0.7841407136960064
14.96251250348511 0.6783030930706269
15.118372008729747 0.556021337104937
15.274231513974382 0.42025992843994625
15.430091019219018 0.2743101376018883
15.585950524463655 0.12171023256853031
15.741810029708294 -0.033840299635932956
15.897669534952929 -0.18857043978726074
16.053529040197564 -0.33872905746622844
16.209388545442202 -0.4806758498983833
16.365248050686837 -0.610969593993742
16.521107555931476 -0.7264515720879093
16.67696706117611 -0.8243221488901862
16.83282656642075 -0.902208643180025
16.988686071665384 -0.9582228488348664
17.14454557691002 -0.9910068107043114
17.300405082154658 -0.9997657455838012
17.456264587399293 -0.984287310183047
17.61212409264393 -0.9449467489748903
17.767983597888566 -0.8826977971250416
17.9238431031332 -0.7990495590434149
18.07970260837784 -0.6960299230914861
18.23556211362248 -0.5761363993847339
18.391421618867113 -0.44227557253172584
18.54728112411175 -0.29769263716008826
18.703140629356383 -0.14589272450309876
18.859000134601025 0.009444072669690398
19.01485963984566 0.16455191672294436
19.170719145090295 0.31567052054311867
19.32657865033493 0.4591363083643881
19.48243815557957 0.5914712320166411
19.638297660824207 0.709467089418801
19.794157166068842 0.8102633011801197
19.950016671313477 0.8914162597674389
20.105876176558116 0.9509585700031328
20.26173568180275 0.9874467447234324
20.41759518704739 0.9999961993089395
20.573454692292025 0.9883026967131776
20.72931419753666 0.952649723096319
20.885173702781298 0.8939016152562175
21.041033208025933 0.8134826064687946
21.19689271327057 0.7133422987304749
21.352752218515207 0.5959083984608445
21.508611723759845 0.46402786149616365
21.66447122900448 0.32089787419863336
21.820330734249115 0.16998834390970602
21.976190239493754 0.014957777815273498
22.132049744738392 -0.14043541042447638
22.287909249983027 -0.2924240160828017
22.443768755227662 -0.4373233718964087
22.599628260472297 -0.5716206756356386
22.755487765716936 -0.6920601511421848
22.911347270961574 -0.79572197827107
23.06720677620621 -0.8800930782344387
23.223066281450844 -0.9431280382945632
23.378925786695483 -0.9832986988057207
23.53478529194012 -0.9996312004638561
23.690644797184756 -0.9917295936257262
23.84650430242939 -0.9597854373356285
24.00236380767403 -0.9045731553500395
24.158223312918665 -0.8274312617442968
24.314082818163303 -0.7302299112498436
24.46994232340794 -0.6153255610008481
24.625801828652573 -0.48550384282766235
24.781661333897212 -0.34391203104697143
24.937520839141847 -0.19398274293531714
25.093380344386485 -0.03935072161913739
25.24923984963112 0.11623528118209253
25.40509935487576 0.26900338632871734
25.560958860120397 0.4152500291128948
25.71681836536503 0.5514297449604825
25.872677870609667 0.6742411223035966
26.028537375854302 0.7807068388640447
26.18439688109894 0.8682458410241959
26.34025638634358 0.9347359164371146
26.49611589158821 0.9785651429251664
26.65197539683285 0.9986709663888774
26.807834902077484 0.994565960358363
26.963694407322123 0.9663496426972865
27.11955391256676 0.9147060629863791
27.275413417811396 0.8408872190757192
27.431272923056035 0.7466827048390934
27.587132428300666 0.6343763249614657
27.742991933545305 0.5066907285493306
27.898851438789944 0.36672140381417145
28.05471094403458 0.21786163399905872
28.210570449279217 0.0637202338456169
28.36642995452385 -0.09196593907972166
28.522289459768487 -0.24542257720804941
28.678148965013126 -0.39292942369248574
28.83400847025776 -0.5309104627784302
28.9898679755024 -0.6560206133298817
29.145727480747034 -0.7652268237963815
29.301586985991673 -0.8558816026313693
29.45744649123631 -0.9257872015603058
29.613305996480943 -0.9732488957004989
29.76916550172558 -0.9971160688600247
29.92502500697022 -0.9968101079828069
30.080884512214855 -0.9723384304934832
30.236744017459493 -0.9242943044764086
30.392603522704125 -0.8538424660482328
30.548463027948763 -0.7626908826027616
30.7043225331934 -0.6530493464732092
30.860182038438037 -0.5275759028276646
31.016041543682675 -0.3893124105489732
31.17190104892731 -0.2416107982998315
31.32776055417195 -0.08805180355087013
31.483620059416587 0.06764183541443175
31.63947956466122 0.2216956300275704
31.795339069905857 0.3703748465475723
31.951198575150492 0.5100750473952345
32.10705808039513 0.637409473711172
32.26291758563977 0.7492911507178733
32.418777090884404 0.8430077254014705
32.57463659612904 0.9162872222196624
32.730496101373674 0.9673531227168227
32.88635560661831 0.9949674337485467
33.04221511186295 0.9984607002105093
33.19807461710759 0.9777482346715795
33.35393412235222 0.9333321704553903
33.509793627596856 0.8662892883974067
33.6656531328415 0.7782449123940186
33.82151263808613 0.6713335065951745
33.97737214333077 0.5481469294846949
34.1332316485754 0.4116715993272292
34.28909115382004 0.2652160942829678
34.44495065906468 0.11233094238411277
34.600810164309316 -0.043277454091296255
34.75666966955395 -0.19783667311265632
34.912529174798586 -0.34759972791012317
35.06838868004322 -0.48893590535968706
35.22424818528786 -0.618418785540516
35.3801076905325 -0.7329093086020704
35.53596719577713 -0.8296318751469185
35.691826701021775 -0.9062416352238036
35.8476862062664 -0.9608813346406566
36.003545711511045 -0.9922263404696064
36.15940521675568 -0.99951675418835
36.315264722000315 -0.9825758339375306
36.47112422724496 -0.9418142792823401
36.626983732489585 -0.8782202746027169
36.78284323773423 -0.7933355324906561
36.93870274297886 -0.6892179179358429
37.0945622482235 -0.5683915594031742
37.25042175346814 -0.4337856562619017
37.40628125871277 -0.28866346606087795
37.56214076395741 -0.13654319321478028
37.71800026920205 0.01888730299895361
37.87385977444668 0.17385991339451765
38.02971927969132 0.32461762933462157
38.185578784935956 0.4675056240760954
38.34143829018059 0.5990598569149628
38.49729779542523 0.7160910520960497
38.65315730066986 0.8157620165823992
38.8090168059145 0.8956564222660546
38.96487631115914 0.9538373851294938
39.12073581640377 0.9888944212204441
39.276595321648415 0.9999776410838831
39.43245482689304 0.9868183536740192
39.588314332137685 0.9497355802445647
39.74417383738232 0.8896283203007554
39.900033342626955 0.8079537571099946
40.0558928478716 0.7066919311360318
40.21175235311623 0.5882977378203592
40.36761185836087 0.4556414134309165
40.5234713636055 0.3119389517827005
40.67933086885014 0.1606741387410854
40.83519037409478 0.0055140946292560255
40.991049879339414 -0.1497796279506274
41.14690938458405 -0.30144223562273154
41.302768889828684 -0.44579696430901766
41.45862839507332 -0.5793442152021366
41.61448790031796 -0.6988463957119264
41.770347405562596 -0.8014064085822374
41.92620691080723 -0.8845378863626356
42.082066416051866 -0.9462254685371126
42.23792592129651 -0.984973660008483
42.39378542654114 -0.9998430864597795
42.54964493178578 -0.9904732676521617
42.70550443703041 -0.9570913565651172
42.86136394227505 -0.9005066325155788
43.01722344751969 -0.8220908817595252
43.173082952764325 -0.7237451412101332
43.32894245800896 -0.6078536115061092
43.484801963253595 -0.4772258567180242
43.64066146849823 -0.3350286919479771
43.79652097374287 -0.18470941007487396
43.95238047898751 -0.029912208863167058
44.10823998423214 0.12561015550332788
44.264099489476784 0.27808734667466745
44.41995899472141 0.4238228525848442
44.575818499966054 0.5592836001761942
44.73167800521069 0.6811856078636992
44.887537510455324 0.7865735992625943
45.043397015699966 0.8728926480994942
45.199256520944594 0.9380501174160412
45.355116026189236 0.9804663914699348
45.51097553143387 0.9991131704372401
45.666835036678506 0.9935383995357663
45.82269454192315 0.9638772282114324
45.97855404716778 0.9108487337035936
46.13441355241242 0.8357384884200536
46.29027305765706 0.7403673937417743
46.44613256290169 0.6270475358209114
46.60199206814633 0.4985261335621378
46.757851573390965 0.35791893765931176
46.9137110786356 0.20863469529767306
47.06957058388024 0.054292511727726894
47.22543008912487 -0.10136588788181457
47.38128959436951 -0.25456686927192246
47.53714909961415 -0.40159637349461647
47.69300860485878 -0.5388899570273011
47.848868110103425 -0.6631192047528585
48.00472761534806 -0.7712724208914801
48.160587120592695 -0.8607276416900326
48.31644662583733 -0.9293161998186215
48.472306131081965 -0.9753752994796371
48.62816563632661 -0.9977883276482892
48.78402514157124 -0.9960119241772363
48.93988464681588 -0.9700891545034439
49.09574415206051 -0.9206484656106665
49.25160365730515 -0.8488884505582259
49.40746316254979 -0.7565487909303533
49.563322667794424 -0.6458680816497562
49.71918217303906 -0.519529560610471
49.875041678283694 -0.3805960588092722
50.030901183528336 -0.2324357479827433
50.18676068877297 -0.07864048585377022
50.34262019401761 0.0770612614524382
50.49847969926224 0.23089480879645574
50.654339204506876 0.37913076190272443
50.81019870975152 0.5181754292488522
50.96605821499615 0.6446579441064475
51.121917720240795 0.7555119846295076
51.27777722548542 0.8480501108461187
51.43363673073006 0.920028916398296
51.5894962359747 0.9697034155529245
51.745355741219335 0.9958693469769678
51.90121524646398 0.9978923687043695
52.057074751708605 0.9757234365196147
52.21293425695324 0.9298999929390644
52.36879376219788 0.8615329379655249
52.52465326744252 0.772279697484699
52.68051277268716 0.6643040422076688
52.83637227793179 0.5402236312708644
52.99223178317642 0.4030465521964563
53.148091288421064 0.25609839567823817
53.3039507936657 0.102941633122414
53.45981029891034 -0.052710748522450904
53.61566980415497 -0.20708526089109308
53.771529309399604 -0.3564393950661813
53.927388814644246 -0.4971523514065217
54.08324831988889 -0.6258128187713589
54.23910782513352 -0.7393016751046204
54.39496733037815 -0.8348676044647687
54.55082683562279 -0.9101937973128716
54.70668634086743 -0.963454117040492
54.86254584611207 -0.9933573710895932
55.018405351356705 -0.9991786133973836
55.17426485660133 -0.9807767192994855
55.330124361845975 -0.9385978068221213
55.48598386709061 -0.8736644214208158
55.64184337233525 -0.787550746360466
55.79770287757989 -0.6823444397128327
55.953562382824515 -0.5605960231589214
56.10942188806916 -0.4252570495660588
56.26528139331379 -0.27960854834621024
56.421140898558434 -0.12718148329805387
56.57700040380307 0.028328848722485794
56.7328599090477 0.18315240306621483
56.88871941429234 0.3335357846690522
57.044578919536974 0.4758332417936292
57.200438424781616 0.6065950501685476
57.35629793002625 0.7226511448239799
57.51215743527088 0.821187972133123
57.66801694051552 0.8998166989315387
57.823876445760156 0.9566311251173456
57.9797359510048 0.9902538957543472
58.13559545624944 0.9998698923556585
58.29145496149407 0.9852459938413998
58.4473144667387 0.946736728104526
58.603173971983345 0.8852756771736322
58.75903347722798 0.8023528443377995
58.91489298247262 0.699978531923347
59.07075248771725 0.5806346054354193
59.226611992961885 0.4472143255700826
59.38247149820653 0.30295220675261353
59.53833100345116 0.15134560264475685
59.694190508695804 -0.003930080372632418
59.85005001394044 -0.15911048625770305
60.00590951918507 -0.3104335687768362
60.16176902442971 -0.4542307949770428
60.317628529674344 -0.5870160816112204
60.47348803491899 -0.7055703084263245
60.62934754016362 -0.8070193594543806
60.78520704540825 -0.8889038003476875
60.94106655065289 -0.949238502567006
61.09692605589753 -0.9865607689506191
61.25278556114217 -0.9999657939537977
61.4086450663868 -0.9891285988942312
61.56450457163143 -0.95431191042626
61.72036407687607 -0.8963597912456216
61.87622358212071 -0.8166771774359106
62.03208308736535 -0.7171958185337833
62.18794259260999 -0.6003274460296881
62.34380209785462 -0.46890530564239086
62.499661603099256 -0.3261154708032352
62.6555211083439 -0.17541960252085
62.81138061358853 -0.020471028162581444
62.967240118833175 0.13497382634110366
63.1230996240778 0.2871465037156612
63.27895912932244 0.43235787423811933
63.43481863456708 0.5670875714908425
63.590678139811715 0.6880693367782353
63.74653764505636 0.7923702031974309
63.902397150300985 0.8774615996995291
64.05825665554562 0.941280651362298
64.21411616079025 0.9822801897686143
64.3699756660349 0.999466261086731
64.52583517127954 0.9924222225420352
64.68169467652416 0.9613188431083959
64.83755418176881 0.9069101635474797
64.99341368701344 0.8305152161614173
65.14927319225808 0.733986047427607
65.30513269750271 0.6196628187446361
65.46099220274735 0.4903170737840718
65.61685170799198 0.34908454782053316
65.77271121323662 0.1993891479467697
65.92857071848127 0.044859947125124915
66.0844302237259 -0.11075679560722512
66.24028972897052 -0.26368845588095213
66.39614923421517 -0.41022750391324536
66.55200873945981 -0.5468213863350755
66.70786824470444 -0.6701586509178736
66.86372774994909 -0.7772492262731758
67.01958725519371 -0.8654969103007372
67.17544676043835 -0.9327623100441864
67.331306265683 -0.9774147070998994
67.48716577092763 -0.9983715912037183
67.64302527617227 -0.995124903580692
67.7988847814169 -0.9677533538389976
67.95474428666154 -0.9169205118090318
68.11060379190617 -0.8438587205872845
68.2664632971508 -0.7503392207818698
68.42232280239546 -0.6386292102390915
68.57818230764008 -0.5114368802542882
68.73404181288471 -0.37184576075657944
68.88990131812936 -0.2232399661408038
69.045760823374 -0.06922215401533549
69.20162032861863 0.08647381420407461
69.35747983386327 0.2400733934807077
69.5133393391079 0.3878528616383819
69.66919884435254 0.5262295937418295
69.82505834959717 0.6518489158497037
69.98091785484182 0.7616654325404054
70.13677736008644 0.8530168565834471
70.29263686533108 0.9236885509001814
70.44849637057573 0.9719672181196404
70.60435587582036 0.9966824361312323
70.760215381065 0.9972350326857133
70.91607488630963 0.973611611157558
71.07193439155427 0.9263848753200188
71.2277938967989 0.8566997452593037
71.38365340204355 0.7662456010204481
71.53951290728818 0.6572153268835952
71.6953724125328 0.5322521491621979
71.85123191777745 0.39438555633710515
72.00709142302209 0.2469578550180138
72.16295092826672 0.09354314223936193
72.31881043351136 -0.06213934155029708
72.474669938756 -0.21631537821793992
72.63052944400063 -0.3652472705024227
72.78638894924526 -0.5053244551935322
72.94224845448991 -0.6331510341939807
73.09810795973455 -0.7456281014444243
73.25396746497917 -0.8400288698559654
73.40982697022382 -0.9140647769440279
73.56568647546845 -0.965940966561483
73.72154598071309 -0.9943998016848253
73.87740548595772 -0.9987513533705242
74.03326499120236 -0.9788901267364376
74.189124496447 -0.9352976184794434
74.34498400169163 -0.8690306439272684
74.50084350693628 -0.7816957166123661
74.65670301218091 -0.6754101014851467
74.81256251742553 -0.5527504859553217
74.96842202267018 -0.4166905131319151
75.12428152791482 -0.2705286916468167
75.28014103315945 -0.1178084297472141
75.4360005384041 0.03776786772526571
75.59186004364872 0.19242855691768185
75.74771954889336 0.34242419111387074
75.903579054138 0.4841184187559864
76.05943855938264 0.6140761396946879
76.21529806462728 0.7291467824915479
76.37115756987191 0.8265406838777726
76.52701707511655 0.9038967186984319
76.68287658036118 0.9593395407860446
76.83873608560582 0.9915250470702114
76.99459559085047 0.9996729627346438
77.15045509609509 0.9835857574580219
77.30631460133972 0.9436534341513126
77.46217410658437 0.8808440740979605
77.618033611829 0.7966803677116092
77.77389311707364 0.6932026998772676
