0.0 0.0
0.10233001760666674 0.10215152077610447
0.20466003521333348 0.20323430188870917
0.30699005282000025 0.3021907851472837
0.40932007042666696 0.3979856583233328
0.5116500880333337 0.4896166868955754
0.6139801056400005 0.5761251997262898
0.7163101232466672 0.6566061189645529
0.8186401408533339 0.7302174292405359
0.9209701584600006 0.7961889870813231
1.0233001760666673 0.8538305783815187
1.1256301936733342 0.9025391396289818
1.227960211280001 0.9418050673350744
1.3302902288866676 0.9712175496582813
1.4326202464933344 0.9904688644401661
1.534950264100001 0.9993575986863297
1.6372802817066678 0.997790755809203
1.7396102993133347 0.9857847285860694
1.8419403169200013 0.9634651276529423
1.944270334526668 0.9310654673286444
2.0466003521333347 0.8889247225183892
2.1489303697400017 0.8374837822572682
2.2512603873466683 0.7772808369977303
2.3535904049533354 0.7089457479006225
2.455920422560002 0.6331934570399546
2.5582504401666686 0.5508165074657824
2.660580457773335 0.4626767513825484
2.7629104753800022 0.36969633319438516
2.865240492986669 0.27284804175545335
2.967570510593336 0.1731451327629418
3.069900528200002 0.07163072777389795
3.172230545806669 -0.030633099243479674
3.2745605634133357 -0.13257643364431337
3.3768905810200027 -0.23313271387302628
3.4792205986266693 -0.3312498901482935
3.5815506162333355 -0.4259014313214911
3.6838806338400025 -0.5160970647516001
3.7862106514466696 -0.6008931368327912
3.888540669053336 -0.6794024857797707
3.990870686660003 -0.7508037233788575
4.093200704266669 -0.8143498285963413
4.195530721873337 -0.8693759631352422
4.2978607394800035 -0.9153064271717679
4.400190757086669 -0.9516606824985004
4.502520774693337 -0.9780583800583783
4.604850792300003 -0.9942233392699176
4.707180809906671 -0.9999864375107929
4.8095108275133365 -0.9952873795291286
4.911840845120004 -0.9801753282703993
5.014170862726671 -0.9548083905200387
5.116500880333337 -0.9194519627431154
5.218830897940004 -0.8744759544273955
5.32116091554667 -0.8203509179800065
5.423490933153338 -0.7576431256678725
5.5258209507600045 -0.6870086451084447
5.62815096836667 -0.6091864752946998
5.730480985973338 -0.5249908149673659
5.832811003580004 -0.4353025442249762
5.935141021186672 -0.34106000849366525
6.0374710387933375 -0.243249201277591
6.139801056400004 -0.14289344840094376
6.2421310740066716 -0.041042701668109485
6.344461091613338 0.06123744604511691
6.446791109220005 0.16287690934187446
6.549121126826671 0.2628123058566656
6.651451144433338 0.3599980816786774
6.7537811620400054 0.45341745024849545
6.856111179646671 0.5420930302822057
6.958441197253339 0.6250970714257701
7.060771214860005 0.7015611606557981
7.163101232466671 0.7706853078754942
7.2654312500733385 0.83174631564954
7.367761267680005 0.8841053455112566
7.4700912852866725 0.9272146016810966
7.572421302893339 0.9606230622693933
7.674751320500005 0.9839811980018306
7.777081338106672 0.9970446290989109
7.879411355713339 0.9996766820500605
7.981741373320006 0.9918498195326442
8.084071390926672 0.9736459285156428
8.186401408533339 0.9452554635337715
8.288731426140005 0.9069754540953608
8.391061443746674 0.8592063970710893
8.49339146135334 0.8024480665763309
8.595721478960007 0.737294285185364
8.698051496566672 0.6644267111825743
8.800381514173338 0.5846077068502643
8.902711531780007 0.49867236240718793
9.005041549386673 0.40751975904572835
9.10737156699334 0.3121035624764238
9.209701584600007 0.21342204539300544
9.312031602206673 0.112507643245872
9.414361619813342 0.010416152594618559
9.516691637420006 -0.091784314950312
9.619021655026673 -0.19302450762973788
9.72135167263334 -0.2922452203663877
9.823681690240008 -0.3884083764841969
9.926011707846675 -0.48050788837595276
10.028341725453341 -0.5675801834917835
10.130671743060008 -0.6487142855224259
10.233001760666674 -0.7230613453049523
10.335331778273341 -0.7898435217357698
10.437661795880008 -0.848362119776134
10.539991813486674 -0.8980049004079376
10.64232183109334 -0.9382524860608368
10.744651848700007 -0.9686837944952275
10.846981866306676 -0.9889804442901684
10.949311883913342 -0.998930085844721
11.051641901520009 -0.9984286230427811
11.153971919126674 -0.9874813023376777
11.25630193673334 -0.9662026578622135
11.358631954340009 -0.934815313138423
11.460961971946675 -0.8936476519239198
11.563291989553342 -0.8431303825631232
11.665622007160009 -0.7837920317881601
11.767952024766675 -0.7162534151146299
11.870282042373344 -0.6412211416846026
11.972612059980008 -0.5594802215111294
12.074942077586675 -0.4718858524694473
12.177272095193342 -0.37935447296187236
12.279602112800008 -0.282854173866022
12.381932130406677 -0.18339457007944832
12.484262148013343 -0.08201623762760282
12.58659216562001 0.02022017315276566
12.688922183226676 0.12224503445362557
12.791252200833341 0.2229909317606648
12.89358221844001 0.3214038314621629
12.995912236046676 0.41645410846284525
13.098242253653343 0.5071473184285962
13.20057227126001 0.5925346019595351
13.302902288866676 0.6717226118399311
13.405232306473344 0.7438828595030973
13.507562324080011 0.8082603829257577
13.609892341686676 0.8641816452658087
13.712222359293342 0.9110615816055522
13.814552376900009 0.9484097200752787
13.916882394506677 0.9758353133161902
14.019212412113344 0.9930514265957546
14.12154242972001 0.9998779398044195
14.223872447326677 0.9962434319258939
14.326202464933342 0.9821859282651132
14.42853248254001 0.957852502616161
14.530862500146677 0.9234977385323939
14.633192517753344 0.8794810657974071
14.73552253536001 0.8262629999634876
14.837852552966677 0.7644003243006183
14.940182570573345 0.6945402645639195
15.042512588180012 0.6174137175248545
15.144842605786678 0.5338276041113064
15.247172623393343 0.44465642716027926
15.34950264100001 0.35083312210850637
15.451832658606678 0.2533392963437937
15.554162676213345 0.15319495933589555
15.656492693820011 0.05144785099335071
15.758822711426678 -0.050837520103783305
15.861152729033344 -0.152591013910045
15.963482746640013 -0.25274805503875364
16.06581276424668 -0.35026077066706596
16.168142781853344 -0.44410895369384684
16.270472799460013 -0.5333107364505038
16.372802817066678 -0.6169328632932317
16.475132834673346 -0.6941004546018015
16.57746285228001 -0.7640061600309401
16.67979286988668 -0.8259186052503492
16.782122887493347 -0.8791900438009673
16.884452905100012 -0.9232631340115364
16.98678292270668 -0.957676770073324
17.089112940313345 -0.9820709062665474
17.191442957920014 -0.9961903238660398
17.29377297552668 -0.999887301315631
17.396102993133344 -0.9931231597351109
17.498433010740012 -0.9759686675902021
17.600763028346677 -0.9486033002917775
17.703093045953345 -0.9113133624706019
17.805423063560013 -0.8644889925729385
17.90775308116668 -0.8086200811158157
18.010083098773347 -0.7442911453063855
18.11241311638001 -0.6721752136486622
18.21474313398668 -0.5930267845186539
18.31707315159335 -0.5076739323774407
18.419403169200013 -0.41700964420929304
18.52173318680668 -0.3219824768256166
18.624063204413346 -0.22358663278083277
18.726393222020015 -0.12285155872883911
18.828723239626683 -0.0208311750452438
18.931053257233344 0.08140715060180238
19.033383274840013 0.18279377037037597
19.135713292446678 0.28226794721933773
19.238043310053346 0.3787889526555232
19.340373327660014 0.4713469551454696
19.44270334526668 0.5589735852739781
19.545033362873347 0.6407520671136322
19.647363380480016 0.7158268098078381
19.74969339808668 0.783412359017444
19.85202341569335 0.8428016145781992
19.954353433300014 0.8933732283934557
20.056683450906682 0.9345981051632066
20.15901346851335 0.966044937936834
20.261343486120015 0.9873847205750134
20.363673503726684 0.9983941899100262
20.46600352133335 0.998958161591575
20.568333538940013 0.9890707351797984
20.670663556546682 0.9688353558774286
20.772993574153347 0.938463732255246
20.875323591760015 0.8982736212938918
20.97765360936668 0.8486855039156154
21.07998362697335 0.7902181857875028
21.182313644580017 0.7234833694219336
21.28464366218668 0.6491792543625334
21.38697367979335 0.5680832324123941
21.489303697400015 0.4810437543292942
21.591633715006683 0.38897145308091136
21.69396373261335 0.29282961653125894
21.796293750220016 0.19362410923587214
21.898623767826685 0.09239284878695082
22.00095378543335 -0.009805053189886838
22.103283803040018 -0.11190037177719901
22.205613820646683 -0.2128249553155329
22.307943838253347 -0.31152290072454514
22.410273855860016 -0.4069616006758005
22.51260387346668 -0.4981425470384705
22.61493389107335 -0.5841117775690936
22.717263908680017 -0.6639698565489364
22.819593926286682 -0.7368812849486308
22.92192394389335 -0.8020832416681029
23.024253961500015 -0.8588935643983147
23.126583979106684 -0.906717886606724
23.228913996713352 -0.9450558559771247
23.331244014320017 -0.9735063692447489
23.433574031926685 -0.9917717686582013
23.53590404953335 -0.9996609561635847
23.63823406714002 -0.9970913927293147
23.740564084746687 -0.9840899618940716
23.84289410235335 -0.9607926885032078
23.945224119960017 -0.9274433155762564
24.04755413756668 -0.8843907541948087
24.14988415517335 -0.8320854330907498
24.25221417278002 -0.7710745861265951
24.354544190386683 -0.7019965269716779
24.45687420799335 -0.6255739708742397
24.559204225600016 -0.5426064733990666
24.661534243206685 -0.4539620652387885
24.763864260813353 -0.3605681706180164
24.866194278420018 -0.2634019043046162
24.968524296026686 -0.16347984874370128
25.07085431363335 -0.06184741826905483
25.17318433124002 0.04043207833331413
25.275514348846688 0.1422885624786561
25.377844366453353 0.2426563812646544
25.480174384060017 0.34048545664978586
25.582504401666682 0.4347522716828271
25.68483441927335 0.5244705788423328
25.78716443688002 0.6087017184522134
25.889494454486684 0.6865644392191039
25.991824472093352 0.7572441181461191
26.094154489700017 0.8200012833614814
26.196484507306685 0.8741793506937123
26.298814524913354 0.9192114930509583
26.40114454252002 0.954626570735014
26.503474560126687 0.9800540606453024
26.605804577733352 0.9952279328020046
26.70813459534002 0.9999894336310235
26.81046461294669 0.9942887468911995
26.912794630553353 0.9781855148666788
27.015124648160022 0.9518482143715536
27.117454665766683 0.9155523940952134
27.21978468337335 0.8696777917297975
27.32211470098002 0.8147043610412701
27.424444718586685 0.7512072504500299
27.526774736193353 0.6798507856566681
27.629104753800018 0.6013815192684578
27.731434771406686 0.5166204201433963
27.833764789013355 0.4264542841692862
27.93609480662002 0.33182645634078145
28.038424824226688 0.23372696120281394
28.140754841833353 0.1331821449186849
28.24308485944002 0.031243937330505653
28.34541487704669 -0.071021153644385
28.447744894653354 -0.1725432001372068
28.550074912260023 -0.27226004823207595
28.652404929866684 -0.3691284305368917
28.754734947473352 -0.4621348811578495
28.85706496508002 -0.55030633888171
28.959394982686685 -0.6327203276323224
29.061725000293354 -0.7085146076903441
29.16405501790002 -0.7768961967022132
29.266385035506687 -0.8371496660979545
29.368715053113355 -0.888644626118143
29.47104507072002 -0.9308423211395053
29.57337508832669 -0.9633012662968661
29.675705105933353 -0.9856818664294122
29.778035123540022 -0.9977499690265136
29.88036514114669 -0.9993793140010874
29.982695158753355 -0.9905528546602743
30.085025176360023 -0.971362936053018
30.187355193966688 -0.9420103288286363
30.289685211573357 -0.9028021287144302
30.39201522918002 -0.8541485435886417
30.494345246786686 -0.796558601763333
30.596675264393355 -0.7306348263784388
30.69900528200002 -0.6570669316250612
30.801335299606688 -0.5766246067499705
30.903665317213356 -0.4901494633372646
31.00599533482002 -0.39854623011707074
31.10832535242669 -0.30277328742384485
31.210655370033354 -0.2038326403356255
31.312985387640023 -0.10275943539816586
31.41531540524669 -0.000611130613200499
31.517645422853356 0.10154356800242527
31.619975440460024 0.20263588753771428
31.72230545806669 0.3016081700083075
31.824635475673357 0.39742493788965033
31.926965493280026 0.4890837275915242
32.02929551088669 0.5756255775309901
32.13162552849336 0.6561450610743609
32.23395554610002 0.7297997593805431
32.33628556370669 0.7958190750381245
32.43861558131336 0.8535122942851872
32.540945598920025 0.9022758134626189
32.643275616526694 0.9415994540955344
32.745605634133355 0.9710718005325711
32.84793565174002 0.9903845042990913
32.95026566934669 0.9993355101308351
33.05259568695336 0.9978311699363408
33.15492570456002 0.9858872225711943
33.25725572216669 0.963628629173426
33.35958573977336 0.9312882657828364
33.46191575738003 0.8892044869224414
33.564245774986695 0.8378175856325826
33.666575792593356 0.7776651869938859
33.768905810200025 0.709376623333374
33.87123582780669 0.6336663499620728
33.97356584541336 0.5513264703305383
34.07589586302003 0.46321844880642193
34.17822588062669 0.3702640977774452
34.28055589823336 0.2734359333753646
34.38288591584003 0.17374700072231636
34.48521593344669 0.07224027515072376
34.58754595105336 -0.03002224971558176
34.68987596866002 -0.13197067285520245
34.79220598626669 -0.23253837947267245
34.894536003873355 -0.330673200240375
34.996866021480024 -0.42534841940774615
35.09919603908669 -0.5155735166075318
35.20152605669335 -0.6004045299751557
35.30385607430002 -0.6789539321591811
35.40618609190669 -0.7503999158970133
35.50851610951336 -0.8139949920075
35.61084612712003 -0.8690738098455782
35.71317614472669 -0.9150601183990722
35.81550616233336 -0.9514727951985852
35.917836179940025 -0.9779308799641868
36.02016619754669 -0.9941575603254453
36.12249621515336 -0.9999830679149663
36.22482623276002 -0.9953464545356641
36.32715625036669 -0.9802962298189671
36.42948626797336 -0.9549898537025945
36.53181628558003 -0.9196920890377454
36.6341463031867 -0.8747722315612192
36.73647632079336 -0.8207002462133283
36.838806338400026 -0.7580418502245715
36.941136356006695 -0.6874525944133411
37.04346637361336 -0.6096710046178159
37.14579639122003 -0.5255108550184777
37.24812640882669 -0.43585265419004166
37.35045642643336 -0.3416344329582271
37.45278644404003 -0.24384193044165334
37.5551164616467 -0.14349828095529005
37.657446479253366 -0.04165330967424593
37.75977649686002 0.06062745095017006
37.86210651446669 0.16227390910866485
37.96443653207336 0.2622226092533978
38.066766549680025 0.3594278582870135
38.169096567286694 0.4528726659155516
38.271426584893355 0.5415793847040783
38.37375660250002 0.6246199385156288
38.47608662010669 0.7011255323203909
38.57841663771336 0.7702957417883347
38.68074665532003 0.8314068875671673
38.78307667292669 0.8838196066314548
38.88540669053336 0.926985541489213
38.98773670814003 0.9604530772614424
39.090066725746695 0.9838720666116407
39.19239674335336 0.9969974930916197
39.29472676096003 0.9996920345766281
39.39705677856669 0.9919274999703613
39.49938679617336 0.9737851241486115
39.60171681378003 0.9454547180557827
39.7040468313867 0.9072326828462037
39.80637684899337 0.8595189088468889
39.90870686660003 0.8028125917857266
40.011036884206696 0.73770701005694
40.113366901813365 0.6648833176656821
40.21569691942003 0.5851034177917563
40.3180269370267 0.49920199153141553
40.42035695463336 0.40807776521490713
40.52268697224003 0.3126841076636541
40.6250169898467 0.2140190557614679
40.72734700745337 0.11311487269511245
40.829677025060036 0.011027248109115166
40.9320070426667 -0.09117574683400653
41.03433706027336 -0.19242483393267937
41.13666707788003 -0.29166071505357494
41.238997095486695 -0.3878451548244619
41.341327113093364 -0.47997184296220746
41.443657130700025 -0.5670769225909449
41.54598714830669 -0.6482490744000753
41.64831716591336 -0.722639051138539
41.75064718352003 -0.7894685626927559
41.8529772011267 -0.8480384187898089
41.95530721873336 -0.8977358441345178
42.05763723634003 -0.9380408894472685
42.1599672539467 -0.9685318713283622
42.262297271553365 -0.9888897840354681
42.36462728916003 -0.9989016370167978
42.466957306766695 -0.998462683281754
42.56928732437336 -0.9875775152951722
42.67161734198003 -0.9663600169295854
42.7739473595867 -0.9350321719781982
42.87627737719337 -0.8939217416942664
42.97860739480003 -0.8434588356551563
43.0809374124067 -0.78417141182771
43.183267430013366 -0.7166797529146226
43.285597447620034 -0.641689976771877
43.3879274652267 -0.5599866487932317
43.490257482833364 -0.47242457355318473
43.59258750044003 -0.37991985158665875
43.6949175180467 -0.28344029487213557
43.79724753565337 -0.18399530129419184
43.89957755326004 -0.08262529402191751
44.0019075708667 0.019609163708440326
44.10423758847337 0.12163846452225571
44.206567606080036 0.22239514745770314
44.3088976236867 0.32082506606059036
44.411227641293365 0.41589841717884163
44.51355765890003 0.5066205150700297
44.615887676506695 0.5920421981001985
44.71821769411336 0.6712697591557948
44.82054771172003 0.7434742958739444
44.9228777293267 0.8079003828660776
45.02520774693336 0.8638739752035448
45.12753776454003 0.9108094604766206
45.2298677821467 0.9482157856460915
45.33219779975337 0.9757015945865603
45.434527817360035 0.9929793225708953
45.536857834966696 0.9998682048581339
45.639187852573365 0.9962961679080927
45.74151787018003 0.9823005834362284
45.8438478877867 0.9580278774196119
45.94617790539337 0.9237319981447041
46.04850792300003 0.8797717593246785
46.1508379406067 0.8266070860833743
46.25316795821337 0.7647942030815557
46.355497975820036 0.6949798151286801
46.457827993426704 0.617894341164391
46.560158011033366 0.5343442723978253
46.662488028640034 0.44520373455613205
46.7648180462467 0.35140534252055705
46.86714806385337 0.25393044303150414
46.96947808146004 0.1537988475463861
47.0718080990667 0.0520581626681407
47.17413811667337 -0.050227170227387055
47.27646813428004 -0.15198701149440524
47.378798151886706 -0.25215671933720457
47.481128169493374 -0.34968828841000626
47.58345818710003 -0.4435613143613056
47.6857882047067 -0.5327936696084487
47.788118222313365 -0.6164517786491138
47.89044823992003 -0.6936603854065843
47.9927782575267 -0.7636117104197383
48.09510827513336 -0.8255739020725811
48.19743829274003 -0.8788986934440451
48.2997683103467 -0.9230281846697523
48.40209832795337 -0.9575006798567325
48.50442834556004 -0.9819555174834907
48.6067583631667 -0.9961368437483641
48.709088380773366 -0.9998962893882719
48.811418398380034 -0.9931945219621723
48.9137484159867 -0.9761016573587902
49.01607843359337 -0.9487965262232857
49.11840845120003 -0.9115648029777343
49.2207384688067 -0.8647960170101486
49.32306848641337 -0.80897947730191
49.42539850402004 -0.7446991531313246
49.527728521626706 -0.6726275644129447
49.63005853923337 -0.5935187455937384
49.732388556840036 -0.5082003567198923
49.834718574446704 -0.4175650242107015
49.93704859205337 -0.3225610019348419
50.03937860966004 -0.22418225029571034
50.1417086272667 -0.1234580371213748
50.24403864487337 -0.021442169157686236
50.34636866248004 0.08079803317201259
50.44869868008671 0.18219290239137068
50.551028697693376 0.28168161515104584
50.65335871530004 0.3782232908788289
50.755688732906705 0.470807881782521
50.85801875051337 0.5584667402710026
50.960348768120035 0.6402827532341533
51.0626787857267 0.7153999371535735
