0.0 0.0
0.13371004437450532 0.13331198063719188
0.26742008874901063 0.2642441083941881
0.401130133123516 0.3904590149424764
0.5348401774980213 0.5097035426330826
0.6685502218725266 0.6198489673159668
0.802260266247032 0.7189289998030228
0.9359703106215372 0.8051748875818571
1.0696803549960425 0.8770469901531353
1.203390399370548 0.9332622643162957
1.337100443745053 0.9728171687430289
1.4708104881195585 0.9950055789516803
1.604520532494064 0.9994313928688305
1.738230576868569 0.9860156019466535
1.8719406212430745 0.9549977016041932
2.00565066561758 0.9069314158137044
2.139360709992085 0.8426748121557007
2.2730707543665907 0.7633749838063253
2.406780798741096 0.6704475719104649
2.540490843115601 0.5655514939021894
2.674200887490106 0.45055932891636774
2.807910931864612 0.3275238889638433
2.941620976239117 0.19864157263338325
3.0753310206136226 0.06621315552114304
3.209041064988128 -0.06739728265267467
3.3427511093626325 -0.19980456101691083
3.476461153737138 -0.3286449772151254
3.6101711981116438 -0.45161850364207634
3.743881242486149 -0.5665298469741161
3.8775912868606546 -0.6713276380088019
4.01130133123516 -0.7641410522062833
4.1450113756096645 -0.8433132071915259
4.27872141998417 -0.9074307410133218
4.412431464358676 -0.9553490431362366
4.546141508733181 -0.9862126877480049
4.679851553107686 -0.9994707046119563
4.813561597482192 -0.9948864148529551
4.947271641856696 -0.9725416560908047
5.080981686231202 -0.9328353214950699
5.214691730605708 -0.8764762388417541
5.348401774980212 -0.8044705166931686
5.482111819354718 -0.7181035835938951
5.615821863729224 -0.6189172409147301
5.749531908103728 -0.5086821389916217
5.883241952478234 -0.38936616790883916
6.016951996852739 -0.26309932720639123
6.150662041227245 -0.13213570164907024
6.28437208560175 0.0011867781435785578
6.418082129976256 0.13448807186300624
6.55179217435076 0.2653885174092581
6.685502218725265 0.39155131203690186
6.819212263099772 0.5107242283862297
6.952922307474276 0.6207798206953521
7.086632351848783 0.719753403441736
7.2203423962232876 0.8058781244277261
7.354052440597792 0.8776165061939468
7.487762484972298 0.9336878926909508
7.621472529346803 0.9730913112378597
7.755182573721309 0.9951233416419042
7.888892618095814 0.9993906734836973
8.02260266247032 0.9858171273986698
8.156312706844824 0.9546450150124575
8.290022751219329 0.906430813253012
8.423732795593835 0.8420352302605543
8.55744283996834 0.7626078402363241
8.691152884342845 0.6695665615250345
8.824862928717351 0.5645723442832999
8.958572973091856 0.4494995196035902
9.092283017466363 0.3264023394138782
9.225993061840867 0.19747830447455053
9.359703106215372 0.06502893513216632
9.493413150589877 -0.06858131485898357
9.627123194964383 -0.20096726798713277
9.760833239338888 -0.32976560258873655
9.894543283713393 -0.45267704228892813
10.028253328087898 -0.5675074021211249
10.161963372462404 -0.6722067585805211
10.295673416836909 -0.7649060443572328
10.429383461211415 -0.8439504144688882
10.56309350558592 -0.9079287881485929
10.696803549960425 -0.9556990391137431
10.83051359433493 -0.9864083845251393
10.964223638709436 -0.9995086086577065
11.097933683083943 -0.9947658495135644
11.231643727458447 -0.9722647736692305
11.365353771832952 -0.9324070648285977
11.499063816207457 -0.8759042530636746
11.632773860581963 -0.8037650127537258
11.766483904956468 -0.7172771559769038
11.900193949330973 -0.6179846428039265
12.033903993705477 -0.5076600189004358
12.167614038079982 -0.38827277247520525
12.30132408245449 -0.26195417545822364
12.435034126828995 -0.13095923655536387
12.5687441712035 0.002373554615647915
12.702454215578005 0.1356639736700551
12.836164259952511 0.26653255263976733
12.969874304327016 0.39264305765368
13.10358434870152 0.5117441948134839
13.237294393076025 0.6217097997418322
13.37100443745053 0.7205767933489061
13.504714481825038 0.8065802262403066
13.638424526199543 0.8781847861620588
13.772134570574048 0.9341122060195617
13.905844614948553 0.9733640831891832
14.039554659323057 0.9952397027577645
14.173264703697566 0.9993485465139076
14.30697474807207 0.9856172643835935
14.440684792446575 0.9542909838577682
14.57439483682108 0.9059289340363137
14.708104881195585 0.8413944624069022
14.841814925570091 0.761839622576756
14.975524969944596 0.6686846080933613
15.1092350143191 0.5635923994965255
15.242945058693605 0.4484390771964254
15.37665510306811 0.32528033014487256
15.510365147442618 0.1963147581788098
15.644075191817123 0.06384462315364899
15.777785236191628 -0.06976525047243112
15.911495280566132 -0.20212969190643967
16.04520532494064 -0.3308857635063407
16.178915369315146 -0.4537349433660359
16.31262541368965 -0.5684841579663881
16.446335458064155 -0.6730849323874332
16.580045502438658 -0.7656699591817271
16.713755546813164 -0.8445864330903157
16.84746559118767 -0.9084255565180471
16.981175635562177 -0.9560476890437646
17.11488567993668 -0.98660269200243
17.248595724311187 -0.9995451049526952
17.38230576868569 -0.9946438831033177
17.516015813060196 -0.97198652186828
17.649725857434703 -0.9319774949200541
17.783435901809206 -0.8753310336245056
17.917145946183712 -0.8030583767571923
18.050855990558215 -0.7164497181160268
18.184566034932725 -0.6170511742970637
18.31827607930723 -0.5066371837991203
18.451986123681735 -0.38717883018155386
18.585696168056238 -0.2608086547625728
18.719406212430744 -0.129782587013057
18.85311625680525 0.003560327744702114
18.986826301179754 0.13683968440214916
19.12053634555426 0.2676762124744046
19.254246389928767 0.39373425025514786
19.38795643430327 0.5127634404782817
19.521666478677776 0.6226389031455862
19.655376523052283 0.7213991683648417
19.789086567426786 0.8072811920307259
19.922796611801292 0.8787518292570797
20.056506656175795 0.9345352037045066
20.190216700550305 0.973635484212816
20.323926744924808 0.9953546621353737
20.457636789299315 0.9993050120187951
20.591346833673818 0.985416013182921
20.725056878048324 0.9539356086387588
20.85876692242283 0.9054257788704784
20.992476966797334 0.8407525094972288
21.12618701117184 0.7610703319096136
21.259897055546343 0.6678017128576301
21.39360709992085 0.562611660922061
21.527317144295356 0.4473780031884435
21.66102718866986 0.3241578627371075
21.794737233044366 0.1951509353849535
21.928447277418872 0.06266022125362994
22.062157321793375 -0.07094908782550638
22.195867366167885 -0.20329183113762908
22.329577410542385 -0.3320054583902494
22.463287454916895 -0.45479220538340015
22.5969974992914 -0.5694601131342006
22.730707543665904 -0.673962158192678
22.86441758804041 -0.766432795603838
22.998127632414914 -0.8452212621600135
23.13183767678942 -0.9089210454220136
23.265547721163927 -0.9563949924352455
23.39925776553843 -0.9867956099062051
23.532967809912936 -0.9995801934455197
23.66667785428744 -0.9945205157939976
23.800387898661945 -0.9717069010798549
23.934097943036452 -0.9315466123744646
24.067807987410955 -0.874756581331594
24.20151803178546 -0.8023506096988234
24.335228076159964 -0.7156212711766599
24.468938120534474 -0.6161168367088842
24.60264816490898 -0.5056136351282802
24.736358209283484 -0.3860843425686476
24.87006825365799 -0.25966276673282973
25.003778298032493 -0.12860575467939236
25.137488342407 0.004747095859236353
25.271198386781506 0.13801520240337056
25.40490843115601 0.26881949530239213
25.538618475530516 0.3948248883044213
25.672328519905022 0.513781963945077
25.806038564279525 0.6235671295980229
25.939748608654032 0.7222205273312684
26.073458653028535 0.8079810208117171
26.20716869740304 0.8793176346803627
26.34087874177755 0.9349568851500214
26.47458878615205 0.9739055139265032
26.60829883052656 0.9954682196128181
26.74200887490106 0.9992600700596754
26.87571891927557 0.9852133740801019
27.009428963650077 0.9535788898559534
27.14313900802458 0.904921348464172
27.276849052399086 0.8401093724356862
27.41055909677359 0.7602999693183979
27.544269141148096 0.666917877061342
27.677979185522602 0.5616301299412181
27.811689229897105 0.4463162990741098
27.94539927427161 0.3230349387715124
28.079109318646115 0.19398683773215428
28.21281936302062 0.06147573110026979
28.34652940739513 -0.07213282525085446
28.48023945176963 -0.2044536840438839
28.61394949614414 -0.3331246856634515
28.74765954051864 -0.4558488268519276
28.88136958489315 -0.570435266249981
29.015079629267657 -0.6748384347607372
29.14878967364216 -0.7671945525491497
29.282499718016666 -0.845854900783863
29.41620976239117 -0.909415254162625
29.549919806765676 -0.9567409487990298
29.683629851140182 -0.9869871379647517
29.817339895514685 -0.9996138740867596
29.95104993988919 -0.9943957477593595
30.084759984263695 -0.9714259116977849
30.2184700286382 -0.9311144177987019
30.352180073012708 -0.874180896994021
30.48589011738721 -0.8016417125754687
30.61960016176172 -0.7147918163256196
30.75331020613622 -0.6151816313553491
30.88702025051073 -0.5045893743295299
31.020730294885237 -0.3849893111780032
31.15444033925974 -0.2585165129829208
31.288150383634246 -0.1274287412118675
31.42186042800875 0.005933857287757332
31.555570472383256 0.1391905260180623
31.689280516757762 0.2699623995134849
31.822990561132265 0.3959149702654007
31.95670060550677 0.5147997637793316
32.09041064988128 0.6244944777917919
32.22412069425578 0.7230408690913513
32.35783073863029 0.8086797115976142
32.491540783004794 0.8798822016350051
32.6252508273793 0.935377249762185
32.7589608717538 0.9741741719499257
32.89267091612831 0.9955803750301577
33.02638096050281 0.9992137206998467
33.160091004877316 0.9850093473605435
33.293801049251826 0.953220828011772
33.42751109362633 0.9044156435278555
33.56122113800083 0.8394650521281019
33.69493118237534 0.7595285358881181
33.828641226749845 0.6660331019493356
33.962351271124355 0.5606478079364298
34.09606131549885 0.4452539663487754
34.22977135987336 0.32191155982966824
34.36348140424787 0.19282246685997192
34.497191448622374 0.06029115436185168
34.63090149299688 -0.07331646108122936
34.76461153737138 -0.2056152489888111
34.89832158174589 -0.3342434437495625
35.03203162612039 -0.45690480628343694
35.165741670494896 -0.5714096159402816
35.299451714869406 -0.6757137608574201
35.43316175924391 -0.7679552289447731
35.56687180361841 -0.846487348069415
35.70058184799292 -0.9099081820438183
35.834291892367425 -0.957085557647858
35.968001936741935 -0.987177275908313
36.10171198111643 -0.9996461468289778
36.23542202549094 -0.9942695791751328
36.36913206986545 -0.9711435541178257
36.502842114239954 -0.9306809118014863
36.63655215861446 -0.873603981422609
36.77026220298896 -0.8009316863855692
36.90397224736347 -0.7139613547311556
37.03768229173797 -0.6142455595536334
37.171392336112476 -0.5035644028454821
37.305102380486986 -0.38389373755191636
37.43881242486149 -0.2573698951272755
37.57252246923599 -0.12625154826824925
37.7062325136105 0.007120610358782946
37.839942557985005 0.14036565359085182
37.97365260235951 0.27110492349795723
38.10736264673401 0.3970044946027646
38.24107269110852 0.5158168385475356
38.37478273548303 0.625420946420774
38.508492779857534 0.7238601924896888
38.64220282423204 0.8093772634043408
38.77591286860654 0.8804455293258412
38.90962291298105 0.9357962969489442
39.04333295735555 0.974441457904694
39.177043001730055 0.9956911282294283
39.310753046104566 0.9991659640045893
39.44446309047907 0.9848039333116035
39.57817313485357 0.9528614236105244
39.71188317922808 0.9039086647737836
39.845593223602584 0.8388195494819565
39.97930326797709 0.7587560327053011
40.11301331235159 0.6651473887677664
40.2467233567261 0.5596646962912463
40.38043340110061 0.4441910065086594
40.51414344547511 0.32078772749378337
40.647853489849616 0.19165782440837373
40.78156353422412 0.059106492706794904
40.91527357859863 -0.07449999364956536
41.04898362297313 -0.20677652433641283
41.182693667347635 -0.33536173107287903
41.316403711722145 -0.4579601421906351
41.45011375609665 -0.5723831608327956
41.58382380047115 -0.6765881352498797
41.71753384484566 -0.7687148237193412
41.851243889220164 -0.8471186031259109
41.98495393359467 -0.9103998283713283
42.11866397796917 -0.9574288184963669
42.25237402234368 -0.9873660234690891
42.38608406671819 -0.9996770116267203
42.519794111092686 -0.9941420102190187
42.653504155467196 -0.9708598287376662
42.7872141998417 -0.9302460949933898
42.92092424421621 -0.8730258354299066
43.05463428859071 -0.8002205321291542
43.18834433296522 -0.7131298875629182
43.32205437733972 -0.6133086226221518
43.45576442171423 -0.5025387221197415
43.58947446608873 -0.3827976232334399
43.72318451046324 -0.25622291478083603
43.856894554837744 -0.12507417750653246
43.99060459921225 0.008307353400828651
44.12431464358675 0.14154058346663548
44.25802468796126 0.2722470656466432
44.39173473233577 0.39809345978199645
44.52544477671027 0.5168331868172003
44.65915482108477 0.6263465341800797
44.79286486545928 0.7246784963723029
44.92657490983379 0.8100736752494456
45.06028495420829 0.8810076169594631
45.1939949985828 0.9362140261200923
45.3277050429573 0.9747073714143489
45.46141508733181 0.9958004790546412
45.59512513170631 0.9991168000411663
45.72883517608082 0.9845971322225973
45.862545220455324 0.9525006771584079
45.99625526482983 0.9034004129160116
46.12996530920433 0.8381728654064113
46.26367535357884 0.7579824608579643
46.39738539795334 0.6642607387641025
46.53109544232785 0.5586807963903127
46.66480548670235 0.44312742105091174
46.79851553107686 0.31966344334672153
46.93222557545137 0.19049291201767457
47.06593561982587 0.05792174780361352
47.19964566420038 -0.07568342128891739
47.33335570857488 -0.20793750845108872
47.46706575294939 -0.3364795460583672
47.60077579732389 -0.45901483308713537
47.7344858416984 -0.5733558995563347
47.868195886072904 -0.6774615567066178
48.00190593044741 -0.7694733358030016
48.13561597482191 -0.8477486650642566
48.26932601919642 -0.9108901924527049
48.40303606357092 -0.9577707308610963
48.53674610794543 -0.9875533803812425
48.67045615231993 -0.9997064684365149
48.80416619669444 -0.9940130410706898
48.93787624106895 -0.970574735956913
49.07158628544345 -0.9298099679868223
49.20529632981796 -0.8724464598302017
49.33900637419246 -0.7995082508078503
49.47271641856697 -0.7122974159919887
49.60642646294147 -0.6123708218805154
49.74013650731598 -0.5015123335969267
49.873846551690484 -0.38170096976637835
50.00755659606499 -0.2550755735590691
50.14126664043949 -0.12389663058499069
50.274976684814 0.009494084742448896
50.4086867291885 0.14271531399060228
50.54239677356301 0.2733888243508939
50.67610681793751 0.39918186426931856
50.80981686231202 0.5178488071568481
50.94352690668652 0.6272712397660938
51.07723695106103 0.7254957795866694
51.21094699543554 0.810768946152068
51.344657039810045 0.881568463744199
51.47836708418455 0.9366304366872793
51.61207712855905 0.9749719121043695
51.74578717293356 0.9959084273517813
51.879497217308064 0.9990662288788216
52.013207261682574 0.984388944384792
52.14691730605707 0.9521385891635176
52.28062735043158 0.902890888670377
52.41433739480608 0.8375250008122762
52.54804743918059 0.7572078214356439
52.6817574835551 0.6633731531871401
52.8154675279296 0.5576961096194073
52.9491775723041 0.44206321147350003
53.08288761667861 0.3185387089719592
53.21659766105312 0.189327731328594
53.350307705427625 0.056736921320960115
53.48401774980212 -0.07686674233248106
53.61772779417663 -0.20909819969767288
53.75143783855114 -0.33759688713164193
53.885147882925644 -0.46006887748747854
54.018857927300154 -0.5743278307408519
54.15256797167465 -0.6783340239974595
54.28627801604916 -0.7702307641274422
54.41998806042366 -0.8483775329970533
54.55369810479817 -0.9113792735972955
54.68740814917268 -0.9581112942604824
54.82111819354718 -0.9877393463808892
54.95482823792168 -0.9997345172168742
55.08853828229619 -0.9938826719117924
55.2222483266707 -0.9702882761771049
55.355958371045205 -0.9293725313960458
55.4896684154197 -0.8718658554395183
55.62337845979421 -0.7987948434248562
55.75708850416872 -0.711463941190846
55.89079854854322 -0.6114321586495685
56.02450859291773 -0.5004852387226476
56.15821863729223 -0.38060377869531864
56.29192868166674 -0.25392787307792547
56.42563872604124 -0.12271890916211739
56.55934877041575 0.01068080271219329
56.69305881479026 0.14388984350821138
56.82676885916476 0.27453019800260064
56.96047890353926 0.40026970653180793
57.09418894791377 0.5188636981360482
57.22789899228828 0.6281950618764156
57.361609036662784 0.7263120409816867
57.49531908103728 0.8114630751329504
57.62902912541179 0.882128068890125
57.7627391697863 0.9370455280640198
57.8964492141608 0.9752350796021637
58.03015925853531 0.9960149729688098
58.16386930290981 0.9990142505887826
58.29757934728432 0.9841793700914098
58.43128939165882 0.9517751601358294
58.56499943603333 0.9023800927545188
58.698709480407835 0.8368759566120354
58.83241952478234 0.7564321155293802
58.96612956915684 0.6624846332870137
59.09983961353135 0.5567106373653935
59.23354965790586 0.44099837927530894
59.367259702280364 0.3174135259536272
59.50096974665486 0.1881622839822364
59.63467979102937 0.05555201492760219
59.76838983540388 -0.07804995511365173
59.90209987977838 -0.21025859644139103
60.03580992415289 -0.33871375271899207
60.16951996852739 -0.46112227390709076
60.3032300129019 -0.575298953017432
60.4369400572764 -0.6792055358935949
60.57065010165091 -0.770987107625864
60.704360146025415 -0.8490052060385729
60.83807019039992 -0.9118670711162544
60.97178023477442 -0.9584505082148527
61.10549027914893 -0.9879239212061091
61.23920032352344 -0.9997611579282931
61.372910367897944 -0.9937509029259439
61.50662041227244 -0.9700004498017074
61.64033045664695 -0.9289337858371678
61.77404050102146 -0.8712840230755873
61.90775054539596 -0.7980803109849698
62.04146058977047 -0.7106294643333966
62.17517063414497 -0.6104926342513701
62.30888067851948 -0.4994574389435146
62.44259072289398 -0.37950605156557854
62.57630076726849 -0.2527798149538826
62.710010811642995 -0.12154101489667295
62.8437208560175 0.011867505638630283
62.977430900392 0.14506417036517696
63.11114094476651 0.27567118499421756
63.244850989141014 0.40135698503728784
63.378561033515524 0.5198778583253783
63.51227107789002 0.6291179992098727
63.64598112226453 0.7271272794076922
63.77969116663904 0.8121560612144725
63.91340121101354 0.8826864316090758
64.04711125538805 0.937459299665676
64.18082129976256 0.975496873537075
64.31453134413705 0.9961201157556618
64.44824138851156 0.9989608652442569
64.58195143288607 0.9839684096376216
64.71566147726058 0.9514103905872122
64.84937152163508 0.9018680258878667
64.98308156600959 0.8362257337198303
65.11679161038408 0.7556553442317056
65.2505016547586 0.6615951803151264
65.3842116991331 0.5557243810162585
65.5179217435076 0.43993292595611927
65.65163178788211 0.3162878958764883
65.78534183225662 0.18699657162003278
65.91905187663113 0.0543670302923914
66.05276192100563 -0.07923305796590638
66.18647196538012 -0.21141869704787683
66.32018200975463 -0.33983014124736294
66.45389205412914 -0.462175020862336
66.58760209850365 -0.5762692650183162
66.72131214287816 -0.6800760911675494
