0.0 0.0
0.07701737842090955 0.07694126063643067
0.1540347568418191 0.15342635615142022
0.23105213526272866 0.22900182591025287
0.3080695136836382 0.303219602217451
0.3850868921045477 0.375639666795926
0.46210427052545733 0.44583265954317963
0.5391216489463668 0.5133824240979042
0.6161390273672764 0.5778884751249685
0.6931564057881859 0.638968372690882
0.7701737842090954 0.6962599896526751
0.847191162630005 0.7494236586174202
0.9242085410509147 0.7981441857436212
1.001225919471824 0.842132719445154
1.0782432978927337 0.8811284629186913
1.155260676313643 0.9149002203414696
1.2322780547345529 0.9432477675723895
1.3092954331554625 0.9660030392299093
1.3863128115763719 0.9830311251088514
1.4633301899972815 0.9942310700286194
1.5403475684181909 0.9995364723707293
1.6173649468391005 0.9989158777570794
1.69438232526001 0.9923729655349399
1.7713997036809197 0.9799465269630413
1.8484170821018293 0.9617102352280891
1.9254344605227387 0.93777220865522
2.002451838943648 0.9082743697020121
2.079469217364558 0.8733916035364107
2.1564865957854673 0.8333307211871477
2.233503974206377 0.7883292334138688
2.310521352627286 0.7386539425663847
2.387538731048196 0.6845993607815456
2.4645561094691057 0.6264859638958585
2.541573487890015 0.5646582914259426
2.618590866310925 0.4994829038815596
2.695608244731834 0.4313462095217935
2.7726256231527437 0.36065217343897576
2.849643001573653 0.2878199225526321
2.926660379994563 0.21328126071281034
3.0036777584154724 0.13747810864512663
3.0806951368363817 0.06085988391542961
3.1577125152572916 -0.01611916355238699
3.234729893678201 -0.09300264460839
3.3117472720991104 -0.16933473669154267
3.38876465052002 -0.24466288628547536
3.4657820289409296 -0.3185404919929236
3.5427994073618394 -0.3905295523215737
3.619816785782749 -0.4602032624832577
3.6968341642036586 -0.5271485448107499
3.773851542624568 -0.5909684977899565
3.8508689210454774 -0.6512847491878221
3.9278862994663872 -0.7077396993248489
4.004903677887296 -0.75999864119244
4.0819210563082065 -0.8077517448454384
4.158938434729116 -0.8507158943048886
4.235955813150025 -0.8886363660805118
4.312973191570935 -0.9212883393613472
4.389990569991844 -0.9484782289210322
4.467007948412754 -0.9700448328352628
4.544025326833664 -0.9858602882069113
4.621042705254572 -0.995830829232551
4.6980600836754824 -0.9998973431160025
4.775077462096392 -0.9980357205330338
4.852094840517302 -0.9902569985693986
4.9291122189382115 -0.9766072952847682
5.00612959735912 -0.9571675362905111
5.08314697578003 -0.9320529749623714
5.16016435420094 -0.9014125091325847
5.23718173262185 -0.8654277983125835
5.314199111042758 -0.8243121866800632
5.391216489463668 -0.7783094382157312
5.468233867884578 -0.7276922914888058
5.5452512463054875 -0.6727608426595628
5.622268624726397 -0.6138407662856951
5.699286003147306 -0.5512813844808784
5.776303381568216 -0.485453595873004
5.853320759989126 -0.41674767664075774
5.930338138410035 -0.34557096666564363
6.007355516830945 -0.2723454545176559
6.084372895251854 -0.19750527559261824
6.1613902736727635 -0.12149413823408559
6.238407652093673 -0.04476269309967938
6.315425030514583 0.0322341386317882
6.3924424089354925 0.10903986237201727
6.469459787356402 0.18519911656327587
6.546477165777311 0.2602603724009973
6.623494544198221 0.3337786108329655
6.700511922619131 0.40531796096383776
6.77752930104004 0.47445428422257363
6.85454667946095 0.5407776889719113
6.931564057881859 0.6038949606513976
7.0085814363027685 0.6634318930462844
7.085598814723679 0.7190355068607888
7.162616193144588 0.7703761424423583
7.239633571565498 0.8171494142497221
7.316650949986407 0.8590780154771726
7.393668328407317 0.89591336213593
7.470685706828227 0.9274370668452445
7.547703085249136 0.9534622335955106
7.624720463670045 0.9738345658070654
7.701737842090955 0.9884332811152783
7.778755220511865 0.9971718274584028
7.8557725989327745 0.9999983962226878
7.932789977353684 0.9968962294024423
8.009807355774592 0.9878837189539794
8.086824734195503 0.973014297754395
8.163842112616413 0.9523761228116606
8.240859491037321 0.9260915526041955
8.317876869458232 0.8943164216486355
8.39489424787914 0.8572391165967115
8.47191162630005 0.815079459338807
8.54892900472096 0.7680874037360098
8.62594638314187 0.7165415537073823
8.70296376156278 0.6607475114583394
8.779981139983688 0.601036065643082
8.856998518404598 0.5377612302029754
8.934015896825509 0.4712981455081416
9.011033275246417 0.4020408542458269
9.088050653667327 0.3303999652417484
9.165068032088236 0.2568002190650445
9.242085410509144 0.1816779698496987
9.319102788930056 0.10547859826211177
9.396120167350965 0.028653870952674052
9.473137545771875 -0.04834073785356919
9.550154924192784 -0.12504874674747332
9.627172302613692 -0.20101537349772292
9.704189681034604 -0.27579023133875036
9.781207059455513 -0.34892999919905027
9.858224437876423 -0.42000105003882876
9.935241816297331 -0.48858202171416787
10.01225919471824 -0.5542663151257815
10.089276573139152 -0.6166645048414267
10.16629395156006 -0.675406647900014
10.243311329980969 -0.7301444771091405
10.32032870840188 -0.7805534658324869
10.397346086822788 -0.826334752025518
10.4743634652437 -0.8672169101123727
10.551380843664608 -0.9029575601989018
10.628398222085517 -0.9333448050812893
10.705415600506427 -0.9581984865305518
10.782432978927336 -0.977371253404755
10.859450357348246 -0.9907494352563766
10.936467735769156 -0.9982537162554113
11.013485114190065 -0.9998396054327101
11.090502492610975 -0.9954977004555953
11.167519871031883 -0.985253743371894
11.244537249452794 -0.9691684679918979
11.321554627873704 -0.9473372398130846
11.398572006294613 -0.919889490622392
11.475589384715523 -0.8869879511281451
11.552606763136431 -0.8488276861711712
11.629624141557342 -0.8056349382350767
11.706641519978252 -0.7576657861122381
11.78365889839916 -0.7052046266779164
11.86067627682007 -0.6485624887736741
11.93769365524098 -0.588075189196666
12.01471103366189 -0.5241013417274403
12.0917284120828 -0.4570202310002566
12.168745790503708 -0.38722956382116774
12.245763168924618 -0.31514311126574
12.322780547345527 -0.24118825553583048
12.399797925766437 -0.1658034561194419
12.476815304187346 -0.08943565027619815
12.553832682608256 -0.012537603260245795
12.630850061029166 0.0644347760095127
12.707867439450075 0.1410251379171898
12.784884817870985 0.21677939773046412
12.861902196291894 0.29124842775319665
12.938919574712804 0.36399072008906924
13.015936953133714 0.43457500422934625
13.092954331554623 0.5025828039457924
13.169971709975533 0.5676109183295618
13.246989088396441 0.6292738122665972
13.324006466817352 0.6872059021770568
13.401023845238262 0.7410637234671603
13.47804122365917 0.7905279668432178
13.55505860208008 0.8353053714150406
13.63207598050099 0.8751304633649981
13.7090933589219 0.9097671298746187
13.78611073734281 0.9390100189772975
13.863128115763718 0.9626857570377639
13.940145494184629 0.9806539766401717
14.017162872605537 0.992808148790724
14.094180251026447 0.999076214500925
14.171197629447358 0.9994210120069531
14.248215007868266 0.9938404970922867
14.325232386289176 0.9823677552073415
14.402249764710085 0.965070805314271
14.479267143130995 0.9420521966198754
14.556284521551905 0.9134484005874974
14.633301899972814 0.8794290018325039
14.710319278393724 0.840195692698326
14.787336656814634 0.7959810774739723
14.864354035235543 0.7470472933424909
14.941371413656453 0.6936844562364269
15.018388792077362 0.6362089408144195
15.095406170498272 0.5749615047564869
15.172423548919182 0.510305268498613
15.24944092734009 0.44262356238423956
15.326458305761001 0.3723176539963694
15.40347568418191 0.2998043691443634
15.48049306260282 0.22551362060995594
15.55751044102373 0.1498858593039711
15.634527819444639 0.07336946294514192
15.711545197865549 -0.0035819222570950236
15.788562576286456 -0.08051207115532347
15.865579954707368 -0.15696488450677445
15.942597333128278 -0.2324870930694438
16.019614711549185 -0.3066309449199076
16.096632089970097 -0.378956860060346
16.173649468391005 -0.44903603657627095
16.250666846811914 -0.5164529928938013
16.327684225232826 -0.580808031063993
16.404701603653734 -0.6417196064700843
16.481718982074643 -0.6988265899082872
16.55873636049555 -0.7517904086307713
16.635753738916463 -0.8002970536571855
16.712771117337372 -0.8440589414538514
16.78978849575828 -0.8828166189432398
16.866805874179192 -0.9163403017351243
16.9438232526001 -0.9444312364596525
17.02084063102101 -0.9669228791254231
17.09785800944192 -0.9836818825163499
17.17487538786283 -0.9946088867733156
17.25189276628374 -0.999639108473452
17.328910144704647 -0.9987427247145385
17.40592752312556 -0.9919250499273864
17.482944901546468 -0.9792265043679358
17.559962279967376 -0.9607223744758594
17.636979658388288 -0.9365223665204522
17.713997036809197 -0.9067699561801307
17.791014415230105 -0.8716415379117015
17.868031793651017 -0.8313453791525935
17.945049172071926 -0.786120385556317
18.022066550492834 -0.7362346845817314
18.099083928913743 -0.6819840358336962
18.176101307334655 -0.6236900775797614
18.253118685755563 -0.561698419838877
18.33013606417647 -0.49637659534767364
18.407153442597384 -0.4281118805525606
18.48417082101829 -0.3573089995464084
18.5611881994392 -0.2843877245625336
18.638205577860113 -0.20978038725217268
18.71522295628102 -0.13392931550030357
18.79224033470193 -0.05728421097636428
18.86925771312284 0.01970051703230276
18.94627509154375 0.09656844569729015
19.02329246996466 0.17286384466371552
19.100309848385567 0.2481343779593481
19.17732722680648 0.3219337857792735
19.254344605227384 0.39382453024650904
19.331361983648296 0.4633803894625817
19.40837936206921 0.5301889844684737
19.485396740490113 0.5938542241343736
19.562414118911025 0.6539986534830344
19.639431497331934 0.7102656915240803
19.716448875752846 0.7623217453318377
19.793466254173754 0.8098581878327323
19.870483632594663 0.8525931875765549
19.947501011015575 0.8902733796432799
20.02451838943648 0.9226753677790868
20.101535767857392 0.9496070488558206
20.178553146278304 0.9709087518014504
20.25557052469921 0.9864541842491652
20.33258790312012 0.9961511812926264
20.40960528154103 0.9999422519081946
20.486622659961938 0.9978049198045617
20.56364003838285 0.9897518566789482
20.64065741680376 0.9758308070898439
20.717674795224667 0.9561243053916885
20.794692173645576 0.930749186409723
20.871709552066488 0.8998558927560928
20.9487269304874 0.8636275828939518
21.025744308908305 0.8222790452376239
21.102761687329217 0.7760554247268306
21.179779065750125 0.7252307694248586
21.256796444171034 0.6701064057574263
21.333813822591946 0.6110091520251245
21.410831201012854 0.5482893807810288
21.487848579433763 0.48231894156112914
21.56486595785467 0.41348895628322785
21.641883336275583 0.34220750038478354
21.718900714696492 0.2688971834476767
21.7959180931174 0.19399264365370528
21.872935471538312 0.11793797092560634
21.94995284995922 0.041184074031117096
22.02697022838013 -0.035813992740190474
22.10398760680104 -0.1125997274777854
22.18100498522195 -0.18871788713362905
22.25802236364286 -0.26371718654218346
22.335039742063767 -0.337152973975108
22.41205712048468 -0.40858986736801844
22.489074498905588 -0.4776043355897517
22.566091877326496 -0.5437872094505012
22.643109255747408 -0.6067461075616328
22.720126634168317 -0.6661077626649088
22.797144012589225 -0.7215202346389311
22.874161391010137 -0.7726549970623996
22.951178769431046 -0.8192088849635141
23.028196147851954 -0.8609058922078269
23.105213526272863 -0.8974988078682491
23.182230904693775 -0.9287706818756247
23.259248283114683 -0.9545361112603833
23.33626566153559 -0.9746423393594946
23.413283039956504 -0.9889701614717795
23.490300418377412 -0.9974346315921963
23.56731779679832 -0.9999855660350552
23.644335175219233 -0.9966078409602954
23.72135255364014 -0.9873214820388795
23.79836993206105 -0.9721815457256938
23.87538731048196 -0.9512777928438624
23.95240468890287 -0.9247341564157053
24.02942206732378 -0.8927080068954469
24.106439445744687 -0.8553892191598992
24.1834568241656 -0.8129990467887209
24.260474202586508 -0.7657888103083494
24.337491581007416 -0.7140384071766516
24.41450895942833 -0.6580546523422479
24.491526337849237 -0.5981694592169013
24.568543716270145 -0.5347378718454897
24.645561094691054 -0.4681359599403771
24.722578473111966 -0.3987585892599466
24.799595851532874 -0.3270170805501858
24.876613229953787 -0.2533367709288095
24.95363060837469 -0.17815449216994045
25.0306479867956 -0.10191598083983423
25.107665365216512 -0.025073235638430464
25.184682743637424 0.051918162385728224
25.261700122058333 0.1286017508594057
25.338717500479238 0.20452289233373142
25.41573487890015 0.27923146971375123
25.49275225732106 0.3522845548879175
25.56976963574197 0.423249034735978
25.646787014162882 0.4917041789462688
25.723804392583787 0.5572441344184588
25.800821771004696 0.6194803314631616
25.877839149425608 0.6780437875325461
25.95485652784652 0.7325872948238137
26.03187390626743 0.7827874787857584
26.108891284688333 0.828346715324053
26.185908663109245 0.8689948953386402
26.262926041530154 0.9044910261317163
26.339943419951066 0.9346246601920275
26.416960798371978 0.9592171428845054
26.493978176792883 0.9781226716480628
26.57099555521379 0.9912291604218165
26.648012933634703 0.9984589041747632
26.725030312055615 0.9997690395991039
26.802047690476524 0.9951517992358705
26.87906506889743 0.9846345575262104
26.95608244731834 0.9682796685152989
27.03309982573925 0.9461840961711064
27.11011720416016 0.9184788395097419
27.187134582581074 0.885328155935685
27.26415196100198 0.8469285874015064
27.341169339422887 0.8035077951607182
27.4181867178438 0.7553232100222479
27.495204096264708 0.7026605061087937
27.57222147468562 0.6458319071677576
27.649238853106525 0.5851743354762569
27.726256231527437 0.5210474143147943
27.803273609948345 0.4538313358525386
27.880290988369257 0.3839246070848319
27.95730836679017 0.31174168718682055
28.034325745211074 0.2377105302906494
28.111343123631983 0.1622700482544794
28.188360502052895 0.08586750846598971
28.265377880473803 0.008955882108044768
28.342395258894715 -0.06800884139200454
28.41941263731562 -0.14457035780736896
28.496430015736532 -0.22027475342330866
28.57344739415744 -0.29467319617579285
28.650464772578353 -0.3673245966624389
28.72748215099926 -0.43779822324911133
28.80449952942017 -0.5056762557680078
28.88151690784108 -0.5705562626669148
28.95853428626199 -0.632053586923305
29.0355516646829 -0.6898036265777601
29.11256904310381 -0.7434639963660681
29.189586421524716 -0.7927165576341554
29.266603799945628 -0.8372693045010994
29.343621178366536 -0.8768580950875301
29.42063855678745 -0.9112482175455273
29.497655935208357 -0.9402357816053203
29.57467331362927 -0.9636489273887365
29.651690692050174 -0.9813488443226
29.728708070471086 -0.9932305941112473
29.805725448891994 -0.9992237328889215
29.882742827312907 -0.9992927288635041
29.95976020573382 -0.9934371729754486
30.036777584154724 -0.9816917813229944
30.113794962575632 -0.964126189339264
30.190812340996544 -0.9408445389415342
30.267829719417453 -0.9119848611003577
30.344847097838365 -0.877718257489116
30.42186447625927 -0.8382478860658255
30.49888185468018 -0.7938077566013699
30.57589923310109 -0.7446613432952464
30.652916611522002 -0.6911000227041735
30.72993398994291 -0.6334413462447805
30.80695136836382 -0.572027157512188
30.883968746784728 -0.5072215655764798
30.96098612520564 -0.43940878627283503
31.03800350362655 -0.3689908642837936
31.11502088204746 -0.2963852895187949
31.192038260468365 -0.2220225219229556
31.269055638889277 -0.14634343938974154
31.346073017310186 -0.06979672390836841
31.423090395731098 0.007163798557381699
31.500107774152006 0.08408184868758455
31.57712515257291 0.16050139896997398
31.654142530993823 0.2359693773708208
31.731159909414735 0.3100383534835015
31.808177287835644 0.3822691912293474
31.885194666256556 0.452233652383522
31.96221204467746 0.5195169354902694
32.03922942309837 0.5837201351150447
32.11624680151928 0.6444626068531225
32.19326417994019 0.7013842240732507
32.270281558361106 0.754147513016655
32.34729893678201 0.8024396535929211
32.424316315202915 0.8459743340105866
32.50133369362383 0.8844934482467568
32.57835107204474 0.917768626291916
32.65536845046565 0.9456025880975133
32.73238582888656 0.9678303131990753
32.80940320730747 0.9843200190804835
32.88642058572838 0.9949739424789077
32.963437964149286 0.9997289189982788
33.0404553425702 0.9985567575948916
33.1174727209911 0.9914644077149148
33.194490099412015 0.9784939180928953
33.27150747783293 0.9597221874555326
33.34852485625384 0.9352605086087287
33.425542234674744 0.905253908610914
33.50255961309565 0.8698802889445787
33.57957699151656 0.8293493707837345
33.65659436993747 0.7839014516105417
33.733611748358385 0.7338059805527818
33.8106291267793 0.6793599608886659
33.8876465052002 0.6208861891901122
33.96466388362111 0.5587313415441378
34.04168126204202 0.4932639181987188
34.11869864046293 0.42487205881876566
34.19571601888384 0.353961241304973
34.27273339730475 0.28095187781871717
34.34975077572566 0.20627682226549093
34.426768154146565 0.13037880401448257
34.50378553256748 0.0537078030689459
34.58080291098839 -0.023281617750487166
34.657820289409294 -0.10013300779291978
34.734837667830206 -0.1763907347567681
34.81185504625112 -0.25160268601749114
34.88887242467202 -0.32532294908811626
34.965889803092935 -0.39711445532072864
35.04290718151384 -0.4665515711750252
35.11992455993475 -0.5332226216911313
35.196941938355664 -0.5967323312054534
35.273959316776576 -0.6567041668393558
35.35097669519749 -0.7127825708666108
35.42799407361839 -0.7646350687245184
35.5050114520393 -0.8119542401708536
35.58202883046021 -0.8544595419001066
35.65904620888112 -0.8918989708132227
35.736063587302034 -0.9240505580797514
35.81308096572294 -0.9507236851344548
35.89009834414385 -0.9717602138061994
35.967115722564756 -0.9870354238788465
36.04413310098567 -0.9964587525256376
36.12115047940658 -0.9999743312330975
36.198167857827485 -0.9975613170312159
36.2751852362484 -0.9892340160661011
36.35220261466931 -0.9750417987824869
36.429219993090214 -0.9550688072189535
36.506237371511126 -0.9294334561512204
36.58325474993203 -0.8982877310411403
36.66027212835294 -0.8618162869536192
36.737289506773855 -0.8202353537838253
36.81430688519477 -0.7737914542852478
36.89132426361567 -0.7227599424991399
36.96834164203658 -0.6674433712505835
37.04535902045749 -0.6081696983899199
37.1223763988784 -0.5452903424142658
37.19939377729931 -0.4791780989968076
37.276411155720226 -0.4102249307762884
37.35342853414113 -0.33883964351044354
37.43044591256204 -0.2654454623708436
37.50746329098295 -0.19047752274878227
37.58448066940386 -0.11438029044840609
37.66149804782477 -0.03760492656230741
37.73851542624568 0.03939338734760997
37.81553280466659 0.1161581479056039
37.8925501830875 0.19223423641420007
37.969567561508406 0.26717061713695794
38.04658493992932 0.3405230113744002
38.12360231835022 0.41185653147912443
38.200619696771135 0.48074825919386244
38.27763707519205 0.546789753025976
38.35465445361296 0.6095894697929791
38.431671832033864 0.6687750859822476
