0.0 0.0
0.11928213374769397 0.11899947268969341
0.23856426749538795 0.23630780041131352
0.3578464012430819 0.35025787167557815
0.4771285349907759 0.4592303004022426
0.5964106687384698 0.5616764396071274
0.7156928024861638 0.656140389790017
0.8349749362338579 0.7412796892541884
0.9542570699815518 0.8158843923198857
1.0735392037292457 0.8788942643042785
1.1928213374769396 0.9294138489037644
1.3121034712246338 0.9667251938505435
1.4313856049723277 0.9902980539945102
1.5506677387200216 0.9997974268107417
1.6699498724677158 0.9950883132427302
1.7892320062154095 0.9762376362232805
1.9085141399631036 0.9435132896082702
2.0277962737107975 0.8973803310392213
2.1470784074584914 0.8384943728393064
2.2663605412061854 0.7676922648671769
2.3856426749538793 0.6859802017379826
2.504924808701573 0.5945194234242077
2.6242069424492676 0.4946097124503069
2.7434890761969615 0.38767092220853705
2.8627712099446554 0.275222798903831
2.982053343692349 0.15886338388543056
3.1013354774400432 0.04024630329762366
3.220617611187737 -0.07894273220533449
3.3398997449354315 -0.1970098837089989
3.4591818786831254 -0.3122772558021779
3.578464012430819 -0.42310674176143476
3.697746146178513 -0.5279233032840134
3.817028279926207 -0.6252373539324017
3.936310413673901 -0.7136659281912305
4.055592547421595 -0.7919523352953097
4.174874681169289 -0.8589840185210658
4.294156814916983 -0.9138083661364761
4.413438948664677 -0.9556462493143105
4.532721082412371 -0.9839030946164539
4.652003216160065 -0.9981773336941878
4.7712853499077585 -0.9982661101226579
4.890567483655453 -0.9841681622676156
5.009849617403146 -0.956083841214964
5.12913175115084 -0.9144122635083011
5.248413884898535 -0.8597456391579519
5.367696018646228 -0.7928608555282236
5.486978152393923 -0.7147084367073261
5.606260286141617 -0.6263990352624061
5.725542419889311 -0.5291876483502705
5.844824553637005 -0.4244557824944361
5.964106687384698 -0.31369182049136274
6.0833888211323925 -0.19846986945893239
6.2026709548800865 -0.08042739062530108
6.321953088627781 0.038758071230667004
6.441235222375474 0.15739272798092593
6.560517356123168 0.2737906191899606
6.679799489870863 0.38629757191428404
6.799081623618556 0.4933147087582843
6.918363757366251 0.5933211701048529
7.037645891113944 0.6848957276068487
7.156928024861638 0.7667369817822204
7.276210158609333 0.8376818566773421
7.395492292357026 0.8967221287641777
7.5147744261047205 0.9430187551730711
7.634056559852414 0.975913797637401
7.753338693600107 0.9949397726945883
7.872620827347802 0.9998262952643182
7.991902961095496 0.9905039211896677
8.11118509484319 0.9671051341333835
8.230467228590884 0.9299624628041636
8.349749362338578 0.8796037552697303
8.469031496086272 0.8167446775151558
8.588313629833966 0.7422785428521682
8.70759576358166 0.6572636167174187
8.826877897329354 0.5629080772758542
8.946160031077047 0.46055284555955833
9.065442164824741 0.35165252914922457
9.184724298572435 0.23775475021456766
9.30400643232013 0.12047815169043785
9.423288566067823 0.001489394150903413
9.542570699815517 -0.11752052971287472
9.661852833563211 -0.23486032640737128
9.781134967310907 -0.34886243722623894
9.9004171010586 -0.45790673653611297
10.019699234806293 -0.5604435559737072
10.138981368553987 -0.6550157073489031
10.25826350230168 -0.7402791912783147
10.377545636049376 -0.815022297251396
10.49682776979707 -0.8781828236910494
10.616109903544762 -0.9288631732881862
10.735392037292456 -0.9663431090849111
10.85467417104015 -0.9900899900249752
10.973956304787846 -0.9997663405103655
11.09323843853554 -0.9952346463902808
11.212520572283234 -0.9765593092249535
11.331802706030926 -0.9440057310515559
11.451084839778622 -0.898036542658916
11.570366973526315 -0.8393050289724175
11.68964910727401 -0.7686458449833242
11.808931241021703 -0.6870631541618636
11.928213374769395 -0.5957163579234058
12.047495508517091 -0.4959036189515002
12.166777642264785 -0.3890434125338701
12.286059776012479 -0.2766543680920216
12.405341909760173 -0.16033368738389878
12.524624043507867 -0.041734446086360864
12.643906177255563 0.0774578986670094
12.763188311003255 0.19554946093279468
12.882470444750949 0.3108619983895535
13.001752578498643 0.4217567624523699
13.121034712246336 0.5266577871275161
13.240316845994032 0.6240742856407722
13.359598979741726 0.7126218365527426
13.478881113489418 0.791042058277566
13.598163247237112 0.8582204924032235
13.717445380984806 0.9132024416670551
13.836727514732502 0.9552065375072458
13.956009648480196 0.9836358443768289
14.075291782227888 0.9980863430127644
14.194573915975582 0.9983526721012423
14.313856049723276 0.9844310467423156
14.433138183470971 0.9565193122384967
14.552420317218665 0.9150141324429062
14.67170245096636 0.8605053526243821
14.790984584714051 0.7937676169609407
14.910266718461745 0.7157493597884372
15.029548852209441 0.6275593270538318
15.148830985957135 0.5304508195215953
15.268113119704829 0.42580388165880173
15.387395253452521 0.31510568931918453
15.506677387200215 0.19992941494391692
15.62595952094791 0.08191187063349488
15.745241654695604 -0.03726975318682817
15.864523788443298 -0.155921722932737
15.983805922190992 -0.27235783212740955
16.103088055938684 -0.3849233646976051
16.22237018968638 -0.4920186107481346
16.341652323434076 -0.5921216006234212
16.460934457181768 -0.6838097341741483
16.58021659092946 -0.7657799978475555
16.699498724677156 -0.8368674822889254
16.81878085842485 -0.8960619372938742
16.938062992172544 -0.9425221288429818
17.05734512592024 -0.9755877941856852
17.17662725966793 -0.9947890250753625
17.295909393415624 -0.9998529458070563
17.41519152716332 -0.9907075911537735
17.534473660911015 -0.9674829290906112
17.653755794658707 -0.9305090137723965
17.7730379284064 -0.8803112950135445
17.892320062154095 -0.8176031509288385
18.01160219590179 -0.7432757498565008
18.130884329649483 -0.658385385639459
18.25016646339718 -0.5641384662477497
18.36944859714487 -0.4618743690742622
18.488730730892563 -0.35304640655341524
18.60801286464026 -0.23920117260737084
18.727294998387954 -0.12195656343495849
18.846577132135646 -0.00297878499788949
18.965859265883342 0.11604132604071724
19.085141399631034 0.23341233141366732
19.20442353337873 0.34746622889669093
19.323705667126422 0.45658215689722187
19.442987800874118 0.5592094291104966
19.562269934621813 0.6538895718889592
19.681552068369506 0.7392770511439498
19.8008342021172 0.8141583942220686
19.92011633586489 0.8774694350082263
20.039398469612586 0.9283104371789914
20.15868060336028 0.9659588806840644
20.277962737107973 0.9898797297426105
20.39724487085567 0.9997330364321484
20.51652700460336 0.9953787718126303
20.635809138351057 0.9768788159288542
20.755091272098753 0.9444960784105455
20.874373405846445 0.8986907621675906
20.99365553959414 0.8401138232783995
21.11293767334183 0.7695977200153429
21.232219807089525 0.6881445824761852
21.35150194083722 0.5969119709472885
21.470784074584913 0.49719642539159836
21.59006620833261 0.3904150398456927
21.7093483420803 0.27808532357888993
21.828630475827996 0.1618036352147637
21.947912609575692 0.04322249629573495
22.067194743323384 -0.07597289330412063
22.18647687707108 -0.19408860436997258
22.30575901081877 -0.3094460513929496
22.425041144566467 -0.42040584756189675
22.544323278314163 -0.525391102688071
22.66360541206185 -0.6229098329675428
22.782887545809547 -0.7115761641079636
22.902169679557243 -0.7901300264942577
23.021451813304935 -0.8574550624981524
23.14073394705263 -0.9125944914441589
23.260016080800323 -0.9547647067691792
23.37929821454802 -0.9833664121415803
23.498580348295715 -0.9979931382802323
23.617862482043407 -0.9984370194379208
23.737144615791102 -0.9846917474573973
23.85642674953879 -0.956952661418907
23.975708883286487 -0.91561397160517
24.094991017034182 -0.8612631572350875
24.214273150781874 -0.7946726175819957
24.33355528452957 -0.7167886951254853
24.452837418277262 -0.6287182267328096
24.572119552024958 -0.5317128139959012
24.691401685772654 -0.427151036264048
24.810683819520346 -0.31651885914926187
24.92996595326804 -0.20138851692624224
25.049248087015734 -0.08339616893690091
25.16853022076343 0.03578135246764046
25.287812354511125 0.15445037200399037
25.407094488258814 0.27092444089452083
25.52637662200651 0.38354830360690495
25.6456587557542 0.4907214212949842
25.764940889501897 0.5909207176409098
25.884223023249593 0.6827222238489362
26.003505156997285 0.7648213151860584
26.12278729074498 0.8360512514805815
26.242069424492673 0.8953997580928078
26.36135155824037 0.9420234117196674
26.480633691988064 0.975259626591305
26.599915825735756 0.9946360707194555
26.719197959483452 0.9998773783798371
26.83848009323114 0.9909090634350276
26.957762226978836 0.9678585778841665
27.077044360726532 0.93105350059605
27.196326494474224 0.8810168819661855
27.31560862822192 0.8184598106565845
27.434890761969612 0.7442713080550888
27.554172895717308 0.6595056940677207
27.673455029465003 0.5653676037934477
27.792737163212696 0.463194868014822
27.91201929696039 0.35443950079610886
28.03130143070808 0.24064706438113143
28.150583564455776 0.12343470464370546
28.26986569820347 0.004468169237046448
28.389147831951163 -0.11456186495452747
28.50842996569886 -0.231963818642285
28.62771209944655 -0.34606924978413756
28.746994233194247 -0.4552565644238854
28.866276366941943 -0.5579740617551529
28.985558500689635 -0.6527619859082805
29.10484063443733 -0.7382732710741363
29.224122768185023 -0.813292685148294
29.34340490193272 -0.8767540998383231
29.462687035680414 -0.927755641802314
29.581969169428103 -0.9655725095003344
29.7012513031758 -0.9896672736138358
29.82053343692349 -0.9996975146499685
29.939815570671186 -0.9955206891900655
30.059097704418882 -0.9771961556262215
30.178379838166574 -0.9449843305975064
30.29766197191427 -0.8993429881139915
30.416944105661962 -0.8409207539631094
30.536226239409658 -0.7705478878516833
30.655508373157353 -0.6892244842820121
30.774790506905042 -0.5981062598436369
30.894072640652738 -0.4984881289027687
31.01335477440043 -0.3917858011013306
31.132636908148125 -0.2795156621901475
31.25191904189582 -0.16327322411724307
31.371201175643513 -0.044710450624814733
31.49048330939121 0.07448771941085738
31.6097654431389 0.19262731726113985
31.729047576886597 0.30802941795335775
31.848329710634292 0.41905400008674343
31.967611844381985 0.5241232527755522
32.08689397812968 0.6217439984958255
32.20617611187737 0.7105289131765075
32.325458245625065 0.789216241968538
32.44474037937276 0.8566877305038038
32.564022513120456 0.9119845168164005
32.68330464686815 0.9543207580802253
32.80258678061584 0.9830947985083887
32.921868914363536 0.9978977197033465
33.04115104811123 0.9985191519455863
33.16043318185892 0.9849502638345515
33.279715315606616 0.9573838877948949
33.39899744935431 0.9162117796644688
33.51827958310201 0.8620190513090314
33.6375617168497 0.7955758553838258
33.75684385059739 0.7178264404129208
33.87612598434509 0.6298757317285524
33.99540811809278 0.5329736289737084
34.11469025184048 0.4284972433217878
34.233972385588174 0.31793132684676384
34.35325451933586 0.20284717216919765
34.47253665308356 0.08488028224290328
34.59181878683125 -0.03429287237480864
34.71110092057894 -0.15297867845856677
34.83038305432664 -0.2694904486709868
34.949665188074334 -0.3821723916924731
35.06894732182203 -0.48942314327639214
35.18822945556972 -0.5897185238212354
35.307511589317414 -0.6816331990436293
35.42679372306511 -0.7638609359243694
35.5460758568128 -0.8352331660629472
35.665357990560494 -0.8947355926298901
35.78464012430819 -0.9415226049094285
35.903922258055886 -0.9749292955822326
36.02320439180358 -0.9944809099661653
36.14248652555127 -0.9998995929284623
36.261768659298966 -0.991108337586504
36.38105079304666 -0.9682320796807475
36.50033292679436 -0.9315959220672919
36.61961506054205 -0.8817205145624527
36.73889719428974 -0.8193146547980716
36.85817932803744 -0.7452652152394845
36.977461461785126 -0.6606245395170345
37.09674359553282 -0.5665954871863632
37.21602572928052 -0.4645143394519847
37.33530786302821 -0.3558318087870231
37.45458999677591 -0.2420924223284246
37.5738721305236 -0.12491257203772023
37.69315426427129 -0.005957543564484266
37.81243639801899 0.11308214973619533
37.931718531766684 0.2305147913064529
38.05100066551438 0.34467150298750054
38.17028279926207 0.45392996205665387
38.289564933009764 0.5567374566480837
38.40884706675746 0.6516329519081931
38.528129200505155 0.7372678532955553
38.647411334252844 0.8124251719504733
38.76669346800054 0.8760368197681575
38.885975601748235 0.9271987883888497
39.00525773549593 0.9651839963908095
39.12453986924363 0.989452622109942
39.243822002991315 0.9996597752426238
39.36310413673901 0.9956603982077716
39.48238627048671 0.9775113276131026
39.6016684042344 0.9454704865293466
39.7209505379821 0.8999932190512875
39.84023267172978 0.841725819236536
39.959514805477475 0.7714963463846045
40.07879693922517 0.690302857183815
40.19807907297287 0.5992992219631587
40.31736120672056 0.4997787266196335
40.43664334046825 0.3931556932600276
40.55592547421595 0.28094538075288644
40.67520760796364 0.16474245083135874
40.79448974171134 0.04619830577286972
40.913771875459034 -0.0730023802817717
41.03305400920672 -0.1911656028478676
41.15233614295442 -0.3066121012132853
41.271618276702114 -0.41770122302570467
41.39090041044981 -0.5228542402024337
41.510182544197505 -0.6205767848117768
41.629464677945194 -0.709480086081489
41.74874681169289 -0.788300706727456
41.868028945440585 -0.8559184981223463
41.98731107918828 -0.9113725191368839
42.10659321293598 -0.9538746924251907
42.22587534668366 -0.982821004079773
42.345157480431354 -0.9978000874937738
42.46443961417905 -0.9985990694420446
42.583721747926745 -0.9852065953003095
42.70300388167444 -0.9578129904098743
42.82228601542213 -0.9168075552946914
42.941568149169825 -0.8627730331694217
43.06085028291752 -0.796477328362792
43.18013241666522 -0.7188625933487125
43.29941455041291 -0.6310318394733737
43.4186966841606 -0.5342332616581633
43.5379788179083 -0.4298424998457416
43.65726095165599 -0.3193430892784322
43.77654308540369 -0.20430537743704508
43.895825219151384 -0.08636420725930091
44.01510735289907 0.032804316210236564
44.13438948664677 0.15150664556113413
44.253671620394464 0.26805585863782344
44.37295375414216 0.3807956320064896
44.492235887889855 0.48812377957231423
44.61151802163754 0.5885150218312228
44.73080015538524 0.6805426621740123
44.850082289132935 0.7628988621928943
44.96936442288063 0.8344132278507899
45.088646556628326 0.8940694423784418
45.20792869037601 0.9410197095232027
45.3272108241237 0.97459680189124
45.4464929578714 0.9943235431596837
45.565775091619095 0.999919589403653
45.68505722536679 0.991305413166154
45.804339359114486 0.9686034336518174
45.923621492862175 0.9321362769828734
46.04290362660987 0.882422191241487
46.162185760357566 0.8201676814569986
46.28146789410526 0.7462574692049101
46.40075002785296 0.6617419195054537
46.520032161600646 0.5678221137026754
46.63931429534834 0.4658327804587656
46.75859642909604 0.3572233274375965
46.87787856284373 0.24353724324302872
46.99716069659143 0.1263901623386447
47.11644283033912 0.007446904676322479
47.23572496408681 -0.11160218366816388
47.35500709783451 -0.2290652526205428
47.474289231582205 -0.3432729916073863
47.5935713653299 -0.452602352738337
47.71285349907758 -0.5554996165324456
47.83213563282528 -0.6505024723932208
47.95141776657297 -0.7362608000385165
48.07069990032067 -0.8115558565530097
48.189982034068365 -0.8753175963888742
48.30926416781605 -0.926639878173866
48.42854630156375 -0.9647933422173223
48.547828435311445 -0.9892357757070877
48.66711056905914 -0.9996198182938314
48.786392702806836 -0.9957978985558329
48.905674836554525 -0.9778243311903538
49.02495697030222 -0.945954545127634
49.144239104049916 -0.90064145353708
49.26352123779761 -0.8425290173127964
49.38280337154531 -0.7724430935101287
49.502085505292996 -0.6913796987894307
49.62136763904069 -0.6004908546595136
49.74064977278839 -0.5010682156792647
49.85993190653608 -0.39452471328294747
49.97921404028378 -0.28237447609555394
50.09849617403147 -0.16621131209792367
50.21777830777916 -0.047686058439400096
50.33706044152686 0.07151687921178564
50.456342575274554 0.18970346437268176
50.57562470902225 0.3051941043167742
50.69490684276993 0.41634751937964076
50.81418897651763 0.5215840677837522
50.93347111026532 0.6194081945046195
51.05275324401302 0.7084296851495152
51.172035377760714 0.787383422801938
51.2913175115084 0.8551473670601616
51.4105996452561 0.9107584997631986
51.529881779003794 0.9534265107935801
51.64916391275149 0.9825450294630939
51.768446046499186 0.9977002418680927
51.887728180246874 0.9986767717500145
52.00701031399457 0.9854607412860535
52.126292447742266 0.9582399683119683
52.24557458148996 0.9174012971742227
52.36485671523766 0.8635251011436923
52.484138848985346 0.7973770345191492
52.60342098273304 0.7198971516343688
52.72270311648074 0.6321865474026844
52.84198525022843 0.5354917092550096
52.96126738397613 0.43118680285171274
53.08054951772382 0.3207541433125429
53.19983165147151 0.20576312949505685
53.31911378521921 0.08784794069430861
53.438395918966904 -0.03131568727598269
53.5576780527146 -0.15003427657709742
53.67696018646228 -0.2666206739773695
53.79624232020998 -0.3794180276030087
53.91552445395767 -0.4868233330651209
54.03480658770537 -0.5873102143405933
54.154088721453064 -0.6794506156592163
54.27337085520075 -0.7619350961257927
54.39265298894845 -0.8335914386629597
54.511935122696144 -0.8934013088161699
54.63121725644384 -0.9405147266765671
54.750499390191536 -0.9742621462559005
54.869781523939224 -0.9941639706490983
54.98906365768692 -0.9999373677610512
55.108345791434616 -0.9915002897368057
55.22762792518231 -0.9689726389736033
55.34691005893001 -0.9326745641441194
55.466192192677696 -0.8831219104467535
55.58547432642539 -0.8210188887411015
55.70475646017309 -0.747248067750252
55.82403859392078 -0.6628578315543148
55.94332072766848 -0.5690474806213636
56.06260286141616 -0.46715018811048137
56.181884995163855 -0.35861405366103855
56.30116712891155 -0.24498152391990655
56.42044926265925 -0.12786747226877057
56.53973139640694 -0.008936249268720591
56.65901353015463 0.1101219700334291
56.77829566390233 0.22761520580005393
56.89757779765002 0.3418737187461038
57.01685993139772 0.4512737394139432
57.136142065145414 0.5542605441541492
57.2554241988931 0.6493705498711129
57.3747063326408 0.7352521135369718
57.493988466388494 0.8106847408843003
57.61327060013619 0.8745964312959219
57.732552733883885 0.9260789123971976
57.851834867631574 0.9644005478464639
57.97111700137927 0.9890167348863049
58.090399135126965 0.9995776438922278
58.20968126887466 0.9959331899292326
58.32896340262236 0.9781351656636363
58.448245536370045 0.9464365053185775
58.56752767011774 0.9012876901333853
58.68680980386544 0.8433303464101711
58.80609193761313 0.7733881271281038
58.92537407136083 0.6924550067101055
59.04465620510851 0.601681155289313
59.163938338856205 0.5023565932211999
59.2832204726039 0.3958928581332211
59.4025026063516 0.28380294504801706
59.52178474009929 0.16767980465857207
