0.0 0.0
0.12362049702101095 0.1233058755518992
0.2472409940420219 0.24472978586879973
0.3708614910630329 0.36241848935218735
0.4944819880840438 0.4745757532798461
0.6181024851050547 0.5794897689433939
0.7417229821260658 0.6755592782579327
0.8653434791470767 0.7613180130844619
0.9889639761680876 0.83545707425805
1.1125844731890986 0.89684490876016
1.2362049702101094 0.9445445801320241
1.3598254672311205 0.977828068538084
1.4834459642521316 0.9961873822236942
1.6070664612731422 0.9993423107776304
1.7306869582941533 0.9872447018646465
1.8543074553151642 0.9600791961541262
1.9779279523361752 0.9182604092279264
2.1015484493571863 0.8624266034787571
2.225168946378197 0.7934299465822242
2.348789443399208 0.7123235052233433
2.472409940420219 0.6203451725867555
2.5960304374412297 0.5188987749185371
2.719650934462241 0.40953264552213264
2.843271431483252 0.2939159932044158
2.966891928504263 0.17381342585024917
3.0905124255252736 0.05105801796142045
3.2141329225462845 -0.07247666678134003
3.3377534195672958 -0.19490517092548337
3.4613739165883066 -0.314358920183361
3.584994413609318 -0.42901474268836665
3.7086149106303283 -0.5371226952931932
3.832235407651339 -0.6370327722092408
3.9558559046723505 -0.7272200883445342
4.079476401693362 -0.806308152977566
4.203096898714373 -0.8730898785508576
4.326717395735383 -0.9265460039359378
4.450337892756394 -0.9658606509832695
4.573958389777405 -0.9904337769241016
4.697578886798416 -0.9998903325685324
4.821199383819427 -0.9940859865220848
4.944819880840438 -0.973109328054511
5.0684403778614495 -0.9372805149993748
5.1920608748824595 -0.8871463873209466
5.31568137190347 -0.8234721209279607
5.439301868924482 -0.7472295491185403
5.562922365945493 -0.6595823299011151
5.686542862966504 -0.5618681855762089
5.810163359987515 -0.4555784856488356
5.933783857008526 -0.34233548468883074
6.057404354029536 -0.22386756254800658
6.181024851050547 -0.1019828448321653
6.304645348071559 0.02145839375246237
6.428265845092569 0.1445721219823684
6.551886342113581 0.26547930728556635
6.6755068391345915 0.3823345946180729
6.7991273361556015 0.49335447133459653
6.922747833176613 0.5968444881849382
7.046368330197624 0.6912251209735938
7.169988827218636 0.7750558781670476
7.293609324239646 0.8470572865045504
7.417229821260657 0.9061304190553666
7.540850318281668 0.9513736676740163
7.664470815302678 0.9820965038626668
7.78809131232369 0.9978300180144667
7.911711809344701 0.9983340761818197
8.035332306365712 0.9836009851388912
8.158952803386724 0.9538556098000472
8.282573300407734 0.909551941202124
8.406193797428745 0.8513661674319493
8.529814294449755 0.7801863532546205
8.653434791470765 0.6970988859579758
8.777055288491777 0.6033718942845938
8.900675785512789 0.500435893521122
9.0242962825338 0.3898619521507093
9.14791677955481 0.2733377133016713
9.27153727657582 0.15264163696682545
9.395157773596832 0.02961585612358285
9.518778270617842 -0.09386193895969187
9.642398767638854 -0.21590715911317632
9.766019264659866 -0.3346570799500657
9.889639761680876 -0.44829927183816454
10.013260258701886 -0.5550992622439868
10.136880755722899 -0.653427008250745
10.260501252743909 -0.741781775211425
10.384121749764919 -0.8188150418246547
10.50774224678593 -0.8833510820428676
10.63136274380694 -0.934404909679868
10.754983240827954 -0.9711973118368693
10.878603737848964 -0.9931667416981833
11.002224234869974 -0.9999778891818976
11.125844731890986 -0.9915267986353115
11.249465228911996 -0.9679424554659357
11.373085725933008 -0.9295848174919707
11.49670622295402 -0.8770393210589322
11.62032671997503 -0.8111079457732275
11.74394721699604 -0.732796974227863
11.867567714017053 -0.6433016335383948
11.991188211038063 -0.5439878530988496
12.114808708059073 -0.4363714169812083
12.238429205080084 -0.32209482916657606
12.362049702101094 -0.20290224470416865
12.485670199122108 -0.08061284941317953
12.609290696143118 0.042906905578110326
12.732911193164128 0.16577179068361453
12.856531690185138 0.28610657131831657
12.98015218720615 0.4020746288077059
13.103772684227161 0.5119059919189541
13.227393181248173 0.6139243511804912
13.351013678269183 0.7065726436818707
13.474634175290193 0.7884368178640005
13.598254672311203 0.8582674155878174
13.721875169332217 0.9149986420834693
13.845495666353226 0.9577646327234504
13.969116163374238 0.985912668346859
14.092736660395248 0.9990131374348625
14.216357157416258 0.996866093088942
14.339977654437272 0.9795043047355249
14.463598151458282 0.9471927579801421
14.587218648479292 0.9004246102446152
14.710839145500303 0.8399136639146739
14.834459642521313 0.7665834718771559
14.958080139542327 0.6815532417243378
15.081700636563337 0.5861207537635722
15.205321133584347 0.4817425535473515
15.328941630605357 0.3700117212368557
15.452562127626368 0.2526335570957134
15.57618262464738 0.13139955421598573
15.699803121668392 0.008160055719589549
15.823423618689402 -0.1152039862432957
15.947044115710412 -0.23680971866843398
16.070664612731424 -0.3548011248836585
16.194285109752435 -0.46737735214345333
16.317905606773447 -0.5728201972799486
16.441526103794455 -0.669520330908487
16.565146600815467 -0.7560018599388698
16.68876709783648 -0.8309448535050569
16.81238759485749 -0.8932054885096732
16.936008091878502 -0.9418335073103867
17.05962858889951 -0.9760867210989168
17.183249085920522 -0.9954423376137572
17.30686958294153 -0.9996049402965324
17.430490079962546 -0.9885109971095267
17.554110576983554 -0.9623298301982074
17.677731074004566 -0.921461031599191
17.801351571025577 -0.8665283644366218
17.924972068046586 -0.7983702426903955
18.0485925650676 -0.7180269348394815
18.17221306208861 -0.6267246866857498
18.29583355910962 -0.5258570056848062
18.419454056130633 -0.41696339243327185
18.54307455315164 -0.30170584392468786
18.666695050172656 -0.18184348719490878
18.790315547193664 -0.059205730512944574
18.913936044214676 0.06433565810091081
19.037556541235684 0.18689511887576274
19.161177038256696 0.30660207878850726
19.284797535277708 0.42162950132579696
19.40841803229872 0.5302217717667779
19.53203852931973 0.6307214923853095
19.65565902634074 0.7215947786078877
19.77927952336175 0.801454670042764
19.902900020382763 0.8690822990676227
20.02652051740377 0.9234454938886971
20.150141014424786 0.9637145321407042
20.273761511445798 0.9892748045870736
20.397382008466806 0.9997361956398357
20.521002505487818 0.9949390375282311
20.644623002508826 0.9749565472401155
20.768243499529838 0.9400937090421551
20.891863996550853 0.8908826196344308
21.01548449357186 0.8280743669843882
21.139104990592873 0.752627566790012
21.26272548761388 0.6656937315353805
21.386345984634893 0.5685996954444221
21.50996648165591 0.4628273635734119
21.633586978676917 0.34999109412317525
21.75720747569793 0.23181305917513687
21.880827972718937 0.11009695990994238
22.00444846973995 -0.013299502518017797
22.12806896676096 -0.13649298028470647
22.25168946378197 -0.2576032236348076
22.375309960802984 -0.37478177833556897
22.49893045782399 -0.4862401978490818
22.622550954845003 -0.5902773396326028
22.746171451866015 -0.685305328955027
22.869791948887023 -0.7698737939548642
22.99341244590804 -0.8426920020502832
23.117032942929047 -0.902648559842566
23.24065343995006 -0.9488283758417936
23.36427393697107 -0.9805266271197768
23.48789443399208 -0.9972595167232201
23.611514931013094 -0.9987716576612465
23.735135428034106 -0.9850399707686245
23.858755925055114 -0.9562740369532734
23.982376422076126 -0.9129128984518284
24.105996919097134 -0.8556183579143638
24.229617416118145 -0.7852648775914716
24.35323791313916 -0.7029262327881493
24.47685841016017 -0.6098591232871452
24.60047890718118 -0.5074839928736226
24.72409940420219 -0.39736334970467485
24.8477199012232 -0.2811779184105867
24.971340398244216 -0.16070098790828988
25.094960895265224 -0.037771346445393345
25.218581392286236 0.08573478304430315
25.342201889307244 0.20793237893494945
25.465822386328256 0.326956391193557
25.589442883349268 0.440990206846911
25.713063380370276 0.5482933761742363
25.83668387739129 0.6472281764524733
25.9603043744123 0.7362846078229519
26.08392487143331 0.8141034397782762
26.207545368454323 0.8794969565205333
26.33116586547533 0.931467084563342
26.454786362496346 0.9692206259037949
26.578406859517354 0.9921813642668494
26.702027356538366 0.9999988596497449
26.825647853559378 0.9925537969389909
26.949268350580386 0.9699598069663012
27.072888847601398 0.932561732209441
27.196509344622406 0.8809303636078816
27.32012984164342 0.815853728822981
27.443750338664433 0.7383250649063263
27.56737083568544 0.6495276589442314
27.690991332706453 0.5508167880492432
27.81461182972746 0.4436990343409084
27.938232326748476 0.32980929062240255
28.061852823769488 0.21088580770572438
28.185473320790496 0.08874366422741456
28.309093817811508 -0.0347529361261682
28.432714314832516 -0.15771911716833312
28.55633481185353 -0.2782780982771932
28.679955308874543 -0.394589838901562
28.80357580589555 -0.5048791223188184
28.927196302916563 -0.6074626500141558
29.05081679993757 -0.7007747331512333
29.174437296958583 -0.78339118901627
29.2980577939796 -0.8540510777142204
29.421678291000607 -0.9116759473591225
29.54529878802162 -0.9553862940274453
29.668919285042627 -0.9845149852531028
29.79253978206364 -0.9986174421870974
29.916160279084654 -0.9974784250157607
30.039780776105662 -0.981115318074665
30.163401273126674 -0.9497778645188852
30.287021770147682 -0.9039443545992436
30.410642267168694 -0.8443143257212398
30.534262764189705 -0.7717978857025929
30.657883261210713 -0.6875018221839603
30.78150375823173 -0.5927127101989996
30.905124255252737 -0.48887727572581186
31.02874475227375 -0.3775803149224376
31.15236524929476 -0.26052050605587596
31.27598574631577 -0.13948448329677657
31.399606243336784 -0.016319568080507413
31.523226740357792 0.10709442577568358
31.646847237378804 0.22887388287302635
31.770467734399816 0.3471601350534233
31.894088231420824 0.4601478294625534
32.01770872844184 0.5661124828841243
32.14132922546285 0.6634368017951227
32.264949722483856 0.7506353664303522
32.38857021950487 0.8263773021137256
32.51219071652588 0.889506591833477
32.635811213546894 0.93905972003911
32.7594317105679 0.9742803783702018
32.88305220758891 0.9946310088698765
33.006672704609926 0.9998010085036942
33.130293201630934 0.9897114697619167
33.25391369865195 0.9645163849913326
33.37753419567296 0.9246002960754427
33.501154692693966 0.8705724253349226
33.62477518971498 0.8032573772259597
33.74839568673599 0.7236825527524982
33.872016183757005 0.6330624686808216
33.99563668077801 0.5327802208857496
34.11925717779902 0.42436637474539174
34.242877674820036 0.30947560477152286
34.366498171841044 0.18986144001494357
34.49011866886205 0.06734950069591449
34.61373916588306 -0.05619036546226083
34.737359662904076 -0.1788726219252966
34.86098015992509 -0.29882482149161294
34.9846006569461 -0.41421618465913146
35.10822115396711 -0.5232855420356596
35.231841650988116 -0.6243682143196838
35.35546214800913 -0.7159214195939011
35.47908264503015 -0.7965478201506935
35.602703142051155 -0.8650168494644004
35.72632363907216 -0.9202834938058291
35.84994413609317 -0.9615042418431791
35.97356463311419 -0.9880499587974337
36.0971851301352 -0.9995154886594186
36.22080562715621 -0.9957258379139876
36.34442612417722 -0.976738846391756
36.468046621198226 -0.9428443044843183
36.59166711821924 -0.8945595301965147
36.71528761524026 -0.8326214735413342
36.838908112261265 -0.7579754687847013
36.96252860928227 -0.6717608062098596
37.08614910630328 -0.5752933436134207
37.2097696033243 -0.4700454229263887
37.33339010034531 -0.35762339848429725
37.45701059736632 -0.23974311992287606
37.58063109438733 -0.11820374389342668
37.70425159140834 0.0051397257013814064
37.82787208842935 0.1284047498446385
37.95149258545036 0.24970998679904047
38.07511308247137 0.36720400622723504
38.198733579492384 0.47909354678710325
38.32235407651339 0.5836708859183639
38.44597457353441 0.6793399040871233
38.569595070555415 0.7646404456807188
38.69321556757642 0.8382706047430354
38.81683606459744 0.8991065954124334
38.94045656161845 0.9462199037882986
39.06407705863946 0.9788914594445735
39.18769755566047 0.9966226102964024
39.31131805268148 0.9991427333152395
39.434938549702494 0.9864133649332434
39.5585590467235 0.958628788096392
39.68217954374452 0.9162130670063435
39.805800040765526 0.859813574808556
39.92942053778654 0.7902911130107593
40.05304103480754 0.708706773434985
40.17666153182856 0.6163057432234712
40.30028202884957 0.5144983000759534
40.42390252587058 0.4048382877797695
40.547523022891596 0.2889994005517252
40.6711435199126 0.16874963815380148
40.79476401693361 0.045924321663225555
40.91838451395463 -0.07760191825394504
41.042005010975636 -0.19994375303494244
41.16562550799665 -0.31923393118983123
41.28924600501765 -0.43365177736829313
41.41286650203867 -0.541450980554699
41.536486999059676 -0.6409862472717374
41.66010749608069 -0.7307384129964042
41.78372799310171 -0.8093376285231821
41.90734849012271 -0.8755842673909771
42.03096898714372 -0.9284672352725737
42.15458948416473 -0.9671794018780933
42.278209981185746 -0.9911299198420194
42.40183047820676 -0.9999532425757008
42.52545097522776 -0.9935147034497703
42.64907147224878 -0.9719125711537349
42.772691969269786 -0.9354765498626899
42.8963124662908 -0.8847627471024447
43.01993296331182 -0.8205451861164369
43.14355346033282 -0.7438039922775435
43.26717395735383 -0.655710433850545
43.39079445437484 -0.5576090454218644
43.51441495139586 -0.4509971068388744
43.63803544841687 -0.33750179086322674
43.76165594543787 -0.21885532832372062
43.88527644245889 -0.09686856981244811
44.0088969394799 0.026596652558995248
44.13251743650091 0.1496559415127611
44.25613793352192 0.2704310953604076
44.37975843054293 0.3870787741980198
44.50337892756394 0.49781863402063964
44.62699942458495 0.6009604993570372
44.75061992160597 0.6949301597004889
44.874240418626975 0.7782933960154393
44.99786091564798 0.8497778706138523
45.12148141266899 0.908292546305211
45.24510190969001 0.9529443384340177
45.36872240671102 0.9830517456517672
45.49234290373203 0.9981552513827391
45.61596340075304 0.9980243372304269
45.73958389777405 0.9826610012819643
45.86320439479506 0.9522997276121686
45.98682489181608 0.9074039074526511
46.110445388837086 0.8486587666481598
46.234065885858094 0.776960907345381
46.3576863828791 0.6934046235349921
46.48130687990012 0.5992651993070034
46.60492737692113 0.4959794447310685
46.72854787394214 0.3851237664343114
46.85216837096315 0.2683901075761493
46.97578886798416 0.14756012443810115
47.09940936500517 0.024477993760266426
47.22302986202619 -0.09897773414538208
47.346650359047196 -0.2209228069109759
47.47027085606821 -0.3394960286567946
47.59389135308921 -0.4528876666338424
47.71751185011023 -0.5593670724066411
47.841132347131236 -0.6573090960055471
47.96475284415225 -0.7452188899009339
48.088373341173266 -0.8217547242264244
48.21199383819427 -0.8857484650322915
48.33561433521528 -0.9362234030180796
48.45923483223629 -0.9724091606319971
48.582855329257306 -0.9937534500165016
48.70647582627832 -0.9999305023434013
48.83009632329932 -0.9908460398852016
48.95371682032034 -0.9666387149360305
49.077337317341346 -0.9276779936205402
49.20095781436236 -0.8745585168892732
49.32457831138338 -0.8080910247662745
49.44819880840438 -0.7292899823682656
49.57181930542539 -0.6393580965541754
49.6954398024464 -0.5396679595209632
49.81906029946742 -0.43174109951152606
49.94268079648843 -0.3172247583750613
50.06630129350943 -0.19786675041397098
50.18992179053045 -0.07548878623606431
50.313542287551456 0.048041331241040666
50.43716278457247 0.17083821427304596
50.56078328159348 0.29102766616170184
50.68440377861449 0.4067752863234619
50.8080242756355 0.5163144679668612
50.93164477265651 0.6179733610620296
51.05526526967753 0.7102003890780368
51.178885766698535 0.7915879300367913
51.30250626371954 0.8608938004497922
51.42612676074055 0.9170602142373837
51.54974725776157 0.9592299272686642
51.67336775478258 0.986759321114747
51.79698825180359 0.9992282263236327
51.9206087488246 0.9964463352881914
52.04422924584561 0.9784561068303794
52.16784974286662 0.9455321181702642
52.29147023988764 0.8981768741704773
52.415090736908645 0.8371131378178115
52.538711233929654 0.7632728989985572
52.66233173095066 0.677783149932508
52.78595222797168 0.5819486843691118
52.90957272499269 0.47723218307437715
53.0331932220137 0.36523188955524255
53.15681371903471 0.2476572167473732
53.28043421605572 0.12630265697119072
53.40405471307673 0.003020393357338604
53.52767521009775 -0.12030796923816454
53.651295707118756 -0.2418001223701123
53.774916204139764 -0.35960178287888067
53.89853670116077 -0.471914994027126
54.02215719818179 -0.577025566950244
54.145777695202796 -0.6733292435933107
54.26939819222381 -0.7593561818208056
54.39301868924481 -0.8337933889931273
54.51663918626583 -0.8955047616159404
54.64025968328684 -0.9435484252054744
54.76388018030785 -0.977191109718976
54.887500677328866 -0.9959193411440953
55.01112117434987 -0.999447278434754
55.13474167137088 -0.9877210761817011
55.2583621683919 -0.9609197064321311
55.381982665412906 -0.9194522271153085
55.50560316243392 -0.8639515387650268
55.62922365945492 -0.7952647248274524
55.75284415647594 -0.7144401229860315
55.87646465349695 -0.6227113248284988
56.00008515051796 -0.5214783480621106
56.123705647538976 -0.4122862686376735
56.24732614455998 -0.29680163891124184
56.37094664158099 -0.17678705176288564
56.49456713860201 -0.05407423888987092
56.618187635623016 0.06946388613670824
56.74180813264403 0.19194181335672544
56.86542862966503 0.31149021415908534
56.98904912668605 0.4262844720508645
57.11266962370706 0.5345725310042008
57.23629012072807 0.6347016363437454
57.35991061774909 0.7251435600396847
57.48353111477009 0.8045179254033806
57.6071516117911 0.8716132751908556
57.73077210881211 0.9254055615603791
57.85439260583313 0.9650737756800144
57.97801310285414 0.990012478436873
58.10163359987514 0.9998410409972976
58.22525409689616 0.9944094541831722
58.34887459391717 0.9738006179983225
58.47249509093818 0.9383290763609502
58.5961155879592 0.8885362163533386
58.7197360849802 0.8251820052606399
58.84335658200121 0.7492333915127791
58.96697707902222 0.6618495465610885
59.09059757604324 0.5643641729364677
59.21421807306425 0.45826514851385025
59.33783857008525 0.3451718176637992
59.46145906710627 0.22681027588674518
59.58507956412728 0.10498702515017931
59.70870006114829 -0.018438597984093388
59.83232055816931 -0.14158280062455048
59.95594105519031 -0.26256608508119633
60.079561552211324 -0.379541934841003
60.20318204923233 -0.49072499716550966
60.32680254625335 -0.5944183321718655
60.450423043274355 -0.6890393125058505
60.574043540295364 -0.7731437783113972
60.69766403731638 -0.8454480788294058
60.82128453433739 -0.9048486642143576
60.9449050313584 -0.9504389285471766
61.06852552837941 -0.9815230469764892
61.19214602540042 -0.9976265957979719
61.31576652242143 -0.9985037933819457
61.43938701944244 -0.9841412514340572
61.56300751646346 -0.9547581793351332
61.686628013484466 -0.9108030384414597
