0.0 0.0
0.1527091583773256 0.1521163182426913
0.3054183167546512 0.30069215908526964
0.4581274751319768 0.44226944904303034
0.6108366335093024 0.5735530045271556
0.763545791886628 0.6914872265948913
0.9162549502639536 0.7933272194141903
1.0689641086412793 0.87670267717454
1.2216732670186048 0.9396730524886863
1.3743824253959305 0.9807727222515479
1.527091583773256 0.9990450997298373
1.6798007421505816 0.9940648989302069
1.8325099005279073 0.9659480330471305
1.9852190589052328 0.9153489166060914
2.1379282172825587 0.843445234094163
2.290637375659884 0.7519105295851135
2.4433465340372096 0.6428752553301152
2.5960556924145353 0.5188771859004612
2.748764850791861 0.382802351983358
2.9014740091691866 0.2378178685850934
3.054183167546512 0.08729822105193849
3.2068923259238376 -0.06525327541284394
3.3596014843011632 -0.21628601472157993
3.512310642678489 -0.3622847395608061
3.6650198010558146 -0.49985135831411937
3.81772895943314 -0.625784034976463
3.9704381178104655 -0.7371517112576452
4.123147276187791 -0.8313623263877782
4.275856434565117 -0.9062231468220834
4.428565592942443 -0.9599918016830405
4.581274751319768 -0.9914168361000032
4.733983909697094 -0.9997668385752678
4.886693068074419 -0.9848474644428835
5.039402226451745 -0.9470059592025423
5.1921113848290705 -0.8871230764488454
5.344820543206396 -0.8065925785045489
5.497529701583722 -0.7072887968765244
5.650238859961047 -0.5915230075584427
5.802948018338373 -0.4619896365364283
5.9556571767156985 -0.32170354755397834
6.108366335093024 -0.17392987175106728
6.26107549347035 -0.022108012378811076
6.413784651847675 0.13022840663499252
6.566493810225 0.2795337850880568
6.7192029686023265 0.4223330696512256
6.871912126979652 0.5553026350514899
7.024621285356978 0.6753476407967789
7.177330443734303 0.7796740629799415
7.330039602111629 0.8658537246358696
7.482748760488954 0.931880811082962
7.63545791886628 0.9762185548654864
7.788167077243606 0.9978350037139725
7.940876235620931 0.9962270390313958
8.093585393998257 0.9714320858796075
8.246294552375582 0.9240272419183787
8.399003710752908 0.8551158455708286
8.551712869130235 0.7663017960385491
8.70442202750756 0.6596522228630282
8.857131185884885 0.537649373891976
9.00984034426221 0.4031328414486977
9.162549502639536 0.25923347137904906
9.315258661016863 0.10930049322991531
9.467967819394188 -0.04317643241000682
9.620676977771513 -0.19464843507433305
9.773386136148838 -0.34159003368136054
9.926095294526164 -0.4805811914131152
10.07880445290349 -0.6083869163998918
10.231513611280816 -0.7220325555199967
10.384222769658141 -0.8188730288663288
10.536931928035466 -0.8966543934611736
10.689641086412792 -0.9535663033358713
10.842350244790119 -0.9882841449773135
10.995059403167444 -0.9999998674470318
11.147768561544769 -0.9884407896079259
11.300477719922094 -0.9538759467241162
11.45318687829942 -0.8971098287180672
11.605896036676747 -0.8194636558258073
11.758605195054072 -0.7227446274556997
11.911314353431397 -0.6092038599775136
12.064023511808722 -0.48148399243150414
12.216732670186047 -0.3425576796243083
12.369441828563373 -0.1956584041727626
12.5221509869407 -0.044205217831716444
12.674860145318025 0.10827683626334873
12.82756930369535 0.25823876828226355
12.980278462072675 0.402190243740708
13.13298762045 0.5367808203491152
13.285696778827328 0.6588779288982449
13.438405937204653 0.7656397831916413
13.591115095581978 0.8545815220606514
13.743824253959303 0.9236330440195814
13.896533412336629 0.9711871884707829
14.049242570713956 0.9961371420515859
14.201951729091281 0.9979021994977081
14.354660887468606 0.9764412794441123
14.507370045845931 0.9322538805856996
14.660079204223258 0.8663684559433895
14.812788362600584 0.7803184758222617
14.965497520977909 0.6761067365916893
15.118206679355234 0.5561587459936077
15.27091583773256 0.42326626992668875
15.423624996109886 0.28052235464392594
15.576334154487212 0.13124933670921424
15.729043312864537 -0.021078483732993203
15.881752471241862 -0.17291570661047226
16.034461629619187 -0.3207283504128634
16.187170787996514 -0.4610761049165249
16.33987994637384 -0.5906924037285972
16.492589104751165 -0.7065604529775728
16.645298263128492 -0.8059834465975444
16.798007421505815 -0.886647333959163
16.950716579883142 -0.9466746789430972
17.10342573826047 -0.9846683568965819
17.256134896637793 -0.999744072435036
17.40884405501512 -0.9915509412432792
17.561553213392443 -0.9602796568389811
17.71426237176977 -0.906658052218527
17.866971530147097 -0.8319341596871277
18.01968068852442 -0.7378471631522859
18.172389846901748 -0.6265869189602749
18.32509900527907 -0.5007429874202336
18.477808163656398 -0.3632443612970748
18.630517322033725 -0.21729129408075878
18.78322648041105 -0.06628081471549548
18.935935638788376 0.08627233758106656
19.0886447971657 0.23681751818208768
19.241353955543026 0.38185081760717654
19.394063113920353 0.5179966143266319
19.546772272297677 0.6420861416888907
19.699481430675004 0.7512312403413512
19.852190589052327 0.8428915795714574
20.004899747429654 0.9149337830046081
20.15760890580698 0.9656810825198261
20.310318064184305 0.9939523446981195
20.46302722256163 0.9990895614705905
20.615736380938955 0.9809731651268672
20.768445539316282 0.9400248112300563
20.92115469769361 0.877197564666413
21.073863856070933 0.7939537172474924
21.22657301444826 0.6922307531557238
21.379282172825583 0.5743962543809995
21.53199133120291 0.4431927957153225
21.684700489580237 0.3016741118637479
21.83740964795756 0.15313402236949777
21.990118806334888 0.001029768611666548
22.14282796471221 -0.151098452808139
22.295537123089538 -0.2997098874457057
22.448246281466865 -0.441345633377745
22.60095543984419 -0.5727091464641276
22.753664598221516 -0.6907429667646329
22.90637375659884 -0.7926998803179223
23.059082914976166 -0.8762068600063917
23.211792073353493 -0.9393202972957653
23.364501231730816 -0.9805712393416146
23.517210390108144 -0.9989995785780084
23.669919548485467 -0.9941763990323413
23.822628706862794 -0.9662139592602725
23.97533786524012 -0.9157630795499123
24.128047023617444 -0.8439979942075742
24.28075618199477 -0.7525890214851488
24.433465340372095 -0.6436636872511998
24.586174498749422 -0.5197572072446396
24.738883657126745 -0.3837534804268652
24.891592815504072 -0.23881796680040102
25.0443019738814 -0.08832401194971007
25.197011132258723 0.06422566691407341
25.34972029063605 0.21528050600758883
25.502429449013373 0.3613247336492201
25.6551386073907 0.49895919915379094
25.807847765768027 0.6249804873964451
25.96055692414535 0.7364554776698775
26.113266082522678 0.8307896114921346
26.2659752409 0.9057872804451589
26.41868439927733 0.9597029285290659
26.571393557654655 0.9912816796348426
26.72410271603198 0.9997885445390748
26.876811874409306 0.9850255276336181
27.02952103278663 0.9473362352344492
27.182230191163956 0.887597878212215
27.334939349541283 0.8072008550816874
27.487648507918607 0.7080163907496922
27.640357666295934 0.5923529841232882
27.793066824673257 0.4629026782515868
27.945775983050584 0.3226784035530352
28.09848514142791 0.17494385245230681
28.251194299805235 0.023137517580770997
28.403903458182562 -0.12920733846348526
28.556612616559885 -0.27854491910794243
28.709321774937212 -0.4213994215237768
28.86203093331454 -0.5544459352533129
29.014740091691863 -0.6745878288472401
29.16744925006919 -0.7790288233527863
29.320158408446517 -0.8653380751565612
29.47286756682384 -0.9315067533917503
29.625576725201167 -0.9759947950815936
29.77828588357849 -0.9977667498023753
29.930995041955818 -0.996315879588468
30.083704200333145 -0.9716759531588496
30.236413358710468 -0.9244204599568128
30.389122517087795 -0.8556492622959178
30.54183167546512 -0.7669629962808927
30.694540833842446 -0.6604258173169786
30.847249992219773 -0.5385173572987105
30.999959150597096 -0.40407501166507825
31.152668308974423 -0.26022789957852255
31.305377467351747 -0.11032403429165473
31.458086625729074 0.0421476012029843
31.6107957841064 0.19363825956609645
31.763504942483724 0.34062202550825404
31.91621410086105 0.4796778807750549
32.068923259238375 0.6075693276743778
32.2216324176157 0.7213197179238766
32.37434157599303 0.818281533554504
32.527050734370356 0.8961980073707346
32.67975989274768 0.9532556487633446
32.832469051125 0.9881264523467961
32.98517820950233 0.9999988070234977
33.13788736787966 0.9885963860725239
33.290596526256984 0.9541845785997235
33.44330568463431 0.8975643126584574
33.59601484301163 0.8200534138066266
33.74872400138896 0.7234559329758902
33.901433159766285 0.6100201575409395
34.05414231814361 0.48238628287286534
34.20685147652094 0.3435249623109776
34.35956063489826 0.1966681657903882
34.512269793275586 0.04523395637716831
34.66497895165291 -0.10725306447746155
34.81768811003024 -0.2572437913429778
34.97039726840757 -0.40124721954066705
35.12310642678489 -0.5359116975911644
35.27581558516221 -0.6581029362437057
35.42852474353954 -0.764976958442181
35.58123390191687 -0.854046292331998
35.733943060294195 -0.9232378666784394
35.886652218671514 -0.970941261192071
36.03936137704884 -0.9960461887443673
36.19207053542617 -0.9979683370823264
36.344779693803495 -0.9766629685812878
36.49748885218082 -0.9326259615043495
36.65019801055814 -0.8668822685332895
36.80290716893547 -0.7809620611963968
36.955616327312796 -0.676865115427009
37.10832548569012 -0.5570142671718213
37.26103464406745 -0.4241990213605737
37.41374380244477 -0.28151062672725147
37.5664529608221 -0.13227012760353293
37.719162119199424 0.02004893273505304
37.87187127757675 0.17190135810597174
38.02458043595408 0.31975281316381765
38.1772895943314 0.46016208436060085
38.329998752708725 0.5898611735145387
38.48270791108605 0.7058313598251899
38.63541706946338 0.8053734600066117
38.788126227840706 0.886170651247659
38.940835386218026 0.9463423948074092
39.09354454459535 0.9844882051846423
39.24625370297268 0.9997202461425213
39.39896286135001 0.9916839949224626
39.551672019727334 0.9605664936916377
39.704381178104654 0.9070919961733087
39.85709033648198 0.8325051107838009
40.00979949485931 0.7385418326163256
40.162508653236635 0.6273891384964837
40.31521781161396 0.5016340855266244
40.46792696999128 0.36420359784042605
40.62063612836861 0.2182963430191094
40.773345286745936 0.06730828373240058
40.92605444512326 -0.08524636262496538
41.07876360350059 -0.23581691665218427
41.23147276187791 -0.380898878307345
41.38418192025524 -0.5171154934569258
41.536891078632564 -0.6412963471643213
41.68960023700989 -0.7505511544741966
41.84230939538722 -0.8423370312265684
41.99501855376454 -0.9145176791856794
42.147727712141865 -0.9654131079614385
42.30043687051919 -0.9938387364554344
42.45314602889652 -0.9991329637531194
42.605855187273846 -0.9811725677550168
42.758564345651166 -0.9403755731468627
42.91127350402849 -0.877691521957223
43.06398266240582 -0.7945793731534754
43.21669182078315 -0.6929735456586773
43.369400979160474 -0.5752388951314519
43.522110137537794 -0.4441156724154842
43.67481929591512 -0.30265574473985996
43.82752845429245 -0.1541515641093601
43.980237612669775 -0.0020595361313420807
44.1329467710471 0.15008042714521572
44.28565592942442 0.2987272979866789
44.43836508780175 0.4404213496990975
44.591074246179076 0.5718646810867631
44.7437834045564 0.6899979744541794
44.89649256293373 0.7920717006239378
45.04920172131105 0.8757101136877438
45.20191087968838 0.9389665460253614
45.354620038065704 0.9803687166107247
45.50732919644303 0.9989529980633752
45.66003835482036 0.9942868448862848
45.81274751319768 0.966478860877258
45.965456671575005 0.9161762713968851
46.11816582995233 0.8445498593255298
46.27087498832966 0.7532667153219685
46.423584146706986 0.6444514366160676
46.576293305084306 0.5206366774259727
46.72900246346163 0.38470420192909355
46.88171162183896 0.23981781176748096
47.03442078021629 0.08934970918660833
47.187129938593614 -0.06319799030889094
47.339839096970934 -0.21427476900504985
47.49254825534826 -0.36036434458033517
47.64525741372559 -0.4980665108853166
47.797966572102915 -0.6241762770723221
47.95067573048024 -0.7357584631272898
48.10338488885756 -0.8302160156075168
48.25609404723489 -0.9053504535499594
48.408803205612216 -0.9594130376833857
48.56151236398954 -0.9911454719911207
48.71422152236687 -0.9998091903034394
48.86693068074419 -0.9852025462799634
49.01963983912152 -0.9476655066885833
49.172348997498844 -0.8880717387457803
49.32505815587617 -0.8078082756839289
49.47776731425349 -0.7087432338255177
49.63047647263082 -0.5931823325430077
49.783185631008145 -0.4638152290937831
49.93589478938547 -0.3236529173762719
50.0886039477628 -0.17595764763894345
50.24131310614012 -0.02416699824716039
50.394022264517446 0.1281861332774547
50.54673142289477 0.2775557577522039
50.6994405812721 0.4204653265344065
50.85214973964943 0.5535886475075397
51.00485889802675 0.6738273015487963
51.157568056404074 0.778382757625022
51.3102772147814 0.8648215080522696
51.46298637315873 0.9311317079087248
51.615695531536055 0.9757700003297137
51.768404689913375 0.9976974378352949
51.9211138482907 0.9964036636285942
52.07382300666803 0.9719187900499076
52.226532165045356 0.9248126977179049
52.37924132342268 0.8561817716702718
52.5319504818 0.7676233832175174
52.68465964017733 0.6611987114397584
52.83736879855466 0.539384769648893
52.990077956931984 0.4050167533907485
53.14278711530931 0.26122205182617053
53.29549627368663 0.1113474583631763
53.44820543206396 -0.04111872530164587
53.600914590441285 -0.19262787871926162
53.75362374881861 -0.33965365613148923
53.90633290719594 -0.4787740614752136
54.05904206557326 -0.6067510946679646
54.211751223950586 -0.7206061154232495
54.36446038232791 -0.8176891705175664
54.51716954070524 -0.8957406709307091
54.66987869908257 -0.9529439833359576
54.82258785745989 -0.9879677118835949
54.975297015837214 -0.999996686177554
55.12800617421454 -0.9887509342061098
55.28071533259187 -0.9544921986354152
55.433424490969195 -0.8980178448004039
55.586133649346515 -0.8206423021833914
55.73884280772384 -0.7241664713262831
55.89155196610117 -0.6108358082245511
56.044261124478496 -0.48328806178039646
56.19697028285582 -0.34449188071565073
56.34967944123314 -0.19767771885643648
56.50238859961047 -0.046262646955463706
56.6550977579878 0.1062291789578821
56.807806916365124 0.2562485416162804
56.96051607474245 0.4003037698485685
57.11322523311977 0.5350420065397605
57.2659343914971 0.6573272457212312
57.418643549874425 0.7643133224930412
57.57135270825175 0.8535101569524343
57.72406186662908 0.9228417103140035
57.8767710250064 0.9706943043042585
58.029480183383725 0.995954179206189
58.18218934176105 0.9980334163976935
58.33489850013838 0.9768836220419304
58.48760765851571 0.9329970534443527
58.64031681689303 0.8673951618607053
58.79302597527035 0.7816048184198744
58.94573513364768 0.6776227764985383
59.09844429202501 0.5578691976789234
59.251153450402334 0.4251313229637801
59.40386260877966 0.28249860029003687
59.55657176715698 0.1332907782354786
59.70928092553431 -0.019019360476746402
59.861990083911635 -0.1708868273131961
60.01469924228896 -0.318776936841312
60.16740840066629 -0.45924757583791465
60.32011755904361 -0.5890293177977272
60.472826717420936 -0.7051015181925201
60.62553587579826 -0.804762619378593
60.77824503417559 -0.8856930288198135
60.93095419255292 -0.9460091071478437
61.08366335093024 -0.9843070094981023
61.236372509307564 -0.9996953597229893
61.38908166768489 -0.9918159969964604
61.54179082606222 -0.9608523119368454
61.694499984439545 -0.9075249782262595
61.847209142816865 -0.8330751790723453
61.99991830119419 -0.7392357189131236
62.15262745957152 -0.6281906927343995
62.305336617948846 -0.502524651688361
62.45804577632617 -0.36516244817365306
62.61075493470349 -0.2193011604708498
62.76346409308082 -0.06833568137401165
62.91617325145815 0.08422029727159955
63.068882409835474 0.23481606505643263
63.2215915682128 0.37994653509333176
63.37430072659012 0.5162338242257077
63.52700988496745 0.6405058725939201
63.679719043344775 0.7498702727048263
63.8324282017221 0.8417815896475457
63.98513736009943 0.9141006055905556
64.13784651847675 0.9651441096561353
64.29055567685408 0.9937240743226248
64.4432648352314 0.9991753065313996
64.59597399360874 0.9813709299245467
64.74868315198606 0.9407253378671458
64.90139231036338 0.8781845485231642
65.05410146874071 0.7952041864686775
65.20681062711803 0.6937156033160796
65.35951978549537 0.5760809258849613
65.51222894387269 0.44503807816486624
65.66493810225 0.303637056672655
65.81764726062734 0.15516894238325085
65.97035641900466 0.0030893014670402936
66.123065577382 -0.14906224233345436
66.27577473575931 -0.2977443917501598
66.42848389413663 -0.439496598987224
66.58119305251397 -0.5710196092905551
66.73390221089129 -0.6892522504535359
66.88661136926862 -0.79144268099837
67.03932052764594 -0.8752124387453626
67.19202968602326 -0.9386117990526025
67.3447388444006 -0.9801651542736384
67.49744800277792 -0.998905358235333
67.65015716115525 -0.9943962363749186
67.80286631953257 -0.9667427376171766
67.95557547790989 -0.9165884917088493
68.10828463628722 -0.8451008288628182
68.26099379466454 -0.7539436103769322
68.41370295304188 -0.6452385025893747
68.5664121114192 -0.5215155955118411
68.71912126979652 -0.38565451548188173
68.87183042817385 -0.24081740242607225
69.02453958655117 -0.09037531167496317
69.1772487449285 0.062170246687063335
69.32995790330583 0.21326880478047985
69.48266706168314 0.3594035733725644
69.63537622006048 0.4971732944553256
69.7880853784378 0.623371404856895
69.94079453681513 0.7350606683690089
70.09350369519245 0.8296415393421849
70.24621285356977 0.9049126665997035
70.3989220119471 0.9591221294534076
70.55163117032443 0.9910082133132746
70.70434032870176 0.9998287758464685
70.85704948707908 0.9853785201942031
71.0097586454564 0.9479937732157795
71.16246780383374 0.8885446575470473
71.31517696221105 0.8084148396671523
71.46788612058839 0.7094693253332289
71.62059527896571 0.5940110519381326
71.77330443734303 0.46472728809533287
71.92601359572036 0.3246270879902893
72.07872275409768 0.1769712562359283
72.23143191247502 0.02519645328627849
72.38414107085234 -0.12716479215982074
72.53685022922966 -0.27656630206976546
72.68955938760699 -0.41953078567365276
72.84226854598431 -0.5527307727232557
72.99497770436165 -0.6730660597079399
73.14768686273896 -0.7777358664817579
73.30039602111628 -0.8643040238707764
73.45310517949362 -0.9307556750315933
73.60581433787094 -0.9755441708482236
73.75852349624827 -0.997627067886232
73.91123265462559 -0.9964903910586854
74.06394181300291 -0.9721605962952707
74.21665097138025 -0.9252039547857164
74.36936012975757 -0.8567133731292073
74.5220692881349 -0.7682829561481244
74.67477844651222 -0.6619709044117654
74.82748760488954 -0.5402516100226962
74.98019676326687 -0.4059580656270615
75.1329059216442 -0.2622159270677738
75.28561508002153 -0.1123707643592028
75.43832423839885 0.04008980579704475
75.59103339677617 0.19161729360526375
75.7437425551535 0.3386849265779496
75.89645171353082 0.4778697344720195
76.04916087190816 0.6059322182483373
76.20187003028548 0.7198917487748423
