0.0 0.0
0.08455709513537597 0.084456368655981
0.16911419027075195 0.1683092422304304
0.25367128540612793 0.2509594380023789
0.3382283805415039 0.3318163671573919
0.42278547567687985 0.410302254924551
0.5073425708122559 0.4858562691488526
0.5918996659476319 0.5579385277977165
0.6764567610830078 0.6260339567653935
0.7610138562183838 0.689655970408779
0.8455709513537597 0.7483499485148334
0.9301280464891357 0.8016964848544443
1.0146851416245117 0.8493143841097213
1.0992422367598877 0.8908633857597498
1.1837993318952638 0.9260465954608897
1.2683564270306396 0.9546126065478412
1.3529135221660156 0.9763572964959883
1.4374706173013916 0.9911252855081417
1.5220277124367676 0.9988110468031385
1.6065848075721436 0.9993596606725758
1.6911419027075194 0.9927672069174547
1.7756989978428954 0.9790807928605236
1.8602560929782714 0.958398216734155
1.9448131881136475 0.9308672688490658
2.0293702832490235 0.8966846755374787
2.1139273783843993 0.8560946934169327
2.1984844735197755 0.8093873640196297
2.2830415686551513 0.7568964412591155
2.3675986637905275 0.6989970065438745
2.4521557589259033 0.6361027885793936
2.536712854061279 0.5686632070104237
2.6212699491966553 0.49716016102852456
2.705827044332031 0.4221045858923554
2.7903841394674074 0.3440328019665846
2.874941234602783 0.2635026823678931
2.959498329738159 0.18108966660269507
3.044055424873535 0.09738264868170789
3.128612520008911 0.012979769093434445
3.2131696151442872 -0.07151585929439074
3.297726710279663 -0.1555004608641969
3.382283805415039 -0.23837391161375288
3.466840900550415 -0.31954402742819826
3.551397995685791 -0.3984307956164715
3.6359550908211666 -0.4744705194750896
3.720512185956543 -0.5471198462636977
3.8050692810919187 -0.6158596498099147
3.889626376227295 -0.6801987399997718
3.9741834713626707 -0.7396773726470368
4.058740566498047 -0.7938705346611638
4.143297661633423 -0.8423909810392157
4.2278547567687985 -0.8848920019805124
4.312411851904175 -0.9210699003511817
4.396968947039551 -0.9506661617955352
4.481526042174927 -0.9734693019874333
4.566083137310303 -0.989316377821835
4.650640232445678 -0.9980941517480988
4.735197327581055 -0.9997399009251219
4.81975442271643 -0.9942418654163885
4.904311517851807 -0.98163933222228
4.988868612987183 -0.9620223545491856
5.073425708122558 -0.9355311083214162
5.1579828032579345 -0.9023548905340527
5.242539898393311 -0.8627307666041518
5.327096993528687 -0.8169418763858447
5.411654088664062 -0.7653154109539471
5.4962111837994385 -0.7082202746132583
5.580768278934815 -0.6460644488400055
5.66532537407019 -0.579292076991755
5.749882469205566 -0.5083802906174212
5.834439564340943 -0.43383580004543304
5.918996659476318 -0.35619127361248865
6.003553754611694 -0.2760015314056422
6.08811084974707 -0.19383958071589294
6.172667944882447 -0.11029252153249416
6.257225040017822 -0.02595735133587352
6.341782135153197 0.05856330083339263
6.4263392302885745 0.14266548054672096
6.51089632542395 0.22574822363040747
6.595453420559326 0.30721785044123695
6.680010515694702 0.3864922080894149
6.764567610830078 0.46300483029544515
6.849124705965453 0.5362089851560836
6.93368180110083 0.6055815818954778
7.018238896236206 0.6706269086852394
7.102795991371582 0.7308801748243364
7.187353086506958 0.7859108319676327
7.271910181642333 0.8353256506707648
7.35646727677771 0.8787715302674768
7.441024371913086 0.9159380220010102
7.525581467048462 0.9465595473801771
7.610138562183837 0.970417295908511
7.694695657319213 0.9873407886260189
7.77925275245459 0.9972090962910126
7.863809847589966 0.9999517034973279
7.948366942725341 0.9955490125522639
8.032924037860717 0.9840324835147024
8.117481132996094 0.9654844093927497
8.20203822813147 0.94003732810726
8.286595323266846 0.9078730754231308
8.371152418402222 0.8692214856157997
8.455709513537597 0.824358749157498
8.540266608672974 0.7736054391586661
8.62482370380835 0.7173242206668705
8.709380798943725 0.6559172591917448
8.793937894079102 0.589823346973728
8.878494989214477 0.5195147675312539
8.963052084349854 0.44549392089120043
9.04760917948523 0.3682897336175345
9.132166274620605 0.28845387929076427
9.21672336975598 0.2065568364453428
9.301280464891356 0.12318381213357088
9.385837560026735 0.03893056024476402
9.47039465516211 -0.04560087553949764
9.554951750297485 -0.1298064637347667
9.63950884543286 -0.21308450124722061
9.724065940568236 -0.2948399129293227
9.808623035703613 -0.37448850377454157
9.893180130838989 -0.45146113336645594
9.977737225974366 -0.5252077827531473
10.062294321109741 -0.5952014846864042
10.146851416245116 -0.6609420891416996
10.231408511380494 -0.7219598372118372
10.315965606515869 -0.7778187178365183
10.400522701651244 -0.828119583381844
10.485079796786621 -0.8725030018069104
10.569636891921997 -0.9106518250369487
10.654193987057374 -0.9422934551903333
10.73875108219275 -0.9672017924657912
10.823308177328125 -0.9851988507709294
10.9078652724635 -0.9961560295473527
10.992422367598877 -0.9999950327043782
11.076979462734254 -0.9966884280949678
11.16153655786963 -0.9862598435360657
11.246093653005005 -0.9687837979726465
11.33065074814038 -0.9443851689919187
11.415207843275756 -0.913238300492635
11.499764938411133 -0.8755657568857864
11.584322033546508 -0.8316367327287221
11.668879128681885 -0.7817651291568684
11.75343622381726 -0.7263073108582039
11.837993318952636 -0.6656595596183208
11.922550414088013 -0.6002552426321573
12.007107509223388 -0.530561715816626
12.091664604358764 -0.4570769842519473
12.17622169949414 -0.38032614361500794
12.260778794629516 -0.30085762803298133
12.345335889764893 -0.21923929116869134
12.429892984900269 -0.13605434854092627
12.514450080035644 -0.05189721007438565
12.59900717517102 0.032630767341585515
12.683564270306395 0.11692557693480239
12.768121365441774 0.20038487806716493
12.852678460577149 0.28241230034596543
12.937235555712524 0.3624217050739871
13.0217926508479 0.43984137358752184
13.106349745983275 0.5141180925539904
13.190906841118652 0.5847211070370654
13.275463936254027 0.6511459130820995
13.360021031389405 0.7129178627214192
13.44457812652478 0.7695955556393658
13.529135221660155 0.8207739932614946
13.613692316795532 0.8660874727299056
13.698249411930906 0.9052122000854022
13.782806507066283 0.937868603983623
13.86736360220166 0.9638233334121238
13.951920697337036 0.9828909251334734
14.036477792472413 0.9949351289393864
14.121034887607786 0.9998698812461029
14.205591982743163 0.9976599200740581
14.29014907787854 0.988321037017408
14.374706173013916 0.9719199644029315
14.459263268149293 0.9485738984446279
14.543820363284667 0.9184496618013839
14.628377458420044 0.8817625115217581
14.71293455355542 0.8387746008939112
14.797491648690794 0.7897931061917258
14.882048743826171 0.7351680317027283
14.966605838961547 0.6752897087223233
15.051162934096924 0.6105860063855909
15.135720029232301 0.5415192742670939
15.220277124367675 0.46858303859575423
15.304834219503052 0.39229847569247045
15.389391314638425 0.3132106878300739
15.473948409773802 0.23188480812692094
15.55850550490918 0.14890196230725725
15.643062600044555 0.06485511618409098
15.727619695179932 -0.019655161462976547
15.812176790315306 -0.10402499033798958
15.896733885450683 -0.18765149374182624
15.98129098058606 -0.2699371065139979
16.065848075721433 -0.3502938450201218
16.15040517085681 -0.42814750867322593
16.234962265992188 -0.502941782966283
16.31951936112756 -0.5741422146972299
16.40407645626294 -0.6412400309808968
16.488633551398316 -0.7037557747585284
16.573190646533693 -0.7612427308268961
16.65774774166907 -0.813290117905777
16.742304836804443 -0.8595260239344387
16.82686193193982 -0.899620063622557
16.911419027075194 -0.9332857392656264
16.99597612221057 -0.9602824879553655
17.08053321734595 -0.9804174005564299
17.165090312481322 -0.9935466001662816
17.2496474076167 -0.9995762702082077
17.334204502752073 -0.9984633248111068
17.41876159788745 -0.9902157166857554
17.503318693022827 -0.9748923802975733
17.587875788158204 -0.9526028107419582
17.67243288329358 -0.9235062813313948
17.756989978428955 -0.8878107054851846
17.841547073564332 -0.8457711510543161
17.92610416869971 -0.7976880176976034
18.010661263835082 -0.7439048903328849
18.09521835897046 -0.6848060840017631
18.179775454105833 -0.6208138976914336
18.26433254924121 -0.5523855967367534
18.348889644376587 -0.48001014536530073
18.43344673951196 -0.4042047127334301
18.518003834647338 -0.3255109774199651
18.60256092978271 -0.2444912567843346
18.687118024918092 -0.16172448884729299
18.77167512005347 -0.07780209540639124
18.856232215188843 0.006676244053236082
18.94078931032422 0.09110687745453942
19.025346405459594 0.17488649361092928
19.10990350059497 0.2574164332728191
19.194460595730348 0.33810696693303305
19.27901769086572 0.41638150882349567
19.3635747860011 0.4916807369914493
19.448131881136472 0.563466590014574
19.53268897627185 0.631226111795989
19.617246071407227 0.694475116965508
19.7018031665426 0.7527616506955768
19.786360261677977 0.8056692182092474
19.870917356813354 0.8528197609032595
19.95547445194873 0.893876357819961
20.04003154708411 0.9285456331642764
20.124588642219482 0.956579852662478
20.20914573735486 0.9777786937829348
20.293702832490233 0.9919906771694524
20.37825992762561 0.9991142490587213
20.462817022760987 0.9990985069472762
20.54737411789636 0.9919435633226302
20.631931213031738 0.9777005448594768
20.71648830816711 0.9564712270867138
20.80104540330249 0.9284073071358173
20.885602498437866 0.8937093197672613
20.970159593573243 0.8526252044206546
21.05471668870862 0.8054485335279562
21.139273783843993 0.7525164147496073
21.22383087897937 0.6942070821234402
21.308387974114748 0.6309371933391882
21.39294506925012 0.5631588524512668
21.4775021643855 0.49135637930447534
21.562059259520872 0.41604284875718117
21.64661635465625 0.3377564244313922
21.731173449791626 0.25705651318751965
21.815730544927 0.17451976780250675
21.900287640062377 0.0907359664147884
21.984844735197754 0.00630379818013168
22.06940183033313 -0.07817341474750934
22.15395892546851 -0.16209202834087372
22.238516020603882 -0.24485239012426563
22.32307311573926 -0.32586312407624
22.407630210874633 -0.4045453563916609
22.49218730601001 -0.4803368519074331
22.576744401145387 -0.552696031634383
22.66130149628076 -0.6211058426875234
22.745858591416138 -0.6850774529615248
22.83041568655151 -0.7441537441505347
22.91497278168689 -0.7979125781525411
22.999529876822265 -0.8459698135176378
23.08408697195764 -0.8879820503857964
23.168644067093016 -0.9236490842997656
23.253201162228393 -0.9527160513590177
23.33775825736377 -0.9749752493862694
23.422315352499147 -0.9902676220931429
23.50687244763452 -0.9984838956396611
23.591429542769898 -0.9995653594661267
23.67598663790527 -0.9935042858178361
23.76054373304065 -0.9803439849648581
23.845100828176026 -0.9601784957222946
23.9296579233114 -0.9331519134824574
24.014215018446777 -0.8994573605605929
24.09877211358215 -0.8593356062117209
24.183329208717527 -0.813073346179419
24.267886303852904 -0.7610011540703252
24.35244339898828 -0.7034911191930673
24.43700049412366 -0.6409541877408033
24.521557589259032 -0.5738372263163292
24.60611468439441 -0.5026198287827379
24.690671779529787 -0.4278108892567813
24.77522887466516 -0.3499449657330456
24.859785969800537 -0.26957846032321015
24.94434306493591 -0.18728564340507003
25.028900160071288 -0.10365455009125481
25.113457255206665 -0.01928277834011234
25.19801435034204 0.06522678126612516
25.282571445477416 0.1492702535623779
25.36712854061279 0.23224709387719766
25.45168563574817 0.3135643793107835
25.536242730883547 0.39264104555046725
25.62079982601892 0.46891203894903444
25.705356921154298 0.5418323541965065
25.78991401628967 0.6108809287336423
25.87447111142505 0.6755643660791275
25.959028206560426 0.7354204614647958
26.0435853016958 0.790021504586025
26.128142396831176 0.8389773358669994
26.21269949196655 0.8819381344018372
26.297256587101927 0.9185969176500063
26.381813682237304 0.9486917350240324
26.466370777372678 0.9720075396949563
26.550927872508055 0.9883777252402594
26.635484967643432 0.997685316153918
26.72004206277881 0.9998638037116442
26.804599157914186 0.9948976212185021
26.88915625304956 0.9828222552429572
26.973713348184937 0.963723992042515
27.05827044332031 0.9377393009929117
27.142827538455688 0.9050538594266316
27.227384633591065 0.8659012258489351
27.311941728726442 0.8205611710120957
27.396498823861812 0.7693576787734141
27.48105591899719 0.7126566310221346
27.565613014132566 0.6508631932180144
27.650170109267943 0.5844189192234701
27.73472720440332 0.5137985961172001
27.819284299538694 0.43950685153509844
27.90384139467407 0.362074547781177
27.988398489809448 0.2820549884749384
28.072955584944825 0.2000199648410841
28.157512680080202 0.11655566989340606
28.242069775215572 0.03225850970863478
28.32662687035095 -0.05226915827865162
28.411183965486327 -0.13642332950732822
28.495741060621704 -0.21960266829087324
28.58029815575708 -0.30121280474765716
28.66485525089245 -0.38067058195607495
28.74941234602783 -0.4574082229859032
28.83396944116321 -0.530877388029642
28.918526536298586 -0.6005530926432116
29.003083631433963 -0.6659374590974875
29.087640726569333 -0.7265632740349388
29.17219782170471 -0.7819973270096278
29.256754916840087 -0.831843506054483
29.341312011975464 -0.875745628156128
29.42586910711084 -0.9133899844116253
29.51042620224621 -0.9445075816803825
29.59498329738159 -0.9688760647131841
29.679540392516966 -0.986321305023464
29.764097487652343 -0.9967186451473634
29.84865458278772 -0.999993789401494
29.933211677923094 -0.9961233347733878
30.01776877305847 -0.9851349381510747
30.102325868193848 -0.9671071186968277
30.186882963329225 -0.94216869677724
30.271440058464602 -0.9104978734588399
30.355997153599972 -0.8723209571468453
30.44055424873535 -0.8279107464660186
30.525111343870726 -0.7775845809390319
30.609668439006104 -0.7217020733914331
30.69422553414148 -0.6606625402866851
30.77878262927685 -0.5949021483531757
30.863339724412228 -0.5248907978923514
30.947896819547605 -0.4511287650388285
31.032453914682982 -0.37414312696558144
31.11701100981836 -0.29448399557849886
31.201568104953733 -0.21272058661295418
31.28612520008911 -0.1294371522212081
31.370682295224487 -0.04522880611497493
31.455239390359864 0.03930272890487491
31.53979648549524 0.12355342064478837
31.62435358063061 0.20692124371709608
31.70891067576599 0.28881048139869464
31.793467770901366 0.36863598241019246
31.878024866036743 0.44582734219823417
31.96258196117212 0.519832978842946
32.04713905630749 0.590124074465562
32.13169615144287 0.6561983539723442
32.21625324657825 0.7175836741332172
32.30081034171362 0.7738413973488416
32.385367436849 0.8245695259984541
32.469924531984375 0.8694055749714201
32.55448162711975 0.9080291618565524
32.63903872225512 0.9401642962805112
32.7235958173905 0.965581352036562
32.80815291252588 0.9840987079115239
32.89271000766126 0.9955840454861811
32.97726710279663 0.9999552946354916
33.061824197932005 0.997181219972431
33.146381293067385 0.9872816440449196
33.23093838820276 0.9703273056909718
33.31549548333814 0.9464393545641878
33.400052578473506 0.9157884854415614
33.48460967360889 0.8785937184994712
33.56916676874426 0.8351208342736682
33.65372386387964 0.7856804744863478
33.738280959015015 0.7306259223112517
33.82283805415039 0.6703505779381113
33.90739514928577 0.6052851474752424
33.99195224442114 0.5358945652773647
34.07650933955652 0.46267467169052245
34.1610664346919 0.386148669953905
34.24562352982727 0.30686338757610365
34.330180624962644 0.2253853689008344
34.414737720098024 0.14229682678315342
34.4992948152334 0.05819148230412062
34.58385191036878 -0.026329677748290856
34.668409005504145 -0.11066269531632292
34.752966100639526 -0.19420495674134255
34.8375231957749 -0.2763594988259717
34.92208029091028 -0.3565392745202201
35.006637386045654 -0.4341713477502194
35.09119448118103 -0.5087009874150664
35.17575157631641 -0.5795956312973543
35.26030867145178 -0.6463486915627754
35.34486576658716 -0.7084831746561071
35.429422861722536 -0.7655550897269501
35.51397995685791 -0.8171566212299937
35.59853705199328 -0.8629190430293981
35.683094147128664 -0.9025153531842305
35.76765124226404 -0.9356626105876674
35.85220833739942 -0.9621239567632304
35.936765432534784 -0.9817103083709383
36.021322527670165 -0.9942817083294253
36.10587962280554 -0.9997483258992932
36.19043671794092 -0.9980710985815445
36.27499381307629 -0.9892620112442597
36.359550908211666 -0.9733840104830059
36.44410800334705 -0.9505505548269179
36.52866509848242 -0.9209248040045329
36.6132221936178 -0.8847184530625607
36.697779288753175 -0.8421902196686197
36.78233638388855 -0.7936439954070592
36.86689347902392 -0.7394266742781186
36.9514505741593 -0.679925673917145
37.036007669294676 -0.6155661672463978
37.12056476443006 -0.546808044340987
37.20512185956542 -0.47414262621850517
37.289678954700804 -0.3980891540342399
37.374236049836185 -0.319191078769189
37.45879314497156 -0.23801217792317972
37.54335024010694 -0.15513252696196075
37.627907335242305 -0.07114435430491468
37.712464430377686 0.013352190528039615
37.79702152551306 0.09775332537072111
37.88157862064844 0.18145594982273808
37.966135715783814 0.26386195478973645
38.05069281091919 0.3443824963576684
38.13524990605456 0.42244220346131034
38.21980700118994 0.49748328928065094
38.304364096325315 0.5689695369864978
38.388921191460696 0.6363901313546922
38.47347828659607 0.6992633088694261
38.55803538173144 0.7571398002335021
38.642592476866824 0.8096060406864409
38.7271495720022 0.8562871251907133
38.81170666713758 0.8968494873694248
38.896263762272945 0.9310032830526154
38.980820857408325 0.9585044614003366
39.0653779525437 0.9791565088028519
39.14993504767908 0.9928118530968181
39.23449214281445 0.9993729180633024
39.31904923794983 0.9987928206726441
39.4036063330852 0.9910757060938532
39.48816342822058 0.9762767180747123
39.572720523355954 0.9545016049042317
39.657277618491335 0.9259059637730913
39.74183471362671 0.890694128931637
39.82639180876208 0.8491177115902079
39.91094890389746 0.8014738019951899
39.99550599903284 0.7481028465281145
40.08006309416822 0.6893862149972372
40.164620189303584 0.6257434755049778
40.249177284438964 0.5576293963638769
40.33373437957434 0.4855306964845421
40.41829147470972 0.4099625674558779
40.50284856984509 0.3314649921698339
40.587405664980466 0.25059888629624805
40.671962760115846 0.1679420901795889
40.75651985525122 0.08408523979801368
40.8410769503866 -0.00037245371067734577
40.925634045521974 -0.08482748579801357
41.01019114065735 -0.16867637093311322
41.09474823579272 -0.25131995489497183
41.1793053309281 -0.3321676961147977
41.263862426063476 -0.4106418854753661
41.348419521198856 -0.4861817744143267
41.43297661633422 -0.5582475818333307
41.5175337114696 -0.626324351181273
41.60209080660498 -0.6899256301500173
41.68664790174036 -0.7485969466891228
41.77120499687573 -0.8019190565009404
41.855762092011105 -0.8495109388108385
41.940319187146486 -0.8910325190057161
42.02487628228186 -0.9261870986858627
42.10943337741724 -0.9547234757659006
42.19399047255261 -0.976437739475251
