0.0 0.0
0.08530581742050454 0.08520239214774207
0.17061163484100908 0.16978513536630155
0.25591745226151363 0.25313308722902184
0.34122326968201816 0.3346400855399902
0.4265290871025227 0.4137133567519956
0.5118349045230273 0.4897778270132557
0.5971407219435318 0.5622803044900891
0.6824465393640363 0.63069350254888
0.7677523567845409 0.6945198745380559
0.8530581742050454 0.7532952322809733
0.93836399162555 0.806592121963606
1.0236698090460545 0.8540229328653144
1.1089756264665591 0.895242716323923
1.1942814438870637 0.9299516944337016
1.279587261307568 0.957897440231315
1.3648930787280726 0.9788767135139683
1.4501988961485772 0.9927369389384475
1.5355047135690818 0.9993773156513255
1.6208105309895864 0.9987495503803621
1.7061163484100907 0.9908582086555632
1.7914221658305953 0.9757606816055854
1.8767279832511 0.9535667685709636
1.9620338006716045 0.9244378785696796
2.047339618092109 0.888585856422549
2.1326454355126137 0.846271442075628
2.2179512529331182 0.7978023743244849
2.303257070353623 0.7435311527313195
2.3885628877741274 0.6838524740117752
2.473868705194632 0.6192003615357526
2.559174522615136 0.5500450088184261
2.6444803400356407 0.47688935995770504
2.7297861574561453 0.40026545188750134
2.81509197487665 0.3207305450483804
2.9003977922971544 0.2388630706159604
2.9857036097176586 0.1552584237615296
3.0710094271381636 0.07052463353910905
3.156315244558668 -0.014722059109544891
3.2416210619791728 -0.09986168307230121
3.3269268793996774 -0.1842750459123085
3.4122326968201815 -0.2673482370506026
3.4975385142406865 -0.3484770925355042
3.5828443316611907 -0.4270715889279999
3.668150149081695 -0.5025601343478437
3.7534559665022 -0.5743937254729955
3.8387617839227044 -0.6420499402599171
3.924067601343209 -0.7050367373469937
4.009373418763714 -0.762896034509257
4.094679236184218 -0.8152070401394987
4.179985053604723 -0.8615893135270044
4.265290871025227 -0.9017055316775113
4.350596688445732 -0.9352639425522187
4.4359025058662365 -0.9620204868842515
4.521208323286741 -0.9817805731413057
4.606514140707246 -0.9944004927257579
4.691819958127749 -0.9997884651199517
4.777125775548255 -0.997905305375667
4.8624315929687585 -0.9887647090933399
4.947737410389264 -0.9724331528184711
5.033043227809768 -0.949029410579613
5.118349045230272 -0.9187236900839852
5.203654862650777 -0.8817363948528962
5.288960680071281 -0.83833652129954
5.374266497491787 -0.7888397024067009
5.459572314912291 -0.7336059122320537
5.544878132332795 -0.6730368479354265
5.6301839497533 -0.6075730083676959
5.715489767173804 -0.5376904904677599
5.800795584594309 -0.46389752676634605
5.8861014020148135 -0.38673078917824627
5.971407219435317 -0.30675148596428203
6.056713036855823 -0.2245412802485021
6.142018854276327 -0.1406980597739119
6.227324671696832 -0.05583158866187717
6.312630489117336 0.029440927201446972
6.39793630653784 0.11449932890019507
6.4832421239583455 0.19872501470028678
6.568547941378849 0.28150543893603824
6.653853758799355 0.36223856685300587
6.739159576219858 0.4403372530084086
6.824465393640363 0.5152335113865176
6.909771211060868 0.5863826461738239
6.995077028481373 0.6532672131522502
7.080382845901878 0.7154007829004811
7.165688663322381 0.7723314784348986
7.250994480742886 0.8236452615620177
7.33630029816339 0.8689689440418654
7.421606115583896 0.907972901663112
7.5069119330044 0.9403734714913625
7.592217750424904 0.9659350148562376
7.677523567845409 0.9844716310737883
7.7628293852659125 0.9958485094409306
7.848135202686418 0.999982909669277
7.9334410201069225 0.9968447636279952
8.018746837527427 0.9864568940194187
8.104052654947932 0.9688948483970514
8.189358472368436 0.9442863497330993
8.27466428978894 0.91281036753137
8.359970107209445 0.8746958162410312
8.44527592462995 0.830219890437235
8.530581742050455 0.7797060488762911
8.61588755947096 0.723521662086692
8.701193376891464 0.6620753406042851
8.786499194311968 0.5958139632824568
8.871805011732473 0.5252194272894515
8.957110829152976 0.45080514342902334
9.042416646573482 0.3731123022727895
9.127722463993987 0.29270593825950786
9.213028281414491 0.2101708203857315
9.298334098834994 0.12610719937355183
9.383639916255499 0.041126442244833444
9.468945733676005 -0.0441534139497194
9.55425155109651 -0.12911215691042774
9.639557368517014 -0.2131319096883807
9.724863185937517 -0.2956016243009241
9.810169003358022 -0.37592152568234444
9.895474820778528 -0.45350747365032423
9.980780638199032 -0.5277952111650507
10.066086455619535 -0.5982444679847853
10.15139227304004 -0.6643428898733449
10.236698090460544 -0.7256097647836663
10.32200390788105 -0.7815995189181663
10.407309725301554 -0.8319049572401753
10.492615542722058 -0.8761602248693051
10.577921360142563 -0.914043467823456
10.663227177563067 -0.9452791737568031
10.748532994983574 -0.9696401756703231
10.833838812404077 -0.986949304022538
10.919144629824581 -0.9970806752252285
11.004450447245086 -0.9999606071532958
11.08975626466559 -0.9955681550105865
11.175062082086095 -0.9839352636544935
11.2603678995066 -0.9651465352715328
11.345673716927104 -0.9393386140935124
11.430979534347609 -0.9066991926290492
11.516285351768113 -0.8674656466377877
11.601591169188618 -0.8219233087747003
11.686896986609122 -0.7704033934596874
11.772202804029627 -0.7132805880642159
11.857508621450132 -0.6509703279335027
11.942814438870634 -0.5839257750621107
12.02812025629114 -0.5126345223960443
12.113426073711645 -0.4376150477298983
12.19873189113215 -0.35941294298865045
12.284037708552654 -0.27859694631733684
12.369343525973157 -0.1957548058358872
12.454649343393664 -0.11148900514066662
12.539955160814168 -0.026412381639777563
12.625260978234673 0.058856330411534714
12.710566795655176 0.14369699976127548
12.79587261307568 0.2274926081710103
12.881178430496186 0.309633737786235
12.966484247916691 0.38952300323166617
13.051790065337196 0.466579396198283
13.137095882757698 0.5402425109253437
13.222401700178203 0.6099766198468727
13.30770751759871 0.6752745697617506
13.393013335019214 0.7356614701918716
13.478319152439717 0.7906981471041491
13.563624969860221 0.8399843368785764
13.648930787280726 0.8831615972936683
13.734236604701232 0.9199159143586578
13.819542422121735 0.9499799860337989
13.90484823954224 0.9731351662300487
13.990154056962746 0.9892130549500365
14.075459874383249 0.9980967230057689
14.160765691803755 0.9997215624060954
14.246071509224256 0.9940757562293413
14.331377326644763 0.9812003645638863
14.416683144065269 0.9611890258916695
14.501988961485772 0.9341872760863597
14.587294778906276 0.9003914899788859
14.67260059632678 0.8600474531879923
14.757906413747286 0.8134485746023963
14.843212231167792 0.76093375251461
14.928518048588295 0.7028849099253012
15.0138238660088 0.6397242169431221
15.099129683429302 0.5719110204806008
15.184435500849808 0.49993850357535913
15.269741318270315 0.4243300986323678
15.355047135690818 0.3456356806724968
15.440352953111322 0.2644275682726297
15.525658770531825 0.18129636128121374
15.610964587952331 0.09684664558011155
15.696270405372836 0.011692596130674773
15.781576222793339 -0.07354648971843285
15.866882040213845 -0.15825069617683227
15.952187857634348 -0.24180399745573114
16.037493675054854 -0.3235987379205697
16.12279949247536 -0.40304005137023985
16.208105309895863 -0.4795501873030134
16.293411127316368 -0.5525727127055995
16.378716944736873 -0.6215765588071419
16.464022762157377 -0.6860598833674348
16.54932857957788 -0.7455537204102105
16.634634396998386 -0.7996253908581892
16.71994021441889 -0.8478816492654669
16.805246031839395 -0.8899715437620944
16.8905518492599 -0.9255889684114093
16.975857666680405 -0.9544748894176711
17.06116348410091 -0.9764192289935223
17.146469301521414 -0.9912623931865276
17.23177511894192 -0.998896432553414
17.317080936362423 -0.9992658272408088
17.402386753782928 -0.9923678907628435
17.48769257120343 -0.9782527895390805
17.572998388623937 -0.9570231780506666
17.65830420604444 -0.9288334522681183
17.743610023464946 -0.8938886267802836
17.82891584088545 -0.852442843790781
17.91422165830595 -0.8047975248254785
17.99952747572646 -0.7512991785930244
18.084833293146964 -0.6923368809411843
18.17013911056747 -0.6283394452363547
18.255444927987973 -0.5597723037452279
18.340750745408474 -0.4871341226992484
18.426056562828983 -0.4109531756593751
18.511362380249487 -0.3317835015565376
18.596668197669988 -0.2502008753489847
18.681974015090496 -0.1667986206006945
18.767279832510997 -0.08218329443459085
18.852585649931505 0.0030297237576403136
18.93789146735201 0.08822070776708484
19.02319728477251 0.17277009163219173
19.10850310219302 0.2560629755379027
19.19380891961352 0.337493597779401
19.27911473703403 0.41646974026748124
19.364420554454533 0.49241703553556215
19.449726371875034 0.5647831439250864
19.535032189295542 0.6330417705698939
19.620338006716043 0.6966964929653725
19.705643824136548 0.7552843712858347
19.790949641557056 0.8083793151933298
19.876255458977557 0.855595182652306
19.961561276398065 0.8965885882134443
20.046867093818566 0.9310614003428783
20.13217291123907 0.9587629096346505
20.21747872865958 0.9794916521376115
20.30278454608008 0.9930968745363712
20.388090363500588 0.9994796305305034
20.47339618092109 0.998593500438384
20.558701998341594 0.9904449287922487
20.6440078157621 0.9750931774692292
20.729313633182603 0.9526498946992499
20.814619450603107 0.9232783030842234
20.899925268023612 0.8871920125338477
20.985231085444116 0.8446534667510991
21.070536902864625 0.7959720345656388
21.155842720285126 0.7415017599962433
21.24114853770563 0.6816387874052695
21.326454355126135 0.6168184804712342
21.41176017254664 0.5475122559321945
21.497065989967147 0.47422415512711413
21.58237180738765 0.39748717826927027
21.667677624808153 0.31785940811126245
21.752983442228658 0.2359199511930376
21.838289259649162 0.15226472619078896
21.923595077069667 0.06750212999674561
22.00890089449017 -0.017751386950995554
22.094206711910676 -0.10287580390942402
22.17951252933118 -0.18725203903722107
22.264818346751685 -0.27026645177304265
22.35012416417219 -0.3513153056411654
22.435429981592694 -0.429809159027981
22.5207357990132 -0.5051771519966672
22.606041616433703 -0.5768711579634458
22.691347433854208 -0.6443697700416521
22.776653251274713 -0.7071820930622509
22.861959068695217 -0.7648513136926811
22.947264886115722 -0.8169580226897319
23.032570703536226 -0.8631232651247992
23.11787652095673 -0.9030112963982391
23.203182338377236 -0.936332023999234
23.28848815579774 -0.9628431172530567
23.373793973218245 -0.9823517697122344
23.45909979063875 -0.9947161013743235
23.544405608059254 -0.9998461905284267
23.62971142547976 -0.9977047277261726
23.715017242900263 -0.9883072871210425
23.800323060320768 -0.9717222132026837
23.88562887774127 -0.9480701237499511
23.970934695161777 -0.9175230326175335
24.05624051258228 -0.8803030987358671
24.141546330002786 -0.8366810104224103
24.22685214742329 -0.7869740167546924
24.31215796484379 -0.731543620322287
24.3974637822643 -0.6707929481375595
24.482769599684804 -0.6051638198257351
24.56807541710531 -0.5351335344162926
24.653381234525813 -0.46121139910437614
24.738687051946314 -0.3839350252273499
24.823992869366823 -0.3038664183946357
24.909298686787327 -0.22158789120609385
24.99460450420783 -0.13769782828428764
25.079910321628336 -0.05280633442027064
25.165216139048837 0.03246920251756683
25.250521956469345 0.11750860164209112
25.33582777388985 0.20169339941867076
25.42113359131035 0.2844113475467505
25.50643940873086 0.3650608656400426
25.59174522615136 0.44305541632245926
25.67705104357187 0.517827770921271
25.762356860992373 0.5888341347343282
25.847662678412874 0.6555581018698152
25.932968495833382 0.717514410896176
26.018274313253883 0.7742524739886154
26.10358013067439 0.8253596539059473
26.188885948094896 0.8704642649652746
26.274191765515397 0.9092382761895377
26.359497582935905 0.9413996969687407
26.444803400356406 0.966714627884746
26.53010921777691 0.9849989617847063
26.61541503519742 0.9961197227317207
26.70072085261792 0.9999960330950225
26.786026670038428 0.9965997017463439
26.87133248745893 0.9859554290847039
26.956638304879434 0.9681406273985415
27.04194412229994 0.9432848578716461
27.127249939720443 0.9115688883273546
27.21255575714095 0.873223378563711
27.297861574561452 0.8285272028407638
27.383167391981956 0.7778054217199206
27.468473209402465 0.7214269180055891
27.55377902682297 0.6598017139820656
27.63908484424347 0.5933779894565279
27.724390661663975 0.5226388222949441
27.80969647908448 0.44809867515591145
27.895002296504988 0.3702996539732098
27.980308113925492 0.28980756539795144
28.065613931345993 0.2072078018731897
28.150919748766498 0.12310108426753023
28.236225566187002 0.038099093030171276
28.32153138360751 -0.04717998035950964
28.406837201028015 -0.13211592929491192
28.492143018448512 -0.2160910426005564
28.57744883586902 -0.2984945969419841
28.662754653289525 -0.37872729841532027
28.74806047071003 -0.45620564101445565
28.833366288130538 -0.530366150277982
28.918672105551035 -0.6006694812533057
29.003977922971544 -0.6666043409748513
29.089283740392048 -0.7276912069293026
29.174589557812553 -0.7834858144649123
29.25989537523306 -0.8335823877819413
29.34520119265356 -0.8776165910063635
29.430507010074066 -0.9152681778846795
29.51581282749457 -0.946263320829381
29.601118644915076 -0.9703766023768114
29.686424462335584 -0.9874326545741089
29.77173027975608 -0.9973074343725526
29.85703609717659 -0.999929125751799
29.942341914597094 -0.9952786620141302
30.0276477320176 -0.983389864450271
30.112953549438107 -0.9643491963682804
30.198259366858604 -0.9382951342744026
30.283565184279112 -0.9054171607790411
30.368871001699617 -0.8659543865521776
30.45417681912012 -0.8201938113502244
30.53948263654063 -0.7684682367613493
30.624788453961127 -0.7111538458491755
30.710094271381635 -0.648667467297253
30.79540008880214 -0.5814635439514104
30.880705906222644 -0.5100308278066116
30.96601172364315 -0.4348888254747248
31.05131754106365 -0.3565840199840801
31.136623358484155 -0.2756858963884239
31.221929175904663 -0.19278280008974885
31.307234993325167 -0.1084776579960097
31.392540810745672 -0.02338359363233115
31.477846628166173 0.06188053190438685
31.563152445586677 0.1466946207183681
31.648458263007186 0.2304418478826545
31.73376408042769 0.3125131474035945
31.819069897848195 0.39231164175718264
31.904375715268696 0.46925698278264083
31.9896815326892 0.5427895723634184
32.07498735010971 0.6123746321999254
32.16029316753021 0.6775060930759296
32.24559898495072 0.7377102753332629
32.330904802371215 0.7925493337879105
32.41621061979173 0.8416244420338157
32.50151643721223 0.8845786929759
32.586822254632736 0.9210996944978296
32.67212807205324 0.9509218413869421
32.757433889473745 0.9738282469934623
32.84273970689425 0.989652320575655
32.928045524314754 0.9982789788594085
33.01335134173526 0.9996454830009743
33.09865715915576 0.9937418948659094
33.18396297657627 0.9806111493058535
33.26926879399677 0.960348741907498
33.35457461141728 0.9331020344846437
33.43988042883778 0.8990691833642754
33.525186246258286 0.8584976982608764
33.61049206367879 0.8116826422198136
33.695797881099296 0.7589644857210139
33.7811036985198 0.7007266305493277
33.866409515940305 0.6373926214396548
33.95171533336081 0.5694230657756185
34.037021150781314 0.4973122837438073
34.12232696820182 0.4215847133059048
34.20763278562232 0.3427910961341644
34.29293860304283 0.2615044722486626
34.37824442046333 0.17831601248601342
34.46355023788384 0.09383071910862881
34.548856055304334 0.008663025822581159
34.634161872724846 -0.07656767079635814
34.71946769014535 -0.1612415159698908
34.804773507565855 -0.24474270471686127
34.89007932498636 -0.32646396039997966
34.97538514240686 -0.40581095124874544
35.06069095982737 -0.48220661273865095
35.14599677724787 -0.5550953443912967
35.23130259466838 -0.6239470504736994
35.31660841208888 -0.6882609952098918
35.40191422950938 -0.7475694444672621
35.48722004692989 -0.801441067432834
35.572525864350396 -0.8494840735401259
35.6578316817709 -0.8913490618329172
35.743137499191405 -0.9267315620432738
35.8284433166119 -0.9553742489035044
35.913749134032415 -0.9770688135880714
35.99905495145292 -0.991657478675032
36.084360768873424 -0.999034145609272
36.16966658629393 -0.9991451663223332
36.254972403714426 -0.9919897333971448
36.34027822113494 -0.9776198859400975
36.42558403855544 -0.9561401311177747
36.51088985597595 -0.9277066841107503
36.59619567339645 -0.8925263320120478
36.68150149081695 -0.8508549299327388
36.76680730823745 -0.8029955402519949
36.852113125657965 -0.7492962285442598
36.93741894307847 -0.6901475322129974
37.022724760498974 -0.6259796202407909
37.10803057791947 -0.5572591647120698
37.193336395339976 -0.4844859468607519
37.27864221276049 -0.4081892223260035
37.36394803018099 -0.3289238720503362
37.4492538476015 -0.24726636681327807
37.534559665021995 -0.16381057474933794
37.6198654824425 -0.07916344234067148
37.70517129986301 0.006059419704697574
37.790477117283515 0.09123821358675055
37.87578293470402 0.1757534619987241
37.96108875212452 0.2589905133814478
38.04639456954502 0.34034401208167886
38.131700386965534 0.419222300904306
38.21700620438604 0.49505172404021697
38.30231202180654 0.5672807990760466
38.38761783922704 0.6353842277440575
38.472923656647545 0.6988667162434179
38.55822947406806 0.7572665773488164
38.64353529148856 0.8101590881095588
38.728841108909066 0.8571595787196916
38.81414692632956 0.8979262300947531
38.89945274375007 0.9321625598093845
38.98475856117057 0.9596195783163163
39.070064378591084 0.9800975997653352
39.15537019601159 0.993447694252678
39.240676013432086 0.9995727709391687
39.32598183085259 0.9984282841599008
39.411287648273095 0.9900225573901817
39.49659346569361 0.9744167227116398
39.58189928311411 0.9517242762187393
39.66720510053461 0.9221102525990702
39.752510917955114 0.8857900248904278
39.83781673537562 0.8430277381436752
39.92312255279613 0.7941343883827936
40.008428370216635 0.7394655608332737
40.09373418763713 0.6794188438678936
40.17904000505764 0.6144309374774608
40.26434582247814 0.54497447729567
40.34965163989865 0.47155459727581783
40.43495745731916 0.3947052560180006
40.520263274739655 0.3149853534640918
40.60556909216016 0.2329746662025854
40.690874909580664 0.14926963094450188
40.776180727001176 0.06447900683564457
40.86148654442168 -0.020780551848084583
40.94679236184218 -0.10588898042411955
41.03209817926268 -0.19022731332939374
41.11740399668319 -0.273182185652934
41.20270981410369 -0.35415029393682057
41.2880156315242 -0.43254278380348504
41.3733214489447 -0.5077895324995751
41.458627266365205 -0.5793432952109837
41.54393308378571 -0.6466836849940347
41.629238901206215 -0.7093209573783212
41.714544718626726 -0.7667995721168962
41.799850536047224 -0.8187015061803937
41.88515635346773 -0.8646492939008543
41.97046217088823 -0.9043087721551312
42.05576798830874 -0.9373915106232211
42.14107380572925 -0.9636569094469597
42.22637962314975 -0.9829139490335174
42.31168544057025 -0.9950225792779879
42.396991257990756 -0.9998947381016445
42.48229707541126 -0.9974949918984373
42.56760289283177 -0.9878407932319333
