0.0 0.0
0.1283199043504656 0.12796804161906722
0.2566398087009312 0.25383185147466714
0.38495971305139687 0.3755217985619153
0.5132796174018625 0.49103688443842025
0.641599521752328 0.5984776464744063
0.7699194261027937 0.6960773915072146
0.8982393304532593 0.7822312463122029
1.026559234803725 0.8555225472010616
1.1548791391541906 0.9147461348123992
1.283199043504656 0.9589281710486597
1.4115189478551218 0.9873421523012333
1.5398388522055875 0.9995208556516336
1.668158756556053 0.9952640216123861
1.7964786609065186 0.9746416470771203
1.9247985652569841 0.9379928343325182
2.05311846960745 0.8859202150582932
2.1814383739579157 0.8192800410036902
2.309758278308381 0.7391681042836353
2.4380781826588467 0.6469017188129653
2.566398087009312 0.5439980591655136
2.694717991359778 0.4321492130412054
2.8230378957102435 0.313194357563831
2.9513578000607095 0.1890895169262054
3.079677704411175 0.06187539867035086
3.20799760876164 -0.06635616251587903
3.336317513112106 -0.19349660170710922
3.464637417462572 -0.31745529575100717
3.5929573218130373 -0.43619394025481195
3.721277226163503 -0.5477600662727252
3.8495971305139682 -0.6503191455653227
3.977917034864434 -0.742184756510855
4.1062369392149 -0.8218463146377912
4.2345568435653655 -0.8879939117939307
4.3628767479158315 -0.9395398555112794
4.4911966522662965 -0.9756365543859549
4.619516556616762 -0.9956904553763749
4.7478364609672274 -0.9993718038429309
4.876156365317693 -0.9866200658407588
5.004476269668159 -0.9576449235045863
5.132796174018624 -0.9129228271581299
5.26111607836909 -0.8531891608431422
5.389435982719556 -0.7794261500935777
5.517755887070021 -0.6928467107923748
5.646075791420487 -0.5948745046908239
5.774395695770952 -0.4871205295459255
5.902715600121419 -0.3713566288138324
6.031035504471884 -0.24948635649054068
6.15935540882235 -0.12351367618133968
6.287675313172815 0.004489990906708402
6.41599521752328 0.1324198272057248
6.544315121873747 0.258172229178221
6.672635026224212 0.3796793977454946
6.800954930574678 0.49494333996842543
6.929274834925144 0.6020687228768486
7.057594739275609 0.6992940392183472
7.185914643626075 0.7850205726550735
7.31423454797654 0.8578386861218092
7.442554452327006 0.9165510010748673
7.570874356677471 0.9601920864857815
7.6991942610279365 0.9880443338254857
7.827514165378402 0.999649756999994
7.955834069728868 0.9948175232063398
8.084153974079333 0.9736270908757726
8.2124738784298 0.936426903105705
8.340793782780265 0.8838286580648541
8.469113687130731 0.8166972505856899
8.597433591481195 0.7361365503387709
8.725753495831663 0.6434712504443599
8.854073400182127 0.540225084992177
8.982393304532593 0.4280957736476281
9.110713208883059 0.3089271053408387
9.239033113233525 0.18467862007795907
9.36735301758399 0.057393387409362666
9.495672921934455 -0.07083558861321146
9.62399282628492 -0.1978997855733123
9.752312730635387 -0.3217098340013418
9.880632634985853 -0.4402298737462615
10.008952539336319 -0.5515110304712971
10.137272443686783 -0.6537234618056993
10.265592348037249 -0.745186446204358
10.393912252387715 -0.8243960197516085
10.52223215673818 -0.8900497064657914
10.650552061088646 -0.9410679354538554
10.778871965439112 -0.9766117927448256
10.907191869789576 -0.9960968159013501
11.035511774140042 -0.9992026045787881
11.16383167849051 -0.9858780890014117
11.292151582840974 -0.9563423697239856
11.42047148719144 -0.9110811148701596
11.548791391541904 -0.8508385740894009
11.67711129589237 -0.7766053405502755
11.805431200242838 -0.6896020622047372
11.933751104593302 -0.5912593701658722
12.062071008943768 -0.48319435424512397
12.190390913294232 -0.3671839724715709
12.3187108176447 -0.24513583183154092
12.447030721995166 -0.11905682069308457
12.57535062634563 0.00897989129466155
12.703670530696096 0.13686894319278362
12.83199043504656 0.2625074020986647
12.960310339397028 0.3838293425468736
13.088630243747494 0.49883981738132893
13.216950148097958 0.6056476615016185
13.345270052448424 0.7024965890777689
13.47358995679889 0.7877940728890362
13.601909861149355 0.8601375309117475
13.730229765499821 0.9183373895592132
13.858549669850287 0.9614366443352649
13.986869574200751 0.9887265962574524
14.115189478551217 0.9997585052893453
14.243509382901685 0.9943509691596971
14.37182928725215 0.9725929062354861
14.500149191602615 0.9348420934002004
14.62846909595308 0.8817192829796539
14.756789000303545 0.8140979954531559
14.885108904654013 0.7330901557927497
15.013428809004477 0.6400278096181629
15.141748713354943 0.5364412198163262
15.270068617705407 0.42403370379190475
15.398388522055873 0.3046536251103482
15.52670842640634 0.18026400008657933
15.655028330756805 0.052910219090801736
15.78334823510727 -0.0753135866565816
15.911668139457737 -0.20229897975610103
16.0399880438082 -0.3259578865428331
16.168307948158667 -0.4442569321506496
16.296627852509133 -0.5552508761413398
16.4249477568596 -0.6571145989026729
16.553267661210064 -0.7481731128497213
16.68158756556053 -0.8269291049427818
16.809907469910996 -0.8920875576288086
16.938227374261462 -0.942577043353972
17.066547278611928 -0.9775673424928101
17.19486718296239 -0.9964830949950351
17.323187087312856 -0.9990132612702827
17.451506991663326 -0.9851162367415345
17.57982689601379 -0.9550205359664984
17.708146800364254 -0.9092210350776303
17.83646670471472 -0.848470834327947
17.964786609065186 -0.773768874550153
18.093106513415652 -0.6863435111568097
18.221426417766118 -0.5876323157810955
18.349746322116584 -0.4792584376881817
18.47806622646705 -0.3630039136563765
18.606386130817512 -0.24078036520477086
18.73470603516798 -0.11459756500504342
18.863025939518447 0.013469610646931727
18.99134584386891 0.1413152998855285
19.119665748219376 0.26683728283839686
19.24798565256984 0.3879715493026649
19.376305556920308 0.5027262381236767
19.504625461270773 0.6092143901968865
19.63294536562124 0.705684976521691
19.761265269971705 0.7905516910999941
19.889585174322168 0.8624190352258874
20.017905078672637 0.9201052642516314
20.146224983023103 0.9626618195066742
20.274544887373565 0.9893889258426407
20.40286479172403 0.999847098327309
20.531184696074497 0.9938643688782444
20.659504600424963 0.9715391140055478
20.78782450477543 0.9332384371659594
20.916144409125895 0.8795921323279458
21.04446431347636 0.8114823280073814
21.172784217826827 0.7300289820612561
21.301104122177293 0.6365714657545514
21.429424026527755 0.5326465399211409
21.557743930878225 0.419963085365847
21.68606383522869 0.30037400302622896
21.814383739579153 0.17584574595133867
21.942703643929622 0.048425984095873814
22.071023548280085 -0.07979006636900912
22.19934345263055 -0.20669409556719037
22.32766335698102 -0.330199367734238
22.455983261331482 -0.44827503428199855
22.58430316568195 -0.5589795278871187
22.71262307003241 -0.660492488490509
22.84094297438288 -0.7511446962353862
22.969262878733346 -0.8294455191440094
23.09758278308381 -0.8941074241996568
23.225902687434278 -0.9440671487878324
23.35422259178474 -0.97850318436591
23.482542496135206 -0.996849284869997
23.610862400485676 -0.9988037777345982
23.739182304836138 -0.9843345244201605
23.867502209186604 -0.9536794488804509
23.995822113537066 -0.9073426252799734
24.124142017887536 -0.846085989292699
24.252461922238002 -0.7709168092767059
24.380781826588464 -0.6830711233413718
24.509101730938934 -0.5839934146583462
24.6374216352894 -0.4753128592236487
24.765741539639862 -0.3588165366387455
24.89406144399033 -0.2364200444169498
25.022381348340794 -0.11013599901634934
25.15070125269126 0.017959058450230252
25.27902115704173 0.1457588076448822
25.40734106139219 0.2711617841064999
25.535660965742657 0.3921059345054868
25.66398087009312 0.5066025238447603
25.79230077444359 0.6127688370569728
25.920620678794055 0.7088591372718396
26.048940583144518 0.7932933716940306
26.177260487494987 0.8646831530688336
26.30558039184545 0.9218545895115543
26.433900296195915 0.9638675873003301
26.562220200546385 0.9900313092284075
26.690540104896847 0.999915534327839
26.818860009247313 0.9933577321719007
26.94717991359778 0.9704657354305347
27.075499817948245 0.9316159667328826
27.20381972229871 0.8774472489933429
27.332139626649177 0.808850300980537
27.460459530999643 0.7269530908579159
27.588779435350105 0.6331022885338362
27.717099339700574 0.5288411218078138
27.84541924405104 0.4158840004336153
27.973739148401503 0.29608832536618396
28.102059052751972 0.17142394674475997
28.230378957102435 0.043940772827303146
28.3586988614529 -0.0842649375041296
28.48701876580337 -0.21108504440052536
28.615338670153832 -0.3344341920667754
28.7436585745043 -0.4522840991348858
28.87197847885476 -0.5626969105385629
29.00029838320523 -0.6638570624705565
29.128618287555696 -0.7541011364538751
29.25693819190616 -0.8319452116240772
29.385258096256628 -0.8961092654575881
29.51357800060709 -0.9455382217147313
29.641897904957556 -0.9794192994974424
29.770217809308026 -0.9971953781438042
29.898537713658488 -0.9985741581949485
30.026857618008954 -0.9835329677967027
30.155177522359416 -0.9523191355023213
30.283497426709886 -0.9054459233461524
30.41181733106035 -0.8436840870624189
30.540137235410814 -0.7680492022279147
30.668457139761284 -0.6797849647301477
30.796777044111746 -0.5803427401583104
30.925096948462212 -0.471357698394863
31.05341685281268 -0.3546219258366892
31.181736757163144 -0.23205495737268161
31.31005666151361 -0.10567221267270074
31.438376565864075 0.022448144196759785
31.56669647021454 0.15019937688918297
31.695016374565007 0.27548081872050945
31.823336278915473 0.3962324148056359
31.95165618326594 0.5104685963982025
32.0799760876164 0.6163109304237998
32.20829599196687 0.7120190073367532
32.33661589631733 0.7960190593985405
32.4649358006678 0.8669298387956935
32.593255705018265 0.9235853300723776
32.72157560936873 0.96505392340781
32.8498955137192 0.9906537334642253
32.97821541806967 0.9999638119112569
33.10653532242013 0.9928310692545232
33.2348552267706 0.9693727921498871
33.36317513112106 0.9299747148101691
33.49149503547152 0.8752846762169523
33.61981493982199 0.8062019674346034
33.748134844172455 0.7238625441930685
33.876454748522924 0.6296203478950381
34.00477465287339 0.5250250421940427
34.133094557223856 0.41179653123004956
34.26141446157432 0.29179667852998037
34.38973436592478 0.16699869161086311
34.51805427027525 0.039454675707478036
34.64637417462571 -0.08873810984799888
34.77469407897618 -0.21547173773403866
34.90301398332665 -0.338662274165892
35.031333887677114 -0.45628404588608307
35.15965379202758 -0.566402949152798
35.28797369637804 -0.667208253012587
35.41629360072851 -0.7570423739029966
35.54461350507898 -0.8344281319888908
35.67293340942944 -0.8980930410452362
35.80125331377991 -0.9469902324776656
35.92957321813037 -0.9803156694184157
36.057893122480834 -0.9975213678391738
36.186213026831304 -0.9983244072804907
36.314532931181766 -0.9827115830306401
36.442852835532236 -0.9509396232561871
36.5711727398827 -0.9035309675139114
36.69949264423317 -0.8412651760597437
36.82781254858363 -0.7651661112150768
36.9561324529341 -0.6764851015724971
37.08445235728456 -0.576680365879018
37.212772261635024 -0.46739303493833845
37.34109216598549 -0.3504201658140778
37.46941207033596 -0.2276851920726309
37.597731974686425 -0.10120629596456929
37.726051879036895 0.02693677738601321
37.85437178338736 0.1546369180960328
37.98269168773782 0.2797942996081663
38.11101159208829 0.40035090701277454
38.23933149643875 0.5143243778435045
38.36765140078922 0.6198405988883485
38.49597130513968 0.7151645230130697
38.62429120949015 0.7987286992633326
38.752611113840615 0.8691590471130133
38.88093101819108 0.9252974510421614
39.00925092254155 0.9662208039124379
39.13757082689201 0.9912561860019475
39.26589073124248 0.9999919301042812
39.39421063559295 0.9922843907436991
39.52253053994341 0.9682603061974754
39.65085044429387 0.9283147144856561
39.779170348644335 0.8731044575964988
39.907490252994805 0.8035373807603045
40.035810157345274 0.720757404372498
40.16413006169574 0.6261257140345091
40.292449966046206 0.5211983780124381
40.42076987039667 0.4077007601590225
40.54908977474713 0.28749914903774004
40.6774096790976 0.16257006976330138
40.80572958344806 0.03496778317666163
40.93404948779853 -0.09320949322093657
41.062369392148995 -0.2198540871314734
41.190689296499464 -0.34288352879293227
41.319009200849926 -0.46027479389618087
41.447329105200396 -0.5700975690156411
41.57564900955086 -0.6705459925562132
41.70396891390132 -0.7599683492870529
41.83228881825179 -0.8368942301824699
41.96060872260226 -0.900058710969454
42.08892862695272 -0.9484231518039193
42.217248531303184 -0.981192276057904
42.345568435653654 -0.9978272473841158
42.473888340004116 -0.9980545300262331
42.602208244354586 -0.9818703866811861
42.730528148705055 -0.9495409399531829
42.85884805305551 -0.9015977963889868
42.98716795740598 -0.8388293050502115
43.11548786175645 -0.7622675943616529
43.24380776610691 -0.6731716003940571
43.37212767045738 -0.5730063656543738
43.500447574807836 -0.4634189487821658
43.628767479158306 -0.3462113412788907
43.757087383508775 -0.2233108366118041
43.885407287859245 -0.09673833892536797
44.01372719220971 0.031424867526596366
44.14204709656017 0.1590713418040616
44.27036700091063 0.2841021398091818
44.3986869052611 0.40446132809760243
44.52700680961157 0.518169790447662
44.65532671396204 0.6233577712920738
44.783646618312495 0.7182956208868184
44.911966522662965 0.8014222366617357
45.04028642701343 0.8713707330796877
45.1686063313639 0.9269909179043455
45.296926235714366 0.9673682052897608
45.42524614006482 0.9918386546960588
45.55356604441529 0.9999998883400456
45.68188594876576 0.9917177076605341
45.81020585311622 0.9671283000011479
45.93852575746669 0.926635999225145
46.066845661817155 0.8709066370854479
46.19516556616762 0.8008565946760252
46.32348547051809 0.7176377339962056
46.451805374868556 0.6226184574044759
46.58012527921902 0.5173612064090212
46.70844518356948 0.403596769791767
46.83676508791995 0.28319582352816275
46.96508499227041 0.15813817048363996
47.09340489662088 0.030480185691134903
47.22172480097135 -0.09767899747931044
47.35004470532181 -0.2242320042441401
47.478364609672276 -0.34709787084690313
47.606684514022746 -0.46425626271123005
47.73500441837321 -0.573780695643104
47.86332432272368 -0.6738702138121974
47.99164422707413 -0.7628790036180295
48.1199641314246 -0.8393434564879831
48.24828403577507 -0.9020062356020934
48.37660394012554 -0.9498369508056718
48.504923844476004 -0.9820491017434145
48.633243748826466 -0.9981130106120607
48.76156365317693 -0.9977645318729338
48.8898835575274 -0.9810093957069627
49.01820346187787 -0.9481231137909342
49.14652336622834 -0.8996464489443344
49.2748432705788 -0.836376523141268
49.40316317492926 -0.7593537101020974
49.531483079279724 -0.6698445279954063
49.65980298363019 -0.5693208135526717
49.78812288798066 -0.4594355200443859
49.91644279233113 -0.3419955370815221
50.04476269668159 -0.21893197917772508
50.17308260103206 -0.09226843162965723
50.30140250538252 0.03591232413808077
50.42972240973299 0.16350255861476604
50.55804231408346 0.2884042524769943
50.68636221843391 0.4085635951935408
50.81468212278438 0.5220047566866837
50.94300202713485 0.6268623767283525
51.071321931485315 0.7214122378346953
51.199641835835784 0.8040996172917215
51.32796174018624 0.8735648521078624
51.45628164453671 0.9286656965184293
51.58460154888718 0.9684961044080274
51.71292145323765 0.9924011278039223
51.84124135758811 0.9999876864581112
51.96956126193857 0.9911310314294262
52.097881166289035 0.9659767963822855
52.226201070639505 0.9249386028717422
52.354520974989974 0.8686912589921281
52.48284087934044 0.798159663226726
52.6111607836909 0.7145035959571151
52.73948068804137 0.6190986487116638
52.86780059239183 0.5135136047416256
52.9961204967423 0.39948464286521457
53.12444040109277 0.2788867887568139
53.252760305443225 0.15370308311949293
53.381080209793694 0.02599197372141564
53.509400114144164 -0.10214653251737149
53.637720018494626 -0.22860540081271155
53.766039922845096 -0.3513052153661701
53.89435982719556 -0.4682283720643292
54.02267973154602 -0.5774522547829177
54.15099963589649 -0.6771808497638352
54.27931954024696 -0.765774278216795
54.40763944459742 -0.8417757615287383
54.535959348947884 -0.9039355756808275
54.66427925329835 -0.9512316009805607
54.792599157648816 -0.9828861292012357
54.920919061999285 -0.9983786517619886
55.049238966349755 -0.9974544186669891
55.17755887070021 -0.9801286274656498
55.30587877505068 -0.946686173352984
55.43419867940115 -0.8976769645193649
55.56251858375161 -0.8339068797812985
55.69083848810208 -0.7564245171806571
55.819158392452536 -0.6665039514507234
55.947478296803006 -0.5656237838750785
56.075798201153475 -0.45544282903142536
56.204118105503944 -0.3377728382131168
56.33243800985441 -0.21454870804867804
56.46075791420487 -0.08779666419129724
56.58907781855533 0.04039905675280288
56.7173977229058 0.16793047919426968
56.84571762725627 0.29270055088046915
56.97403753160674 0.41265762559840585
57.102357435957195 0.5258291992471961
57.230677340307665 0.6303543445439244
57.35899724465813 0.7245143110253194
57.4873171490086 0.8067607871769668
57.615637053359066 0.8757413599638415
57.74395695770952 0.9303217531206781
57.87227686205999 0.969604478528658
58.00059676641046 0.992943593986009
58.12891667076092 0.9999553247044694
58.25723657511139 0.9905243738778375
58.385556479461854 0.9648058185553373
58.51387638381232 0.9232225596451593
58.642196288162786 0.8664583679788311
58.770516192513256 0.7954466407828856
58.89883609686372 0.7113550534398205
59.02715600121418 0.6155663589158329
59.15547590556465 0.5096556505783564
59.28379580991511 0.3953644622803504
59.41211571426558 0.274572131594358
59.54043561861605 0.1492648970827395
59.66875552296651 0.021503237750388423
59.797075427316976 -0.1066120082690845
59.925395331667445 -0.2329741886689814
60.05371523601791 -0.35550547753014955
60.18203514036838 -0.4721910418772899
60.31035504471883 -0.5811121724160097
60.4386749490693 -0.6804778336683139
60.56699485341977 -0.7686541147142479
60.69531475777024 -0.8441910962691701
60.8236346621207 -0.905846692309932
60.951954566471166 -0.9526070742122739
61.08027447082163 -0.9837033415567952
61.2085943751721 -0.998624165478541
61.33691427952257 -0.9971241966603205
61.46523418387304 -0.9792280997136379
61.59355408822349 -0.9452301476082242
61.72187399257396 -0.8956893828191143
61.850193896924424 -0.8314204247586057
61.97851380127489 -0.753480074650222
62.10683370562536 -0.6631499381064214
62.23515360997582 -0.5619153511541558
62.36347351432629 -0.4514409562364012
62.49179341867676 -0.33354332980377743
62.62011332302722 -0.21016111159194859
62.74843322737769 -0.08332312676164888
62.87675313172815 0.04488497491770208
63.00507303607861 0.1723550142751695
63.13339294042908 0.29699094840572887
63.26171284477955 0.4167433367760276
63.390032749130015 0.5296430410279844
63.51835265348048 0.6338336043402992
63.64667255783095 0.7276017779205325
63.77499246218141 0.8094056926679717
63.90331236653188 0.8779002127689517
64.03163227088234 0.9319590543247945
