0.0 0.0
0.10479176693619714 0.10460008032483652
0.20958353387239428 0.2080525650320773
0.31437530080859144 0.30922244908433877
0.41916706774478857 0.40699977047001934
0.5239588346809857 0.5003117878950972
0.6287506016171829 0.5881347501164232
0.7335423685533801 0.6695051277919888
0.8383341354895771 0.7435301846205155
0.9431259024257743 0.8093977717915544
1.0479176693619714 0.8663852382885445
1.1527094362981687 0.913867359287502
1.2575012032343658 0.951323195666742
1.3622929701705628 0.978341809370111
1.4670847371067601 0.9946267719189386
1.5718765040429572 0.9999994166086131
1.6766682709791543 0.9944007987090577
1.7814600379153516 0.9778923421632195
1.8862518048515486 0.9506551656884686
1.9910435717877457 0.9129880956744317
2.095835338723943 0.8653043876782894
2.20062710566014 0.8081271924868969
2.3054188725963374 0.7420838164887801
2.4102106395325347 0.6678988393270068
2.5150024064687315 0.5863861643410196
2.6197941734049284 0.49844008901416553
2.7245859403411257 0.4050254933954499
2.829377707277323 0.3071672541409769
2.9341694742135203 0.20593900031647305
3.0389612411497176 0.10245133432401207
3.1437530080859144 -0.0021603528156784514
3.2485447750221113 -0.10674833814351535
3.3533365419583085 -0.21016515873936883
3.458128308894506 -0.3112762008464142
3.562920075830703 -0.40897214802385873
3.6677118427669 -0.5021811517560075
3.7725036097030973 -0.5898805909906473
3.877295376639294 -0.6711082915896814
3.9820871435754914 -0.7449730826004181
4.086878910511689 -0.8106645735318045
4.191670677447886 -0.8674620453664932
4.296462444384083 -0.914742357763047
4.40125421132028 -0.9519867856962423
4.506045978256477 -0.9787867105288541
4.610837745192675 -0.9948481030766382
4.715629512128872 -0.9999947494816022
4.820421279065069 -0.9941701845016421
4.925213046001265 -0.9774383110059016
5.030004812937463 -0.9499826988792051
5.13479657987366 -0.9121045710274738
5.239588346809857 -0.864219498580198
5.3443801137460545 -0.8068528415477909
5.449171880682251 -0.7406339849556002
5.553963647618449 -0.666289433691493
5.658755414554646 -0.584634841825313
5.763547181490843 -0.49656606384867374
5.8683389484270405 -0.4030493260143567
5.973130715363237 -0.30511062560818997
6.077922482299435 -0.20382447445683677
6.182714249235632 -0.10030211016951922
6.287506016171829 0.004320695548710042
6.392297783108026 0.10889609775385149
6.4970895500442225 0.21227677157859876
6.60188131698042 0.3133284998420773
6.706673083916617 0.4109426168516253
6.811464850852814 0.5040481718723325
6.916256617789012 0.5916236788156256
7.0210483847252085 0.6727083232379121
7.125840151661406 0.7464125036942965
7.230631918597603 0.8119275917953196
7.3354236855338 0.868534803886537
7.440215452469998 0.9156130870173355
7.545007219406195 0.952645932679909
7.649798986342392 0.9792270435630378
7.754590753278588 0.9950647911491752
7.859382520214785 0.9999854152493622
7.964174287150983 0.993934930372998
8.06896605408718 0.9769797180171793
8.173757821023377 0.949305798377441
8.278549587959574 0.9112167894701519
8.383341354895771 0.8631305760575879
8.488133121831968 0.8055747249217977
8.592924888768167 0.7391806967875264
8.697716655704363 0.6646769183967518
8.80250842264056 0.5828807907429526
8.907300189576757 0.49468972114494053
9.012091956512954 0.4010712775497711
9.116883723449153 0.3030525730845293
9.22167549038535 0.20170899732193576
9.326467257321546 0.09815241789206565
9.431259024257743 -0.006481018116494966
9.53605079119394 -0.11104334913197192
9.640842558130139 -0.2143873936945984
9.745634325066336 -0.31537933649298316
9.85042609200253 -0.41291116775688547
9.955217858938727 -0.5059128395304471
10.060009625874926 -0.5933640054561413
10.164801392811123 -0.6743052152691252
10.26959315974732 -0.7478484411841843
10.374384926683517 -0.8131868206874288
10.479176693619713 -0.8696035088419726
10.583968460555912 -0.9164795429865608
10.688760227492109 -0.9533006335414177
10.793551994428306 -0.97966280641757
10.898343761364503 -0.9952768351252387
11.0031355283007 -0.9999714139554576
11.107927295236898 -0.9936950374210868
11.212719062173095 -0.976516565337366
11.317510829109292 -0.948624467342359
11.422302596045489 -0.9103247551458582
11.527094362981686 -0.8620376251926023
11.631886129917884 -0.8042928485740517
11.736677896854081 -0.7377239587672447
11.841469663790278 -0.6630613009686016
11.946261430726475 -0.5811240192803226
12.051053197662672 -0.4928110696601008
12.15584496459887 -0.39909135723349837
12.260636731535067 -0.3009931061751948
12.365428498471264 -0.19959257878497574
12.47022026540746 -0.0960022675245441
12.575012032343658 0.008641310436527534
12.679803799279856 0.11319008225637765
12.784595566216051 0.21649701523681494
12.889387333152248 0.31742870122760775
12.994179100088445 0.414877791552158
13.098970867024642 0.5077751460277062
13.20376263396084 0.5951015627898644
13.308554400897037 0.6758989602304186
13.413346167833234 0.7492808883683766
13.518137934769431 0.8144422543311486
13.622929701705628 0.8706681552450158
13.727721468641827 0.9173417216268607
13.832513235578023 0.9539508852251943
13.93730500251422 0.9800939970586896
14.042096769450417 0.9954842340151915
14.146888536386614 0.999952745665234
14.251680303322813 0.9934505067655203
14.35647207025901 0.976048855128055
14.461263837195206 0.9479387089538192
14.566055604131403 0.9094284722178323
14.6708473710676 0.8609406510861846
14.775639138003799 0.8030072184872384
14.880430904939995 0.7362637776935397
14.985222671876192 0.6614425889473382
15.09001443881239 0.5793645356365033
15.194806205748586 0.4909301181620648
15.299597972684785 0.39710957430608734
15.404389739620981 0.29893223449198486
15.509181506557177 0.1974752287235584
15.613973273493373 0.09385166910198704
15.71876504042957 -0.010801562426441449
15.823556807365769 -0.11533628710798138
15.928348574301966 -0.2186056263593761
16.033140341238163 -0.31947658448130417
16.13793210817436 -0.41684247905895533
16.242723875110556 -0.5096350826724834
16.347515642046755 -0.5968363427073891
16.452307408982954 -0.677489550683579
16.55709917591915 -0.7507098385614559
16.661890942855347 -0.8156938868672078
16.766682709791542 -0.8717287381268235
16.87147447672774 -0.9181996189143357
16.976266243663936 -0.9545966846964294
17.081058010600135 -0.9805206134739736
17.185849777536333 -0.9956869868510766
17.29064154447253 -0.9999294104658187
17.395433311408727 -0.9932013395475546
17.500225078344922 -0.9755765895721111
17.60501684528112 -0.9472485264123451
17.70980861221732 -0.9085279448691422
17.814600379153514 -0.8598396588580551
17.919392146089713 -0.8017178406615594
18.024183913025908 -0.7348001603812672
18.128975679962107 -0.6598207898877009
18.233767446898305 -0.5776023480232314
18.3385592138345 -0.4890468754294771
18.4433509807707 -0.39512593801677454
18.548142747706894 -0.2968699676532566
18.652934514643093 -0.19535695701962594
18.75772628157929 -0.09170063266150927
18.862518048515486 0.012961764004065745
18.967309815451685 0.11748195367017371
19.07210158238788 0.22071321722111856
19.17689334932408 0.3215229766963356
19.281685116260277 0.4188052211078243
19.386476883196472 0.5114926407842142
19.49126865013267 0.5985683371122739
19.596060417068863 0.6790769792051078
19.70085218400506 0.752135285094325
19.80564395094126 0.816941712454072
19.910435717877455 0.8727852525375169
20.015227484813654 0.9190532308450668
20.120019251749852 0.9552380289410948
20.224811018686047 0.9809426536723476
20.329602785622246 0.9958850926866194
20.43439455255844 0.9999014084661203
20.53918631949464 0.9929475369300858
20.643978086430838 0.9750997708736576
20.748769853367033 0.9465539229391088
20.853561620303232 0.9076231773026683
20.958353387239427 0.8587346536466886
21.063145154175626 0.8004247211147092
21.167936921111824 0.7333331136613154
21.27272868804802 0.6581959113588375
21.377520454984218 0.5758374646648697
21.482312221920413 0.48716135025167745
21.58710398885661 0.3931404576234495
21.69189575579281 0.29480631528387186
21.796687522729005 0.19323777355943417
21.901479289665204 0.08954916824228748
22.0062710566014 -0.015121905087452304
22.111062823537598 -0.11962707192884336
22.215854590473796 -0.22281977798564404
22.32064635740999 -0.3235678683219191
22.42543812434619 -0.4207660085383901
22.530229891282385 -0.5133478116934297
22.635021658218584 -0.6002975379210721
22.739813425154782 -0.6806612383862833
22.844605192090977 -0.7535572213142436
22.949396959027176 -0.8181857252679812
23.05418872596337 -0.8738376935462087
23.15898049289957 -0.919902553435139
23.26377225983577 -0.9558749149659524
23.368564026771963 -0.9813601156840962
23.473355793708162 -0.9960785505972352
23.578147560644357 -0.9998687397968276
23.682939327580556 -0.9926891000976429
23.787731094516754 -0.9746184012580703
23.89252286145295 -0.9458549017759129
23.997314628389148 -0.906714173741075
24.102106395325343 -0.8576256406092847
24.206898162261542 -0.7991278658818413
24.31168992919774 -0.7318626443805841
24.416481696133935 -0.6565679609442627
24.521273463070134 -0.5740698937983522
24.62606523000633 -0.4852735514286518
24.730856996942528 -0.3911531423926019
24.835648763878726 -0.29274128701516733
24.94044053081492 -0.19111768823348022
25.04523229775112 -0.08739728588547643
25.150024064687315 0.01728197559494955
25.254815831623514 0.12177163187245217
25.359607598559712 0.22492529882135837
25.464399365495904 0.3256112498142834
25.569191132432103 0.4227248321994064
25.673982899368298 0.5152005867418095
25.778774666304496 0.6020239370633821
25.883566433240695 0.6822423208331494
25.98835820017689 0.7549756405848462
26.09314996711309 0.8194259195029623
26.197941734049284 0.8748860562410168
26.302733500985482 0.9207475827206505
26.40752526792168 0.9565073397985716
26.512317034857876 0.9817729975608688
26.617108801794075 0.9962673596800299
26.72190056873027 0.9998314046104095
26.82669233566647 0.992426030256385
26.931484102602667 0.9741324829719641
27.036275869538862 0.9451514661851824
27.14106763647506 0.9058009384268029
27.245859403411256 0.8565126249217551
27.350651170347454 0.7978272810155517
27.455442937283653 0.7303887594019466
27.560234704219848 0.6549369462418381
27.665026471156047 0.5722996436731668
27.769818238092242 0.48338348777100837
27.87461000502844 0.3891640015992962
27.97940177196464 0.2906748924849013
28.084193538900834 0.18899671093648437
28.188985305837033 0.08524499563419732
28.293777072773228 -0.019441965445221088
28.398568839709426 -0.12391562349205362
28.503360606645625 -0.22702976990151927
28.60815237358182 -0.3276531116367055
28.71294414051802 -0.4246816829487924
28.817735907454214 -0.5170509572822152
28.922527674390412 -0.6037475264818777
29.02731944132661 -0.6838202191665969
29.132111208262806 -0.7563905362861908
29.236902975199005 -0.8206622893708719
29.3416947421352 -0.8759303357290998
29.4464865090714 -0.9215883147577427
29.551278276007597 -0.9571353004873457
29.656070042943792 -0.9821812973756934
29.76086180987999 -0.9964515190538079
29.865653576816186 -0.9997894030811143
29.970445343752385 -0.9921583286340924
30.075237110688583 -0.9736420182831812
30.18002887762478 -0.9444436194499399
30.284820644560977 -0.9048834756220367
30.389612411497172 -0.8553956117786844
30.49440417843337 -0.7965229725858343
30.59919594536957 -0.7289114656042105
30.703987712305764 -0.6533028748637152
30.808779479241963 -0.5705267225512949
30.913571246178154 -0.48149116809991643
31.018363013114353 -0.38717304452710744
31.12315478005055 -0.2886071413372017
31.227946546986747 -0.18687485156731937
31.332738313922945 -0.08309230753346443
31.43753008085914 0.021601864557317614
31.54232184779534 0.1260590367813642
31.647113614731538 0.22913318140429062
31.751905381667733 0.3296934442595445
31.85669714860393 0.4266365516536653
31.961488915540126 0.5188989146787211
32.066280682476325 0.605468298132338
32.17107244941253 0.685394926022367
32.27586421634872 0.757801901814773
32.38065598328492 0.8218948291014075
32.48544775022111 0.8769705271366667
32.590239517157315 0.9224247456226089
32.69503128409351 0.9577587941014988
32.799823051029705 0.9825850132229803
32.90461481796591 0.9966310278590731
33.0094065849021 0.9997427354049684
33.1141983518383 0.9918859964801641
33.2189901187745 0.9731470094807848
33.323781885710694 0.9437313648737994
33.42857365264689 0.9039617896086976
33.533365419583085 0.8542746063933218
33.63815718651929 0.7952149466800679
33.74294895345548 0.7274307698821024
33.847740720391684 0.6516657544363171
33.95253248732787 0.5687511387071982
34.05732425426407 0.47959660124707726
34.16211602120027 0.3851802804680871
34.266907788136464 0.28653804322253146
34.37169955507267 0.18475212002897112
34.476491322008854 0.08093923163015594
34.58128308894506 -0.02376166285071331
34.68607485588125 -0.128201861736796
34.790866622817454 -0.2312355235127815
34.89565838975365 -0.33173223816031017
35.000450156689844 -0.42858942919040255
35.10524192362604 -0.5207444503066736
35.21003369056224 -0.6071862439837041
35.314825457498436 -0.6869664340510933
35.41961722443464 -0.7592097305835671
35.52440899137083 -0.8231235329421461
35.62920075830703 -0.8780066256090123
35.733992525243224 -0.9232568714115149
35.838784292179426 -0.9583778177311072
35.94357605911562 -0.9829841432185368
36.048367826051816 -0.996805885258034
36.15315959298801 -0.9996914017997762
36.25795135992421 -0.9916090350656086
36.36274312686041 -0.9726474588750468
36.46753489379661 -0.943014705780945
36.5723266607328 -0.9030358846884133
36.677118427669 -0.853149613997541
36.781910194605196 -0.7939032094029834
36.8867019615414 -0.7259466791462166
36.99149372847759 -0.6500255926003082
37.09628549541379 -0.5669729004277451
37.20107726234998 -0.47769979605467716
37.305869029286185 -0.38318571872272694
37.41066079622238 -0.28446760779763636
37.51545256315858 -0.18262852622851358
37.62024433009477 -0.07878577797294582
37.72503609703097 0.0259213502453458
37.82982786396717 0.13034408835751052
37.93461963090337 0.23333678641508512
38.039411397839565 0.3337694838236835
38.14420316477576 0.43054030644467445
38.248994931711955 0.5225875555527214
38.35378669864816 0.608901356018097
38.45857846558435 0.6885347359183543
38.563370232520555 0.7606140160220535
38.66816199945674 0.8243483951585737
38.772953766392945 0.8790386263105293
38.87774553332914 0.9240846882408272
38.98253730026534 0.9589923684871062
39.08732906720154 0.9833786854995706
39.192120834137725 0.9969760904346091
39.29691260107393 0.999635402505118
39.40170436801012 0.9913274456830423
39.506496134946325 0.9721433687974314
39.61128790188252 0.9422936455161205
39.716079668818715 0.9021057651824981
39.82087143575491 0.8520206398418332
39.92566320269111 0.7925877668766205
40.03045496962731 0.7244592003230043
40.13524673656351 0.6483823970105229
40.240038503499704 0.5651920160122101
40.3448302704359 0.47580076137535504
40.449622037372094 0.38118936859991204
40.5544138043083 0.28239584472551066
40.65920557124449 0.18050408007703808
40.763997338180694 0.07663195661228163
40.86878910511688 -0.028080916661666712
40.973580872053084 -0.13248570664545462
41.07837263898928 -0.23543696030432795
41.18316440592548 -0.3358051717415746
41.287956172861676 -0.43248917431148054
41.39274793979787 -0.5244282218148503
41.49753970673407 -0.6106136262308607
41.60233147367027 -0.6900998243046766
41.707123240606464 -0.7620147515762451
41.811915007542666 -0.8255694100340992
41.916706774478854 -0.8800665244247329
42.021498541415056 -0.9249081922470145
42.12629030835125 -0.9596024435013059
42.23108207528745 -0.983768638224702
42.33587384222365 -0.9971416425944297
42.44066560915984 -0.9995747377823497
42.54545737609604 -0.9910412296466774
42.65024914303224 -0.971634741600594
42.755040909968436 -0.9415681874446026
42.85983267690464 -0.90117143543194
42.964624443840826 -0.8508876891952596
43.06941621077703 -0.791268625240324
43.17420797771322 -0.7229683403547124
43.278999744649425 -0.6467361753359738
43.38379151158562 -0.5634084937722119
43.488583278521816 -0.4738995060721522
43.59337504545801 -0.3791912394168541
43.69816681239421 -0.28032276367534137
43.80295857933041 -0.17837879148959637
43.90775034626661 -0.07447777760034126
44.0125421132028 0.030240352020713627
44.117333880139 0.13462670660541795
44.222125647075195 0.23753603537873985
44.3269174140114 0.33783929241316396
44.43170918094759 0.4344360236952017
44.53650094788379 0.5262664405024318
44.64129271481998 0.6123230466306192
44.746084481756185 0.6916616919055897
44.85087624869238 0.7634119307087367
44.95566801562858 0.8267865718700799
45.06045978256477 0.881090315154296
45.165251549500965 0.9257273795866742
45.27004331643717 0.9602080399264109
45.37483508337336 0.9841539995739693
45.479626850309565 0.9973025409648411
45.58441861724575 0.999509407914602
45.689210384181955 0.9907503882923223
45.79400215111815 0.9711215796583654
45.89879391805435 0.9408383349522007
46.00358568499055 0.9002328997973866
46.10837745192674 0.8497507673454517
46.21316921886294 0.7899457906507037
46.31796098579914 0.7214741061993827
46.422752752735335 0.6450869352597963
46.52754451967154 0.5616223420316803
46.632336286607725 0.47199603901848
46.73712805354393 0.377191340499088
46.84191982048012 0.2782483743224735
46.946711587416324 0.17625267038519307
47.05150335435252 0.07232325099095764
47.156295121288714 -0.03239964624411446
47.26108688822491 -0.1367670782450689
47.36587865516111 -0.2396340018416582
47.47067042209731 -0.3398718363449398
47.57546218903351 -0.43638084550963924
47.6802539559697 -0.528102203036255
47.7850457229059 -0.6140296092392801
47.889837489842094 -0.6932203314316496
47.994629256778296 -0.7648055468987074
48.09942102371449 -0.8279998749858636
48.204212790650686 -0.8821099937210511
48.30900455758688 -0.9265422464365578
48.413796324523084 -0.9608091549360223
48.51858809145928 -0.984534767748844
48.62337985839548 -0.9974587847949098
48.72817162533167 -0.9994394132067771
48.83296339226787 -0.9904549229773713
48.937755159204066 -0.9706038853657357
49.04254692614027 -0.9401040914452312
49.14733869307646 -0.8992901626590962
49.25213046001266 -0.8486098795985714
49.35692222694885 -0.7886192692815914
49.461713993885056 -0.7199765048307998
49.56650576082125 -0.6434346844791969
49.67129752775745 -0.559833569126817
49.77608929469364 -0.47009036909805363
49.88088106162984 -0.37518968118040125
49.98567282856604 -0.27617268634833764
50.09046459550224 -0.17412572668671114
50.195256362438435 -0.0701683868395718
50.30004812937463 0.034558789254162954
50.404839896310826 0.1389068115750294
50.50963166324703 0.24173084990160132
50.61442343018322 0.34190279405076923
50.719215197119425 0.43832363067805746
50.82400696405561 0.52993550084859
50.92879873099181 0.6157333060920888
51.03359049792801 0.6947757356084939
51.138382264864205 0.7661955936419651
51.24317403180041 0.8292093137188151
51.347965798736595 0.8831255553660229
51.4527575656728 0.9273527889935737
51.55754933260899 0.9614057857246561
51.662341099545195 0.9849109409722302
51.76713286648139 0.9976103733554254
51.871924633417585 0.9993647539855499
51.97671640035378 0.9901548350808003
52.08150816728998 0.970081661138853
52.18629993422618 0.939365460350506
52.29109170116238 0.8983432284169485
