0.0 0.0
0.11958894968377608 0.11930410288326534
0.23917789936755215 0.23690400862804653
0.3587668490513283 0.3511198636667562
0.4783557987351043 0.46032015383833524
0.5979447484188803 0.5629450097205716
0.7175336981026565 0.6575284885545398
0.8371226477864325 0.7427195144754434
0.9567115974702086 0.8173011779295433
1.0763005471539846 0.8802081185950219
1.1958894968377607 0.9305417435007911
1.3154784465215368 0.9675830629603194
1.435067396205313 0.9908029609658331
1.554656345889089 0.9998697533356439
1.674245295572865 0.9946539256503947
1.7938342452566411 0.9752299832992649
1.9134231949404172 0.9418753872091873
2.0330121446241933 0.8950665904596309
2.152601094307969 0.8354722323978487
2.2721900439917455 0.7639435874731197
2.3917789936755214 0.6815024052234265
2.5113679433592977 0.5893263151140408
2.6309568930430736 0.48873200471232003
2.75054584272685 0.38115641148974466
2.870134792410626 0.2681361969165415
2.9897237420944016 0.15128579605078302
3.109312691778178 0.03227435617218005
3.2289016414619542 -0.08719810611978338
3.34849059114573 -0.20542498875992185
3.4680795408295064 -0.32071748214137497
3.5876684905132823 -0.43142869288360464
3.707257440197058 -0.5359771688488786
3.8268463898808345 -0.6328694893645885
3.946435339564611 -0.7207215979618166
4.066024289248387 -0.7982785729030623
4.185613238932162 -0.8644325530874071
4.305202188615938 -0.918238563270875
4.424791138299715 -0.9589280125469349
4.544380087983491 -0.9859196732683646
4.663969037667267 -0.9988279835822798
4.783557987351043 -0.9974685549809258
4.903146937034819 -0.9818608061957329
5.022735886718595 -0.9522276858108241
5.142324836402371 -0.9089924875582999
5.261913786086147 -0.852772803787149
5.381502735769923 -0.7843717034773467
5.5010916854537 -0.7047662608166197
5.620680635137475 -0.6150935982032061
5.740269584821252 -0.5166346430430585
5.859858534505028 -0.410795830367222
5.979447484188803 -0.299089012637963
6.09903643387258 -0.1831098637216651
6.218625383556356 -0.06451508551650846
6.338214333240132 0.0550012571736012
6.4578032829239085 0.17373193547478372
6.577392232607684 0.28998094332085
6.69698118229146 0.4020877240189885
6.8165701319752365 0.5084508904395589
6.936159081659013 0.6075510999994197
7.055748031342788 0.6979727576815207
7.175336981026565 0.7784242370744096
7.294925930710341 0.8477563305845937
7.414514880394116 0.9049786652700725
7.5341038300778935 0.9492738498033774
7.653692779761669 0.9800091504820947
7.773281729445444 0.9967455295011435
7.892870679129222 0.9992439163797645
8.012459628812996 0.9874686229591562
8.132048578496773 0.9615878531892847
8.251637528180549 0.9219713004228328
8.371226477864324 0.8691848665376863
8.490815427548101 0.8039825783225615
8.610404377231877 0.7272958165960022
8.729993326915654 0.6402200119151756
8.84958227659943 0.5439989969193815
8.969171226283205 0.44000723882688625
9.088760175966982 0.3297302058846652
9.208349125650757 0.21474314822611001
9.327938075334535 0.09668859624110819
9.44752702501831 -0.022747102117368884
9.567115974702086 -0.1418578699378312
9.686704924385861 -0.258942271772741
9.806293874069638 -0.3723278177600922
9.925882823753415 -0.4803948542723278
10.04547177343719 -0.5815996998271019
10.165060723120966 -0.6744966957754093
10.284649672804742 -0.7577588567844508
10.404238622488519 -0.8301968261338264
10.523827572172294 -0.890775865058484
10.643416521856071 -0.938630633454502
10.763005471539847 -0.9730775508129744
10.882594421223622 -0.9936245608125086
11.0021833709074 -0.9999781600881793
11.121772320591175 -0.9920475907746406
11.24136127027495 -0.9699461369350896
11.360950219958726 -0.9339895063572674
11.480539169642505 -0.8846913208317004
11.60012811932628 -0.8227557793312246
11.719717069010056 -0.7490675988944372
11.839306018693831 -0.6646793769023635
11.958894968377606 -0.570796555271627
12.078483918061385 -0.46876020134282126
12.19807286774516 -0.3600278514301641
12.317661817428936 -0.24615269067233228
12.437250767112712 -0.1287613665895525
12.556839716796487 -0.009530753268715789
12.676428666480264 0.10983600191192139
12.796017616164042 0.22763380685834916
12.915606565847817 0.3421799811156795
13.035195515531592 0.45183829208439785
13.154784465215368 0.5550423277531189
13.274373414899145 0.650317872080517
13.39396236458292 0.7363039634057051
13.513551314266696 0.8117723350786336
13.633140263950473 0.8756449606111705
13.752729213634248 0.927009452725514
13.872318163318026 0.9651320963325325
13.991907113001801 0.9894683292706862
14.111496062685577 0.9996705210936427
14.231085012369352 0.9955929387906273
14.35067396205313 0.9772938285067828
14.470262911736906 0.9450345835272427
14.589851861420682 0.8992760104098305
14.709440811104457 0.8406717466027409
14.829029760788233 0.7700589235731183
14.948618710472008 0.6884462088188871
15.068207660155787 0.596999397577482
15.187796609839562 0.4970247600464522
15.307385559523338 0.38995038199220067
15.426974509207113 0.27730576528662504
15.546563458890889 0.160699979767358
15.666152408574666 0.04179867851094845
15.785741358258443 -0.07769969515612646
15.905330307942219 -0.19608816903814588
16.024919257625992 -0.31167562528129517
16.14450820730977 -0.42281095711377803
16.264097156993547 -0.527906654048389
16.383686106677324 -0.6254614786452204
16.503275056361097 -0.7140819109086838
16.622864006044875 -0.7925020539968093
16.74245295572865 -0.8596017169000587
16.86204190541243 -0.9144224157880458
16.981630855096203 -0.9561810654531582
17.10121980477998 -0.9842811652760048
17.220808754463754 -0.9983213199269023
17.34039770414753 -0.9981009730896673
17.459986653831308 -0.9836232723044123
17.579575603515085 -0.9550950240065723
17.69916455319886 -0.9129237394043989
17.818753502882636 -0.8577118133930218
17.93834245256641 -0.7902479196562896
18.057931402250187 -0.7114957448728503
18.177520351933964 -0.6225802229525366
18.297109301617738 -0.524771465939794
18.416698251301515 -0.41946662112286126
18.536287200985292 -0.3081699135105084
18.65587615066907 -0.1924711587591279
18.775465100352843 -0.07402305348190202
18.89505405003662 0.04548243266385585
19.014642999720394 0.16433822588435612
19.13423194940417 0.28084653291178474
19.25382089908795 0.3933430930992092
19.373409848771722 0.5002209515194491
19.4929987984555 0.5999534134815051
19.612587748139276 0.6911158525711757
19.73217669782305 0.7724060606993883
19.85176564750683 0.8426628494683421
19.971354597190604 0.9008826371445803
20.09094354687438 0.9462337843027812
20.21053249655816 0.9780684733629423
20.330121446241932 0.995931962328018
20.44971039592571 0.9995690805371357
20.569299345609483 0.9889278736459391
20.68888829529326 0.9641603457674106
20.808477244977038 0.9256202881720752
20.92806619466081 0.8738582255634753
21.04765514434459 0.8096135521187378
21.167244094028362 0.733803969626836
21.286833043712143 0.6475123785952062
21.40642199339592 0.5519714095785252
21.526010943079694 0.4485458156914922
21.64559989276347 0.3387129778194907
21.765188842447245 0.22404180100006996
21.884777792131022 0.10617030342940767
22.0043667418148 -0.013217781776748035
22.123955691498573 -0.13241705783605065
22.24354464118235 -0.24972482500675222
22.363133590866124 -0.36346540276904105
22.4827225405499 -0.4720140660508809
22.602311490233678 -0.5738202535816959
22.72190043991745 -0.6674297168547091
22.841489389601232 -0.7515052933114792
22.96107833928501 -0.8248460070144461
23.080667288968783 -0.8864042239643906
23.20025623865256 -0.9353006170079244
23.319845188336334 -0.9708367265691115
23.43943413802011 -0.9925049377817131
23.55902308770389 -0.9999957315038699
23.678612037387662 -0.9932021056382716
23.79820098707144 -0.9722211036015338
23.917789936755213 -0.9373524281094018
24.03737888643899 -0.8890941600791289
24.15696783612277 -0.8281356438023002
24.276556785806545 -0.7553476400197059
24.39614573549032 -0.6717698875564466
24.515734685174095 -0.5785962511929215
24.635323634857873 -0.47715766792655767
24.75491258454165 -0.3689031352281623
24.874501534225423 -0.2553790128657097
24.9940904839092 -0.1382069339582848
25.113679433592974 -0.019060640789340166
25.23326838327675 0.10035792373244362
25.35285733296053 0.21834292744352846
25.472446282644302 0.3332090158519098
25.592035232328083 0.4433153865506095
25.711624182011853 0.547089227227723
25.831213131695634 0.6430481824733757
25.95080208137941 0.7298215284566947
26.070391031063185 0.8061697530037686
26.189979980746962 0.8710022613851919
26.309568930430736 0.9233929548952654
26.429157880114513 0.9625934596909698
26.54874682979829 0.9880438169235675
26.668335779482064 0.9993804814598988
26.78792472916584 0.9964415149357684
26.907513678849615 0.9792688989613598
27.02710262853339 0.9481079354357403
27.146691578217172 0.9034037425366523
27.266280527900946 0.8457948964385631
27.385869477584723 0.7761043095836979
27.505458427268497 0.6953274758052744
27.625047376952274 0.6046182502151753
27.74463632663605 0.5052723669830483
27.864225276319825 0.39870893044674205
27.983814226003602 0.28645014394396695
28.103403175687376 0.17009956592833053
28.222992125371153 0.051319203969752
28.34258107505493 -0.06819422616033873
28.462170024738704 -0.1867335371924658
28.581758974422485 -0.3026054566424862
28.70134792410626 -0.4141548143294361
28.820936873790036 -0.5197881856218538
28.940525823473813 -0.6179966526809157
29.060114773157586 -0.7073773585679882
29.179703722841364 -0.7866535463273038
29.299292672525137 -0.854692796795859
29.418881622208914 -0.9105232046229546
29.53847057189269 -0.9533472614332692
29.658059521576465 -0.9825532478197517
29.777648471260243 -0.9977239714376014
29.897237420944016 -0.9986427263802017
30.016826370627793 -0.9852963887104347
30.136415320311574 -0.9578756039293035
30.256004269995348 -0.9167720637039849
30.375593219679125 -0.8625729107558129
30.4951821693629 -0.7960523518315017
30.614771119046676 -0.7181605985619088
30.734360068730453 -0.6300102941824784
30.853949018414227 -0.5328606200025681
30.973537968098004 -0.42809930865450296
31.093126917781778 -0.31722282105378613
31.212715867465555 -0.2018149702322159
31.332304817149332 -0.08352429739144371
31.451893766833106 0.03595947665178465
31.571482716516886 0.1549295882498037
31.69107166620066 0.2716866111561369
31.810660615884437 0.3845627319467283
31.930249565568214 0.49194557386833954
32.049838515251984 0.5923012288029501
32.169427464935765 0.684196168348474
32.28901641461954 0.7663177210273046
32.40860536430332 0.837492823116571
32.52819431398709 0.8967047752540436
32.64778326367087 0.9431077654604396
32.76737221335465 0.976038951124185
32.88696116303842 0.9950279273638114
33.006550112722195 0.9998034465173526
33.126139062405976 0.9902972927742903
33.24572801208975 0.9666452566029784
33.36531696177352 0.9291851950543338
33.4849059114573 0.8784522056493623
33.60449486114108 0.8151709827890168
33.72408381082486 0.7402454658711252
33.84367276050863 0.6547459269856297
33.963261710192405 0.5598936826337111
34.08285065987618 0.457043647855982
34.20243960955996 0.3476649819749168
34.32202855924373 0.23332010241709517
34.44161750892751 0.11564236639180496
34.56120645861129 -0.0036872607682446722
34.68079540829506 -0.1229642173235199
34.800384357978835 -0.24048469390673816
34.919973307662616 -0.3545699715546331
35.03956225734639 -0.46359040133633306
35.15915120703017 -0.5659886830418817
35.27874015671394 -0.6603021104067583
35.39832910639772 -0.7451834651111499
35.5179180560815 -0.8194202610937779
35.63750700576527 -0.8819520642855138
35.757095955449046 -0.9318856403592253
35.87668490513282 -0.9685077141181462
35.9962738548166 -0.9912951582615643
36.115862804500374 -0.9999224659865754
36.23545175418415 -0.9942664006836894
36.35504070386793 -0.9744077563077757
36.4746296535517 -0.9406302032783921
36.594218603235475 -0.8934162363951845
36.713807552919256 -0.8334402826503
36.83339650260303 -0.7615590673891425
36.95298545228681 -0.6787993764338026
37.072574401970584 -0.5863433889809766
37.19216335165436 -0.48551179078617834
37.31175230133814 -0.3777449088537498
37.43134125102191 -0.26458213711378753
37.550930200705686 -0.1476399469794344
37.67051915038946 -0.028588796892425737
37.79010810007324 0.09087072930806235
37.909697049757014 0.209032214342178
38.02928599944079 0.32420778277389906
38.14887494912457 0.43475221143486636
38.26846389880834 0.5390864305827319
38.38805284849212 0.6357200800922423
38.5076417981759 0.723272798475429
38.62723074785968 0.8004939406284942
38.746819697543444 0.8662804426474413
38.866408647227225 0.9196925785230194
38.985997596911 0.9599673836385819
39.10558654659478 0.9865295533233617
39.22517549627855 0.9989996607808354
39.344764445962326 0.997199577003435
39.4643533956461 0.981155015252887
39.58394234532988 0.9510951637596248
39.70353129501366 0.9074494118879711
39.823120244697435 0.8508412165321108
39.94270919438121 0.782079196358196
40.06229814406498 0.7021455811067365
40.18188709374876 0.6121821809509569
40.30147604343254 0.513474076331595
40.42106499311632 0.40743126125028817
40.540653942800084 0.29556850223771886
40.660242892483865 0.1794837007004761
40.77983184216764 0.06083506772956704
40.89942079185142 -0.05868256258375952
41.0190097415352 -0.17736194297258834
41.13859869121897 -0.2935078001347493
41.25818764090275 -0.4054610508313957
41.37777659058652 -0.5116225010291897
41.4973655402703 -0.6104756895564654
41.616954489954075 -0.7006085499632997
41.73654343963785 -0.7807335811573096
41.85613238932162 -0.8497062386879545
41.9757213390054 -0.9065412839694998
42.09531028868918 -0.950426857902431
42.21489923837296 -0.9807360778589995
42.334488188056724 -0.9970359923759126
42.454077137740505 -0.9990937656411111
42.573666087424286 -0.9868800034323865
42.69325503710806 -0.960569172998588
42.81284398679184 -0.9205371108855882
42.93243293647561 -0.8673556543064654
43.05202188615939 -0.8017844727439174
43.17161083584316 -0.7247602164663471
43.29119978552694 -0.6373831369652684
43.410788735210716 -0.540901370434302
43.53037768489449 -0.436693108791946
43.64996663457826 -0.32624691292592684
43.769555584262044 -0.21114044937412257
43.88914453394582 -0.09301795417759856
44.0087334836296 0.02643325417720687
44.128322433313365 0.1455068772265398
44.247911382997145 0.2625020101166517
44.367500332680926 0.3757474381460272
44.4870892823647 0.4836255091993516
44.60667823204848 0.5845952410677177
44.72626718173225 0.6772143335789848
44.84585613141603 0.7601597711066195
44.9654450810998 0.8322467211606187
45.08503403078358 0.8924454591042424
45.204622980467356 0.9398960772355309
45.32421193015113 0.9739207681221839
45.4438008798349 0.9940335067286369
45.563389829518684 0.9999469930312374
45.682978779202465 0.9915767559498464
45.80256772888624 0.9690423599733459
45.92215667857002 0.9326656972430135
46.041745628253786 0.8829663894905025
46.161334577937566 0.8206543655112876
46.28092352762134 0.7466197202006262
46.40051247730512 0.661920000010291
46.520101426988894 0.5677650964468735
46.63969037667267 0.46549996340004357
46.75927932635644 0.35658540517487736
46.87886827604022 0.24257720966114582
46.998457225724 0.12510392471146647
47.11804617540778 0.005843595181147687
47.23763512509155 -0.11350020707094258
47.357224074775324 -0.23122271782145798
47.476813024459105 -0.34564233215399676
47.59640197414288 -0.4551246253118146
47.71599092382666 -0.5581056996065371
47.835579873510426 -0.6531145238842325
47.95516882319421 -0.7387939464414045
48.07475777287798 -0.813920081232041
48.19434672256176 -0.8774197904441104
48.31393567224554 -0.9283860137157388
48.43352462192931 -0.966090725021331
48.55311357161309 -0.9899953321451926
48.67270252129686 -0.9997583701915391
48.79229147098064 -0.9952403792331823
48.91188042066442 -0.976505896424142
49.03146937034819 -0.9438225341199247
49.151058320031964 -0.8976571571740332
49.270647269715745 -0.8386692140160387
49.39023621939952 -0.7677013167733221
49.5098251690833 -0.6857672049944943
49.629414118767066 -0.5940372649065584
49.74900306845085 -0.49382181105554107
49.86859201813463 -0.3865523691438999
49.9881809678184 -0.2737612274294186
50.10776991750218 -0.157059548783358
50.22735886718595 -0.03811435606579533
50.34694781686973 0.08137528043009853
50.4665367665535 0.19970251331453523
50.586125716237284 0.3151770995295535
50.70571466592106 0.426149544593061
50.82530361560483 0.531034664770748
50.944892565288605 0.6283342306022976
51.064481514972385 0.7166583683309998
51.184070464656166 0.7947454135283955
51.30365941433994 0.8614799333152922
51.423248364023706 0.9159086597410482
51.54283731370749 0.957254106721083
51.66242626339127 0.9849256760217171
51.78201521307504 0.9985280936491826
51.90160416275882 0.997867056133299
52.02119311244259 0.9829520060516131
52.14078206212637 0.9539959971470799
52.26037101181014 0.9114126509660244
52.379959961493924 0.8558102484891874
52.4995489111777 0.7879830411539009
52.61913786086147 0.7088999053848501
52.738726810545245 0.6196905026976316
52.858315760229026 0.5216291430707835
52.977904709912806 0.4161165820896864
53.09749365959658 0.3046600118806235
53.217082609280354 0.18885153165413646
53.33667155896413 0.07034540539481991
53.45626050864791 -0.049165568440422004
53.57584945833168 -0.16797423766899888
53.69543840801546 -0.2843834821648502
53.81502735769923 -0.3967304563378334
53.93461630738301 -0.5034103420193132
54.05420525706678 -0.602899272456003
54.173794206750564 -0.6937760999550563
54.293383156434345 -0.7747426962406109
54.41297210611811 -0.844642495541927
54.53256105580189 -0.9024770155346838
54.652150005485666 -0.9474201201422782
54.77173895516945 -0.9788298204605969
54.89132790485322 -0.9962574452360122
55.010916854536994 -0.9994540499011977
55.13050580422077 -0.9883739726189522
55.25009475390455 -0.9631754865378265
55.36968370358832 -0.924218538942416
55.4892726532721 -0.872059609593359
55.60886160295587 -0.8074437617030354
55.72845055263965 -0.731293999094552
55.84803950232343 -0.6446980815716219
55.967628452007204 -0.5488929868347697
56.087217401690985 -0.4452472408973983
56.20680635137475 -0.33524136940259963
56.32639530105853 -0.22044674908331166
56.445984250742306 -0.10250316146201317
56.56557320042609 0.01690463057663807
56.68516215010986 0.1360709487484193
56.804751099793634 0.2532935640978863
56.92434004947741 0.3668980124547694
57.04392899916119 0.4752615132848774
57.16351794884497 0.5768361502670731
57.28310689852874 0.6701709824738878
57.40269584821252 0.753932770309005
57.52228479789629 0.8269250201423388
57.64187374758007 0.8881050756000443
57.761462697263845 0.9365990113692073
57.881051646947625 0.9717141167670125
58.00064059663139 0.9929487907530022
58.12022954631517 0.9999997070394093
58.239818495998946 0.9927661469496007
58.35940744568273 0.9713514381320655
58.47899639536651 0.9360614785786272
58.598585345050274 0.8874003670305323
58.71817429473405 0.8260632021897588
58.83776324441783 0.7529261535951399
58.95735219410161 0.6690339459956179
59.07694114378538 0.575584935999874
59.19653009346916 0.4739139941746328
59.31611904315293 0.365473437112016
59.43570799283671 0.2518122818414022
59.555296942520485 0.13455411892580926
59.674885892204266 0.015373920314010397
