0.0 0.0
0.07271406881782928 0.07265000847234955
0.14542813763565857 0.14491606117373076
0.21814220645348786 0.2164162315419416
0.29085627527131713 0.28677264070793074
0.3635703440891464 0.3556134545880977
0.4362844129069757 0.42257484902986153
0.508998481724805 0.4873029326246921
0.5817125505426343 0.5494556170265239
0.6544266193604635 0.6087044248909071
0.7271406881782928 0.6647362258799261
0.7998547569961222 0.7172548915580876
0.8725688258139515 0.7659828604330435
0.9452828946317807 0.8106626048698972
1.01799696344961 0.8510579921264418
1.0907110322674392 0.886955532316251
1.1634251010852685 0.9181655067041276
1.236139169903098 0.9445229703708623
1.308853238720927 0.9658886239482138
1.3815673075387565 0.9821495498169827
1.4542813763565856 0.9932198088773683
1.526995445174415 0.9990408947376755
1.5997095139922444 0.9995820429209776
1.6724235828100737 0.994840393455579
1.745137651627903 0.9848410059899837
1.817851720445732 0.9696367273524895
1.8905657892635614 0.9493079122553536
1.9632798580813906 0.9239619986196117
2.03599392689922 0.893732939764961
2.1087079957170496 0.8587804964655877
2.1814220645348783 0.8192893926134291
2.254136133352708 0.7754683389511913
2.326850202170537 0.7275489300347096
2.3995642709883667 0.6757844202541996
2.472278339806196 0.6204483853831481
2.544992408624025 0.5618332767285537
2.617706477441854 0.5002488755238548
2.6904205462596833 0.4360206557330795
2.763134615077513 0.3694880639188123
2.835848683895342 0.3010027252648869
2.908562752713171 0.23092658523498327
2.981276821531001 0.1596299966884802
3.05399089034883 0.08748976256316772
3.126704959166659 0.014887144469248225
3.1994190279844887 -0.05779415228077102
3.2721330968023175 -0.13017000655716776
3.3448471656201475 -0.2018579114956985
3.417561234437976 -0.27247899604887466
3.490275303255806 -0.3416600273219418
3.562989372073635 -0.4090353831111661
3.635703440891464 -0.47424898421958345
3.7084175097092937 -0.5369561763378868
3.781131578527123 -0.5968255515447095
3.8538456473449525 -0.6535406997996641
3.926559716162781 -0.7068018811724771
3.9992737849806104 -0.7563276099704882
4.07198785379844 -0.8018561423923782
4.144701922616269 -0.8431468598458756
4.217415991434099 -0.879981540618595
4.2901300602519274 -0.9121655131812146
4.362844129069757 -0.9395286850277892
4.435558197887587 -0.9619264416157546
4.508272266705416 -0.9792404106547344
4.580986335523245 -0.9913790877048719
4.653700404341074 -0.9982783197783929
4.726414473158903 -0.9999016443885669
4.799128541976733 -0.996240482254189
4.871842610794562 -0.987314182641137
4.944556679612392 -0.9731699211013738
5.017270748430221 -0.9538824501498475
5.08998481724805 -0.9295537041969586
5.162698886065879 -0.9003122608245331
5.235412954883708 -0.8663126612524606
5.308127023701538 -0.8277345935873328
5.380841092519367 -0.7847819431696252
5.453555161337196 -0.7376817150383317
5.526269230155026 -0.6866828342078491
5.598983298972855 -0.6320548300976453
5.671697367790684 -0.574086412067507
5.744411436608513 -0.5130839435866833
5.817125505426342 -0.44936982310094253
5.889839574244172 -0.38328078015467243
5.962553643062002 -0.31516609577303073
6.035267711879831 -0.24538575650944072
6.10798178069766 -0.17430855191429212
6.180695849515489 -0.10231012547975311
6.253409918333318 -0.029770989361451363
6.326123987151148 0.04292548663076356
6.3988380559689775 0.11539510114477448
6.471552124786807 0.1872548517928662
6.544266193604635 0.25812495932185053
6.616980262422464 0.32763087474891317
6.689694331240295 0.3954052588554391
6.762408400058123 0.46108992357718703
6.835122468875952 0.524337725030569
6.907836537693782 0.5848143981703388
6.980550606511612 0.6422003233825528
7.053264675329441 0.6961922156763212
7.12597874414727 0.7465047275469766
7.198692812965099 0.7928719570395041
7.271406881782928 0.835048853042117
7.344120950600758 0.8728125103829888
7.4168350194185875 0.9059633478855468
7.489549088236417 0.9343261631562995
7.562263157054246 0.957751058530634
7.634977225872074 0.9761142332829561
7.707691294689905 0.9893186379143369
7.780405363507734 0.9972944870597492
7.853119432325562 0.9999996283041813
7.925833501143392 0.9974197649584253
7.998547569961221 0.9895685316171735
8.07126163877905 0.9764874221000959
8.14397570759688 0.958245570156732
8.216689776414709 0.9349393840941703
8.289403845232538 0.9066920372585147
8.362117914050367 0.8736528170629414
8.434831982868198 0.835996336002742
8.507546051686026 0.7939216088271461
8.580260120503855 0.7476510007450569
8.652974189321684 0.6974290522234744
8.725688258139513 0.6435211865895204
8.798402326957344 0.5862123072664134
8.871116395775173 0.5258052920570158
8.943830464593002 0.46261939243265193
9.016544533410832 0.3969885462869951
9.08925860222866 0.32925961307210916
9.16197267104649 0.25979054064397106
9.234686739864319 0.18894847350570573
9.307400808682148 0.11710781244648052
9.380114877499977 0.044648235830880435
9.452828946317807 -0.028047307003737306
9.525543015135638 -0.1005946196370031
9.598257083953467 -0.17261028904612777
9.670971152771294 -0.24371371194625002
9.743685221589123 -0.31352910628129144
9.816399290406952 -0.38168749723457746
9.889113359224783 -0.4478286672631703
9.961827428042612 -0.5116030598499365
10.034541496860442 -0.5726736269120408
10.10725556567827 -0.6307176101022668
10.1799696344961 -0.6854282465889987
10.252683703313929 -0.7365163902997977
10.325397772131758 -0.7837120400602897
10.398111840949587 -0.826765766552142
10.470825909767417 -0.8654500305486446
10.543539978585246 -0.8995603854610164
10.616254047403077 -0.9289165578399662
10.688968116220906 -0.9533634001220517
10.761682185038733 -0.9727717105855731
10.834396253856562 -0.9870389161825179
10.907110322674392 -0.99608961463779
10.979824391492222 -0.9998759729507294
11.052538460310052 -0.998377980192834
11.12525252912788 -0.9916035532656481
11.19796659794571 -0.9795884950598857
11.270680666763539 -0.962396305236918
11.343394735581368 -0.9401178446326476
11.416108804399197 -0.9128708550573944
11.488822873217027 -0.8807993370296568
11.561536942034856 -0.8440727887324275
11.634251010852685 -0.8028853102141854
11.706965079670516 -0.7574545775688656
11.779679148488343 -0.7080206925162826
11.852393217306172 -0.6548449134629555
11.925107286124003 -0.5982082747497266
11.99782135494183 -0.5384101013834306
12.070535423759662 -0.47576642710225575
12.143249492577489 -0.41060832413538856
12.21596356139532 -0.34328015348408797
12.288677630213149 -0.2741377449715605
12.361391699030978 -0.20354651667999432
12.434105767848807 -0.1318795437136077
12.506819836666637 -0.05951558649427662
12.579533905484466 0.01316291098977775
12.652247974302297 0.08577184240297527
12.724962043120124 0.15792746906686914
12.797676111937955 0.22924844802159625
12.870390180755782 0.2993578474258932
12.943104249573613 0.3678851386443759
13.015818318391442 0.4344681544937803
13.08853238720927 0.49875500329891725
13.1612464560271 0.5604059286424815
13.233960524844928 0.6190951049799289
13.306674593662759 0.6745123596296375
13.37938866248059 0.7263648120375426
13.452102731298417 0.7743784216527939
13.524816800116247 0.8182994362338682
13.597530868934076 0.8578957329308187
13.670244937751905 0.8929580450560638
13.742959006569736 0.9233010680602028
13.815673075387563 0.9487644388677704
13.888387144205394 0.9692135833971487
13.961101213023223 0.9845404277854621
14.033815281841052 0.9946639695596579
14.106529350658882 0.9995307057351034
14.179243419476709 0.999114915579212
14.25195748829454 0.9934187965456827
14.32467155711237 0.9824724526609434
14.397385625930198 0.9663337354241748
14.47009969474803 0.9450879380617545
14.542813763565857 0.9188473447520028
14.615527832383686 0.8877506372025565
14.688241901201517 0.851962161716641
14.760955970019344 0.811671060621781
14.833670038837175 0.7670902726513513
14.906384107655002 0.7184554075619893
14.979098176472833 0.6660235009344697
15.051812245290662 0.6100716557389931
15.124526314108492 0.5508955778441584
15.19724038292632 0.48880801320951556
15.269954451744148 0.4241370950211195
15.342668520561979 0.3572246095054834
15.41538258937981 0.2884241895871452
15.488096658197637 0.21809944593633626
15.560810727015468 0.1466220452841951
15.633524795833296 0.07436974616168113
15.706238864651125 0.0017244024432367634
15.778952933468956 -0.07093005475342465
15.851667002286783 -0.14320964614579232
15.924381071104614 -0.21473237361960062
15.997095139922441 -0.28512023909134043
16.06980920874027 -0.3540012422306342
16.1425232775581 -0.42101134648440314
16.21523734637593 -0.48579640301243654
16.28795141519376 -0.5480140223663498
16.360665484011587 -0.6073353840200395
16.433379552829418 -0.6634469741883439
16.50609362164725 -0.7160522427494311
16.578807690465077 -0.7648731705141469
16.651521759282907 -0.8096517385592579
16.724235828100735 -0.8501512918591353
16.796949896918566 -0.8861577900091349
16.869663965736397 -0.9174809384305234
16.942378034554224 -0.9439551940785819
17.01509210337205 -0.9654406403386838
17.087806172189882 -0.9818237264865166
17.16052024100771 -0.9930178678044027
17.23323430982554 -0.9989639031821052
17.305948378643368 -0.9996304077836782
17.3786624474612 -0.9950138591279338
17.451376516279026 -0.985138655704778
17.524090585096857 -0.970056988029029
17.59680465391469 -0.9498485628132078
17.669518722732516 -0.9246201817170399
17.742232791550347 -0.8945051768999777
17.814946860368174 -0.8596627063598744
17.887660929186005 -0.8202769127819096
17.960374998003836 -0.7765559503433027
18.033089066821663 -0.7287308846171178
18.10580313563949 -0.67705447138919
18.17851720445732 -0.6217998208421442
18.25123127327515 -0.5632589541662998
18.32394534209298 -0.5017412602257446
18.396659410910807 -0.4375718604361846
18.469373479728638 -0.3710898904961064
18.542087548546466 -0.30264670805241267
18.614801617364297 -0.23260403577292957
18.687515686182127 -0.16133204963975933
18.760229754999955 -0.08920742256677894
18.832943823817786 -0.016611333680810345
18.905657892635613 0.05607254621253849
18.978371961453444 0.12846008233162431
19.051086030271275 0.20016870607358261
19.123800099089102 0.2708194368919122
19.196514167906933 0.3400388852111575
19.26922823672476 0.4074612257932386
19.341942305542588 0.47273013112625606
19.41465637436042 0.5355006546177159
19.487370443178246 0.595441053639524
19.560084511996077 0.6522345427899704
19.632798580813905 0.7055809681066306
19.705512649631736 0.7551983933820466
19.778226718449567 0.8008245901984127
19.850940787267394 0.8422184238064908
19.923654856085225 0.8791611275243462
19.996368924903052 0.9114574589206814
20.069082993720883 0.9389367316723806
20.141797062538714 0.9614537176428334
20.21451113135654 0.9788894144135954
20.287225200174372 0.9911516742129509
20.3599392689922 0.9981756909174848
20.432653337810027 0.9999243425528747
20.505367406627858 0.9963883874837653
20.578081475445686 0.9875865132558744
20.650795544263516 0.9735652378321881
20.723509613081344 0.9543986637452258
20.796223681899175 0.9301880864646647
20.868937750717006 0.9010614590501238
20.941651819534833 0.8671727159184045
21.014365888352664 0.8287009592990818
21.08707995717049 0.7858495126780597
21.159794025988322 0.7388448462316003
21.232508094806153 0.6879353799299719
21.30522216362398 0.633390170636273
21.37793623244181 0.5754974901391375
21.45065030125964 0.5145633016344621
21.523364370077466 0.4509096427078904
21.596078438895297 0.3848729233640707
21.668792507713125 0.31680214809758594
21.741506576530956 0.24705707140188976
21.814220645348783 0.17600629646447702
21.886934714166614 0.10402532709659464
21.959648782984445 0.031494583193161986
22.032362851802272 -0.04120260978887747
22.105076920620103 -0.1136820467081195
22.17779098943793 -0.1855606732653649
22.25050505825576 -0.2564586104481298
22.323219127073592 -0.3260011621936919
22.39593319589142 -0.3938207956602488
22.46864726470925 -0.45955908364040554
22.541361333527078 -0.5228685988512922
22.614075402344906 -0.583414750090054
22.686789471162736 -0.6408775505505405
22.759503539980564 -0.6949533089556669
22.832217608798395 -0.745356234567822
22.904931677616222 -0.7918199475947696
22.977645746434053 -0.8340988870086157
23.050359815251884 -0.871969608337434
23.12307388406971 -0.9052319645707725
23.195787952887542 -0.9337101639379198
23.26850202170537 -0.9572536989685546
23.3412160905232 -0.9757381419257237
23.41393015934103 -0.9890658024072388
23.48664422815886 -0.9971662436400975
23.559358296976686 -0.9999966547392898
23.632072365794517 -0.9975420769636039
23.704786434612345 -0.9898154827726732
23.777500503430176 -0.9768577072674409
23.850214572248007 -0.9587372323763855
23.922928641065834 -0.93554982492808
23.99564270988366 -0.9074180305228722
24.068356778701492 -0.8744905258785846
24.141070847519323 -0.83694133307309
24.213784916337154 -0.794968899836486
24.286498985154978 -0.748795050753545
24.35921305397281 -0.6986638149193128
24.43192712279064 -0.6448401362437679
24.50464119160847 -0.5876084732215034
24.577355260426298 -0.5272712955667259
24.650069329244126 -0.4641474856588244
24.722783398061956 -0.3985706532469104
24.795497466879787 -0.3308873723201139
24.868211535697615 -0.2614553494617736
24.940925604515446 -0.19064153336778844
25.013639673333273 -0.11882017552037838
25.0863537421511 -0.04637085226652409
25.15906781096893 0.026323541245504845
25.231781879786762 0.09887881466951093
25.304495948604593 0.17091151290987724
25.377210017422417 0.2420409426842508
25.449924086240248 0.31189118449006276
25.52263815505808 0.3800930793415217
25.59535222387591 0.44628617977730145
25.66806629269374 0.5101206548277293
25.740780361511565 0.5712591388737482
25.813494430329396 0.6293785146264486
25.886208499147227 0.6841716208040216
25.958922567965054 0.7353488754811695
26.031636636782885 0.7826398065314818
26.104350705600712 0.8257944810743798
26.17706477441854 0.8645848263720449
26.24977884323637 0.8988058351953254
26.3224929120542 0.9282766492882828
26.395206980872032 0.9528415152052666
26.467921049689856 0.9723706074688908
26.540635118507687 0.9867607146985404
26.613349187325518 0.9959357850831834
26.68606325614335 0.9998473283156977
26.75877732496118 0.998474671864461
26.831491393779004 0.9918250702278163
26.904205462596835 0.9799336665939973
26.976919531414666 0.9628633071091526
27.049633600232493 0.9407042087350503
27.122347669050324 0.9135734824518394
27.19506173786815 0.8816145143257605
27.26777580668598 0.8449962077128372
27.34048987550381 0.8039120906035349
27.41320394432164 0.7585792928260681
27.48591801313947 0.7092373985138292
27.558632081957295 0.6561471799016803
27.631346150775126 0.5995892191429616
27.704060219592957 0.5398624254310028
27.776774288410788 0.4772824552620573
27.84948835722862 0.41218004418865467
27.922202426046447 0.34489925888004164
27.994916494864274 0.27579567872756994
28.067630563682105 0.2052345166052885
28.140344632499932 0.13358868871752078
28.213058701317763 0.06123684373425663
28.285772770135594 -0.011438638369526287
28.358486838953418 -0.08405366719454344
28.43120090777125 -0.1562244718375061
28.50391497658908 -0.22756962912281808
28.57662904540691 -0.29771207942658734
28.64934311422474 -0.36628111943920255
28.722057183042565 -0.43291436133474775
28.794771251860396 -0.49725964799306355
28.867485320678227 -0.5589769141523963
28.94019938949606 -0.6177399836565617
29.012913458313886 -0.6732382932980591
29.085627527131713 -0.7251785341466666
29.158341595949544 -0.773286201689054
29.23105566476737 -0.8173070465869287
29.303769733585202 -0.85700841838647
29.376483802403033 -0.8921804950774889
29.449197871220857 -0.9226373920041312
29.521911940038688 -0.9482181442665129
29.59462600885652 -0.9687875574212522
29.66734007767435 -0.9842369219850022
29.74005414649218 -0.994484587964779
29.812768215310005 -0.9994763963787098
29.885482284127836 -0.9991859654866085
29.958196352945667 -0.993614830217643
30.030910421763497 -0.9827924340582262
30.103624490581325 -0.9667759734429981
30.176338559399152 -0.9456500954712914
30.249052628216983 -0.9195264505466568
30.32176669703481 -0.8885431023037537
30.39448076585264 -0.8528637979411263
30.467194834670472 -0.8126771028161963
30.539908903488296 -0.7681954038761112
30.612622972306127 -0.7196537871913207
30.685337041123958 -0.6673087955241789
30.75805110994179 -0.6114370724987475
30.83076517875962 -0.5523339005374327
30.903479247577444 -0.49031164029145424
30.976193316395275 -0.4256980798127313
31.048907385213106 -0.358834702191916
31.121621454030937 -0.2900748808179973
31.194335522848764 -0.21978201179763326
31.26704959166659 -0.1483275934043349
31.339763660484422 -0.07608926270766267
31.41247772930225 -0.0034487997588490567
31.48519179812008 0.06920989011929914
31.55790586693791 0.14150280527452344
31.630619935755735 0.21304787717637022
31.703334004573566 0.2834669896509026
31.776048073391397 0.35238797722711634
31.848762142209228 0.4194465920339214
31.92147621102706 0.4842884288525211
31.994190279844883 0.5465707981503108
32.06690434866271 0.6059645371973248
32.13961841748054 0.6621557496933967
32.21233248629837 0.7148474647121709
32.2850465551162 0.7637612061943997
32.35776062393403 0.8086384646957352
32.43047469275186 0.8492420636108541
32.50318876156969 0.8853574126533448
32.57590283038752 0.916793641966796
32.64861689920535 0.9433846108732341
32.721330968023175 0.9649897859276935
32.794045036841005 0.981494983638402
32.866759105658836 0.9928129739272715
32.93947317447667 0.9988839411414403
33.0121872432945 0.9996758001793885
33.08490131211232 0.9951843660609112
33.15761538093015 0.9854333760447631
33.230329449747984 0.9704743641770935
33.303043518565815 0.9503863889336737
33.375757587383646 0.9252756153953337
33.44847165620147 0.8952747541648178
33.5211857250193 0.8605423599903675
33.59389979383713 0.8212619938028543
33.66661386265496 0.7776412525950465
33.73932793147279 0.729910672270144
33.81204200029062 0.6783225092580241
33.88475606910845 0.6231494073383358
33.95747013792628 0.5646829567163673
34.0301842067441 0.5032321529668861
34.102898275561934 0.439121763990482
34.175612344379765 0.3726906136131192
34.24832641319759 0.3042897908999788
34.32104048201542 0.23428079464742652
34.39375455083325 0.16303362285954495
34.46646861965108 0.09092481730622998
34.539182688468905 0.01833547349748257
34.611896757286736 -0.05435077340888786
34.68461082610457 -0.12674977612154456
34.7573248949224 -0.1984789054366044
34.83003896374023 -0.2691590724354813
34.90275303255805 -0.3384167319722991
34.975467101375884 -0.4058858568624627
35.048181170193715 -0.47120987233868744
35.120895239011546 -0.5340435405510084
35.19360930782938 -0.5940547851510738
35.2663233766472 -0.650926446317817
35.33903744546503 -0.7043579569492117
35.41175151428286 -0.7540669311613427
35.48446558310069 -0.7997906566996765
35.557179651918524 -0.8412874833750421
35.62989372073635 -0.8783381001864615
35.70260778955418 -0.9107466943812416
35.77532185837201 -0.9383419863266335
35.84803592718984 -0.9609781347238298
35.92074999600767 -0.9785355073801801
35.993464064825496 -0.9909213134661133
36.06617813364333 -0.9980700939152835
36.13889220246116 -0.9999440673761579
36.21160627127898 -0.9965333298867133
36.28432034009681 -0.9878559072169367
