0.0 0.0
0.08450897995833109 0.0844084252881387
0.16901795991666219 0.1682143838959826
0.2535269398749933 0.2508197092601935
0.33803591983332437 0.3316348043591829
0.42254489979165544 0.41008284997264455
0.5070538797499866 0.4856039217392955
0.5915628597083177 0.5576589866272523
0.6760718396666487 0.6257337502921615
0.7605808196249798 0.6893423278624946
0.8450897995833109 0.7480307119517109
0.929598779541642 0.8013800131442884
1.0141077594999732 0.8490094498265928
1.0986167394583042 0.8905790660226137
1.1831257194166354 0.9257921578359662
1.2676346993749663 0.9543973911793799
1.3521436793332975 0.9761905956763476
1.4366526592916287 0.9910162219309238
1.5211616392499596 0.9987684517643851
1.6056706192082908 0.9993919534944181
1.6901795991666217 0.9928822768660135
1.774688579124953 0.9792858848152433
1.859197559083284 0.9586998218392043
1.9437065390416153 0.9312710213391439
2.0282155189999465 0.8971952568806192
2.1127244989582774 0.8567157448560909
2.1972334789166084 0.8101214085234696
2.2817424588749393 0.7577448158110756
2.3662514388332707 0.6999598056079634
2.4507604187916017 0.6371788194820108
2.5352693987499326 0.5698499578706777
2.6197783787082636 0.4984537817559339
2.704287358666595 0.4234998826514552
2.788796338624926 0.34552324538386936
2.8733053185832573 0.2650804296287622
2.957814298541588 0.18274559745581137
3.0423232784999192 0.09910641523650035
3.12683225845825 0.01475985916464326
3.2113412384165816 -0.06969204567212947
3.2958502183749125 -0.15364652225744801
3.3803591983332435 -0.23650434397819228
3.464868178291575 -0.31767411161540854
3.549377158249906 -0.39657647446705685
3.633886138208237 -0.4726482654742524
3.718395118166568 -0.5453465208364541
3.802904098124899 -0.614152355425526
3.8874130780832306 -0.6785746663378398
3.971922058041561 -0.7381536381502327
4.056431037999893 -0.792464024861011
4.140940017958224 -0.8411181850910633
4.225448997916555 -0.8837688488813042
4.309957977874886 -0.9201115963383599
4.394466957833217 -0.9498870304371287
4.478975937791549 -0.972882628471796
4.563484917749879 -0.9889342589405345
4.64799389770821 -0.9979273530371056
4.732502877666541 -0.9997977223878075
4.817011857624872 -0.994532017197169
4.901520837583203 -0.9821678215323587
4.986029817541534 -0.9627933850662175
5.070538797499865 -0.9365469931936036
5.155047777458197 -0.9036159800168558
5.239556757416527 -0.8642353912452112
5.324065737374859 -0.8186863065517496
5.40857471733319 -0.7672938333620885
5.493083697291521 -0.7104247863941778
5.577592677249852 -0.6484850695115401
5.662101657208183 -0.5819167785770145
5.746610637166515 -0.5111950459854453
5.831119617124846 -0.4368246493975198
5.915628597083176 -0.35933640887997437
6.0001375770415075 -0.2792833981676514
6.0846465569998385 -0.1972369970896028
6.16915553695817 -0.11378281333509344
6.2536645169165 -0.02951650266801054
6.338173496874831 0.054960482577062424
6.422682476833163 0.13904518637188323
6.507191456791494 0.22213745260423848
6.591700436749825 0.30364420870318254
6.676209416708156 0.3829836987053633
6.760718396666487 0.4595896355488587
6.845227376624818 0.5329152429574446
6.92973635658315 0.6024371580662746
7.014245336541481 0.6676591669339025
7.098754316499812 0.7281157462783759
7.183263296458143 0.7833753861581776
7.267772276416474 0.8330436698823311
7.3522812563748055 0.8767660891667518
7.436790236333136 0.9142305744436103
7.521299216291467 0.9451697222635873
7.605808196249798 0.9693627038928849
7.690317176208128 0.986636841482356
7.774826156166461 0.9968688405588136
7.859335136124792 0.9999856700415881
7.943844116083122 0.9959650835032037
8.028353096041453 0.9848357779536608
8.112862075999786 0.966677189015002
8.197371055958117 0.9416189239481069
8.281880035916448 0.9098398365784941
8.366389015874779 0.8715667507238691
8.45089799583311 0.8270728412349743
8.53540697579144 0.7766756842050917
8.619915955749772 0.7207349902648659
8.704424935708102 0.6596500371410935
8.788933915666433 0.5938568198046419
8.873442895624764 0.5238249385483644
8.957951875583097 0.4500542472064148
9.042460855541428 0.37307128543836326
9.126969835499757 0.2934255205427333
9.211478815458088 0.21168542562410092
9.29598779541642 0.12843442210591588
9.380496775374752 0.04426671554940557
9.465005755333083 -0.04021694549948412
9.549514735291414 -0.12441355736384083
9.634023715249745 -0.2077221651855585
9.718532695208076 -0.28954815225163716
9.803041675166407 -0.3693074840818545
9.887550655124738 -0.44643087698555683
9.972059635083069 -0.5203678613344205
10.0565686150414 -0.5905907105494975
10.14107759499973 -0.6565982077593321
10.225586574958063 -0.717919223244554
10.310095554916394 -0.7741160771348684
10.394604534874725 -0.8247876633571477
10.479113514833054 -0.8695723125373638
10.563622494791385 -0.9081503734223683
10.648131474749718 -0.9402464943965577
10.732640454708049 -0.9656315888090704
10.81714943466638 -0.9841244700839525
10.90165841462471 -0.995593144942657
10.986167394583042 -0.9999557555084861
11.070676374541375 -0.9971811635686837
11.155185354499704 -0.9872891728239996
11.239694334458035 -0.9703503875394119
11.324203314416366 -0.9464857086048948
11.408712294374697 -0.9158654706031026
11.49322127433303 -0.8787082260431687
11.57773025429136 -0.8352791854381743
11.662239234249691 -0.7858883243602535
11.746748214208022 -0.7308881709842767
11.831257194166351 -0.6706712899115517
11.915766174124684 -0.6056674802327902
12.000275154083015 -0.5363407078292454
12.084784134041346 -0.46318579380773023
12.169293113999677 -0.386724882705918
12.253802093958008 -0.307503715676147
12.33831107391634 -0.22608773524795678
12.422820053874672 -0.14305804947169143
12.507329033833 -0.059007284249146835
12.591838013791332 0.025464646544649562
12.676346993749663 0.10975482295769232
12.760855973707995 0.19326162231319846
12.845364953666326 0.27538901330246496
12.929873933624657 0.3555508101692532
13.014382913582988 0.4331748566213456
13.09889189354132 0.5077071096065536
13.18340087349965 0.5786155938051437
13.267909853457981 0.6453941986134166
13.352418833416312 0.7075662905174047
13.436927813374643 0.7646881150733009
13.521436793332974 0.8163519642129224
13.605945773291307 0.8621890862675102
13.690454753249636 0.9018723179395087
13.774963733207969 0.9351184194366
13.8594727131663 0.9616900961008926
13.943981693124629 0.9813976921038942
14.028490673082961 0.9941005441184556
14.11299965304129 0.9997079853058407
14.197508632999623 0.9981799924519504
14.282017612957956 0.9895274716337437
14.366526592916285 0.9738121803769152
14.451035572874618 0.9511462868604227
14.535544552832947 0.9216915693140619
14.620053532791278 0.8856582613233838
14.704562512749611 0.843303551283635
14.78907149270794 0.7949297467128817
14.873580472666273 0.740882116526557
14.958089452624602 0.6815464266742728
15.042598432582935 0.6173461867282768
15.127107412541266 0.5487396270761483
15.211616392499597 0.47621642829300587
15.296125372457928 0.4002942260374474
15.380634352416257 0.32151491641756386
15.46514333237459 0.24044078819754158
15.549652312332922 0.15765050945133235
15.634161292291251 0.07373499730867702
15.718670272249584 -0.010706799726733506
15.803179252207913 -0.09507217678314045
15.887688232166244 -0.17875897443779612
15.972197212124577 -0.2611698766408465
16.056706192082906 -0.34171667406956907
16.14121517204124 -0.419824462483196
16.22572415199957 -0.4949357461124318
16.3102331319579 -0.5665144167957208
16.394742111916234 -0.6340495804610702
16.479251091874563 -0.6970592036418178
16.563760071832895 -0.7550935539993461
16.648269051791228 -0.8077384102958595
16.732778031749557 -0.8546180189060603
16.817287011707887 -0.895397775765528
16.90179599166622 -0.9297866146133492
16.98630497162455 -0.9575390844828773
17.07081395158288 -0.9784571016125089
17.15532293154121 -0.9923913632721484
17.239831911499543 -0.9992424134141836
17.324340891457872 -0.9989613525428406
17.408849871416205 -0.9915501867352323
17.493358851374538 -0.977061813322946
17.577867831332867 -0.9555996433363717
17.6623768112912 -0.9273168634065768
17.74688579124953 -0.8924153423929299
17.83139477120786 -0.851144190540413
17.915903751166194 -0.8037979814506988
18.000412731124523 -0.7507146495576742
18.084921711082856 -0.6922730781142257
18.169430691041185 -0.6288903949061041
18.253939670999515 -0.5610189949947033
18.338448650957847 -0.4891433117390361
18.422957630916176 -0.41377635914377864
18.50746661087451 -0.3354560702124015
18.59197559083284 -0.25474145744053756
18.67648457079117 -0.1722086228540378
18.760993550749504 -0.08844664607024129
18.845502530707833 -0.004053379731415719
18.930011510666166 0.08036881767942929
19.014520490624495 0.164217381183214
19.099029470582828 0.2468938401233827
19.18353845054116 0.32780808976114323
19.26804743049949 0.4063826031588507
19.352556410457822 0.4820565532891042
19.43706539041615 0.554289815947896
19.521574370374484 0.6225668249010278
19.606083350332813 0.6864002517475195
19.690592330291143 0.7453344842350097
19.775101310249475 0.7989488782005363
19.859610290207804 0.8468607599259422
19.944119270166137 0.8887281574785568
20.02862825012447 0.9242522415421103
20.1131372300828 0.9531794583164537
20.197646210041132 0.9753033392624514
20.28215518999946 0.990465974774949
20.366664169957794 0.9985591412654786
20.451173149916126 0.9995250736100962
20.535682129874456 0.9933568774490142
20.62019110983279 0.9800985783952194
20.704700089791118 0.9598448078008559
20.78920906974945 0.9327401273242136
20.87371804970778 0.8989779971182532
20.95822702966611 0.8587993950052164
21.04273600962444 0.8124910964930114
21.12724498958277 0.7603836279097845
21.211753969541103 0.7028489072661886
21.296262949499436 0.6402975896837914
21.380771929457765 0.5731761363366229
21.465280909416098 0.5019636278263662
21.549789889374427 0.4271683447358148
21.63429886933276 0.34932413976688714
21.718807849291093 0.26898662735721773
21.80331682924942 0.18672921797193104
21.887825809207754 0.10313902537594152
21.972334789166084 0.01881267609873596
22.056843769124416 -0.06564794899842805
22.14135274908275 -0.14964001065815988
22.22586172904108 -0.23256401400317903
22.310370708999407 -0.3138280874419804
22.394879688957737 -0.3928522071631402
22.47938866891607 -0.46907233706589196
22.563897648874402 -0.5419444545781087
22.64840662883273 -0.6109484336273752
22.732915608791064 -0.6755917570503566
22.817424588749393 -0.7354130319430465
22.901933568707726 -0.7899852828610842
22.98644254866606 -0.8389189993647855
23.070951528624388 -0.8818649161570432
23.15546050858272 -0.9185165059707816
23.23996948854105 -0.9486121674129229
23.324478468499382 -0.9719370921491306
23.408987448457715 -0.9883247981022175
23.493496428416044 -0.9976583177210238
23.578005408374374 -0.9998710328384534
23.662514388332703 -0.9949471501598598
23.747023368291035 -0.9829218139879754
23.831532348249368 -0.9638808553798085
23.916041328207697 -0.9379601795259044
24.00055030816603 -0.9053447957245552
24.08505928812436 -0.8662674968745564
24.169568268082692 -0.8210071979116197
24.254077248041025 -0.7698869450479259
24.338586227999354 -0.7132716100238693
24.423095207957687 -0.651565285829325
24.507604187916016 -0.5852084024825549
24.59211316787435 -0.5146745834528715
24.67662214783268 -0.44046726516447665
24.76113112779101 -0.3631161037097621
24.845640107749343 -0.2831731944192467
24.930149087707672 -0.20120913127107326
25.014658067666 -0.11780893426602385
25.099167047624334 -0.03356787383656703
25.183676027582663 0.050912777906737164
25.268185007540996 0.13503003876595537
25.352693987499325 0.21818352025222593
25.437202967457658 0.29977971286961413
25.52171194741599 0.3792362222999771
25.60622092737432 0.4559859262530793
25.690729907332653 0.5294810223123272
25.775238887290982 0.5991969378845212
25.859747867249315 0.664636074346365
25.944256847207647 0.7253313586637247
26.028765827165977 0.7808495771339682
26.11327480712431 0.8307944674567023
26.19778378708264 0.8748095470631777
26.28229276704097 0.9125806575171652
26.3668017469993 0.9438382068265281
26.45131072695763 0.9683590936610127
26.535819706915962 0.9859682997420693
26.62032868687429 0.9965401390390182
26.704837666832624 0.9999991548553977
26.789346646790957 0.9963206584025126
26.873855626749286 0.985530905016118
26.95836460670762 0.967706906758477
27.042873586665948 0.9429758827433611
27.12738256662428 0.9115143511072907
27.211891546582613 0.8735468691081125
27.296400526540946 0.8293444303434575
27.380909506499272 0.7792225305289837
27.465418486457605 0.7235389156419144
27.549927466415937 0.6626910285026038
27.634436446374266 0.5971131720191191
27.7189454263326 0.5272734093422787
27.803454406290925 0.45367022305637006
27.887963386249258 0.37682895725054516
27.97247236620759 0.2972980678658094
28.056981346165923 0.215645208080681
28.141490326124256 0.13245317667624604
28.22599930608258 0.04831575829919969
28.310508286040914 -0.036166514686965065
28.395017265999247 -0.12039064851265015
28.47952624595758 -0.20375549188124678
28.564035225915912 -0.28566602669750996
28.648544205874238 -0.36553761502009635
28.73305318583257 -0.4428001719255971
28.817562165790903 -0.5169022345000718
28.902071145749236 -0.587314897915716
28.986580125707565 -0.6535355904987409
29.071089105665894 -0.7150916608439
29.155598085624224 -0.7715437513725363
29.240107065582556 -0.822488934255346
29.32461604554089 -0.8675635873171272
29.409125025499222 -0.9064459893967179
29.493634005457547 -0.938858616637666
29.57814298541588 -0.9645701233198452
29.662651965374213 -0.9833969930937492
29.747160945332546 -0.9952048488318069
29.83166992529088 -0.9999094117475864
29.916178905249204 -0.9974771029371763
30.000687885207537 -0.9879252830492252
30.08519686516587 -0.9713221283729963
30.169705845124202 -0.9477861442288534
30.25421482508253 -0.9174853191343708
30.33872380504086 -0.8806359257832098
30.423232784999193 -0.8375009773948119
30.507741764957522 -0.7883883504527367
30.592250744915855 -0.7336485872306141
30.676759724874188 -0.6736723937902637
30.761268704832514 -0.6088878513100258
30.845777684790846 -0.5397573606474965
30.93028666474918 -0.46677434194497663
31.01479564470751 -0.39045971283415404
31.099304624665844 -0.3113581703769794
31.18381360462417 -0.23003430328042448
31.268322584582503 -0.14706856213422612
31.352831564540836 -0.06305311643421947
31.43734054449917 0.02141237203830301
31.5218495244575 0.10572502931352358
31.606358504415827 0.18928307225708532
31.69086748437416 0.2714901038082551
31.77537646433249 0.3517593697748141
31.85988544429082 0.42951794680188476
31.944394424249154 0.5042108316228345
32.02890340420748 0.575304902405259
32.11341238416581 0.6422927239178238
32.19792136412415 0.7046961693585105
32.28243034408248 0.7620698329933991
32.36693932404081 0.8140042092482771
32.45144830399914 0.8601286155621519
32.535957283957465 0.9001138381408016
32.6204662639158 0.9336744817262949
32.70497524387413 0.9605710066108211
32.78948422383247 0.9806114383557746
32.873993203790796 0.9936527380128024
32.958502183749125 0.9996018230669294
33.043011163707455 0.9984162318147042
33.12752014366579 0.9901044264353869
33.21202912362412 0.9747257325919922
33.296538103582456 0.952389915993278
33.38104708354078 0.923256398939003
33.465556063499115 0.8875331224403193
33.550065043457444 0.845475062037034
33.63457402341577 0.7973824079049984
33.71908300337411 0.7435984222432426
33.80359198333244 0.6845069892337642
33.88810096329077 0.6205298750611259
33.9726099432491 0.5521237175486118
34.05711892320743 0.47977676689739657
34.14162790316576 0.4040054007918231
34.22613688312409 0.32535043874419356
34.31064586308242 0.24437328198562658
34.39515484304076 0.16165190645448277
34.479663822999086 0.0777767374825548
34.56417280295742 -0.006653564376592906
34.648681782915745 -0.09103637629821831
34.73319076287408 -0.17476941441792715
34.81769974283241 -0.25725503264367866
34.902208722790746 -0.3379044883657899
34.986717702749075 -0.4161421446180248
35.071226682707405 -0.49140957869702345
35.155735662665734 -0.5631695679145402
35.24024464262406 -0.6309099240342195
35.3247536225824 -0.6941471490245125
35.40926260254073 -0.7524298860347041
35.49377158249906 -0.805342140962728
35.57828056245739 -0.8525062516206622
35.66278954241572 -0.8935855833055147
35.74729852237405 -0.9282869315355647
35.83180750233239 -0.9563626148027394
35.91631648229071 -0.9776122424038859
36.00082546224905 -0.991884144733108
36.085334442207376 -0.9990764558263295
36.16984342216571 -0.9991378404314935
36.25435240212404 -0.9920678604148571
36.33886138208237 -0.9779169778881807
36.4233703620407 -0.9567861950344807
36.50787934199903 -0.9288263332031006
36.592388321957365 -0.8942369564195659
36.676897301915695 -0.8532649469937124
36.761406281874024 -0.8062027433926636
36.84591526183235 -0.7533862529559311
36.93042424179069 -0.6951924543506226
37.01493322174902 -0.6320367068793273
37.099442201707355 -0.5643697858454557
37.18395118166568 -0.49267466513631075
37.26846016162401 -0.41746306998805816
37.35296914158234 -0.33927182453757204
37.43747812154068 -0.25865902023025916
37.52198710149901 -0.17620003243221166
37.60649608145734 -0.09248341367795455
37.691005061415666 -0.008106692865985934
37.775514041373995 0.07632788961467829
37.86002302133233 0.16021768038630999
37.94453200129066 0.24296391453195357
38.02904098124899 0.3239759892910215
38.11354996120732 0.40267567949727845
38.198058941165655 0.47850126467156134
38.282567921123984 0.5509115383119539
38.36707690108232 0.6193896707651436
38.45158588104064 0.6834468981074765
38.53609486099898 0.7426260107064749
38.62060384095731 0.7965046165628814
38.705112820915645 0.8446981561413457
38.789621800873974 0.8868626471711043
38.8741307808323 0.9226971398257633
38.95863976079063 0.9519458647581751
39.04314874074897 0.9744000586588407
39.1276577207073 0.989899454307845
39.21216670066563 0.998333424485083
39.296675680623956 0.9996417715740606
39.381184660582285 0.9938151572234855
39.46569364054062 0.9808951689999191
39.55020262049895 0.9609740235557648
39.63471160045729 0.9341939084312133
39.71922058041561 0.9007459671880903
39.803729560373945 0.8608689351191546
39.888238540332274 0.8148474352706172
39.97274752029061 0.7630099469399015
40.05725650024894 0.7057264611486807
40.14176548020727 0.6434058398251589
40.2262744601656 0.5764928975445937
40.310783440123934 0.5054652266571137
40.395292420082264 0.4308297884636029
40.47980140004059 0.35311929477010223
40.56431037999892 0.27288840564756756
40.64881935995725 0.19070977053545646
40.73332833991559 0.10716994094586679
40.81783731987392 0.0228651839414124
40.90234629983225 -0.06160277373189805
40.986855279790575 -0.14563104048025985
41.07136425974891 -0.22861986301194145
41.15587323970724 -0.3099769070872821
41.24038221966558 -0.3891214853152517
41.324891199623906 -0.4654887018202705
41.409400179582235 -0.538533484196906
41.493909159540564 -0.6077344739741163
41.5784181394989 -0.6725977478208894
41.66292711945723 -0.7326603429330385
41.74743609941556 -0.7874935614387203
41.83194507937389 -0.8367060302373207
41.91645405933222 -0.8799464944321276
42.00096303929055 -0.916906324418588
42.08547201924888 -0.9473217187337473
42.16998099920722 -0.9709755869440385
